#name	rank	LBI
25	1	1.36506626194
21	2	0.93834959358
31	3	0.91983476641
30	4	0.918141646945
47	5	0.852205323401
37	6	0.806568148223
35	7	0.797063554345
22	8	0.686373073862
33	9	0.642737833307
36	10	0.631050995434
41	11	0.628086724964
50	12	0.620913676729
32	13	0.618495676129
20	14	0.592129055685
42	15	0.5896035243
10	16	0.585415815724
5	17	0.584335986533
8	18	0.58260999202
48	19	0.578816731256
4	20	0.551749896796
46	21	0.521631358565
9	22	0.521628111805
11	23	0.498907082535
51	24	0.464528165382
28	25	0.457701421997
29	26	0.453645303616
13	27	0.441227229696
27	28	0.440846418403
16	29	0.438655504749
3	30	0.438358104092
18	31	0.425276358679
15	32	0.423195724518
26	33	0.420531839772
39	34	0.404943942509
24	35	0.40233898974
12	36	0.397629969759
2	37	0.396142746364
44	38	0.393127579398
17	39	0.388582399422
43	40	0.388343609749
7	41	0.33009950582
45	42	0.326326630477
14	43	0.297877908365
49	44	0.291621331216
1	45	0.280753684886
19	46	0.265591973635
38	47	0.246403380997
40	48	0.22111562666
34	49	0.209952668747
6	50	0.202256091729
23	51	0.170046257587
