#name	rank	LBI
26	1	1.71569083619
40	2	0.940050226573
25	3	0.828748525002
23	4	0.820376068419
35	5	0.659556136671
3	6	0.654114858214
32	7	0.635335368923
2	8	0.592614620917
28	9	0.520724145079
16	10	0.518895765614
11	11	0.513650295421
42	12	0.462044000484
36	13	0.461022582979
9	14	0.459685108069
6	15	0.452691760811
15	16	0.444721458217
10	17	0.431955634786
29	18	0.42457571859
18	19	0.42085753626
14	20	0.408304288535
12	21	0.397370020927
8	22	0.394402584139
22	23	0.39401044865
37	24	0.386531622006
19	25	0.382558138244
5	26	0.375684444805
21	27	0.37531457073
20	28	0.371804053845
4	29	0.343072798094
33	30	0.301763881387
38	31	0.274474450038
41	32	0.26212968613
30	33	0.258680928672
17	34	0.25093205879
1	35	0.24955837284
31	36	0.236644107889
27	37	0.182601951734
43	38	0.181500182418
7	39	0.179752722064
13	40	0.162900022461
34	41	0.155819630924
39	42	0.140413986316
24	43	0.131986870046
