#name	rank	LBI
9	1	1.74835322452
12	2	1.73035916383
35	3	0.893491717329
4	4	0.859034535133
27	5	0.740932626198
21	6	0.665162797432
24	7	0.634134563228
17	8	0.590805680659
28	9	0.534818100876
18	10	0.519027780142
25	11	0.518803940857
23	12	0.50905622219
16	13	0.484420403995
22	14	0.477802694285
10	15	0.469176979759
33	16	0.41574015747
6	17	0.413506757719
3	18	0.41315211236
20	19	0.401052036096
19	20	0.400110693761
29	21	0.384761586911
30	22	0.382885271591
32	23	0.382616987506
14	24	0.381276326754
11	25	0.378126264611
5	26	0.37463981463
7	27	0.373868545028
26	28	0.366909403498
13	29	0.342173012084
15	30	0.256026514305
31	31	0.252602146136
1	32	0.250699707611
36	33	0.250365536331
34	34	0.248326125392
8	35	0.150181657187
2	36	0.136217770526
