#name	rank	LBI
19	1	1.82547784744
27	2	1.10354967451
17	3	1.05468867959
23	4	1.0392957039
29	5	1.0076930261
20	6	0.986052114225
26	7	0.918171683656
10	8	0.853252712655
38	9	0.823082956951
21	10	0.822889756054
39	11	0.801579204599
5	12	0.772036853975
34	13	0.728610247146
22	14	0.717857808026
4	15	0.682771331137
6	16	0.637765165512
3	17	0.635890763772
7	18	0.627286880758
12	19	0.610178894533
24	20	0.606664784987
35	21	0.584547600751
18	22	0.577833532062
11	23	0.559005627631
30	24	0.52542309142
2	25	0.4700492919
42	26	0.468352454602
15	27	0.427353224524
16	28	0.425358170091
31	29	0.424682224817
25	30	0.40762898105
14	31	0.402298788725
9	32	0.393261967078
36	33	0.373596836002
8	34	0.311241530904
40	35	0.301676744846
13	36	0.27255968953
32	37	0.261601060569
1	38	0.261129911118
33	39	0.226401481387
41	40	0.220986565772
37	41	0.211761335989
43	42	0.174433297323
28	43	0.142835791845
