#name	rank	mean	variance
1167	1	6.34138982054	0.262701827303
1189	2	6.34078889027	0.265594889805
1168	3	6.34046176084	0.264786215108
1176	4	6.33989915771	0.268531206637
1190	5	6.33856030351	0.272649340552
1166	6	6.3378418696	0.265938501862
1179	7	6.33783771399	0.273760423643
1196	8	6.33738435953	0.270230892924
1177	9	6.33628063867	0.275820215033
1206	10	6.33561033404	0.271165825436
1169	11	6.33487989911	0.271942624577
1185	12	6.33436071407	0.281068701049
1203	13	6.33411648154	0.277689088537
1180	14	6.3340783592	0.280429015498
1207	15	6.33227452909	0.278408526951
1197	16	6.33204166956	0.276265967511
1178	17	6.33203267045	0.283516732974
1209	18	6.33136984942	0.277878952398
1164	19	6.33107208549	0.272623726063
1181	20	6.32972991171	0.287517374476
1198	21	6.3283777967	0.283588266352
1208	22	6.32828990068	0.286052487719
1172	23	6.32810844858	0.279894624065
1165	24	6.32687693212	0.280508693921
1200	25	6.32506215589	0.283774984719
1191	26	6.1499656752	0.489742523862
1192	27	6.14577605318	0.492390726862
1193	28	6.14171651059	0.495448441232
1195	29	6.14006134924	0.496595195728
665	30	6.0985228263	0.446302974043
668	31	6.09733012865	0.448311943756
662	32	6.09713017586	0.445842815269
666	33	6.09589200581	0.45011383951
670	34	6.09452396659	0.451513806679
663	35	6.09450535126	0.449658307967
669	36	6.09368216078	0.45255166027
661	37	6.09312156022	0.446936508448
472	38	6.09247733127	0.303748100855
667	39	6.09236939405	0.454450746094
671	40	6.09159042544	0.455382618367
664	41	6.09098640681	0.453999237437
471	42	6.09030634348	0.298357048214
473	43	6.08989791172	0.310866595149
675	44	6.08930449976	0.456317685806
498	45	6.08823765947	0.295278960173
658	46	6.08820451663	0.44850978657
504	47	6.08818804493	0.296150469506
481	48	6.08774795064	0.303054423366
482	49	6.08681716927	0.309212269509
507	50	6.0861659485	0.29751275109
470	51	6.08584380286	0.296163325866
499	52	6.0856807179	0.301434298193
505	53	6.08510574622	0.303849606257
528	54	6.08483707655	0.304592001635
512	55	6.08375128758	0.299936018131
500	56	6.08361016437	0.308526752661
533	57	6.08309670515	0.31116255519
529	58	6.08257205964	0.310608448387
508	59	6.08141335576	0.304564006744
488	60	6.08091831191	0.309804004307
534	61	6.08081261714	0.317835524119
501	62	6.08048702047	0.315867907497
502	63	6.07998222877	0.308766788449
531	64	6.07873354361	0.317207012132
536	65	6.0783726171	0.319072599743
535	66	6.07749547011	0.324785997861
513	67	6.07483159555	0.30589667519
469	68	6.07279536236	0.303867073164
1204	69	6.06743419821	0.537060095016
514	70	6.06681843271	0.313801210414
1170	71	6.06508110505	0.541212951514
1186	72	6.06369972045	0.543996534539
1205	73	6.06170527027	0.540721081142
942	74	6.0601853811	0.468900891421
1171	75	6.05939044858	0.545091557097
943	76	6.05851066242	0.471653189058
941	77	6.05844448684	0.468714422444
947	78	6.05836362783	0.471360611693
1187	79	6.05800377981	0.547844212668
948	80	6.05652607709	0.473981090525
945	81	6.05503280467	0.475563244268
944	82	6.0549947552	0.475622883949
1199	83	6.05491374014	0.548446221486
475	84	6.05408706696	0.487566885141
949	85	6.05300751737	0.477917231817
951	86	6.0529909887	0.476394606251
950	87	6.05289758214	0.477761857824
1202	88	6.05217801504	0.54901637713
476	89	6.05213578685	0.489425016671
477	90	6.04929990448	0.49186305977
478	91	6.0464842452	0.494659168865
480	92	6.04384691694	0.496382843822
479	93	6.04278933861	0.498054773308
1188	94	6.01891171973	0.56707417563
597	95	6.0181891047	0.492284691981
602	96	6.01666354523	0.493660593386
598	97	6.01661039988	0.495255784716
595	98	6.016089864	0.49279637366
603	99	6.01490404263	0.495777614925
599	100	6.01409377054	0.498727374455
596	101	6.01261052165	0.496546796744
594	102	6.01221164759	0.49449291994
608	103	6.01156745804	0.497902392638
604	104	6.01142226694	0.499493083058
605	105	6.01140415828	0.499135992634
484	106	5.9871890585	0.516787261642
485	107	5.98455029997	0.51929417623
486	108	5.98192027231	0.521842192175
487	109	5.97835770986	0.524975503322
809	110	5.97282364237	0.400118141847
815	111	5.97249793654	0.401246137321
810	112	5.97151296814	0.404540988012
816	113	5.97010618715	0.406374229482
811	114	5.97006043803	0.408980651491
818	115	5.96949637455	0.403363315957
805	116	5.96948212287	0.404631451123
804	117	5.96939809129	0.400586244257
812	118	5.96754228249	0.413764535517
807	119	5.96741586396	0.409416791842
819	120	5.96673961325	0.407120230413
806	121	5.96644922829	0.410055159457
814	122	5.96637006094	0.410792498731
808	123	5.96426380499	0.414555271934
823	124	5.96410271925	0.407874344462
802	125	5.96052881354	0.403155568727
801	126	5.94960457867	0.406819709854
639	127	5.93067580725	0.478132653394
638	128	5.92932043046	0.476954474823
640	129	5.92917831452	0.481407372879
643	130	5.92838706796	0.481134110798
647	131	5.92705265995	0.479043847856
641	132	5.92663732201	0.485094574344
637	133	5.92505105235	0.478745530334
645	134	5.92503233119	0.484574683412
649	135	5.92469267287	0.481207011213
648	136	5.92184036966	0.484233641172
650	137	5.92151432804	0.485287720891
651	138	5.92029393719	0.484453472609
636	139	5.91969137676	0.480929300482
653	140	5.9148046492	0.488159247956
1032	141	5.91248917362	0.474022160498
1036	142	5.91125971698	0.477698213225
1033	143	5.91058695093	0.478069188481
1028	144	5.91046537569	0.471518273723
1027	145	5.90898322932	0.470926125458
1037	146	5.90894596577	0.48174211139
1041	147	5.90887608564	0.473952019758
1034	148	5.90757927012	0.482493964374
1044	149	5.90662309601	0.477957078536
1042	150	5.90581683001	0.478244059287
1029	151	5.90471329055	0.474859686755
1045	152	5.90360383249	0.482436589423
1025	153	5.9023238551	0.47244675104
1046	154	5.90210429534	0.482773903973
1026	155	5.89932526126	0.477009173915
1030	156	5.89785451386	0.47858411393
1182	157	5.89609603405	0.660051641175
938	158	5.89418405179	0.401112453183
1022	159	5.89327262331	0.474736362844
933	160	5.89244179944	0.399021714466
1183	161	5.89140905473	0.66251063821
934	162	5.88970610843	0.404520570025
930	163	5.88830538816	0.397579912896
935	164	5.88684767014	0.410001467431
931	165	5.8866048412	0.402824137749
1184	166	5.8857815984	0.665660697269
937	167	5.88453220288	0.410815941747
932	168	5.88372473408	0.408367132204
921	169	5.88064578549	0.397000681667
474	170	5.85278774013	0.586038656502
532	171	5.84791924486	0.565439871098
530	172	5.84664781228	0.586664407721
672	173	5.84635274666	0.648125157423
659	174	5.84486938961	0.64721066562
673	175	5.84082210332	0.651453963043
660	176	5.83933692836	0.650582882236
1194	177	5.83089596245	0.68896609718
509	178	5.82435565812	0.55341939311
1161	179	5.82331027874	0.478276963226
483	180	5.79741506769	0.606084835314
515	181	5.79710604002	0.460197757046
506	182	5.79624248718	0.604283086379
776	183	5.7942008762	0.476776839918
520	184	5.79413607403	0.461923950891
784	185	5.79350613685	0.475510904691
772	186	5.79340996829	0.473028434873
785	187	5.79326400562	0.478661710957
778	188	5.79260141862	0.481112738786
780	189	5.79258840368	0.472608673657
773	190	5.79252452557	0.476854883618
521	191	5.79244919026	0.465552435333
516	192	5.79186224964	0.464154352473
777	193	5.79139754933	0.481468278927
781	194	5.7907793402	0.476909732337
774	195	5.79045549477	0.480952707992
779	196	5.78979046732	0.485738799249
523	197	5.78957740631	0.469751196111
771	198	5.78835043364	0.470631797726
524	199	5.78765454181	0.465437480283
821	200	5.781718617	0.609752883927
822	201	5.77853961113	0.612345063815
600	202	5.7782522166	0.681244613899
803	203	5.77380713142	0.619456653372
767	204	5.77276395384	0.47163027351
601	205	5.77275458555	0.684436054914
768	206	5.76957919039	0.475813381666
946	207	5.75744321206	0.686570917608
765	208	5.75453092711	0.474018574907
766	209	5.74967891514	0.479362568892
820	210	5.74885852466	0.612785287049
817	211	5.74035252054	0.639820762568
813	212	5.73745252266	0.643469820866
762	213	5.73571507606	0.476416981501
1173	214	5.72422327252	0.698732665784
1174	215	5.71871459071	0.701840927721
1201	216	5.71771384828	0.684033440648
760	217	5.71657682978	0.479948079563
1031	218	5.71376313879	0.665020760053
489	219	5.69854731139	0.522064139234
642	220	5.69532486983	0.684980490217
490	221	5.69254773236	0.524273100652
987	222	5.68812317234	0.32527344515
985	223	5.68721097502	0.319141936146
988	224	5.68696202747	0.332544667542
982	225	5.6860006766	0.3128235016
990	226	5.68506290821	0.331752889507
983	227	5.68487072901	0.320205850342
952	228	5.68461725181	0.309721631126
989	229	5.68444668509	0.339843121476
992	230	5.68389410648	0.338623993735
1038	231	5.68380752816	0.683205672404
959	232	5.68291413514	0.449034665318
984	233	5.68239713685	0.327584750519
986	234	5.68224913316	0.327224671215
969	235	5.68209264332	0.451189126766
919	236	5.68200244357	0.305128901056
981	237	5.68079087964	0.306763002453
977	238	5.68056049315	0.455917826439
918	239	5.68054194882	0.303368490279
646	240	5.68001991115	0.673193809922
960	241	5.67907093028	0.452521632041
978	242	5.67874947712	0.460661172844
1039	243	5.6783978046	0.686566900939
991	244	5.6778786389	0.339094858127
970	245	5.67763971936	0.454157732208
920	246	5.67590708697	0.310214394427
980	247	5.67556311593	0.461517492201
867	248	5.67389143438	0.305838054501
973	249	5.67387004413	0.458147440482
971	250	5.67173332258	0.458745351641
866	251	5.67104143451	0.310756519715
872	252	5.67068909715	0.614319029079
996	253	5.67054557978	0.312619984548
871	254	5.6705146662	0.612921886677
859	255	5.6669066469	0.315644329948
868	256	5.66479312497	0.311467245135
972	257	5.66451588948	0.463601318228
998	258	5.66407062185	0.3183095983
657	259	5.66311108255	0.497741885646
997	260	5.66154411623	0.320855747901
782	261	5.65742653016	0.627402606439
656	262	5.6544410851	0.497305320207
879	263	5.65217875756	0.318987453405
787	264	5.64378639518	0.660269795709
953	265	5.64233765129	0.55820430192
644	266	5.64021459646	0.703776671355
955	267	5.63981650576	0.561558488389
788	268	5.63964755038	0.663392246639
957	269	5.63722944377	0.564965611777
1140	270	5.63506915721	0.628603272587
956	271	5.63458423831	0.566007867703
1142	272	5.63438123571	0.663076211647
789	273	5.6343041667	0.666981288309
1138	274	5.63405996219	0.627996321329
1137	275	5.63292259539	0.627577499432
652	276	5.63242126054	0.706191136669
1143	277	5.63241110206	0.665493865463
1145	278	5.6308841136	0.664442140153
869	279	5.6305446433	0.51941209271
1139	280	5.62887457746	0.63178635037
1146	281	5.62729089715	0.66595851013
1149	282	5.62565885027	0.668053966241
786	283	5.62280886056	0.674782790476
1147	284	5.62254425243	0.667872537088
1035	285	5.62113875733	0.707075374144
860	286	5.6140008465	0.565226941289
862	287	5.61293693177	0.568008793376
861	288	5.60876816486	0.569642385412
936	289	5.6048518119	0.666764037677
939	290	5.59600730012	0.620217585447
873	291	5.57678707128	0.726337522392
517	292	5.5739855214	0.68318337557
874	293	5.57391081205	0.728371958813
775	294	5.57285143891	0.695386336626
875	295	5.57102741227	0.730448018577
606	296	5.56430821018	0.810151610206
607	297	5.5588259179	0.812817810473
674	298	5.55150033101	0.810491592378
503	299	5.53403378928	0.734112802729
824	300	5.5283127867	0.661234576312
825	301	5.52703590637	0.663198286069
826	302	5.52438606862	0.66582385266
827	303	5.5217165391	0.668469225367
1023	304	5.51065019052	0.631644360924
994	305	5.50007043735	0.613828612973
1144	306	5.49535103252	0.768991876324
995	307	5.49487581478	0.617840689611
769	308	5.4912587021	0.712422699563
922	309	5.48451101631	0.529090490434
926	310	5.48412535802	0.532088147211
763	311	5.4841226532	0.68095378268
924	312	5.4840621008	0.530186408757
961	313	5.48233070633	0.682473702395
927	314	5.48187335149	0.535823363149
928	315	5.48132677886	0.534967475416
929	316	5.47907443361	0.538670703645
962	317	5.47709094225	0.685980136992
979	318	5.46965807526	0.689781875553
783	319	5.45938033297	0.758699128434
876	320	5.4576513233	0.778380460984
1136	321	5.45710385197	0.479789775695
1132	322	5.45640319112	0.477127256298
863	323	5.45336345413	0.73625472768
1125	324	5.45290463243	0.474770405041
1074	325	5.45261925995	0.654337520045
877	326	5.45230882695	0.781350388618
1078	327	5.45189270959	0.656524894785
1075	328	5.45171846046	0.656703180028
1126	329	5.45159201185	0.476751662538
1079	330	5.45089776288	0.65883000594
1127	331	5.45069517106	0.480939343516
1071	332	5.44904853562	0.653549054204
1080	333	5.44857588544	0.661431091622
865	334	5.44805820538	0.739473811384
493	335	5.4469813071	0.70757964987
1082	336	5.44687117761	0.660293629509
1129	337	5.446050313	0.479844690903
494	338	5.44584949459	0.709306482926
1123	339	5.44560946423	0.47564184952
496	340	5.44466485642	0.71108949449
497	341	5.44225598332	0.713208071094
1130	342	5.44191379418	0.483974599424
495	343	5.44057973194	0.712787601486
1124	344	5.44042633023	0.481108542969
1131	345	5.439455502	0.484160478907
1120	346	5.43827277619	0.47646377073
1121	347	5.43220040976	0.480359199495
1119	348	5.431870544	0.478750499434
975	349	5.43156358001	0.64447771797
954	350	5.42931240271	0.748549350056
491	351	5.42871223136	0.597892507163
492	352	5.42615549425	0.599325282263
526	353	5.42096254658	0.627282575519
993	354	5.41300531742	0.64212850973
510	355	5.40605774756	0.853069411949
511	356	5.40064569145	0.855684144706
974	357	5.39926116662	0.705311271178
410	358	5.39682046635	0.663289883067
1040	359	5.39668798967	0.847338083134
411	360	5.39581483707	0.665844360202
412	361	5.39350232162	0.668664667417
413	362	5.39115627965	0.67148766151
654	363	5.39077589163	0.85583625068
1043	364	5.38420025461	0.853682150702
592	365	5.37657173235	0.493397713557
573	366	5.37066574223	0.49135138835
574	367	5.36541865655	0.495404175449
572	368	5.36490223376	0.49043347602
409	369	5.36307338567	0.483532354201
407	370	5.3612038037	0.479603334032
398	371	5.35917671548	0.475625245964
399	372	5.3574830066	0.477644178902
408	373	5.35610409952	0.485023363621
403	374	5.35417130812	0.481431475288
1141	375	5.35400236325	0.813968073273
400	376	5.35399990059	0.481144998734
393	377	5.35378472955	0.474803134948
394	378	5.35275896336	0.477800233161
395	379	5.35079493731	0.482332448779
396	380	5.34857826486	0.481574210728
401	381	5.34813215464	0.484997014925
391	382	5.34408754224	0.476274843333
770	383	5.34255038917	0.833764489606
392	384	5.33825685163	0.480198339678
1128	385	5.31022002527	0.699186568232
999	386	5.2940852869	0.76296868834
522	387	5.28398025743	0.856946326828
1133	388	5.28145259648	0.706723395947
525	389	5.27922045448	0.857617284015
1076	390	5.27649175001	0.806218446015
1135	391	5.27641547921	0.71016432136
1077	392	5.27131768258	0.80911880608
468	393	5.27090270955	0.533273553112
976	394	5.26806208039	0.781070266448
792	395	5.2627078816	0.527767372449
793	396	5.25969467542	0.530288973847
1072	397	5.24093397725	0.823979227808
864	398	5.24087960888	0.879943407015
847	399	5.2326601942	0.46499807671
857	400	5.23222252653	0.462128748287
848	401	5.23201962301	0.469927393345
963	402	5.23190370186	0.678519870441
846	403	5.23049239974	0.462567888536
850	404	5.23036562619	0.467853419768
849	405	5.2299556642	0.474902035481
852	406	5.22794119551	0.470657087423
964	407	5.22781140358	0.679878632927
851	408	5.22524061233	0.473416438793
853	409	5.22433166427	0.474995234848
854	410	5.22396909347	0.474516172097
966	411	5.22364218665	0.681266335691
965	412	5.22262269781	0.683624168744
845	413	5.22119508036	0.466174051757
855	414	5.21851251137	0.478467414407
967	415	5.21814373668	0.682867818031
582	416	5.21473905283	0.620128099991
583	417	5.21398547121	0.623034714734
579	418	5.2131071831	0.620302249567
586	419	5.21200829482	0.621072054247
578	420	5.21124303653	0.621702798869
91	421	5.21073284991	0.61625085521
87	422	5.21013919567	0.613106151503
93	423	5.20989683063	0.619532256382
577	424	5.20935844471	0.623087624301
580	425	5.20815394406	0.623163789967
88	426	5.20814519832	0.616609238956
587	427	5.20812356142	0.624073343489
589	428	5.20797491234	0.62311180498
85	429	5.20633372835	0.610525544724
576	430	5.20610212499	0.624600085388
89	431	5.20600975537	0.620109410586
518	432	5.2058511327	0.84974824671
86	433	5.20420743745	0.614080016524
1175	434	5.20333498829	0.975008655387
519	435	5.20314424148	0.851978340503
90	436	5.20300888778	0.620808412895
590	437	5.20252017132	0.625310601064
581	438	5.20179792192	0.626196534254
940	439	5.18048449379	0.910927018609
878	440	5.17832804975	0.928094204471
1081	441	5.17725393223	0.844575276491
1024	442	5.17414016869	0.766685010079
369	443	5.17343285553	0.748088382615
370	444	5.1725833938	0.750491260863
372	445	5.17136296169	0.750665332308
367	446	5.17114427135	0.746456797663
371	447	5.1703800224	0.753095117611
373	448	5.16916133184	0.753269630994
368	449	5.16894817711	0.749090863596
374	450	5.16620850744	0.754073720331
366	451	5.16580659828	0.745527370441
77	452	5.16230728219	0.498487692726
75	453	5.16116287134	0.494222233281
78	454	5.16028870413	0.503154780363
79	455	5.16028856371	0.503154826183
402	456	5.15924262235	0.71807969087
76	457	5.15882307628	0.499221495696
655	458	5.15854107992	0.360175594611
404	459	5.15835683813	0.651135063712
74	460	5.15714893644	0.48999180605
1158	461	5.15681345233	0.401131851287
405	462	5.15451997057	0.653856339377
70	463	5.15292987792	0.48570120997
80	464	5.15207885132	0.495302841226
622	465	5.15145703128	0.358252582849
1152	466	5.15126228955	0.39746946234
71	467	5.1491572726	0.489369169261
66	468	5.14879348964	0.486745034816
958	469	5.14738133656	0.909433493652
65	470	5.14736745457	0.482901322016
67	471	5.14711616141	0.491280933973
68	472	5.14676553703	0.491226647076
623	473	5.14574463736	0.363261820878
609	474	5.14507289727	0.35825467
1162	475	5.14489226494	0.93994430209
72	476	5.14398608645	0.493108875135
610	477	5.1437763064	0.362593103049
611	478	5.1417925162	0.368678804563
1150	479	5.14170598725	0.394579470822
1163	480	5.13954882396	0.942392635442
613	481	5.13937231111	0.367750186842
612	482	5.13839393445	0.374734805652
1151	483	5.13652706918	0.401168454765
614	484	5.13498726747	0.372782610907
61	485	5.13471034922	0.481203178635
570	486	5.13470952383	0.360825930338
527	487	5.1335098459	0.753227057187
571	488	5.13297277494	0.365016316833
870	489	5.13247462963	0.893633224355
1091	490	5.13212131827	0.391568074635
615	491	5.12920020854	0.377810264296
1092	492	5.12864793172	0.39182624102
1093	493	5.12812777554	0.396045633053
1096	494	5.12620889541	0.40147716813
1094	495	5.12442163161	0.401178065847
62	496	5.12408145369	0.48471836053
1097	497	5.12288604659	0.406906940273
1089	498	5.12088953775	0.395117150461
1099	499	5.12054471011	0.394152318384
539	500	5.1202701455	0.366679183584
1095	501	5.11930131688	0.406330988101
414	502	5.11928671118	0.854320843307
1148	503	5.11820037078	0.969856831519
1111	504	5.11587149967	0.398375637454
1100	505	5.11191686181	0.398702806009
593	506	5.10774297129	0.736238568241
1090	507	5.10688640122	0.401409335172
1153	508	5.0990162569	0.618688383801
1154	509	5.09800656644	0.622327256811
1155	510	5.09695464616	0.625947358699
1000	511	5.09431758459	0.907838562025
1002	512	5.09187394335	0.447569902787
1001	513	5.08902358831	0.910472003483
1047	514	5.08855053986	0.447024576797
1083	515	5.08576585342	0.448774129503
397	516	5.07470615077	0.672081542169
425	517	5.06928203446	0.714483457422
423	518	5.06924223591	0.712432281595
426	519	5.06794161563	0.716666180734
424	520	5.06683528364	0.715730887709
420	521	5.06641563414	0.710629713221
421	522	5.06409734699	0.712850474642
419	523	5.06069540307	0.710131110278
422	524	5.0603863099	0.715217678635
429	525	5.05625124236	0.713703336433
417	526	5.05413123292	0.709671099485
418	527	5.05173481198	0.712995725487
575	528	5.03268389485	0.668611920128
585	529	5.02528641225	0.79586591107
94	530	5.02356135147	0.811728714456
584	531	5.01900350164	0.815228684979
278	532	5.01872274527	0.622807188433
95	533	5.01835358463	0.814811115399
279	534	5.01771849577	0.625749223255
282	535	5.01765770997	0.625080682859
283	536	5.01625714539	0.627360381044
277	537	5.01564675079	0.621597071744
284	538	5.01303700063	0.630059059129
286	539	5.01274236108	0.629214991237
1134	540	5.00844280643	0.884190230251
1159	541	4.99152570745	0.662516150804
764	542	4.98957663882	0.986158823489
1160	543	4.9863330976	0.666419025325
794	544	4.96815591821	0.729293274304
795	545	4.96623465089	0.731317316072
1073	546	4.9649199717	0.974265393977
796	547	4.96289828599	0.73348706175
798	548	4.95943998883	0.735677867075
856	549	4.9589921587	0.727857837131
797	550	4.95775344043	0.736992220438
618	551	4.94358842609	0.592533908481
92	552	4.94201393281	0.822497138825
619	553	4.94020268127	0.595854950125
588	554	4.93956024965	0.828464272893
591	555	4.93942802025	0.8278079585
621	556	4.9367333187	0.599157018939
428	557	4.93525956518	0.850868640619
620	558	4.93502042012	0.60022684183
1156	559	4.91337130361	0.81954723931
1157	560	4.90817664973	0.822626792265
690	561	4.90402624144	0.456745239867
676	562	4.9033322471	0.437204027402
689	563	4.90304883477	0.451889301824
688	564	4.90062487335	0.446974033582
678	565	4.90034275752	0.436862785759
684	566	4.89786778027	0.441979464007
685	567	4.8974273894	0.447336650694
680	568	4.89591407856	0.436466641371
694	569	4.89569290683	0.452784574478
681	570	4.89205298225	0.441261630885
683	571	4.89023735726	0.436995888562
682	572	4.88675145132	0.446088726249
358	573	4.87808296972	0.909528582578
360	574	4.8775852081	0.911290158888
361	575	4.87693122457	0.91309280993
359	576	4.87605201826	0.911536796227
357	577	4.87539149324	0.908503322066
362	578	4.87489778121	0.915083976258
363	579	4.87244952971	0.914068848433
695	580	4.8697749243	0.438996216048
880	581	4.86326496159	0.551701015364
697	582	4.85785078804	0.441636155444
881	583	4.84961762054	0.553266085679
390	584	4.84889061699	0.576838386847
1009	585	4.8312562905	0.725243841379
691	586	4.83020958526	0.691989176787
692	587	4.82651305422	0.695589727607
1112	588	4.82486703733	0.51864796088
1117	589	4.8217669008	0.519893009084
693	590	4.8213260014	0.699322555479
1084	591	4.81821995842	0.644177385687
1008	592	4.81586956336	0.521286726302
1005	593	4.81570783488	0.519882889711
1006	594	4.81485710642	0.523389862185
1007	595	4.81209710608	0.527175266256
1004	596	4.81135812016	0.519721585631
1013	597	4.81103315884	0.523449894757
1003	598	4.80426084389	0.520980019178
427	599	4.79948537158	0.899895083254
273	600	4.79913259235	0.557871748591
272	601	4.79412755953	0.557444483995
269	602	4.78765967534	0.55702051253
69	603	4.78561805239	0.884637301808
270	604	4.78355685398	0.560515707364
267	605	4.78009582217	0.55767901681
271	606	4.77799144656	0.564079900903
266	607	4.7708604549	0.558369828372
82	608	4.76791674647	0.415031956079
96	609	4.76055346733	0.413396684516
98	610	4.76022723764	0.416505736988
81	611	4.75849533994	0.41098871257
97	612	4.75791913938	0.418681918777
1059	613	4.75576100249	0.465003545228
686	614	4.75087891851	0.693294329605
1058	615	4.75000169377	0.463233098471
698	616	4.74682256618	0.679936952369
687	617	4.74574726275	0.697038004199
169	618	4.74517638677	0.636107189096
171	619	4.7445486048	0.639526533551
1053	620	4.74426482847	0.461402636463
925	621	4.74197062312	1.02733229771
53	622	4.74076603327	0.410696165934
54	623	4.74046995365	0.412727826544
1054	624	4.73926469222	0.464045674944
1048	625	4.73851337171	0.462364457541
1056	626	4.73545449074	0.468139618474
1055	627	4.73290871983	0.46810348965
1010	628	4.73018727011	0.889089511928
232	629	4.7279366384	0.677571057306
236	630	4.72740214169	0.679394841333
1049	631	4.7271152541	0.466498583947
1011	632	4.72643822082	0.891752373233
233	633	4.72635632885	0.680868772639
231	634	4.72490432811	0.676159807271
234	635	4.72457430646	0.684158885706
235	636	4.72128365387	0.684691591442
1012	637	4.72122895239	0.894608118196
52	638	4.7158409758	0.416379309361
107	639	4.71546347145	0.519129018819
103	640	4.71386512881	0.516081116884
108	641	4.71327891074	0.523962765832
104	642	4.71170225115	0.520943437838
105	643	4.7094907596	0.525761685524
101	644	4.7092582215	0.51299240699
99	645	4.70639964899	0.511233402595
116	646	4.70243702022	0.421402573645
1122	647	4.699211375	1.01337751621
110	648	4.69598702604	0.661063006725
111	649	4.69572892355	0.663903945446
112	650	4.69545627201	0.666734943935
799	651	4.69132209892	0.915055136542
280	652	4.68559571039	0.958091053625
168	653	4.68459459665	0.400982383231
164	654	4.68369343638	0.396160015384
1101	655	4.6832322829	0.571772021324
157	656	4.6819086523	0.392439337277
153	657	4.68042770008	0.390811534412
281	658	4.68036846187	0.960703514249
154	659	4.6783082721	0.39725999143
158	660	4.67659621031	0.396653879362
143	661	4.67601323756	0.389076924114
139	662	4.67450608288	0.389568227509
135	663	4.67125336622	0.390847805945
140	664	4.67121557052	0.395121489472
160	665	4.6705693085	0.401654382653
144	666	4.66793207595	0.393330735342
136	667	4.66733294792	0.396212506995
130	668	4.66683676976	0.393128473366
141	669	4.66641860595	0.400670545042
145	670	4.66624838316	0.399544228127
131	671	4.66182326362	0.398673691191
146	672	4.65606546528	0.398006522843
237	673	4.65157597668	0.783256534848
1066	674	4.65082338144	0.774168285809
241	675	4.64804125938	0.78640606412
434	676	4.64510505051	0.949734442435
437	677	4.64473426022	0.951617830292
435	678	4.64468473765	0.951624969591
243	679	4.64295956513	0.789690905739
439	680	4.64289094036	0.953639643777
436	681	4.64284146628	0.953646750104
433	682	4.6406706947	0.948591535884
842	683	4.63710645803	0.590763347244
840	684	4.63672477749	0.587090598425
837	685	4.63625524646	0.583390844516
836	686	4.63614896943	0.580994031542
843	687	4.6360369178	0.594454526649
432	688	4.63595901775	0.947471351235
679	689	4.63573036376	0.707666836027
440	690	4.63566372847	0.951296230157
841	691	4.63154567202	0.591538326836
838	692	4.63071681867	0.586482545155
431	693	4.62976356843	0.946447074808
274	694	4.62691162341	0.711532887621
833	695	4.62138374362	0.583832461784
83	696	4.61367137485	0.633189420538
1018	697	4.61309521399	0.995080184296
84	698	4.61126545796	0.63596733345
1020	699	4.60954936324	0.997341570151
540	700	4.60746176605	0.630637483934
1060	701	4.60504817966	0.61025677453
1021	702	4.60455113839	0.999803101118
1063	703	4.6006240479	0.612302759339
1085	704	4.5868169151	0.786196498544
63	705	4.58335287086	0.655107531265
1086	706	4.58162936	0.789496900067
1050	707	4.57244528493	0.662148594361
172	708	4.55862129638	0.837937452345
1067	709	4.55757069085	0.931495709745
1068	710	4.55392410851	0.934056876479
1070	711	4.54874801862	0.936792932428
285	712	4.54695372832	0.983294554018
761	713	4.52618282292	0.804273912994
268	714	4.52002535726	0.786816427943
1113	715	4.49796967717	0.926002934074
1114	716	4.49659963296	0.928166170211
968	717	4.49563083181	1.10793695857
165	718	4.49116673113	0.723070961584
166	719	4.49019420562	0.725891598038
230	720	4.48198824398	0.568696100731
129	721	4.48006579594	0.451912029808
126	722	4.4763962888	0.451115958875
127	723	4.47485227998	0.456506428124
125	724	4.46912245401	0.450422896453
123	725	4.46789690849	0.455034744162
122	726	4.46401125933	0.459742422987
173	727	4.45769563422	0.450635879834
1014	728	4.45085546445	0.664450643817
109	729	4.45019289214	0.764391317455
174	730	4.44868978478	0.455127675224
106	731	4.44496051001	0.765582064102
1015	732	4.44456665427	0.666305885624
406	733	4.4401699452	1.0982811499
73	734	4.43718826377	1.03329383939
416	735	4.43603809981	0.655875232277
909	736	4.43338389612	0.653932363167
908	737	4.4332913147	0.651523712244
907	738	4.43317670541	0.649101064348
1102	739	4.43280133117	0.610605132788
906	740	4.43160401045	0.646688412748
910	741	4.4313998332	0.656635882855
159	742	4.42993982108	0.640342999209
1106	743	4.42953678144	0.613493786418
1103	744	4.42798486811	0.611921881631
1107	745	4.42626823519	0.616366313575
238	746	4.42501675467	1.11756738124
415	747	4.42266287894	0.654494375885
1109	748	4.4214994546	0.619292499261
239	749	4.42134656656	1.11956493532
1098	750	4.42111888926	1.00438968126
240	751	4.41621873362	1.12176547051
156	752	4.41576293647	0.684581976525
155	753	4.41413996095	0.684661346347
388	754	4.41406347646	0.572910827617
387	755	4.40922620618	0.573588974862
142	756	4.40705638534	0.683439098796
113	757	4.39902004508	0.993909543304
115	758	4.39389171894	0.996457420813
616	759	4.39350542224	1.03669926228
617	760	4.3897288515	1.03898462055
55	761	4.38794255863	0.553157975016
719	762	4.38528173584	0.86759118599
722	763	4.38457756586	0.870272789795
102	764	4.38339202185	0.67732384066
723	765	4.38239411707	0.873035065338
242	766	4.38194525816	0.959290968932
725	767	4.38010958026	0.875796347624
438	768	4.37727349441	1.09601474553
724	769	4.37720993125	0.876016703377
265	770	4.36341764153	0.614595369794
275	771	4.36131094893	0.901258064783
882	772	4.35083403562	0.549345073708
883	773	4.35034245575	0.548336048618
884	774	4.34852641166	0.551938414749
1019	775	4.34419495237	1.13077021883
167	776	4.33282595229	0.885920295261
364	777	4.32833710374	0.545829215846
355	778	4.32701845167	0.544381941128
677	779	4.32535425712	0.991960043047
351	780	4.324979958	0.544379266395
352	781	4.32359837234	0.548116227503
1061	782	4.32334172875	0.967439196407
100	783	4.32223363978	0.657624141185
349	784	4.31920956431	0.545230761796
1062	785	4.31824961178	0.970077935706
137	786	4.3176483756	0.630894085452
206	787	4.31686750319	0.592896362048
207	788	4.31600661319	0.596663065547
350	789	4.314281256	0.548066885813
208	790	4.31410570505	0.594913017758
348	791	4.31323719424	0.547930808963
138	792	4.31246924007	0.635034824586
209	793	4.31133988556	0.596910156653
1115	794	4.30840062454	1.06439216935
186	795	4.30737079997	0.658081424425
210	796	4.30643888834	0.599173978671
219	797	4.3051687552	0.416731545074
220	798	4.30488849088	0.421968947804
223	799	4.30431662277	0.421684604313
228	800	4.3039604798	0.415988568116
221	801	4.30315050406	0.427161168423
224	802	4.30279528626	0.427490017244
218	803	4.30117624203	0.412402140695
225	804	4.29977727274	0.426862215755
226	805	4.2951577586	0.431963426994
276	806	4.29470173977	0.977650743883
227	807	4.29459840594	0.432960382945
566	808	4.29284595331	0.734900246103
567	809	4.29148972982	0.737983413426
568	810	4.28992912904	0.741058906963
191	811	4.28891026653	0.410153475356
1069	812	4.28656160011	1.08050984528
569	813	4.2864190169	0.741516679284
124	814	4.28586299588	0.71484305975
192	815	4.28408311898	0.411834148761
170	816	4.28308290523	0.995681324411
184	817	4.27647381561	0.412807396824
185	818	4.26960611724	0.417570700453
147	819	4.26861779192	0.564875737731
148	820	4.26645438437	0.567336835579
183	821	4.26587677739	0.416935719298
149	822	4.26493572199	0.571553382185
800	823	4.26445725981	1.1462809435
150	824	4.26063917789	0.570102674275
205	825	4.259931471	0.453217898373
204	826	4.25841101496	0.449721273317
211	827	4.25790345492	0.454154991763
212	828	4.25717226762	0.458525087722
213	829	4.2557191061	0.46384051906
217	830	4.25286189595	0.459882294277
215	831	4.25270479114	0.46313885422
202	832	4.25227566646	0.447168759416
203	833	4.24985587693	0.452182490731
565	834	4.24461092416	0.513797191144
564	835	4.24402970743	0.51024831075
199	836	4.24329410146	0.445091156873
200	837	4.24257252359	0.450725173419
554	838	4.24197865445	0.506654036342
720	839	4.24128125855	0.999640997404
548	840	4.24038260473	0.506251058907
201	841	4.24034687916	0.456332672642
549	842	4.23716927737	0.508623004137
555	843	4.23647381272	0.508387744728
721	844	4.23608697926	1.00221675995
193	845	4.23061574111	0.443353678887
538	846	4.22987650039	0.536775398524
194	847	4.22928454831	0.442720313244
1087	848	4.22526654711	1.06141661459
1104	849	4.22289432894	0.844006347184
64	850	4.22281696451	0.736757398336
1105	851	4.2204384703	0.845825946292
1016	852	4.22024420829	0.970585854047
905	853	4.21841215006	0.475485344503
1051	854	4.21541045489	0.987916283784
696	855	4.21513878844	0.660215025783
900	856	4.21511477137	0.472668763877
1017	857	4.21510486434	0.973236928392
898	858	4.21496144421	0.471368363839
893	859	4.21470105108	0.470011793782
894	860	4.21373882658	0.473517520795
886	861	4.21268470416	0.472936159546
128	862	4.21086279283	0.720629010144
134	863	4.21077412466	0.873759512328
887	864	4.21040811451	0.470345434215
899	865	4.20986498823	0.476892464445
895	866	4.2093040778	0.477916474102
195	867	4.20650342183	0.447037130408
187	868	4.20572348431	0.847822697444
188	869	4.20054086832	0.85089676282
888	870	4.19816996779	0.47375686812
889	871	4.18425772546	0.477226376805
844	872	4.17975395478	0.973824807146
151	873	4.17720228878	0.768475333244
704	874	4.16256736879	0.876663371305
1108	875	4.16192474522	0.83047520721
705	876	4.1617852248	0.87776221651
707	877	4.16090144134	0.878865492743
706	878	4.15663116547	0.880734273093
896	879	4.15259961633	0.691342654128
382	880	4.14577226472	0.609733969873
383	881	4.1455596553	0.611977730922
384	882	4.14534266091	0.614205734379
353	883	4.14205562681	0.776077104722
356	884	4.14090260345	0.668686888048
389	885	4.13417918825	0.707376719058
114	886	4.13193325712	1.13261482529
542	887	4.13180609644	0.629008952423
161	888	4.12309717917	0.987467555651
911	889	4.12205709016	0.952966800232
709	890	4.12078245136	1.00633783563
710	891	4.11719249178	1.00878625469
541	892	4.11417809945	0.573502560278
711	893	4.11208460943	1.01134656977
337	894	4.10183807089	0.530543281382
336	895	4.10176453174	0.526353362541
334	896	4.10140597271	0.523396753576
332	897	4.10089069035	0.524310674203
331	898	4.10088630104	0.520401089526
333	899	4.09943299912	0.528210787788
339	900	4.0968939629	0.529964360363
335	901	4.09630951631	0.528377179762
327	902	4.09520156291	0.518185993903
325	903	4.09048509979	0.517101249029
1057	904	4.08939641483	1.0345938975
328	905	4.08904985337	0.522031999399
385	906	4.08717246842	0.781381438486
326	907	4.08632187511	0.520927494654
330	908	4.0813154973	0.525942644157
912	909	4.07947131896	1.02173344164
913	910	4.07724769806	1.02405544893
914	911	4.07497588413	1.02637693754
178	912	4.07054438377	0.420639982807
179	913	4.06280913853	0.417943089982
244	914	4.06155499557	0.417239118531
245	915	4.05939290401	0.423294437185
735	916	4.05771162852	0.890827421287
247	917	4.05739148077	0.416449500477
831	918	4.05611188043	0.795013425876
255	919	4.05531212481	0.418380963351
543	920	4.05298160911	0.810744147032
256	921	4.05234524001	0.423215379514
559	922	4.05171475948	0.641911695106
261	923	4.05110766748	0.421427098433
180	924	4.05080931517	0.4225487152
248	925	4.05019080635	0.419689497665
258	926	4.04928753041	0.427974901941
257	927	4.04719385317	0.429363374469
736	928	4.04577623428	0.952886497614
249	929	4.04560186044	0.424774399941
738	930	4.04507335202	0.954774888149
259	931	4.04478436903	0.432730067745
544	932	4.04451414823	0.678327728099
1116	933	4.04425749097	1.1938636163
345	934	4.04374002584	0.792102236818
346	935	4.04304283201	0.794684849216
344	936	4.04295917901	0.789548818537
251	937	4.04238061007	0.423932413636
545	938	4.04200713014	0.679738811999
737	939	4.0405934656	0.955621547726
250	940	4.03951503305	0.429882757206
546	941	4.03948262513	0.681140278046
466	942	4.03784716784	0.427469373857
181	943	4.03712558834	0.427223098467
740	944	4.03690573329	0.931718908615
547	945	4.03550745889	0.68257185639
717	946	4.03503248431	0.555711358508
300	947	4.0348400527	0.598575696024
299	948	4.03469345566	0.596151185781
297	949	4.03438842935	0.593703463465
741	950	4.03434652828	0.934075026976
298	951	4.03303008855	0.596951034887
301	952	4.03276490622	0.601215491812
537	953	4.0309663877	0.425412943737
465	954	4.03061656516	0.424797255788
715	955	4.03046888993	0.553710765029
302	956	4.02959698871	0.600528479614
742	957	4.02949062572	0.936847785203
189	958	4.02839006918	1.00600022422
716	959	4.02825309926	0.558275107055
550	960	4.02693168024	0.675971375949
338	961	4.02536152278	0.743749392918
551	962	4.02370992066	0.678070075356
190	963	4.02320155708	1.00857385895
712	964	4.0228698738	0.551629404043
462	965	4.01740002559	0.427815026109
463	966	4.01226678319	0.432653897316
699	967	4.01216020111	0.495733018479
700	968	4.00357233057	0.495721577569
701	969	3.99034346521	0.499154098662
216	970	3.98876295806	0.725032836814
832	971	3.97892941222	0.933775484241
162	972	3.96506893598	1.09061089753
1088	973	3.96012392429	1.19235738774
163	974	3.95992818184	1.09296328098
552	975	3.95417893406	0.798223886391
553	976	3.95289007616	0.800079870454
556	977	3.95278251664	0.660893207795
1052	978	3.95110600801	1.12948525557
923	979	3.95072725576	1.21594910822
264	980	3.9484960633	0.619294667491
718	981	3.92233195664	0.714531934896
340	982	3.91644231068	0.764882112848
132	983	3.90976815257	1.03500971852
915	984	3.90508083868	1.15226956347
133	985	3.90458111711	1.03751476881
917	986	3.8999126213	1.15449598892
756	987	3.89720917904	0.528858812156
885	988	3.89701975064	0.952891239428
343	989	3.89626695904	0.619624108055
755	990	3.89581387213	0.527570647968
262	991	3.88457153591	0.543010853313
263	992	3.8792092275	0.545710917867
354	993	3.87775171339	0.954494242845
708	994	3.87184535429	1.09415068788
839	995	3.8538920794	1.09446160185
222	996	3.84983300604	0.889135412935
858	997	3.84349296723	1.16420973999
329	998	3.825035051	0.764083703198
467	999	3.81505013988	0.62435998374
791	1000	3.8117310314	0.546882297242
790	1001	3.8098033463	0.545692394528
214	1002	3.80280931522	0.906939849897
828	1003	3.80227305746	0.548272556425
347	1004	3.79770440228	0.76760486923
246	1005	3.79550327406	0.700364239076
316	1006	3.78056371818	0.641063549442
560	1007	3.78016745633	0.903454674123
317	1008	3.78008663276	0.644579346403
561	1009	3.77501470099	0.90634600518
304	1010	3.76909423188	0.436655880912
294	1011	3.76903355257	0.440242497406
305	1012	3.76857210844	0.440614917268
303	1013	3.76751204013	0.437483757093
309	1014	3.76625390786	0.437427704395
293	1015	3.7659454282	0.438236597531
306	1016	3.76575404227	0.44469055565
341	1017	3.76118483666	0.440996929594
292	1018	3.75577183364	0.44307997359
310	1019	3.74495197897	0.434060484878
557	1020	3.73758656258	0.758390475076
311	1021	3.73649441244	0.434035748497
312	1022	3.7313704973	0.440030677685
252	1023	3.73092460575	0.877019437363
313	1024	3.72794619554	0.433928416503
314	1025	3.72270138903	0.437422034353
318	1026	3.71957405645	0.436182371598
319	1027	3.71087374944	0.439398205267
182	1028	3.70093146274	0.677461997937
897	1029	3.69951933279	1.03791924536
56	1030	3.69190282097	0.690055501327
749	1031	3.68797753519	0.871140678818
750	1032	3.68787201437	0.872944777644
751	1033	3.68772163115	0.874742127071
753	1034	3.68602245028	0.8765701395
743	1035	3.67652146067	0.466183857259
744	1036	3.66668122122	0.467135841855
747	1037	3.663601574	0.470473371918
229	1038	3.6608974748	1.02371880492
745	1039	3.65454620481	0.470360908466
629	1040	3.64211601665	0.747152688972
630	1041	3.64179760118	0.750049085423
631	1042	3.64144198416	0.752936076291
746	1043	3.6396088123	0.473879136046
916	1044	3.63938253328	1.27543620155
624	1045	3.63885979214	0.745642523125
386	1046	3.63374961625	1.09821027799
891	1047	3.62183746941	0.643884570144
739	1048	3.59087786231	1.22220912018
464	1049	3.56158922872	0.892615763375
196	1050	3.56081023341	0.649759571568
748	1051	3.56022455486	0.817063731357
633	1052	3.55835451567	0.864623175166
901	1053	3.55034134612	0.667249136638
902	1054	3.54831416731	0.669386208456
903	1055	3.54626667077	0.671512587593
1110	1056	3.50408541658	1.18857642689
57	1057	3.48718970784	0.841431226538
253	1058	3.48152191356	0.587891914194
254	1059	3.47869793224	0.590893736856
381	1060	3.46754722055	0.510791009073
757	1061	3.46413126641	0.837554093336
562	1062	3.46236771093	1.16305472061
295	1063	3.45943935858	0.581569729966
380	1064	3.45533342302	0.509767739064
197	1065	3.44609990023	0.594598408764
198	1066	3.43500005837	0.595614925126
752	1067	3.42385956431	1.03685324968
754	1068	3.42194350587	1.03853231396
451	1069	3.33909917819	1.01234947233
452	1070	3.33703764249	1.01480191077
453	1071	3.33484529481	1.01725181617
454	1072	3.33188546712	1.01737836176
449	1073	3.3302848165	0.856446323072
448	1074	3.32943339655	0.853638260715
450	1075	3.32510588395	0.859501682567
260	1076	3.3199327547	1.0388814183
635	1077	3.2961072053	1.02844658157
175	1078	3.28631142949	0.830220394865
625	1079	3.2738367854	1.02318272095
626	1080	3.26865724037	1.02573928043
176	1081	3.26245060656	0.96839013998
177	1082	3.25977501444	0.970757245941
1064	1083	3.21679210123	1.11092261823
563	1084	3.19792840293	1.28766207489
632	1085	3.19316769707	1.08133016909
447	1086	3.18809084455	0.780965511649
296	1087	3.17720765688	0.866722271131
307	1088	3.16558608757	1.11248820515
759	1089	3.16430050175	1.12624323504
378	1090	3.16383033935	0.482525731295
308	1091	3.16040554046	1.11483640733
375	1092	3.16013898422	0.482045309087
379	1093	3.15871017514	0.486247947865
376	1094	3.15801535223	0.487293641546
1118	1095	3.15634253255	1.2301178828
377	1096	3.15584115486	0.492487381674
320	1097	3.15417921611	0.69553404666
288	1098	3.15340015992	0.481495432343
287	1099	3.14905797646	0.484072147097
289	1100	3.14590523403	0.483619965819
627	1101	3.14264627037	1.13669380285
24	1102	3.10979710659	0.79960444488
117	1103	3.10883669091	0.623474386227
25	1104	3.10717823557	0.802592468774
120	1105	3.10314963237	0.622781730085
365	1106	3.09405711515	0.867788524461
26	1107	3.09258729177	0.463971776811
29	1108	3.09218915489	0.468333533889
27	1109	3.09169877632	0.468232321377
28	1110	3.09078308915	0.472438741924
30	1111	3.09028710865	0.472666653878
22	1112	3.08874389641	0.460648553668
21	1113	3.08498791326	0.460062051014
23	1114	3.08362822342	0.463332492488
322	1115	3.07454442037	0.8856251893
323	1116	3.07095950387	0.888512582636
829	1117	3.06961701009	0.960641460051
324	1118	3.06580802962	0.891456978023
290	1119	3.041993649	0.640867530356
726	1120	3.00495951452	0.643293201819
731	1121	2.99375623821	0.744270139472
121	1122	2.96844363215	0.685103719934
890	1123	2.96504051805	1.21713197879
634	1124	2.94890958401	1.25560429268
727	1125	2.94348955209	0.626380732059
118	1126	2.94299283261	0.967430291461
732	1127	2.939016712	0.851648422033
558	1128	2.90419608891	1.25694622627
830	1129	2.89205107904	1.10630602156
33	1130	2.89169398687	0.412556024319
32	1131	2.89051445171	0.409531995472
20	1132	2.88974343808	0.409611671058
34	1133	2.88650019566	0.55742525157
39	1134	2.88510999665	0.412383690173
758	1135	2.85913739366	1.24063339011
31	1136	2.8267251111	0.731238609854
892	1137	2.80062446244	0.754129093111
1065	1138	2.77009842578	1.35067925745
119	1139	2.76587807251	1.11218920575
728	1140	2.74107012941	0.558279646794
729	1141	2.73888584561	0.558445238907
37	1142	2.73461075768	0.663911351799
461	1143	2.73384268814	0.441473772811
38	1144	2.73208984468	0.667605459025
455	1145	2.7268638514	0.439771795576
456	1146	2.72246008136	0.442361237597
444	1147	2.71927073537	0.441180390511
315	1148	2.71691811411	0.701157898958
40	1149	2.69815467147	0.587600604633
628	1150	2.69681392729	1.3718060946
734	1151	2.68195911772	1.01780369378
35	1152	2.6774901254	0.91617196286
733	1153	2.67535337546	1.01803670766
152	1154	2.66489437637	1.28646410145
458	1155	2.66159009231	0.806438783828
457	1156	2.66100962717	0.804174074038
730	1157	2.65928491376	0.656125416456
48	1158	2.62015023421	0.566358742345
47	1159	2.61978248416	0.564802872209
46	1160	2.61559467908	0.566284683423
50	1161	2.60469960623	0.614664280851
713	1162	2.58804467628	0.747779759974
714	1163	2.58289329264	0.75127638686
51	1164	2.55563719377	0.76528149111
445	1165	2.54262809417	0.527422844268
49	1166	2.5403188302	0.637721279572
11	1167	2.53139857339	0.757150451988
42	1168	2.52969349173	0.709049402858
41	1169	2.5295242229	0.705758276082
58	1170	2.52825586885	0.653775666849
12	1171	2.51311094952	0.546403713091
13	1172	2.5125685993	0.548738340346
904	1173	2.50978527614	1.2709675572
291	1174	2.506471385	1.17681815525
10	1175	2.46889777267	0.451925656534
9	1176	2.46655258935	0.448847637771
8	1177	2.45898959834	0.448414117972
19	1178	2.45467617194	0.514977479199
43	1179	2.4374930994	0.727592977307
446	1180	2.33105297885	0.947648758961
834	1181	2.24892163205	1.26892225771
36	1182	2.23567785782	1.2010327644
14	1183	2.23352854338	0.945778740095
430	1184	2.23347258581	0.588636214279
460	1185	2.21990068782	1.12088501679
18	1186	2.19731799195	0.623377657012
15	1187	2.17291619682	0.510271612928
3	1188	2.12061675947	0.509118908985
459	1189	2.08958389746	1.22947834446
44	1190	2.06254927861	0.94629643646
17	1191	2.05166642601	0.584985533881
16	1192	2.05009187035	0.582664182516
442	1193	1.99680632852	0.576595390684
443	1194	1.99576117678	0.578204090194
835	1195	1.98565381494	1.38508537653
45	1196	1.93457309915	0.589211971238
441	1197	1.92445863387	0.554898512744
59	1198	1.92002960602	1.24438665378
702	1199	1.91713536426	1.29875933559
60	1200	1.91487860238	1.24648873812
703	1201	1.91195648408	1.30077288879
6	1202	1.89229475933	1.19118796687
7	1203	1.88865191163	1.19332213817
4	1204	1.78379162	0.636412942168
321	1205	1.69777197556	1.33657225333
5	1206	1.648277379	0.59382535776
1	1207	1.64524422965	0.557692445495
342	1208	1.27451810895	1.35458756887
2	1209	0.703346315573	1.37357124048
