#name	rank	LBI
20	1	1.77472743846
33	2	1.37738658383
32	3	1.04116472137
25	4	1.01286075452
24	5	0.959878689205
39	6	0.938942627318
22	7	0.88099657127
27	8	0.880949182767
14	9	0.879907064408
13	10	0.774995704937
43	11	0.765687754199
49	12	0.759702940918
19	13	0.707812295719
48	14	0.680891650915
10	15	0.676166947223
15	16	0.626187721632
17	17	0.609679578284
12	18	0.602240498134
28	19	0.561144013475
31	20	0.550024568068
23	21	0.548819517806
9	22	0.548192916166
44	23	0.519410526188
40	24	0.515342534328
4	25	0.512058243371
8	26	0.480513498296
5	27	0.478980021431
36	28	0.464085971743
45	29	0.455115435173
26	30	0.453020249608
7	31	0.448155750675
35	32	0.43819559969
37	33	0.410406138586
41	34	0.404697678566
2	35	0.401468718044
30	36	0.399227724877
3	37	0.38638095359
21	38	0.385553733065
18	39	0.365930184529
29	40	0.344395679828
46	41	0.343050340002
47	42	0.30891244153
38	43	0.305111123053
16	44	0.299616048256
1	45	0.279598572118
50	46	0.260835369877
11	47	0.248154406419
42	48	0.220533250235
34	49	0.216338313663
6	50	0.13013536954
