#name	rank	LBI
15	1	1.98590133181
2	2	1.36401877177
5	3	1.34138380422
27	4	1.03430370226
12	5	0.824146658498
29	6	0.744312880156
13	7	0.656712804141
6	8	0.627234709813
17	9	0.591571410146
16	10	0.573381051067
22	11	0.570341415911
7	12	0.543877109136
8	13	0.535090875541
24	14	0.488362016256
26	15	0.485567802792
20	16	0.476504088245
28	17	0.454119959186
9	18	0.415162121258
23	19	0.407709162817
25	20	0.401057367881
18	21	0.353462744362
1	22	0.273623014743
14	23	0.252213701953
30	24	0.250870287868
21	25	0.243273294892
3	26	0.240905139839
10	27	0.156093469144
11	28	0.138106364061
4	29	0.135860459087
19	30	0.133980749357
