#name	rank	LBI
30	1	0.981014866014
26	2	0.956607485545
21	3	0.843212056214
34	4	0.767017052344
29	5	0.654716147436
15	6	0.587022348649
10	7	0.586439519014
7	8	0.554318893191
24	9	0.524062997952
28	10	0.518031132379
27	11	0.492677989053
6	12	0.489817390868
35	13	0.482948522722
11	14	0.444317059846
9	15	0.442167401063
16	16	0.435048730882
8	17	0.432405912353
32	18	0.411273545808
4	19	0.401560232644
3	20	0.401515706462
25	21	0.38657652875
5	22	0.377125637837
22	23	0.372415831468
2	24	0.371323732197
18	25	0.366999329368
13	26	0.355431670943
1	27	0.258483330481
12	28	0.256355125678
36	29	0.253169684794
31	30	0.2490755714
17	31	0.226999090856
20	32	0.16435051366
33	33	0.14428296305
14	34	0.142853581633
19	35	0.140176009411
23	36	0.137212087229
37	37	0.134670132727
