#name	rank	LBI
26	1	0.758606406209
29	2	0.628493228147
27	3	0.603031460897
4	4	0.543209292518
24	5	0.538058888998
15	6	0.537095425965
17	7	0.525069059827
28	8	0.505969676025
18	9	0.504268096199
7	10	0.456427991142
13	11	0.430681315358
20	12	0.423575309709
14	13	0.419729202166
8	14	0.41870319843
12	15	0.41258923082
3	16	0.403156451581
23	17	0.379241805832
2	18	0.377117117215
9	19	0.364695252285
10	20	0.350078198353
21	21	0.344816404353
6	22	0.321831032009
19	23	0.311846276143
5	24	0.282552803537
1	25	0.256044566605
25	26	0.248019601203
11	27	0.20306481685
22	28	0.19290388349
16	29	0.129302589072
