#name	rank	LBI
19	1	1.43762891577
34	2	1.15752402542
33	3	1.0105345127
39	4	0.912071847026
23	5	0.906386541668
11	6	0.880591886251
25	7	0.848852278729
21	8	0.844965827043
47	9	0.84225281319
13	10	0.812974583157
20	11	0.723204858894
32	12	0.707647250827
7	13	0.67087923001
22	14	0.663865201866
41	15	0.663486267372
9	16	0.60232960507
42	17	0.587497997785
6	18	0.58609465044
18	19	0.579206799503
8	20	0.537888563814
40	21	0.516215672599
27	22	0.514965556225
17	23	0.474310084967
29	24	0.470979767416
30	25	0.439527146757
5	26	0.438759585917
28	27	0.436487742404
4	28	0.435368721013
35	29	0.432174283936
31	30	0.430778804769
2	31	0.423047052806
3	32	0.421479680443
15	33	0.408239818209
37	34	0.402576859036
44	35	0.397520839111
16	36	0.387629087664
46	37	0.37361850002
14	38	0.360215566519
12	39	0.359021921943
43	40	0.304467070065
38	41	0.301755052506
24	42	0.296014079059
49	43	0.292065058632
26	44	0.289768129703
10	45	0.277036432884
48	46	0.260123070035
1	47	0.224261079963
45	48	0.168528879526
36	49	0.153175104448
