#name	rank	LBI
28	1	2.55445957231
21	2	1.66763713584
14	3	1.44084251217
38	4	1.2284738355
25	5	1.14808897906
35	6	0.951257167556
23	7	0.866097091723
31	8	0.822483569257
29	9	0.817958033373
32	10	0.806739868044
18	11	0.720895461204
19	12	0.720439949171
34	13	0.697026600778
8	14	0.680797928147
16	15	0.601903613595
10	16	0.59358282003
17	17	0.488273898183
11	18	0.433448330699
26	19	0.407928934306
7	20	0.400351897656
12	21	0.399588714765
9	22	0.380629545896
2	23	0.380414214898
3	24	0.380036724268
4	25	0.375471344256
37	26	0.375467122496
36	27	0.373346231495
6	28	0.373102987695
15	29	0.373062827871
33	30	0.340012984911
39	31	0.330705469403
5	32	0.32552122067
27	33	0.318005167018
1	34	0.28407021057
20	35	0.254230271124
24	36	0.233553943813
22	37	0.18933120069
30	38	0.150686691545
13	39	0.131649001895
