#name	rank	LBI
13	1	1.16645979881
30	2	1.06247997461
36	3	0.886142527031
28	4	0.862286025158
16	5	0.837101387382
12	6	0.828563575927
18	7	0.68424567907
23	8	0.648103133564
15	9	0.629020757872
9	10	0.611933881009
26	11	0.608275685353
39	12	0.607992901574
27	13	0.572985142546
33	14	0.560377072408
34	15	0.553567969295
21	16	0.53158852231
37	17	0.530739007508
10	18	0.487597256611
5	19	0.486587015177
20	20	0.477818679888
14	21	0.476848291522
19	22	0.458063305195
24	23	0.422369573926
29	24	0.400965603535
4	25	0.375605954903
3	26	0.375001173365
38	27	0.3675114888
17	28	0.341475829969
6	29	0.33273228327
35	30	0.319949788828
8	31	0.315942443957
2	32	0.31543719474
25	33	0.283906438365
1	34	0.254385743044
32	35	0.241112422665
11	36	0.236981851732
31	37	0.221233241545
40	38	0.176015966898
22	39	0.168529888589
7	40	0.16085053772
