#name	rank	LBI
36	1	2.3384213942
24	2	1.51051734508
3	3	1.48956822787
27	4	1.38503625699
21	5	1.22928224499
34	6	1.07358991597
42	7	0.956463014648
40	8	0.814236418666
39	9	0.787438537997
37	10	0.787426059974
12	11	0.76274308853
29	12	0.70143174266
32	13	0.700313271346
2	14	0.638314783571
5	15	0.636270901795
30	16	0.621052622104
16	17	0.61264728766
19	18	0.566058240679
18	19	0.558339756705
22	20	0.554210106758
23	21	0.554076781159
35	22	0.548951415929
7	23	0.519791704951
43	24	0.515714405102
38	25	0.466473782272
15	26	0.416297659584
4	27	0.40073737111
28	28	0.381100103695
8	29	0.379620907012
26	30	0.379475305358
9	31	0.378249849706
10	32	0.369830896781
31	33	0.365433615619
41	34	0.352567961829
13	35	0.352071231908
11	36	0.324629855843
25	37	0.307112368213
17	38	0.26444623946
20	39	0.262248446868
1	40	0.249921528612
6	41	0.244510737681
33	42	0.136056654782
14	43	0.131381378196
