#name	rank	LBI
9	1	1.3716155566
28	2	1.07644253499
38	3	0.889006621578
41	4	0.86021974413
24	5	0.7620899281
8	6	0.724466170455
35	7	0.641172739785
11	8	0.639853617768
14	9	0.606959003439
34	10	0.593252602957
18	11	0.592771141783
20	12	0.586644294305
22	13	0.574123434809
32	14	0.568727935692
31	15	0.565591634553
21	16	0.539302887811
10	17	0.536638445169
13	18	0.524664491647
3	19	0.499613885997
16	20	0.492478761567
26	21	0.477106979705
15	22	0.458862431716
12	23	0.456546660687
6	24	0.449476443185
7	25	0.429030617797
39	26	0.423488377162
42	27	0.392223024133
2	28	0.37560559665
5	29	0.37500068098
25	30	0.364507337193
29	31	0.342264572871
40	32	0.320161033893
19	33	0.316713855556
27	34	0.268127797365
4	35	0.262795080009
37	36	0.251949671845
36	37	0.250238236427
1	38	0.250023595474
23	39	0.231276847838
30	40	0.22287904134
33	41	0.156926034229
17	42	0.15073319751
