#name	rank	LBI
40	1	1.71064232857
21	2	1.60974290526
3	3	1.30104672337
24	4	1.29906508278
17	5	1.2025099898
35	6	1.0142951176
45	7	0.8237698684
44	8	0.793704254843
10	9	0.745219943436
27	10	0.700346555294
32	11	0.686355662395
33	12	0.660327321777
30	13	0.630156433031
2	14	0.621770071267
4	15	0.613464395511
28	16	0.612520596416
12	17	0.589333544406
37	18	0.577173636227
19	19	0.567519384723
14	20	0.566517182263
5	21	0.504965782662
34	22	0.467180298146
42	23	0.453017416857
38	24	0.444591272217
13	25	0.440591951078
6	26	0.427848115148
11	27	0.423792679541
25	28	0.389310291754
26	29	0.389307763467
23	30	0.382840568491
8	31	0.368755963772
31	32	0.366993028222
18	33	0.366137172788
47	34	0.351341524549
9	35	0.318429707299
36	36	0.297920043406
7	37	0.288519997902
15	38	0.267508643137
1	39	0.249897942808
29	40	0.224242544226
46	41	0.165003694349
41	42	0.151901025666
20	43	0.144657576042
43	44	0.143200219205
39	45	0.133690401621
16	46	0.13232902003
22	47	0.130890493159
