#name	rank	LBI
19	1	2.50172001221
33	2	1.5541569487
15	3	1.43587438015
11	4	1.40736056553
23	5	1.21908832827
29	6	1.12745251517
21	7	0.98356895301
18	8	0.975244966232
24	9	0.935585330424
26	10	0.863019320689
31	11	0.822055434393
6	12	0.664978743788
16	13	0.63062187383
12	14	0.621475280182
35	15	0.525890263329
3	16	0.498541889078
7	17	0.480244930355
34	18	0.427622003825
8	19	0.41376624319
5	20	0.396090309571
30	21	0.378363008263
4	22	0.378349355197
2	23	0.376633198158
9	24	0.376518955617
32	25	0.356878843327
17	26	0.311238983085
25	27	0.292822582262
28	28	0.273692515296
22	29	0.260124315825
13	30	0.250723325443
1	31	0.249999992152
14	32	0.226636090598
20	33	0.157316445967
27	34	0.132805492206
10	35	0.131185365986
