#name	rank	LBI
25	1	1.18645947857
33	2	1.06154217582
19	3	0.907418871399
9	4	0.891190662719
20	5	0.749971478447
27	6	0.730021868126
35	7	0.699794390815
34	8	0.673801151223
15	9	0.660629948322
31	10	0.637148515648
12	11	0.61453899279
21	12	0.590565975704
28	13	0.562405950672
16	14	0.525931003363
23	15	0.469293785663
18	16	0.466958390619
24	17	0.462392862237
2	18	0.455450267004
4	19	0.453752451851
7	20	0.445631273867
10	21	0.412377779565
22	22	0.410330503947
5	23	0.4088465597
32	24	0.399385055424
14	25	0.379044616036
3	26	0.378844658296
26	27	0.37031785272
13	28	0.339259169599
29	29	0.338819913629
6	30	0.285915912658
30	31	0.275306178771
1	32	0.25758966332
11	33	0.245699367225
17	34	0.200265765147
8	35	0.128698854255
