#name	rank	LBI
29	1	1.66083434176
39	2	1.39257133927
21	3	1.11316305511
26	4	1.07627275984
6	5	0.785233747324
12	6	0.765486706346
41	7	0.722187041815
37	8	0.709193963827
31	9	0.692041901884
14	10	0.580132248685
24	11	0.579439197492
22	12	0.566203931806
17	13	0.542904906346
27	14	0.537983708427
18	15	0.527385328324
40	16	0.518859084234
25	17	0.517410784825
9	18	0.515930436612
2	19	0.500977294113
10	20	0.49849494699
34	21	0.48363789494
15	22	0.445152486126
30	23	0.397431972387
5	24	0.376940300253
3	25	0.376612277671
13	26	0.369072288003
38	27	0.364833668532
4	28	0.362192240499
23	29	0.346119502917
32	30	0.342653800448
19	31	0.340445327688
1	32	0.325650264175
8	33	0.320036064024
16	34	0.259969052683
20	35	0.249059464919
33	36	0.246173948286
7	37	0.246099002809
28	38	0.206579470457
35	39	0.153776701966
36	40	0.153768992444
11	41	0.145826283849
