#name	rank	LBI
23	1	1.19361868552
39	2	0.951204729537
38	3	0.920420716865
32	4	0.806995663362
52	5	0.700111314346
20	6	0.678870850345
27	7	0.663977984526
41	8	0.663161256222
35	9	0.649931283109
25	10	0.625660617016
5	11	0.624086157521
50	12	0.609348277124
42	13	0.602856610565
48	14	0.582877905378
51	15	0.582489170782
43	16	0.574165378079
31	17	0.538849265025
10	18	0.510606245745
29	19	0.506221807245
44	20	0.458955029135
21	21	0.450929450776
12	22	0.441972696577
2	23	0.433497307911
3	24	0.426690194684
45	25	0.425383209644
7	26	0.421783216476
4	27	0.416530966135
56	28	0.414662097155
16	29	0.409081540001
18	30	0.405774420074
47	31	0.405411487286
8	32	0.396764308015
15	33	0.379359891301
17	34	0.372387260511
9	35	0.372132304689
34	36	0.367338139418
54	37	0.366535971668
36	38	0.360180595716
33	39	0.352304631236
13	40	0.3511051854
57	41	0.349595668373
46	42	0.348198377632
14	43	0.325143218293
19	44	0.324833506404
11	45	0.323506929072
26	46	0.310326471621
22	47	0.280298974259
37	48	0.275703649342
1	49	0.253266282696
24	50	0.249658219395
49	51	0.247922024061
28	52	0.243883606273
6	53	0.239882210284
40	54	0.236055739507
30	55	0.213467469179
55	56	0.147264424674
53	57	0.134613110112
