#name	rank	LBI
21	1	2.25096515822
11	2	1.46782916421
14	3	1.22142166746
32	4	1.18316831529
34	5	1.12603758787
26	6	0.999751320192
19	7	0.970126069884
30	8	0.749958875721
37	9	0.728578441779
23	10	0.633111077947
28	11	0.62481470567
12	12	0.53652878492
24	13	0.513893448295
7	14	0.512407068111
3	15	0.499784038217
16	16	0.499600843075
6	17	0.379585489786
13	18	0.379461632051
15	19	0.378315704888
8	20	0.377325271174
5	21	0.375635736117
2	22	0.375336063951
9	23	0.375264170653
36	24	0.374810714032
4	25	0.374371528473
27	26	0.351651140215
38	27	0.300377398497
33	28	0.264862304023
17	29	0.256810487186
1	30	0.249999999978
25	31	0.242527212028
20	32	0.239614409469
18	33	0.23902057935
31	34	0.200326412373
29	35	0.188192588046
35	36	0.148721123736
22	37	0.138061969178
10	38	0.133366570502
