#name	rank	LBI
21	1	2.87751741733
16	2	1.79130416192
12	3	1.38002253426
33	4	0.991126929801
24	5	0.893511772538
20	6	0.86123378385
26	7	0.749048964515
8	8	0.74827731559
31	9	0.657241447945
28	10	0.654036645361
19	11	0.644941399814
23	12	0.64398122105
22	13	0.526314629678
29	14	0.489235769237
3	15	0.398900261109
2	16	0.388643674102
4	17	0.387205232619
9	18	0.379147903762
7	19	0.376878044851
10	20	0.376705278892
18	21	0.375435719743
5	22	0.37501245615
13	23	0.374370756648
14	24	0.37075014262
15	25	0.37074557812
6	26	0.349021509179
34	27	0.332584440611
25	28	0.32154327933
30	29	0.266608904582
1	30	0.250000000005
27	31	0.187416174979
17	32	0.151568785064
32	33	0.134318024015
11	34	0.134265114412
