#name	rank	LBI
31	1	2.60194836246
23	2	1.69629812753
2	3	1.3202485289
35	4	1.14127891113
24	5	1.10107636309
9	6	0.798539946725
21	7	0.643543765956
12	8	0.60793869474
7	9	0.604475403833
6	10	0.594158172327
28	11	0.551563741754
26	12	0.549093510684
18	13	0.541517124151
25	14	0.54028297253
14	15	0.530334607129
11	16	0.456671325518
29	17	0.432512073576
17	18	0.42877333182
13	19	0.424408998691
33	20	0.412100196281
3	21	0.402176542516
4	22	0.40070965998
32	23	0.396112049105
19	24	0.390486425361
16	25	0.37831908907
22	26	0.342112596377
8	27	0.339315545429
34	28	0.316108510342
5	29	0.288304805355
1	30	0.270423997316
15	31	0.239599194644
20	32	0.233815285338
27	33	0.214121487769
30	34	0.21203049703
10	35	0.139311143616
