#name	rank	LBI
33	1	1.42656678622
40	2	1.08154502414
29	3	1.03834419398
7	4	0.822339651627
20	5	0.747398927943
23	6	0.667858889819
18	7	0.592143972378
36	8	0.589067670003
35	9	0.588921924816
13	10	0.579471843249
25	11	0.525955104027
2	12	0.525436674365
30	13	0.523061285739
41	14	0.501153987193
12	15	0.484477690502
42	16	0.482652313171
9	17	0.479373660074
10	18	0.479126741313
31	19	0.462690885167
21	20	0.45999829835
38	21	0.455829467557
24	22	0.444238649787
14	23	0.432343645436
19	24	0.431188014539
5	25	0.424438520434
26	26	0.408417280885
27	27	0.398999299456
3	28	0.377016305001
1	29	0.355574763085
16	30	0.35341294166
32	31	0.338703860829
6	32	0.2525181581
8	33	0.248809666419
34	34	0.238165752623
4	35	0.235063334419
11	36	0.22973779987
39	37	0.178493673412
22	38	0.150460225314
37	39	0.144549923923
15	40	0.138729865217
17	41	0.135808435897
28	42	0.132907249067
