#name	rank	LBI
20	1	2.44644653917
14	2	1.53294948537
36	3	1.44813140404
11	4	1.39491308439
27	5	1.05271713443
19	6	1.02149230902
31	7	0.933490548621
34	8	0.800341450625
25	9	0.774964039997
32	10	0.708814775726
21	11	0.686172254772
6	12	0.648958206274
23	13	0.565812839046
15	14	0.555969724796
13	15	0.540514928782
12	16	0.538698843529
17	17	0.434588781223
7	18	0.426215391575
37	19	0.410934614194
5	20	0.383341287101
8	21	0.379783670238
4	22	0.375705903888
9	23	0.37535949372
2	24	0.375296757564
3	25	0.374733179109
30	26	0.372228506223
28	27	0.368218471733
29	28	0.356149222859
16	29	0.263085453043
18	30	0.262746438854
22	31	0.25494235139
1	32	0.249999999956
24	33	0.242795599168
26	34	0.210025328823
33	35	0.200727657482
35	36	0.133249474248
10	37	0.133002488504
