#name	rank	LBI
12	1	1.61042264764
19	2	1.24523166839
27	3	1.22202252927
37	4	1.11416023643
42	5	0.827774696759
18	6	0.789163962045
25	7	0.755911589336
29	8	0.71016707761
24	9	0.597153384742
15	10	0.5648019984
22	11	0.54668995295
34	12	0.510874470504
20	13	0.510823397801
21	14	0.507364622088
38	15	0.495546330387
39	16	0.488558420609
8	17	0.483347562115
43	18	0.479637493807
17	19	0.465542872717
30	20	0.438749040076
23	21	0.400136303517
28	22	0.388642202015
14	23	0.386978086032
4	24	0.382881763496
2	25	0.382817764649
5	26	0.376038693444
6	27	0.375946154941
7	28	0.3755547744
9	29	0.3755253556
3	30	0.375005338316
32	31	0.366914035654
31	32	0.363110034698
40	33	0.361363076529
16	34	0.355438524052
26	35	0.314659947948
41	36	0.26819891133
10	37	0.256549008397
1	38	0.250019663149
36	39	0.244499399124
13	40	0.233959333826
33	41	0.233948010922
11	42	0.136371317845
35	43	0.133667567754
