#name	rank	LBI
30	1	1.92850016595
26	2	1.20856040875
41	3	1.18284660726
36	4	1.05219808201
34	5	0.818967368177
38	6	0.74985791932
32	7	0.682949074277
13	8	0.672940112956
7	9	0.668392248689
24	10	0.647484122139
28	11	0.636906218888
21	12	0.635225456389
18	13	0.626818482235
5	14	0.607391780531
12	15	0.596280736581
19	16	0.544330106044
37	17	0.522796757012
11	18	0.509113610275
39	19	0.507339824681
15	20	0.505238620025
2	21	0.5043558155
14	22	0.468992098438
27	23	0.44479532863
16	24	0.432818017692
23	25	0.411067132819
25	26	0.404274901188
29	27	0.384911193345
4	28	0.382052445002
3	29	0.380515966119
6	30	0.378211463311
22	31	0.352511858231
1	32	0.330712597877
10	33	0.308910458625
20	34	0.307988327913
9	35	0.289279277424
33	36	0.257374385785
17	37	0.257139757593
40	38	0.255548560063
31	39	0.253205357076
8	40	0.21894402054
35	41	0.175045537248
