#name	rank	LBI
8	1	1.81001439501
19	2	1.3925834458
16	3	1.06606299903
30	4	0.967216943262
12	5	0.950820856164
23	6	0.914365177706
10	7	0.710758451758
6	8	0.678741091311
9	9	0.669115948541
26	10	0.659668296754
34	11	0.602886742609
5	12	0.5915808729
33	13	0.573181542375
15	14	0.571817689064
18	15	0.541238539764
24	16	0.517610081677
31	17	0.504157423485
20	18	0.485262023106
32	19	0.477154489497
17	20	0.436629972792
25	21	0.421560129053
28	22	0.409344089901
14	23	0.408005334768
3	24	0.398162770128
2	25	0.398149159118
13	26	0.384972827905
4	27	0.375517832061
27	28	0.34274095524
11	29	0.330462438458
21	30	0.310012743642
1	31	0.250139989709
29	32	0.14954970706
7	33	0.136373507214
22	34	0.134606087425
