#name	rank	LBI
32	1	1.22912027441
24	2	1.0704505136
15	3	0.841125926538
36	4	0.739066108941
16	5	0.699847822525
29	6	0.694779861978
35	7	0.68845801377
33	8	0.677520031233
8	9	0.659380300439
12	10	0.576526521524
19	11	0.565493184563
25	12	0.547943490399
26	13	0.527642408465
30	14	0.514081102227
10	15	0.50386384044
21	16	0.448200583398
4	17	0.438981318552
6	18	0.43054515901
2	19	0.395070237005
5	20	0.39237469978
3	21	0.375002522406
9	22	0.368942425474
20	23	0.367299886761
13	24	0.367070683394
31	25	0.339469826614
17	26	0.327246965636
11	27	0.319886793144
27	28	0.31414212308
22	29	0.284881488709
34	30	0.256459837088
1	31	0.255213465762
28	32	0.247566876037
23	33	0.234163684592
14	34	0.208289032604
18	35	0.17403745199
7	36	0.129163154518
