#name	rank	LBI
17	1	2.5768692255
14	2	2.02467051952
22	3	1.63588972851
10	4	1.43256239696
12	5	0.95847050109
18	6	0.95662051972
20	7	0.843631754552
19	8	0.821844129298
3	9	0.810478888349
8	10	0.799181595987
30	11	0.727602643647
24	12	0.693427480931
25	13	0.688936433443
4	14	0.60319440774
6	15	0.581432836903
27	16	0.577031753371
11	17	0.552073450872
13	18	0.51108165878
15	19	0.48574608164
16	20	0.475999602946
31	21	0.467137244022
28	22	0.424312795321
9	23	0.382198224411
2	24	0.371991690062
5	25	0.344081549404
7	26	0.340862885596
26	27	0.335554403535
1	28	0.250000000097
23	29	0.227095685374
29	30	0.183378245251
21	31	0.172050429353
32	32	0.138403079194
