#name	rank	LBI
28	1	1.71630819325
26	2	1.0379754727
32	3	0.79978693816
25	4	0.796892074826
44	5	0.791371388955
38	6	0.761651615957
4	7	0.745502701943
30	8	0.740223802624
36	9	0.737691784073
31	10	0.656430792576
7	11	0.621200513164
45	12	0.561879282656
15	13	0.561321097735
33	14	0.530070993625
40	15	0.512220868688
5	16	0.51166924177
2	17	0.459589201552
13	18	0.458603230933
12	19	0.448318031553
21	20	0.420925255725
16	21	0.419692328292
6	22	0.417960243795
41	23	0.407014783369
35	24	0.402067061151
22	25	0.392195830701
8	26	0.383649636356
24	27	0.375144318556
23	28	0.370270290012
39	29	0.365216736913
27	30	0.361368571695
14	31	0.355245260516
17	32	0.334890073959
9	33	0.309192478439
42	34	0.296230869356
1	35	0.266750554412
11	36	0.264109394209
18	37	0.257201934404
29	38	0.25078178145
46	39	0.226359343966
43	40	0.221695829405
19	41	0.220069694943
3	42	0.200391776949
37	43	0.16955179507
10	44	0.160897766693
34	45	0.153140718534
20	46	0.13122482563
