#name	rank	LBI
18	1	2.37747219804
10	2	1.4420015312
33	3	1.33409650836
11	4	1.26421987859
29	5	1.05189698221
16	6	0.861455830326
21	7	0.788768780329
27	8	0.782118124851
23	9	0.672356185151
19	10	0.668743620019
25	11	0.639804577905
6	12	0.631512904996
31	13	0.602276589975
14	14	0.513931127373
3	15	0.499643082759
30	16	0.466673214708
35	17	0.399616930596
5	18	0.382623721856
7	19	0.379733757035
4	20	0.375790162491
2	21	0.375410358907
8	22	0.375335446586
22	23	0.371554380365
32	24	0.289892476452
34	25	0.286114916375
12	26	0.256947259877
13	27	0.256844073235
20	28	0.254879952044
1	29	0.249999999967
24	30	0.245096036665
15	31	0.240718278325
17	32	0.238404613978
28	33	0.209336483494
26	34	0.193498547774
9	35	0.133095281669
