#name	rank	LBI
24	1	2.25393488445
18	2	1.66467720525
38	3	1.53094124035
13	4	1.51495974425
22	5	1.118878288
28	6	0.98660744699
36	7	0.952907127668
30	8	0.934563739754
32	9	0.931613744348
25	10	0.87671483004
34	11	0.804399782623
26	12	0.761734665135
15	13	0.682340827648
20	14	0.606110420236
7	15	0.552866315785
33	16	0.510131764862
39	17	0.467436210615
9	18	0.464013730508
14	19	0.424146713613
10	20	0.413218426134
6	21	0.395043275995
8	22	0.380305384866
5	23	0.379330750842
11	24	0.377322752191
2	25	0.376749536962
3	26	0.375596620981
4	27	0.37152416913
29	28	0.371039536178
35	29	0.364150584346
31	30	0.315531715011
19	31	0.315006542068
21	32	0.31347597842
27	33	0.25496428939
1	34	0.249999981355
16	35	0.248370161789
23	36	0.235971736848
17	37	0.222436461471
37	38	0.13378894807
12	39	0.130638343801
