#name	rank	LBI
23	1	2.33325015406
2	2	1.21661828379
11	3	1.10615902184
7	4	1.10151352258
19	5	0.988343655224
17	6	0.858719032932
32	7	0.775089861154
22	8	0.763789439618
21	9	0.727400130846
26	10	0.672784784222
28	11	0.657045509054
30	12	0.654417623365
24	13	0.652678641216
4	14	0.620866414344
13	15	0.615191367919
8	16	0.488822429712
12	17	0.48762679399
18	18	0.438997541379
27	19	0.4283094904
33	20	0.423357522727
16	21	0.396100402097
14	22	0.373250643929
5	23	0.312604280207
25	24	0.292229751754
1	25	0.274994255119
9	26	0.251510521623
20	27	0.240002386481
6	28	0.237203332704
10	29	0.237078974564
34	30	0.181341544536
3	31	0.151760770892
31	32	0.140948638295
29	33	0.134263952402
15	34	0.133176021843
