#name	rank	LBI
40	1	2.01354671797
22	2	1.35617005645
26	3	1.28342996846
4	4	1.27461005872
36	5	1.00842973197
11	6	0.968304210386
44	7	0.82239433701
43	8	0.798019834213
42	9	0.776741274891
7	10	0.679266222601
34	11	0.649871530824
15	12	0.592455496334
19	13	0.552979066381
46	14	0.552374457899
31	15	0.551372601298
2	16	0.550419395236
17	17	0.547672930948
38	18	0.508752385334
37	19	0.508170050331
13	20	0.477189463476
45	21	0.468938267661
28	22	0.440718258308
10	23	0.399911972113
25	24	0.376989333916
39	25	0.373531001076
5	26	0.371203485564
29	27	0.360084125299
9	28	0.354516631901
6	29	0.330647674478
27	30	0.319704405917
24	31	0.28905274235
20	32	0.263124606049
16	33	0.260643904698
12	34	0.257080070992
1	35	0.249954135969
3	36	0.241251971882
33	37	0.231626779581
30	38	0.155447560586
41	39	0.142551988841
47	40	0.142076478309
32	41	0.142025110279
14	42	0.136377285396
35	43	0.13448293925
48	44	0.133898030162
18	45	0.133873885165
21	46	0.132650386285
8	47	0.132113172562
23	48	0.132098139345
