#name	rank	LBI
17	1	1.83762861876
38	2	1.75524293603
33	3	1.65795167302
22	4	1.43639229351
31	5	1.15961991399
11	6	1.11158444773
30	7	0.992388459796
26	8	0.988507510882
39	9	0.88885465077
20	10	0.869146227862
19	11	0.807234521766
18	12	0.807208996617
24	13	0.759593846199
13	14	0.678218957447
23	15	0.656753170525
32	16	0.639915058487
15	17	0.579637155731
36	18	0.564760763905
4	19	0.5646483504
6	20	0.523825499247
3	21	0.473699143942
14	22	0.447687076893
28	23	0.425289233901
7	24	0.422521156573
5	25	0.416803149559
37	26	0.405586707008
8	27	0.404737672062
35	28	0.387020125988
2	29	0.375003542222
9	30	0.371430214548
21	31	0.36463221302
27	32	0.340637851753
29	33	0.272317185783
1	34	0.257537769233
16	35	0.253316281073
12	36	0.250330944717
10	37	0.213609214617
25	38	0.15266857235
34	39	0.137511033545
