#name	rank	LBI
29	1	2.32205278326
14	2	1.64403237107
20	3	1.61031178992
23	4	1.09356816937
32	5	0.863292483126
19	6	0.806620854899
31	7	0.728988841666
11	8	0.634079927722
17	9	0.592928592166
2	10	0.571998692839
26	11	0.529208127895
4	12	0.521104530811
25	13	0.51176581239
8	14	0.48871708032
33	15	0.471988819953
1	16	0.429829267606
27	17	0.414834968979
5	18	0.414107009826
3	19	0.404862136512
15	20	0.391645778822
9	21	0.381525811448
13	22	0.380336343218
21	23	0.368248554228
30	24	0.33231907158
12	25	0.315547835206
18	26	0.312088696098
24	27	0.27999439957
16	28	0.274204485942
22	29	0.273205293458
6	30	0.25874247472
10	31	0.239833351808
7	32	0.234267129146
28	33	0.186956497467
