#name	rank	LBI
17	1	2.05330151429
9	2	1.77990850754
31	3	1.52106418408
16	4	1.00451671064
24	5	0.803449497282
19	6	0.78298229418
13	7	0.699896300743
22	8	0.632876025867
10	9	0.616588445709
21	10	0.608772838206
20	11	0.575607259233
29	12	0.543875238525
8	13	0.463551887526
11	14	0.432967408028
15	15	0.382764151768
12	16	0.381134050243
26	17	0.380224279732
5	18	0.378992508
7	19	0.377267283509
4	20	0.375606286637
2	21	0.37503511285
3	22	0.375014196955
27	23	0.374556628771
28	24	0.368848828145
25	25	0.346760001761
32	26	0.308570302264
18	27	0.282361085106
30	28	0.263844087801
6	29	0.25665035807
1	30	0.250022668028
14	31	0.208518527199
23	32	0.139994894469
