#name	rank	LBI
20	1	2.05113579421
34	2	1.36035651828
11	3	1.28110016404
10	4	0.952904009456
30	5	0.924655453855
32	6	0.844979209554
18	7	0.828148055592
24	8	0.786528494839
28	9	0.670142447862
26	10	0.650730701031
7	11	0.647228963734
22	12	0.540840080141
3	13	0.499917128128
15	14	0.469301051975
12	15	0.457135168972
31	16	0.424396464888
9	17	0.40924211281
6	18	0.37851263524
8	19	0.375216425212
5	20	0.375138056653
2	21	0.375123653203
4	22	0.374712663449
25	23	0.373254692749
35	24	0.360199857846
13	25	0.349111409912
33	26	0.303056577858
16	27	0.259149007727
23	28	0.255015375233
14	29	0.252553417018
1	30	0.249999999999
21	31	0.244867726504
17	32	0.244267967711
19	33	0.243850995923
27	34	0.177438438234
29	35	0.134787213906
