#name	rank	LBI
25	1	1.29081284772
20	2	1.20485333006
15	3	0.836306448867
29	4	0.794456574291
9	5	0.774784908063
30	6	0.7174069402
16	7	0.679355516567
24	8	0.654958387503
22	9	0.581708848762
13	10	0.573217780624
11	11	0.542341209842
26	12	0.520100614473
2	13	0.479625710218
28	14	0.471888033394
4	15	0.438695744626
7	16	0.43021986913
27	17	0.422161444686
18	18	0.409434027431
5	19	0.399423290291
3	20	0.375002112904
31	21	0.358297373693
12	22	0.357729663704
14	23	0.353272775506
6	24	0.294088063456
17	25	0.289765934137
23	26	0.255359225162
1	27	0.255036492013
19	28	0.228857015842
10	29	0.200650440003
21	30	0.175750932361
8	31	0.129240141738
