#name	rank	LBI
37	1	2.21937571338
2	2	1.58927632267
12	3	1.27816122848
5	4	1.24440328947
31	5	0.987412946464
35	6	0.900653911715
41	7	0.83133968672
42	8	0.810130868464
39	9	0.696667145781
22	10	0.678155308576
9	11	0.642243803187
10	12	0.641615657643
45	13	0.603801554029
26	14	0.569557271834
43	15	0.558026779023
15	16	0.552663632636
7	17	0.549968214945
28	18	0.543299983316
36	19	0.487598872727
33	20	0.479775323132
32	21	0.479515067392
19	22	0.434721954246
29	23	0.427423287419
25	24	0.398668080288
20	25	0.378237090194
21	26	0.377510330308
17	27	0.37127554847
46	28	0.365226817051
8	29	0.362342292086
23	30	0.354677599396
18	31	0.334674200416
1	32	0.313643724109
6	33	0.311014989656
3	34	0.292311346047
40	35	0.267771500369
34	36	0.260174280518
27	37	0.259788567843
4	38	0.257316513257
14	39	0.255504014649
30	40	0.255211320712
16	41	0.241140550293
47	42	0.156226418315
38	43	0.143455003184
44	44	0.142099527855
11	45	0.134405642298
24	46	0.132152917926
13	47	0.132138610112
