#name	rank	LBI
21	1	1.96688053739
37	2	1.51700821903
20	3	1.1811364872
41	4	1.03251361923
26	5	0.995734282677
3	6	0.884609099853
24	7	0.871424751066
19	8	0.836144904955
39	9	0.813991776219
38	10	0.69822638997
5	11	0.696695775925
33	12	0.658668644709
28	13	0.638891520882
8	14	0.593436853655
10	15	0.562811422203
34	16	0.550978848022
25	17	0.536139504807
30	18	0.514758804485
9	19	0.492502686043
18	20	0.459076516822
7	21	0.456403071013
42	22	0.447952940886
43	23	0.447940054565
31	24	0.44672767536
2	25	0.437878350958
29	26	0.425914907304
40	27	0.420143333202
13	28	0.401325395919
14	29	0.392794669095
6	30	0.390568302382
22	31	0.389702372396
15	32	0.380522488373
35	33	0.326564359167
16	34	0.325861773772
1	35	0.2565319015
11	36	0.246776388495
27	37	0.243526569115
32	38	0.22253325896
36	39	0.178830307151
23	40	0.168377778946
4	41	0.166618055983
17	42	0.143094298181
12	43	0.131349251848
