#name	rank	LBI
29	1	1.50301912333
24	2	1.31273540911
32	3	1.19510158518
11	4	0.889208122313
17	5	0.888998330394
5	6	0.768085514419
14	7	0.64158932499
27	8	0.630801256773
34	9	0.627849405305
13	10	0.561662342317
21	11	0.527533426125
25	12	0.519982080807
22	13	0.505344952924
2	14	0.500136905294
33	15	0.486428830894
10	16	0.462647131797
18	17	0.458735860925
9	18	0.448783009252
30	19	0.412852055493
26	20	0.409811602382
35	21	0.393103758984
20	22	0.382519841336
4	23	0.375274791381
3	24	0.370048316141
19	25	0.360227396222
23	26	0.357637118939
12	27	0.344262345091
15	28	0.34159434304
8	29	0.340587358189
7	30	0.266143857065
1	31	0.250798083738
6	32	0.236724941577
28	33	0.188199792207
16	34	0.148107979058
31	35	0.13667468033
