#name	rank	LBI
22	1	1.73667097182
32	2	1.64677608852
36	3	1.23926232486
14	4	1.20192171007
18	5	0.802718691054
27	6	0.71289851389
9	7	0.698490413531
21	8	0.656885109346
40	9	0.638012875955
25	10	0.609804399442
6	11	0.567629655515
33	12	0.558297775241
3	13	0.547485843819
12	14	0.533195286244
37	15	0.517549457884
38	16	0.500249545848
29	17	0.467728368918
8	18	0.462682250267
34	19	0.458459995471
17	20	0.45515362384
10	21	0.438729487445
4	22	0.428633466249
16	23	0.425937554775
26	24	0.422793125777
11	25	0.420798065125
13	26	0.414903100097
23	27	0.408159353627
41	28	0.379441109865
5	29	0.377849616853
15	30	0.376919014934
2	31	0.374437422841
31	32	0.3622168221
7	33	0.360311798852
19	34	0.350410584351
20	35	0.317714283033
28	36	0.304365045557
42	37	0.276467055716
1	38	0.25
30	39	0.240321257215
24	40	0.137963822984
35	41	0.137630715305
39	42	0.13291338472
