#name	rank	LBI
12	1	2.09553480883
27	2	1.72295127642
31	3	1.31760527369
29	4	1.11495015176
17	5	1.04531803186
26	6	0.86547796607
9	7	0.80779663657
14	8	0.802993284765
28	9	0.737421252802
11	10	0.629962226801
33	11	0.615805093411
34	12	0.61580446796
25	13	0.601110856173
18	14	0.49002375453
32	15	0.461264220697
20	16	0.448741824289
7	17	0.425306713173
3	18	0.417068936614
2	19	0.408508215685
21	20	0.392440400642
4	21	0.390108504149
5	22	0.384333846245
22	23	0.380402982514
13	24	0.377691742589
6	25	0.375060232397
30	26	0.348657633077
10	27	0.308223266954
15	28	0.300260907619
16	29	0.295284927577
23	30	0.262504874228
1	31	0.251769874263
24	32	0.247836465238
8	33	0.134959572452
19	34	0.132037296842
