#name	rank	LBI
23	1	2.3589898142
21	2	1.6740186128
33	3	1.59749793782
4	4	1.2437576286
34	5	1.15265571897
28	6	1.11389332997
18	7	1.10654080879
3	8	0.774151611772
5	9	0.752808628905
31	10	0.679730841799
8	11	0.638214525424
29	12	0.595157401014
25	13	0.554778948098
6	14	0.551162352543
10	15	0.526325153413
15	16	0.524844773241
24	17	0.520638974243
7	18	0.515002085403
19	19	0.509757924107
35	20	0.490357742407
9	21	0.476766548682
16	22	0.451261416977
11	23	0.446258428858
2	24	0.444649252731
12	25	0.410987878902
14	26	0.3997837635
13	27	0.39261706761
27	28	0.360331237353
32	29	0.347638674134
17	30	0.259891332131
1	31	0.253238235571
26	32	0.243320554862
20	33	0.222219065154
22	34	0.170692738475
30	35	0.162989295434
