#name	rank	LBI
29	1	1.51666606529
22	2	1.51111597606
18	3	1.20752242615
33	4	1.09832262699
27	5	0.706426360611
24	6	0.698357016008
4	7	0.674843139798
14	8	0.614609289718
20	9	0.613781793712
30	10	0.605615220182
25	11	0.601996260523
9	12	0.582723010072
7	13	0.5553497822
16	14	0.554954044242
36	15	0.533486208315
6	16	0.463697568764
5	17	0.450566393733
12	18	0.449038945952
28	19	0.4364528158
15	20	0.434424626687
19	21	0.433509148812
11	22	0.42953863315
23	23	0.420244765345
34	24	0.409488580065
8	25	0.380599537269
2	26	0.375026923378
3	27	0.374794688229
21	28	0.351127565667
26	29	0.300434689975
13	30	0.268181492455
35	31	0.253707736707
1	32	0.251272766557
32	33	0.145092829425
17	34	0.143219992986
31	35	0.134386318013
10	36	0.134233722144
