#name	rank	LBI
31	1	1.74945153067
28	2	1.24040321974
40	3	1.23382862456
20	4	0.876310269845
13	5	0.800576362354
34	6	0.799134770411
8	7	0.796584486759
38	8	0.704701430341
25	9	0.691158450956
33	10	0.666338212818
29	11	0.624595008483
42	12	0.613441364382
17	13	0.594027753899
41	14	0.589693538732
10	15	0.555358027289
11	16	0.54865093136
36	17	0.542906579468
26	18	0.536704026443
22	19	0.530266114594
30	20	0.514173118068
14	21	0.509749643648
15	22	0.483294264082
32	23	0.436247239956
24	24	0.420785385309
1	25	0.415364445148
4	26	0.413901269047
39	27	0.393949230252
16	28	0.380460981976
2	29	0.379491455716
5	30	0.37828502284
7	31	0.358224778844
23	32	0.35243607281
27	33	0.339599574959
21	34	0.327777546226
35	35	0.259193081825
6	36	0.250108748212
12	37	0.242566065517
3	38	0.241146665577
18	39	0.216021207125
9	40	0.21556835763
37	41	0.171758065048
19	42	0.139616256163
