#name	rank	LBI
12	1	1.49841947611
7	2	1.46156025561
35	3	0.877392574732
15	4	0.877144921458
28	5	0.782395526588
22	6	0.781207654076
18	7	0.693535859282
9	8	0.635545749178
6	9	0.593760495627
13	10	0.550079816117
29	11	0.504765986137
20	12	0.504053381873
26	13	0.499288625015
14	14	0.466983967156
30	15	0.455738442921
34	16	0.444585879937
24	17	0.443989515873
17	18	0.442596474095
19	19	0.416088658522
21	20	0.380824588572
32	21	0.378990470015
4	22	0.375146057989
2	23	0.375002191764
3	24	0.374206835925
5	25	0.372073325832
16	26	0.326806555417
36	27	0.326789382681
10	28	0.262246931102
8	29	0.257446584912
33	30	0.254045318969
1	31	0.250005320217
31	32	0.236024487286
11	33	0.191018124955
27	34	0.171350896
25	35	0.137160941344
23	36	0.134643699326
