#name	rank	LBI
26	1	1.65791567866
32	2	1.51554781352
28	3	0.913875965378
9	4	0.906832043814
38	5	0.847929961782
24	6	0.816981225107
35	7	0.791462741134
29	8	0.771509972512
18	9	0.71945080161
7	10	0.713015250627
33	11	0.696514658554
31	12	0.687509115966
11	13	0.641774571443
3	14	0.617110785967
15	15	0.616511033351
14	16	0.587425174162
17	17	0.554782429701
8	18	0.542626231321
23	19	0.502964908965
10	20	0.498767999478
19	21	0.473469112876
34	22	0.473382252575
25	23	0.39864244564
36	24	0.397103545179
6	25	0.383045787464
30	26	0.376823536637
2	27	0.375368935637
21	28	0.373884146679
40	29	0.367677134311
13	30	0.360720929891
12	31	0.346910009847
20	32	0.283191261664
27	33	0.271317361791
4	34	0.26713669007
39	35	0.258068549537
37	36	0.254845095364
1	37	0.250000019852
5	38	0.245700059715
22	39	0.230361524713
16	40	0.223116001014
