#name	rank	LBI
29	1	1.94846517986
23	2	1.83041318428
18	3	1.82509670045
11	4	1.23647536262
6	5	0.95182592956
34	6	0.94688124553
32	7	0.94538771819
31	8	0.882668723192
25	9	0.877610905934
17	10	0.876030986382
33	11	0.850631415782
13	12	0.793435678611
12	13	0.768849782224
27	14	0.695977954607
14	15	0.693906246195
26	16	0.688338589061
22	17	0.62752801212
9	18	0.564887719105
16	19	0.561554022716
30	20	0.557446837291
7	21	0.556811003748
19	22	0.556280415462
28	23	0.535166965633
5	24	0.511536496087
3	25	0.493374930471
21	26	0.434898746658
24	27	0.409497862411
8	28	0.401250809894
10	29	0.378630693178
4	30	0.346898081054
2	31	0.337977855104
20	32	0.308084694191
35	33	0.278692877525
36	34	0.25703492349
15	35	0.256492005528
1	36	0.250245483499
