#name	rank	mean	variance
489	1	6.29435295631	0.343810712982
492	2	6.29424213315	0.343499831369
493	3	6.29193997372	0.346599435351
498	4	6.29122151101	0.346727720035
490	5	6.29060841908	0.349007908834
499	6	6.2883470835	0.350602497868
496	7	6.28826771502	0.351365185352
494	8	6.28800473048	0.351733552742
504	9	6.28563902285	0.352976727343
500	10	6.28487071852	0.355064442834
497	11	6.28396128141	0.356745925832
488	12	6.20113523989	0.228158305398
478	13	6.19916340731	0.221226144238
479	14	6.19613650068	0.23007073818
456	15	6.1954668327	0.215811539183
455	16	6.19387677915	0.211683793236
427	17	6.19282360547	0.214739188611
426	18	6.19206403626	0.210553349762
441	19	6.19085462698	0.22270868011
428	20	6.19066317718	0.221372074753
522	21	6.18937236766	0.218911540662
442	22	6.18924919849	0.231131817316
429	23	6.18877433878	0.230724744881
457	24	6.18817473371	0.225642769149
524	25	6.18743434504	0.226104785922
588	26	6.18696927442	0.287014993534
443	27	6.18686620393	0.240379917036
584	28	6.1863973913	0.281457416418
590	29	6.18579773182	0.293317001533
432	30	6.18530726141	0.229378022103
451	31	6.18524585208	0.233076027748
431	32	6.18524344292	0.240644324169
430	33	6.18524344292	0.240644324169
447	34	6.18491661888	0.240743327911
421	35	6.18456209264	0.215240374288
585	36	6.18379131483	0.289004909553
589	37	6.18356612744	0.29474535677
580	38	6.18337181265	0.276840329248
592	39	6.18285049507	0.300476214849
591	40	6.18237841322	0.300827986566
581	41	6.18127365269	0.283792436771
433	42	6.18036379538	0.239068078588
454	43	6.18028714558	0.243828214818
458	44	6.17990907171	0.23665986735
436	45	6.1796374996	0.238188918526
452	46	6.17931256656	0.243128104062
409	47	6.17853379936	0.22046621955
582	48	6.17827664629	0.291006495539
422	49	6.17779082988	0.225653639475
407	50	6.17768374212	0.227177254833
578	51	6.17742871474	0.273690901318
437	52	6.17637136018	0.247842697508
401	53	6.17505314275	0.234212444997
408	54	6.17444466822	0.237356127134
434	55	6.17441125046	0.248866085231
579	56	6.17246193592	0.282743810688
438	57	6.17194598405	0.247647263321
577	58	6.17114755746	0.270413835066
410	59	6.16768794794	0.230095127961
594	60	6.16604453749	0.2747402891
532	61	6.16506794908	0.271271091189
439	62	6.1632321546	0.257246169911
467	63	6.16251424642	0.441717231347
601	64	6.16235921091	0.280717522665
472	65	6.16166757919	0.443304005471
466	66	6.1613297529	0.442254139151
533	67	6.16128552836	0.276773532221
595	68	6.15942238823	0.281933571638
465	69	6.15940119729	0.44337183776
468	70	6.15926568381	0.444820734785
534	71	6.15898500772	0.284356372939
475	72	6.15888781149	0.446543082425
411	73	6.15842456256	0.240053933727
473	74	6.1582907616	0.446933232373
528	75	6.1576304174	0.275193445957
470	76	6.15604707897	0.4480461992
536	77	6.15570027231	0.29222059246
527	78	6.15524784293	0.279512654618
538	79	6.15458366885	0.28355780078
469	80	6.15378607064	0.450095316381
471	81	6.15205969713	0.451900955609
400	82	6.06895349659	0.365115008909
501	83	6.06871565527	0.540257082469
503	84	6.06391032272	0.543543440208
84	85	6.02389904002	0.375620630049
90	86	6.02388356399	0.379341045933
460	87	6.02295295561	0.469940574514
92	88	6.02193747072	0.383956700648
81	89	6.02162576786	0.374310203481
85	90	6.02108935343	0.379591385708
91	91	6.02063024495	0.384972470946
93	92	6.01957896671	0.388830004237
75	93	6.01867782973	0.37423553472
87	94	6.01866408851	0.384530067431
491	95	6.01781289986	0.576873078694
76	96	6.01718328878	0.378466775189
82	97	6.01710406357	0.379599558087
96	98	6.01707177753	0.390249451588
94	99	6.01620020716	0.394074513813
86	100	6.01548273052	0.385248902807
495	101	6.01535988547	0.578386597098
78	102	6.01392996098	0.383815218674
513	103	6.01389564552	0.538370760158
77	104	6.01379974567	0.383951630742
515	105	6.01293269704	0.53914983697
505	106	6.01225386794	0.463045159875
72	107	6.01203702641	0.376384652944
83	108	6.01151000635	0.385259633483
514	109	6.01023749424	0.541407259999
518	110	6.01016691532	0.541136161641
506	111	6.00982635704	0.465042133065
516	112	6.00939362111	0.542332168563
459	113	6.00778554689	0.462958986618
519	114	6.00741539542	0.543544038349
399	115	6.00648531764	0.294580261746
73	116	6.0063555936	0.381940978821
68	117	6.00583193738	0.379609417038
484	118	6.00486718024	0.504185216173
394	119	6.00477474085	0.28996676461
521	120	6.00472832455	0.545168883616
69	121	6.00420832842	0.384236156415
520	122	6.00377178162	0.546536210027
390	123	6.00197846709	0.28614330491
485	124	6.00131581104	0.507358536402
391	125	6.00036638088	0.29370892091
375	126	5.99583882184	0.283019247585
372	127	5.99340410358	0.282832103719
480	128	5.99237926619	0.514249941777
373	129	5.99041302222	0.290967075877
568	130	5.98974792022	0.490036252445
369	131	5.98895799042	0.283057128235
566	132	5.98885254341	0.488690502831
481	133	5.98826670173	0.517658346666
572	134	5.98792483943	0.492744116497
569	135	5.98724041085	0.49360031753
376	136	5.98692368682	0.288811569026
574	137	5.98607043481	0.495545488601
564	138	5.98602272425	0.48829882231
370	139	5.98597791266	0.291191035525
567	140	5.98553743352	0.492686423162
444	141	5.98525089206	0.522897978529
353	142	5.98412975097	0.288193793639
565	143	5.98271604465	0.492301649514
359	144	5.9826595232	0.293688976643
576	145	5.98264686031	0.499240561648
573	146	5.9826023316	0.49769350808
352	147	5.98243472484	0.283703135587
354	148	5.982316489	0.295544381091
385	149	5.98198506421	0.296148280803
360	150	5.98149467931	0.300667850192
558	151	5.98121473955	0.488866243608
445	152	5.98073450788	0.526566473381
356	153	5.97931859177	0.303044196336
377	154	5.97760118798	0.295819903452
389	155	5.97727966193	0.304707493263
364	156	5.97723302459	0.300644052204
386	157	5.97648828927	0.303375917662
446	158	5.97523599084	0.530880243419
378	159	5.9745981691	0.30358265933
388	160	5.97347636655	0.310908721808
387	161	5.96870831486	0.311424582769
343	162	5.96825171557	0.288668281806
379	163	5.96582745454	0.303692894956
583	164	5.96328193455	0.549467473308
344	165	5.96048701497	0.295881915393
345	166	5.95738263484	0.303492185444
342	167	5.95683679731	0.294886273247
380	168	5.95271180941	0.311794911133
509	169	5.95000841561	0.517730988274
596	170	5.94873933187	0.548871413477
476	171	5.94719188438	0.613333193353
507	172	5.94685926745	0.517736463984
544	173	5.94685340162	0.483120115672
510	174	5.9466764663	0.521043052056
545	175	5.94343902732	0.48480333348
511	176	5.94331692203	0.524538404691
477	177	5.94253496437	0.616224133309
586	178	5.94170708497	0.564171808152
512	179	5.94129169009	0.525525875922
603	180	5.93909055014	0.408913085144
587	181	5.93617610302	0.568067502195
604	182	5.93464478722	0.408587179574
593	183	5.93310772136	0.571980342556
605	184	5.93171870373	0.411880854508
424	185	5.9291648234	0.541084674469
610	186	5.92793793408	0.411007306621
606	187	5.92773352177	0.415500812692
425	188	5.92368688488	0.545295495498
613	189	5.92356801996	0.414157051328
617	190	5.9204026553	0.418470610692
611	191	5.92024171702	0.416465723856
402	192	5.91928671385	0.58073489632
618	193	5.91707599522	0.422836473408
614	194	5.91704713475	0.419076682047
403	195	5.91667471912	0.582259060969
623	196	5.91527043183	0.424476803167
404	197	5.91309909713	0.584369307364
405	198	5.90955702493	0.586724698866
615	199	5.90930164983	0.424430144101
406	200	5.90761496171	0.588161090948
474	201	5.89897930519	0.639145087538
440	202	5.89887016186	0.554511544601
56	203	5.89286401074	0.601289745295
59	204	5.89255105609	0.602800932477
57	205	5.89057579674	0.603822347854
61	206	5.89025509254	0.60531129431
55	207	5.89021166646	0.60124142796
60	208	5.8892536479	0.605845464738
54	209	5.88743567964	0.601585537948
58	210	5.88727742905	0.606853385684
62	211	5.88695070872	0.608322138505
435	212	5.88663206357	0.572653336205
453	213	5.88541166493	0.573970568545
63	214	5.88496777671	0.604951938458
412	215	5.88331981669	0.53140793717
70	216	5.86872705453	0.583647516428
602	217	5.8683116825	0.587314066775
71	218	5.86537903591	0.586565934253
535	219	5.86439512478	0.589982379228
537	220	5.86085588995	0.593086273996
361	221	5.85851703601	0.545206784084
362	222	5.855288591	0.548294816028
363	223	5.85205800781	0.551412957461
417	224	5.84970987359	0.509119884129
418	225	5.84445001056	0.512290763044
419	226	5.83921323997	0.515474430565
88	227	5.82716076607	0.594479052269
89	228	5.82281327379	0.597847789426
395	229	5.81967116766	0.549623271295
525	230	5.81562296556	0.651170647607
502	231	5.81222200276	0.697888564243
526	232	5.81220843184	0.653538347895
366	233	5.79918366956	0.572423170563
461	234	5.79847539433	0.606401412917
462	235	5.79548650594	0.608176298407
423	236	5.78793740456	0.541320665647
392	237	5.77492098124	0.587741532138
393	238	5.77486195947	0.587746016343
523	239	5.77307554405	0.552041181699
597	240	5.77200620133	0.534881767232
599	241	5.76905513674	0.53832028853
539	242	5.76786377445	0.552633039789
600	243	5.76608891768	0.541767187553
546	244	5.76565387432	0.656449299998
448	245	5.76499932803	0.680794894974
547	246	5.76128435179	0.65937903382
449	247	5.7605970547	0.683477749961
570	248	5.75292296821	0.681592208451
414	249	5.74761807619	0.543262977612
571	250	5.74743988352	0.684852413915
575	251	5.74673994207	0.684841215916
482	252	5.74183830948	0.692572701279
607	253	5.71407850915	0.619477341192
517	254	5.71027170456	0.731509909941
374	255	5.7087287661	0.606357155374
371	256	5.70455383819	0.606754190711
487	257	5.70411738197	0.70813626299
355	258	5.70182773182	0.60791386076
559	259	5.67331765173	0.675850255748
560	260	5.66952674677	0.676877873096
561	261	5.66458724957	0.67836358857
562	262	5.65960072196	0.680070644228
563	263	5.65927327522	0.681741310066
396	264	5.65687864843	0.691662752528
398	265	5.65383273814	0.69378575074
397	266	5.65147454165	0.694995657115
620	267	5.64610939968	0.620490502979
621	268	5.64203547169	0.623899996651
612	269	5.636904908	0.667484988778
622	270	5.63672973668	0.627753048882
616	271	5.63364691781	0.669169239927
619	272	5.63260420452	0.671769169301
49	273	5.6260164498	0.606752690844
50	274	5.62431922482	0.609444180227
608	275	5.6238144105	0.727896893717
51	276	5.62260300822	0.61214385057
609	277	5.62068452619	0.730149873514
365	278	5.61663803598	0.574748883273
529	279	5.61088204321	0.550935913028
530	280	5.60615258663	0.554250641141
531	281	5.60141309852	0.55755986973
79	282	5.57650133029	0.768694343988
80	283	5.57104727924	0.771573183499
464	284	5.56566412578	0.766974674262
357	285	5.55560778881	0.749929213687
508	286	5.55535489575	0.685252814084
358	287	5.55019088569	0.752947499564
557	288	5.52518256866	0.558130728992
554	289	5.52486171237	0.557777124306
548	290	5.52203289064	0.55829814043
368	291	5.51161424015	0.765015407975
367	292	5.51159836686	0.765025508854
95	293	5.48575287837	0.808780858283
450	294	5.46808223599	0.84179296487
486	295	5.46400764837	0.850387666298
346	296	5.45731104963	0.563002348976
347	297	5.45023849749	0.565698190632
483	298	5.44956530523	0.849094951082
52	299	5.41352043301	0.78432224081
53	300	5.40817920111	0.787326315299
302	301	5.40642302259	0.678579808894
303	302	5.40549494267	0.680676625854
304	303	5.40327211105	0.683047550419
306	304	5.40099269288	0.685456479971
305	305	5.39802876163	0.686731481685
555	306	5.37587916944	0.737325551132
381	307	5.36781657201	0.597120696378
382	308	5.36417412398	0.600823533142
413	309	5.35774344246	0.875237245145
463	310	5.35014056671	0.885114048547
540	311	5.34813409673	0.852073023323
307	312	5.34237904786	0.760156712669
308	313	5.34118469172	0.762345582529
310	314	5.33865574458	0.764857350346
311	315	5.33599782578	0.767465150846
313	316	5.33345543933	0.768058666547
420	317	5.33100107882	0.866700233753
286	318	5.28420541748	0.362741541678
289	319	5.28362466134	0.369291450774
287	320	5.28357346947	0.369297006518
290	321	5.28155876867	0.375807849529
288	322	5.2815076172	0.375813317064
292	323	5.28133079082	0.362462777028
285	324	5.28022756042	0.356345791621
293	325	5.27900098958	0.369351706923
340	326	5.27653019432	0.349572846669
284	327	5.26969982925	0.350171992737
336	328	5.26463775138	0.346054496392
282	329	5.26425034808	0.347381664437
298	330	5.25991351366	0.354682527257
314	331	5.25971785405	0.343268724194
283	332	5.25934259306	0.35482993671
281	333	5.25849852223	0.344434185158
301	334	5.25655175222	0.360087249139
383	335	5.25489600989	0.887871455159
315	336	5.25092356889	0.346456055507
384	337	5.24953541681	0.890457762611
299	338	5.24804970829	0.361131028137
280	339	5.2456697683	0.350631726001
318	340	5.24188084043	0.350419171439
598	341	5.24098446004	0.793593927947
326	342	5.23138805552	0.541810485523
327	343	5.22991100855	0.543987539444
330	344	5.22942410447	0.547934061026
332	345	5.22882191734	0.551855865019
319	346	5.22800084478	0.356639291307
333	347	5.22682200143	0.555886963745
331	348	5.22426252318	0.552678599973
328	349	5.22371031818	0.546916435548
541	350	5.22184824677	0.950417354701
542	351	5.21786813424	0.952366005164
543	352	5.2126077782	0.954710184134
74	353	5.18823938446	0.939165877954
294	354	5.1672480196	0.609319589934
295	355	5.16348661261	0.612387983807
296	356	5.15962002357	0.615455374332
297	357	5.15831705725	0.616611803794
274	358	5.15178172208	0.57762778867
272	359	5.15173839159	0.575585235932
270	360	5.15163897704	0.573523063534
264	361	5.15021207815	0.572397934871
275	362	5.14972842615	0.581510335929
276	363	5.14875741525	0.580177200833
271	364	5.14782015991	0.576991094824
273	365	5.14655246707	0.580114268871
263	366	5.1445553211	0.572685756252
277	367	5.14403584141	0.583143918533
48	368	5.12801600265	0.612076016064
44	369	5.11876134357	0.611648175216
556	370	5.09880931128	0.902714052081
265	371	5.0942385954	0.71230591369
267	372	5.09054478492	0.714568754958
268	373	5.08675031115	0.716851065115
269	374	5.08536378458	0.718159325937
415	375	5.07991605118	0.968428033272
183	376	5.07608105832	0.394493012761
184	377	5.07596372858	0.400332591771
186	378	5.07522991752	0.399794611668
416	379	5.07457882403	0.970815535553
185	380	5.07441347318	0.406132381926
190	381	5.07367028692	0.393988867284
195	382	5.0734160011	0.39942172503
187	383	5.07296979652	0.405069294498
182	384	5.07193571135	0.389544579559
196	385	5.07149755956	0.405469430803
191	386	5.07056565982	0.399320357976
197	387	5.06988648279	0.405133948524
309	388	5.06509126562	0.924847088223
181	389	5.06065641709	0.386091918696
312	390	5.05983819199	0.9288604142
199	391	5.05694317557	0.389182483946
200	392	5.05207336682	0.394555302311
164	393	5.04806246271	0.386199571201
158	394	5.04595981639	0.395069636606
159	395	5.04498339955	0.401301914835
157	396	5.04359884857	0.389021117214
165	397	5.03468305354	0.39039283907
154	398	5.03121114007	0.392619376416
166	399	5.02952810479	0.397053975129
155	400	5.02563007647	0.398304229843
167	401	5.02123776671	0.394443670239
291	402	5.017694216	0.666378747739
316	403	4.99345864449	0.603762720242
320	404	4.98359842506	0.517729552205
348	405	4.97598613006	0.72725013786
349	406	4.97374434328	0.73039625873
350	407	4.971458436	0.733536971403
334	408	4.95877713298	0.780444516368
202	409	4.95092154838	0.48129810107
279	410	4.93149849162	0.529398355726
45	411	4.93002268201	0.704026155431
46	412	4.9267076334	0.705381324911
162	413	4.89920288378	0.661543630897
266	414	4.89894400444	0.882331216222
163	415	4.89411852964	0.665455142563
322	416	4.88591715131	0.646753285034
207	417	4.8836572598	0.53378460894
208	418	4.88232492327	0.537908902011
203	419	4.88187691275	0.531199400066
210	420	4.88169352386	0.536941157732
204	421	4.87356128191	0.534269423995
66	422	4.86700790128	0.60034311586
160	423	4.86447084167	0.678779703156
317	424	4.86442900469	0.696895234616
161	425	4.85927935555	0.682604871371
64	426	4.85894385823	0.601196843966
198	427	4.80807755018	0.687719359584
341	428	4.80546149678	0.844061482535
300	429	4.78218860345	0.619036886208
549	430	4.77012165124	0.801439072364
550	431	4.76633923785	0.804466259443
188	432	4.76560376648	0.85209215118
189	433	4.76043957999	0.855066181458
192	434	4.75635972893	0.767651315415
335	435	4.75434240659	0.935747130873
193	436	4.75116425342	0.771022485852
262	437	4.74051349394	0.567215873653
351	438	4.7074440484	0.912146119391
172	439	4.70203862676	0.55233864666
47	440	4.70067545847	0.800563405901
212	441	4.69872359137	0.677205037892
173	442	4.69622486878	0.553872958691
211	443	4.69544385334	0.764538617409
174	444	4.6931977712	0.557617925635
176	445	4.6881990071	0.556309654585
178	446	4.67799130832	0.559101535856
194	447	4.64271169449	0.897391418966
337	448	4.60857672942	0.629106280236
338	449	4.59918702029	0.63205194019
329	450	4.59525861978	1.01436623174
278	451	4.57944053827	0.997858688927
213	452	4.57024078794	0.778412912853
156	453	4.56108059767	0.869507528099
65	454	4.55851561983	0.887312991407
175	455	4.42860318368	0.787571414099
168	456	4.42385391685	0.602434257649
209	457	4.41872632629	0.938317814884
169	458	4.41867127107	0.606772659648
170	459	4.41538457078	0.604528195747
151	460	4.41229626678	0.506274933503
140	461	4.40052236892	0.507630287678
237	462	4.38359105836	0.69798049563
239	463	4.38238857088	0.700892733457
152	464	4.3715220174	0.822479613211
153	465	4.3705353854	0.824792968534
236	466	4.36585114385	0.493206768944
241	467	4.36458282442	0.496259375422
235	468	4.36212544609	0.490958921875
228	469	4.36134508462	0.490895158403
231	470	4.36070413751	0.494199985089
229	471	4.35986487936	0.494872648434
201	472	4.3598225202	1.00299485466
227	473	4.35840833127	0.488667140039
221	474	4.34616149998	0.489279454858
222	475	4.33921646933	0.491811649617
215	476	4.33169492439	1.03088772938
551	477	4.32366919642	1.10177513299
552	478	4.3184501046	1.10406263147
19	479	4.31430701106	0.877927050145
22	480	4.31282106512	0.880346408635
18	481	4.31151651914	0.876308530963
23	482	4.31121215537	0.882766130918
24	483	4.30766193102	0.883307651247
323	484	4.30753840897	0.693164114088
325	485	4.30238254602	0.696933845542
324	486	4.30065687007	0.694515347539
232	487	4.28584785666	0.685394315072
243	488	4.27313608608	0.81485052343
20	489	4.24575809981	1.00034393998
21	490	4.24413373481	1.0023123265
205	491	4.23047867041	1.01878738231
177	492	4.22869849443	0.951673253739
67	493	4.18048589999	1.08669371515
244	494	4.16379756228	0.969763368119
216	495	4.15449961321	1.1556659886
217	496	4.14933611516	1.15784266018
553	497	4.13503230077	1.2158316973
238	498	4.11905285254	0.892239666431
145	499	4.1171480508	0.55874732297
143	500	4.11659181191	0.557626625332
146	501	4.1148996288	0.562508859061
147	502	4.11486145493	0.560610700329
141	503	4.11389038486	0.55767141075
233	504	4.10940187762	0.87742881512
214	505	4.10884786259	1.08825748149
234	506	4.1042154769	0.88040051715
43	507	4.09665726169	0.661625600123
242	508	4.0647098885	0.873800474184
240	509	4.05607311633	1.02215045705
230	510	4.03790926166	0.907903424874
179	511	4.0288475293	0.672462812153
149	512	3.99974858305	0.903244285227
144	513	3.97579006905	0.72837952722
206	514	3.96560151674	1.15569452221
223	515	3.96286764997	0.685592683479
224	516	3.96031040642	0.68725300306
148	517	3.85499917187	0.705962540413
150	518	3.81784845433	1.05362158059
220	519	3.81347508428	0.626833969633
225	520	3.81240758674	0.859932356531
120	521	3.80939002154	0.746509726431
121	522	3.80887382163	0.749390118479
119	523	3.75858740869	0.620164930334
124	524	3.7172318021	0.449541296548
123	525	3.71710456612	0.444732372052
122	526	3.7154968776	0.439854487441
126	527	3.7153793454	0.444984501281
128	528	3.71516516619	0.450043865184
129	529	3.71345703438	0.455066945518
127	530	3.7101968924	0.450841686865
116	531	3.70876755304	0.435284670081
117	532	3.70637771601	0.437937363508
112	533	3.69936344211	0.433761030826
113	534	3.69109562354	0.437500023506
41	535	3.59811578822	0.728902115765
42	536	3.59706693721	0.730633493162
37	537	3.5906597892	0.588101835484
17	538	3.58781210024	0.477626203464
125	539	3.58451695585	0.701194681429
12	540	3.58358301006	0.473959669075
321	541	3.58330762972	1.21910752609
13	542	3.58192541887	0.478137328919
14	543	3.58024668834	0.482265332746
11	544	3.57584398569	0.471253626645
10	545	3.56654879276	0.468421835592
9	546	3.55823487396	0.46705146714
38	547	3.55384810396	0.630563762597
8	548	3.55009096088	0.470421941178
25	549	3.49813174282	0.810107495249
27	550	3.49805225538	0.811259420366
28	551	3.49523554642	0.812666625338
171	552	3.42462494763	0.803728705394
16	553	3.40163216741	0.733610828978
109	554	3.39369847697	0.351550622145
104	555	3.39112660358	0.34867644557
103	556	3.38837101772	0.347752347685
105	557	3.38634790562	0.353687604349
130	558	3.38622874914	0.351296739538
99	559	3.38281290209	0.3501263998
106	560	3.3790849678	0.358825912655
226	561	3.36185111036	1.15532964555
134	562	3.35901620615	0.636629005532
135	563	3.35855632465	0.639157115022
133	564	3.35799738332	0.634100978933
118	565	3.34184879123	0.602824956273
31	566	3.31076719432	0.401405876796
35	567	3.30878296569	0.399270556022
97	568	3.30578715251	0.399691340942
36	569	3.30483449025	0.402765120598
132	570	3.26050006047	0.53545453968
29	571	3.23135092947	0.985558330437
26	572	3.19796044665	1.10676733903
131	573	3.18845429007	0.401574017103
136	574	3.18116462617	0.401928929631
137	575	3.17562080728	0.40565800302
218	576	3.17434396588	0.404775309854
180	577	3.15830712802	1.21645664751
107	578	3.14416471622	1.02211647196
108	579	3.14049290799	1.02461242814
39	580	3.09357031803	1.11517641422
114	581	3.08953276773	0.998516467785
40	582	3.08838662644	1.11752207457
30	583	3.08274054255	1.12154441163
100	584	2.95599298601	0.52723712415
142	585	2.91084387039	1.23693496463
110	586	2.90081953467	0.7194329322
98	587	2.87505800948	0.591580161143
258	588	2.78646226151	0.682319288321
15	589	2.77415406349	1.15254805048
255	590	2.76361135266	0.596298557129
254	591	2.75953763814	0.594999451276
219	592	2.74428642336	0.492989472132
245	593	2.73547849147	0.494433525229
261	594	2.70594508851	0.575473873434
3	595	2.69467342355	0.907504006483
4	596	2.68926200307	1.00791936867
6	597	2.68565581136	1.01045735536
7	598	2.68047332438	1.01305022416
259	599	2.66881427353	1.04595095698
32	600	2.66520075078	1.11599815613
248	601	2.66398578552	0.957052839784
139	602	2.65659108742	0.845377267732
249	603	2.654315559	1.04898709252
250	604	2.65360836522	1.05047087153
1	605	2.65264809885	0.569543189188
339	606	2.6522716701	1.27446377477
115	607	2.64732854575	1.26325482213
2	608	2.64044500063	0.706839660521
138	609	2.63506803892	0.678511670345
256	610	2.61087716806	0.952939371209
257	611	2.60569469121	0.955688353539
111	612	2.51791351498	1.15020697548
252	613	2.50898051513	0.512235898533
253	614	2.50725509344	0.51244252435
33	615	2.4932393824	1.24339436689
251	616	2.49176815095	0.454442213695
260	617	2.49129565056	0.455856623464
246	618	2.48808669691	0.456068302554
34	619	2.48805629227	1.24549961214
247	620	2.43039724558	0.792926268064
101	621	2.30803311248	0.575813603379
5	622	2.11398195792	1.35976607505
102	623	2.0644627488	0.640830305654
