#name	rank	LBI
22	1	1.62813392656
39	2	1.17898967555
19	3	1.07183124389
34	4	1.05340501307
48	5	1.03062007985
45	6	0.950409667811
12	7	0.910828797053
23	8	0.870182572542
33	9	0.865585791007
8	10	0.820728305007
44	11	0.813617799103
42	12	0.778728196135
24	13	0.752401952801
14	14	0.730112902202
20	15	0.696541717442
25	16	0.666387046102
18	17	0.627638577435
35	18	0.619836708302
10	19	0.579327550681
3	20	0.574095986539
49	21	0.552375796929
4	22	0.543699971527
40	23	0.498352321261
6	24	0.481328849883
21	25	0.464407890706
52	26	0.463736462238
29	27	0.443717573079
41	28	0.437291225604
51	29	0.436973996961
11	30	0.435569212396
16	31	0.433938308234
9	32	0.428898504574
26	33	0.422620093424
32	34	0.409327301275
37	35	0.408993773118
2	36	0.400969481013
27	37	0.397090040652
17	38	0.3744401905
50	39	0.372381420457
13	40	0.36996416944
28	41	0.349361993182
30	42	0.349318445462
5	43	0.337939986861
1	44	0.286240310972
46	45	0.272515976169
38	46	0.228359891539
36	47	0.213331147024
43	48	0.205418627395
47	49	0.201420023756
31	50	0.200649766318
7	51	0.198755940005
15	52	0.198594820245
