#name	rank	mean	variance
90	1	4.15246086449	0.412821413899
93	2	4.15073756638	0.41866537478
91	3	4.15058529724	0.420377246625
85	4	4.14958435728	0.414901477204
84	5	4.14925983181	0.407441931276
82	6	4.13878269274	0.402394459307
83	7	4.13208714674	0.411056899472
80	8	4.1279158275	0.397136585001
81	9	4.12258366723	0.404527719837
73	10	4.11543439379	0.392839496409
74	11	4.11450093581	0.399502584834
75	12	4.11269965036	0.407354110814
77	13	4.10840546177	0.406783981069
79	14	4.09966055015	0.414121300274
65	15	4.09632429498	0.389963332028
54	16	4.08705754158	0.38980155762
55	17	4.08151840897	0.394583808039
66	18	4.07988912601	0.397013624102
168	19	4.05660359736	0.542240483037
169	20	4.05567830365	0.546574147843
167	21	4.05501601658	0.538586424205
166	22	4.05400957699	0.537880980584
165	23	4.05042340142	0.537808836337
173	24	4.0474786183	0.541904947375
175	25	4.04108117158	0.548352133121
174	26	4.03927084784	0.545173578465
95	27	4.03915913271	0.619626672333
96	28	4.03732077159	0.624205893096
97	29	4.03429757684	0.622548960105
87	30	3.97143233815	0.757932358777
35	31	3.97027253094	0.662839473717
36	32	3.9691278858	0.664121877755
33	33	3.9689884541	0.661611447566
32	34	3.96742229357	0.660365517437
89	35	3.964586584	0.762569082559
31	36	3.96337148232	0.659164062622
34	37	3.96224303318	0.666917108565
56	38	3.94878152945	0.55205431909
58	39	3.94606859706	0.553391510568
59	40	3.94422035357	0.556444630149
60	41	3.9423595804	0.559450902417
62	42	3.93826898674	0.557855428977
61	43	3.93782573256	0.563182775795
203	44	3.85877588923	0.629073031759
201	45	3.85855688796	0.624807616584
37	46	3.84732879832	0.775039955165
41	47	3.8433308023	0.779390112921
43	48	3.83658455194	0.783895691299
94	49	3.81935435678	0.769884123218
247	50	3.80410964855	0.306366108391
246	51	3.80374056169	0.297354729827
238	52	3.80308866633	0.294178718984
248	53	3.80231280198	0.316228492053
236	54	3.80049126698	0.303284102588
239	55	3.79999782982	0.303098744413
237	56	3.79943323516	0.313497989298
250	57	3.79933922476	0.316224842686
235	58	3.79902613318	0.292697713281
249	59	3.79798215231	0.32587045988
255	60	3.79754194262	0.302185386794
262	61	3.79535622216	0.310246502917
251	62	3.79431328951	0.32573317908
241	63	3.79429004898	0.311795843443
254	64	3.7924943503	0.327190448945
263	65	3.79034189444	0.318457106306
232	66	3.78846196728	0.302026149353
234	67	3.78743172016	0.312288842941
231	68	3.78686661295	0.291381181167
252	69	3.78670507508	0.335137221975
256	70	3.78659213285	0.309841984941
257	71	3.78256033759	0.318914925807
76	72	3.77839792325	0.763975365597
78	73	3.77413433393	0.763649973151
259	74	3.77246669899	0.319357867437
217	75	3.76529895555	0.290107299054
218	76	3.75444508534	0.2976706819
38	77	3.75275190965	1.18140417844
39	78	3.74860285237	1.1840689208
205	79	3.74858379902	0.29292377193
219	80	3.74231795926	0.307382905677
40	81	3.74183421373	1.18697835456
206	82	3.73905274299	0.30143235139
199	83	3.7381709974	0.307797857251
198	84	3.7347383099	0.298399903133
171	85	3.71952381221	1.01546350823
172	86	3.71257355329	1.01891588242
194	87	3.70826441679	0.306959152917
265	88	3.68092693732	0.604843435644
266	89	3.67967322318	0.609660655203
204	90	3.66030495903	0.890008791045
164	91	3.65349713107	0.445134283689
153	92	3.64976902503	0.442658728991
30	93	3.64910979941	0.546978561472
147	94	3.64885093723	0.44373578711
148	95	3.64820836262	0.44795233063
149	96	3.64639039079	0.455453478118
150	97	3.64251670286	0.452229427604
145	98	3.64176958693	0.4480888645
88	99	3.63978937228	0.994407480891
151	100	3.63430212995	0.456528614651
92	101	3.57884839042	0.988973887061
86	102	3.57842243903	0.986502919262
53	103	3.57763783784	0.334341195058
9	104	3.57356848548	0.652933403034
48	105	3.56891697949	0.327870572415
49	106	3.56139009604	0.334294649119
44	107	3.56128107571	0.324995450039
224	108	3.55994080679	0.505683511602
225	109	3.5587749337	0.511742267471
50	110	3.55847634912	0.342856574482
221	111	3.5583062109	0.503132370695
226	112	3.55595293595	0.508813416906
45	113	3.55539062011	0.333762614182
26	114	3.55339148457	0.329874701643
25	115	3.5528018573	0.323361491855
51	116	3.54971060083	0.342296362989
222	117	3.54893785246	0.507588443046
228	118	3.54725674668	0.513509095487
46	119	3.54693670488	0.342455082416
21	120	3.53661014433	0.325096589061
52	121	3.53531814769	0.350308036721
22	122	3.52850827225	0.333288892285
19	123	3.52178577761	0.328884761088
20	124	3.51484124229	0.339450600322
42	125	3.50892935848	1.01112193676
14	126	3.50689483114	0.332301099696
10	127	3.50611142879	0.889489139735
15	128	3.49937318432	0.339527571748
11	129	3.49916638916	0.893447756345
16	130	3.49758733003	0.349413652895
6	131	3.49264573777	0.338559447277
17	132	3.48650984546	0.346981940562
170	133	3.48641862478	1.04476298328
7	134	3.48450365252	0.345992125978
227	135	3.47402186151	0.758116384868
18	136	3.46999182586	0.354978882741
240	137	3.46895394831	0.714122636279
233	138	3.45462973654	0.713605244142
253	139	3.45288375129	0.728186289985
27	140	3.43589632468	0.89705451962
28	141	3.43239657093	0.899889803889
29	142	3.42550154629	0.90380183032
258	143	3.42450267458	0.639869669852
220	144	3.42233323326	0.828096165231
207	145	3.41258620137	0.573437849596
209	146	3.40598929228	0.576218145638
57	147	3.38888628839	1.04803855793
242	148	3.35417421188	0.573905576279
229	149	3.35351854592	0.816003261425
243	150	3.34727951999	0.580022479751
244	151	3.34721283642	0.575903520331
12	152	3.32344936404	1.08692582629
137	153	3.31979764553	0.474921468776
135	154	3.31910509678	0.469758082842
139	155	3.31784738031	0.480049633037
146	156	3.31696228567	0.786170772339
13	157	3.3165017294	1.09015878491
134	158	3.31573373176	0.464497487849
136	159	3.31477644338	0.477033893421
140	160	3.31173491034	0.468457995278
129	161	3.30955918313	0.462383606839
141	162	3.30504149303	0.472434896538
128	163	3.3033091008	0.46433213651
211	164	3.30327027919	0.61756426399
130	165	3.3028452515	0.465521294995
215	166	3.29672926772	0.61883938681
202	167	3.29594332545	1.08568308578
212	168	3.29573173637	0.834656493463
213	169	3.29489475332	0.83777450884
124	170	3.29446509359	0.466263141673
23	171	3.25487086798	0.875466904796
24	172	3.247926202	0.879490093228
152	173	3.24127076468	0.89655131778
268	174	3.22389149644	1.15927359063
154	175	3.21761977885	0.511736880421
269	176	3.21704157356	1.16229615474
156	177	3.21073673276	0.51220983067
159	178	3.20609176079	0.514878146151
157	179	3.20155165449	0.516717976459
200	180	3.19242556518	0.95119099586
144	181	3.16568348901	0.576900526561
98	182	3.15533995039	1.19884604036
264	183	3.13599775922	1.0643718724
267	184	3.12266642284	1.07910566587
125	185	3.11216124857	0.643828399783
126	186	3.11148408036	0.648404531624
131	187	3.11143753619	0.656564289326
67	188	3.09640725615	0.566979180772
68	189	3.08951256608	0.573170008424
183	190	3.08506313522	0.865430892824
182	191	3.08476399142	0.863182524264
69	192	3.08239029177	0.567261662732
181	193	3.04551078207	0.718343677748
47	194	2.99523282873	0.963080760601
138	195	2.98658156563	0.801961542193
143	196	2.98123243787	0.7983186819
63	197	2.97908319576	1.20171955579
64	198	2.97213560425	1.20464362753
214	199	2.96153367769	1.05735699113
195	200	2.95784509492	0.546551753462
196	201	2.9478115254	0.549791257162
161	202	2.93195639396	0.924358787096
163	203	2.92506163903	0.928168675407
132	204	2.87855223113	0.919934018851
260	205	2.87150238015	1.05309737892
208	206	2.86962023094	1.06156709724
158	207	2.86830169671	0.827504727689
261	208	2.86455752751	1.05644351321
188	209	2.85176532947	0.714764364067
190	210	2.85156751496	0.716884248727
191	211	2.85132569114	0.718993257756
192	212	2.85010782202	0.419248483228
185	213	2.84444792212	0.419547880349
178	214	2.83903270666	0.321150693597
177	215	2.83771400638	0.313963616202
184	216	2.83631553753	0.315185651722
176	217	2.83597276874	0.307879438475
112	218	2.82742318268	0.304458763565
113	219	2.82370535622	0.310132140521
114	220	2.817930162	0.318580097547
103	221	2.81605798801	0.305615708452
116	222	2.81185042434	0.679203906084
104	223	2.80834856911	0.312083399685
99	224	2.80567290482	0.310850498131
106	225	2.80120414648	0.319891130579
4	226	2.79343192628	0.318204802384
189	227	2.74540584274	1.06590312154
133	228	2.74447738426	1.06025417256
101	229	2.74264522589	0.780104000716
123	230	2.72509454114	0.572019861609
121	231	2.72370806911	0.799128974847
122	232	2.72337898254	0.802645932382
117	233	2.67168537274	0.449405843287
120	234	2.67031446117	0.451500468508
118	235	2.6659680597	0.453244665317
210	236	2.66224908098	0.859849101772
100	237	2.62235868709	0.547426735918
179	238	2.57194292919	1.0008330757
245	239	2.56507631328	1.19049996494
180	240	2.56499835998	1.00435451147
102	241	2.55707703554	1.0032446917
142	242	2.53093695636	1.15566620057
216	243	2.52959532282	1.20678035364
107	244	2.51256472702	0.936745253663
5	245	2.50209062714	0.6690472632
186	246	2.46390539523	0.67497256618
155	247	2.46290821111	1.16896515158
162	248	2.39886160311	1.27684836332
223	249	2.26458482434	1.09109028018
3	250	2.24967084748	0.518562931169
71	251	2.22575665604	0.703764563083
193	252	2.20782102839	0.537759681036
105	253	2.20448583547	1.04883150984
108	254	2.19958325985	0.510404608168
187	255	2.19234517883	1.09250736922
160	256	2.14124191318	1.25300249369
127	257	2.08290099903	1.28483256124
110	258	2.06569535144	1.2118224403
111	259	2.06144958448	1.21458164935
109	260	1.97195227647	0.723419112919
197	261	1.90503536313	0.689412497367
72	262	1.89344333242	0.955362538288
2	263	1.85089407089	0.704212625135
70	264	1.73066583105	1.31198977859
230	265	1.63710131818	1.33322019006
1	266	1.62500629543	0.570658665105
119	267	1.25941279791	1.33446447816
8	268	0.923413869153	1.36733040586
115	269	0.725283966088	1.37558920942
