#name	rank	LBI
27	1	2.69209582193
25	2	1.43236820367
39	3	1.33032108976
38	4	1.31907939854
31	5	0.988163138134
29	6	0.932300005564
18	7	0.847465924846
28	8	0.846387275793
23	9	0.78474986149
40	10	0.694359293805
10	11	0.692877228504
4	12	0.654214058995
34	13	0.65351159282
11	14	0.65141918475
41	15	0.599928419563
3	16	0.563476693469
32	17	0.540545501836
16	18	0.52185905766
14	19	0.495644626499
12	20	0.474531887179
30	21	0.464175643622
2	22	0.444525892923
15	23	0.430312154901
7	24	0.423110252496
22	25	0.406565232946
17	26	0.390415944882
13	27	0.385757301268
9	28	0.380685935462
8	29	0.380665467606
6	30	0.379643073292
24	31	0.377102715776
21	32	0.37605841772
20	33	0.37036200441
35	34	0.361140052021
5	35	0.359938482479
37	36	0.332184391853
36	37	0.308657195858
26	38	0.295512849111
33	39	0.295378808094
19	40	0.285043923476
1	41	0.252367920489
