#name	rank	LBI
28	1	2.27857306903
24	2	2.01654278083
22	3	1.54210952121
34	4	1.45686191708
31	5	1.09457158092
4	6	1.08798606498
30	7	1.07551850654
25	8	1.05049870736
21	9	0.928541034868
23	10	0.900374293979
11	11	0.892487251845
35	12	0.891667862062
10	13	0.888187427685
9	14	0.775124275268
3	15	0.700731002679
13	16	0.659222809049
20	17	0.652899061411
6	18	0.615235173374
19	19	0.612321443521
26	20	0.601703252157
5	21	0.597966441785
14	22	0.515589970528
2	23	0.509855550503
36	24	0.499310171165
33	25	0.481047270011
37	26	0.474462087045
7	27	0.469721295725
29	28	0.466426375883
16	29	0.427219357973
32	30	0.417659336024
12	31	0.309675919802
17	32	0.307903956125
27	33	0.298098538784
1	34	0.25511219281
8	35	0.239769077958
15	36	0.235312824652
18	37	0.232597840258
