#name	rank	LBI
25	1	1.30319846686
17	2	1.26126635601
24	3	1.04997256069
30	4	0.994685786721
37	5	0.93951181358
43	6	0.930647080146
21	7	0.872028814965
26	8	0.833890799738
42	9	0.77283517594
31	10	0.721188166539
22	11	0.663782515443
16	12	0.651294205889
19	13	0.644538334765
39	14	0.628481716004
49	15	0.586959116413
11	16	0.559474587315
23	17	0.551985455576
5	18	0.547539897914
40	19	0.530103351099
45	20	0.527933445041
9	21	0.517482793049
8	22	0.484070121722
32	23	0.481726488567
44	24	0.475685025172
6	25	0.475259315665
36	26	0.4396791114
12	27	0.436727946176
34	28	0.435376743757
3	29	0.420605018643
18	30	0.420394519945
4	31	0.419396439854
10	32	0.414834830183
27	33	0.414737824415
47	34	0.406247335046
14	35	0.403380018436
2	36	0.383047466811
15	37	0.373142275375
13	38	0.360499398448
1	39	0.327383490722
46	40	0.287324349892
28	41	0.270793075625
41	42	0.267041620678
7	43	0.245999179532
20	44	0.243660570838
33	45	0.238399931476
35	46	0.237170087669
48	47	0.228788303648
38	48	0.203228536573
29	49	0.164965786303
