#name	rank	mean	variance
164	1	6.16263197621	0.323178379009
162	2	6.16164941793	0.319678524188
165	3	6.16057203156	0.328676732704
168	4	6.16057140504	0.328676697198
158	5	6.15915402944	0.316998085833
163	6	6.15802816758	0.326492076414
159	7	6.15714734265	0.322722853482
167	8	6.15692480505	0.335214807603
166	9	6.15692476852	0.335214807742
169	10	6.1569239219	0.33521476232
170	11	6.15692376374	0.335214758206
171	12	6.15454171492	0.317037638551
174	13	6.15391889335	0.318783960371
157	14	6.15358623156	0.316070639044
161	15	6.15353266934	0.329451209722
160	16	6.15352971152	0.329451194852
182	17	6.15177628534	0.323096886539
172	18	6.15097358007	0.323939334205
185	19	6.15032909386	0.32822213503
175	20	6.15024708636	0.323658460851
186	21	6.1484619297	0.333723680161
179	22	6.14760433341	0.330105851021
183	23	6.14576322786	0.329992740254
191	24	6.14544423391	0.335458740372
176	25	6.14392759129	0.329823216699
155	26	6.14097795219	0.322311552211
178	27	6.14056609596	0.336489026242
177	28	6.13558782062	0.337017640766
156	29	6.13475014538	0.329146881281
795	30	6.12509798636	0.329231530477
784	31	6.12491012279	0.324952076641
796	32	6.12489062462	0.333661561734
781	33	6.12363624885	0.324404587302
799	34	6.12232643226	0.339632190806
797	35	6.12208999593	0.339521793646
782	36	6.12111218274	0.330658315679
785	37	6.12088311183	0.328445234593
801	38	6.12017562272	0.336654823324
775	39	6.11976337939	0.325020681047
800	40	6.11879534547	0.345976174945
798	41	6.11834369288	0.345755048505
789	42	6.11817245757	0.333213509033
783	43	6.11760936366	0.337254996285
772	44	6.11743653181	0.32757502724
791	45	6.1161142777	0.338854107071
769	46	6.11478625031	0.331367814702
786	47	6.11424195623	0.334746375651
792	48	6.11308976739	0.344846260298
776	49	6.11285707271	0.330588108808
773	50	6.11251966678	0.33385119986
790	51	6.11223845769	0.339881587837
777	52	6.10959785082	0.337328652853
770	53	6.10802779264	0.338147654649
774	54	6.10659671242	0.340499492233
787	55	6.10658069937	0.341434160335
750	56	6.10482794827	0.449904051612
751	57	6.10466126324	0.450973069332
778	58	6.1038060407	0.337099802683
749	59	6.1034323868	0.4514632942
752	60	6.10294060235	0.453338498495
758	61	6.1011303767	0.452586036024
756	62	6.10095158548	0.455043123223
779	63	6.1005551043	0.343682523024
754	64	6.09985364351	0.457145645334
753	65	6.09902327718	0.45727942642
759	66	6.09730796505	0.456380934084
762	67	6.09587647987	0.456928517274
736	68	6.06842365549	0.27609398264
763	69	6.06828042778	0.281904369616
765	70	6.06713057333	0.287831662112
737	71	6.06704455025	0.282115359476
732	72	6.06512682458	0.2727432298
720	73	6.06237214277	0.270314575051
726	74	6.06140265812	0.289377923657
725	75	6.0605940926	0.282993165132
721	76	6.05951651053	0.276410159404
733	77	6.05941553773	0.28083752758
729	78	6.05923683976	0.296815349439
727	79	6.05923668243	0.296815337747
717	80	6.05751282009	0.270317842773
734	81	6.05639870081	0.289140506432
730	82	6.05598154479	0.304449815673
728	83	6.05598123137	0.304449793902
731	84	6.05556381752	0.292036663821
718	85	6.05541083275	0.278456255292
719	86	6.05219843166	0.286714072817
735	87	6.05137115356	0.289638763473
722	88	6.04996324507	0.285339954155
685	89	6.04969371092	0.271041042322
686	90	6.04523602063	0.275694346135
687	91	6.04195237532	0.281783986909
680	92	6.04114701788	0.275844370824
689	93	6.041014087	0.288305201691
681	94	6.04099772629	0.283292140485
723	95	6.03917592326	0.294501207943
699	96	6.03882855058	0.283157202703
683	97	6.03862854465	0.291224679102
682	98	6.0380206211	0.291550436401
767	99	6.03761018559	0.432834786614
768	100	6.03217528357	0.438370084933
700	101	6.03127816647	0.290775380377
677	102	6.02686333163	0.282551441221
678	103	6.02197293292	0.290192113501
739	104	6.01462356439	0.400483295306
742	105	6.01460568425	0.401070228298
675	106	6.01206206975	0.29048891651
743	107	6.01186261893	0.404441424797
744	108	6.00865663049	0.409627869703
745	109	6.00702885262	0.408767178892
746	110	6.00220126366	0.413044446173
747	111	5.99634080764	0.417784233179
499	112	5.98812456165	0.272722375294
187	113	5.98773909008	0.531031861462
503	114	5.98724298174	0.280402898887
500	115	5.98629725321	0.280874170687
498	116	5.98573447379	0.265774077132
505	117	5.98420591114	0.288670359904
504	118	5.98420295056	0.288670093636
188	119	5.98394970481	0.533596390082
501	120	5.98325889646	0.28912646427
506	121	5.98310314561	0.272338247068
495	122	5.98103442091	0.261114865124
189	123	5.98020018127	0.536366596047
507	124	5.97988544016	0.279518611346
515	125	5.97846636403	0.280806903791
190	126	5.97842130583	0.537837848368
496	127	5.97788310244	0.269921035109
490	128	5.97439702519	0.256791461394
517	129	5.97397934418	0.289827901706
516	130	5.97302461253	0.289179760463
485	131	5.96969915652	0.253061526108
491	132	5.96712308461	0.26607247189
479	133	5.96483142601	0.249896985302
486	134	5.96471645642	0.262074120773
480	135	5.9600932054	0.258294138911
477	136	5.9596276635	0.247835455408
492	137	5.95857384928	0.275437093391
487	138	5.95853174775	0.271108918232
478	139	5.95686291197	0.257536321114
467	140	5.95208067689	0.245724222618
468	141	5.94913642849	0.253822652854
692	142	5.94690052804	0.475420636216
469	143	5.94621882567	0.263124453496
690	144	5.94599134268	0.473450242222
693	145	5.94475823025	0.47913689819
695	146	5.94469177303	0.478809823247
470	147	5.94393401738	0.262368382581
696	148	5.94243096687	0.482275154056
463	149	5.94240346821	0.244943522231
694	150	5.94155391991	0.483321583643
464	151	5.93979104862	0.254722542951
698	152	5.93936738185	0.483977236106
433	153	5.939125341	0.370999177815
697	154	5.9391240834	0.486211383084
436	155	5.93898516483	0.375370934457
748	156	5.93886701542	0.486353622944
432	157	5.93853029637	0.368022596578
691	158	5.93800120822	0.477854281004
442	159	5.93665281854	0.371511727907
426	160	5.93480102538	0.368050473949
425	161	5.93474609092	0.369109750502
434	162	5.9347166952	0.376311249262
443	163	5.93326432375	0.376856070907
461	164	5.92999369067	0.244090636755
435	165	5.92916273681	0.381936497003
427	166	5.92553912494	0.374115707521
462	167	5.92471236972	0.253930240496
431	168	5.92043554489	0.380939930566
454	169	5.91765110858	0.243348744421
428	170	5.91604857302	0.380161744825
453	171	5.90972147243	0.243559783842
455	172	5.90802997008	0.252805390188
421	173	5.90597781607	0.251423396078
180	174	5.90493696853	0.586397559357
422	175	5.90487974203	0.260228184825
518	176	5.90367307301	0.252000031053
420	177	5.90269625753	0.245081332354
181	178	5.89938527415	0.590210161106
411	179	5.88611020356	0.250623364621
412	180	5.87916395088	0.259533302465
472	181	5.8740112505	0.520993679501
473	182	5.8715525024	0.524119991198
407	183	5.87147134441	0.25685392319
475	184	5.86905435013	0.527364782044
285	185	5.86740636641	0.436922340003
278	186	5.86671132481	0.435303567272
286	187	5.86669497535	0.440762016361
474	188	5.86618142079	0.528716804826
279	189	5.86598343261	0.439083832126
281	190	5.86514639941	0.442858319719
793	191	5.86484587303	0.588838310763
406	192	5.86401163338	0.26275624606
788	193	5.86398509761	0.597790333226
288	194	5.86374462229	0.445536444111
287	195	5.86370975197	0.445559586907
290	196	5.86366507775	0.4403702855
282	197	5.86316709315	0.446942201375
276	198	5.86158248725	0.435489927955
280	199	5.86077752245	0.444927270257
794	200	5.85933231123	0.592689746813
408	201	5.85905887792	0.266910454644
291	202	5.85876286631	0.444140292699
275	203	5.85659316548	0.436868740944
277	204	5.85621111348	0.44007293872
266	205	5.85040374426	0.43852553627
755	206	5.84768926935	0.652644917255
679	207	5.83353529409	0.567366384023
508	208	5.82276377292	0.492254959726
511	209	5.82244881268	0.495082923064
740	210	5.82198699366	0.583151794218
512	211	5.81942425398	0.499020089907
342	212	5.81307255211	0.397298057191
340	213	5.81234471552	0.394914779913
350	214	5.81155658142	0.401762987611
343	215	5.81015062445	0.401434188336
341	216	5.80961089646	0.400811674388
328	217	5.80916954846	0.392937683862
344	218	5.8086232521	0.406631575625
684	219	5.80812326622	0.584553583364
352	220	5.80801733167	0.406759526542
329	221	5.8058519139	0.396242492945
346	222	5.80581794675	0.412081380349
353	223	5.80415298534	0.411764048136
347	224	5.80345238977	0.406778435061
355	225	5.80303684059	0.413055038685
348	226	5.80071303151	0.412473153375
354	227	5.79904041093	0.417033957946
757	228	5.79902492512	0.672534492041
437	229	5.79699715781	0.580289521747
349	230	5.79408801295	0.412844297886
438	231	5.79383462315	0.58344394424
439	232	5.78223320929	0.603704316802
447	233	5.78196580754	0.540328668109
764	234	5.7802326381	0.598285354497
449	235	5.77993914641	0.54319685555
738	236	5.77908802088	0.598459211624
440	237	5.77796197964	0.60701847857
450	238	5.77790888929	0.546073536541
448	239	5.7767135306	0.543620310051
441	240	5.77254749688	0.610870386224
482	241	5.77230439672	0.541999757718
481	242	5.77095641195	0.462656119763
602	243	5.76925454328	0.351242943562
605	244	5.76867255006	0.357318791757
599	245	5.76833862243	0.346058569836
484	246	5.76814057952	0.546085812477
606	247	5.76680883505	0.363498439827
600	248	5.76560030113	0.352258596851
603	249	5.76558960941	0.357488517317
596	250	5.7650649318	0.341789383662
597	251	5.76327637126	0.348567976211
292	252	5.76325124597	0.614638968109
604	253	5.7606174232	0.363885094661
293	254	5.76014456311	0.617147832469
595	255	5.75841724123	0.337840562369
294	256	5.75700677289	0.619795120871
295	257	5.75475153553	0.62097573382
608	258	5.75358570213	0.345503128846
593	259	5.75130235901	0.333704123719
330	260	5.74556109551	0.516104109105
382	261	5.7436984758	0.535654902114
331	262	5.74346646675	0.519599502187
385	263	5.74323044862	0.536595672977
493	264	5.74310576009	0.583841603136
333	265	5.74223190167	0.518092710235
381	266	5.74202700789	0.535368161032
588	267	5.74196339926	0.329640929772
386	268	5.74134029065	0.539751765444
589	269	5.74093825386	0.335579419713
388	270	5.73942242225	0.538995571675
334	271	5.73890517094	0.520070937969
590	272	5.73834452268	0.342582857867
494	273	5.73772090843	0.587955054885
591	274	5.73732910231	0.342022678519
390	275	5.73553834811	0.541461225491
423	276	5.73463114902	0.56737030567
335	277	5.73440282151	0.522396647179
389	278	5.73417472807	0.543653828663
547	279	5.73288728019	0.332309537912
545	280	5.7328825584	0.33608467213
592	281	5.73241341137	0.348565771692
551	282	5.73129904496	0.329228615496
391	283	5.73043986522	0.544586082644
548	284	5.72939327972	0.339053298696
555	285	5.72809263759	0.326803721642
552	286	5.72783565546	0.336049190448
549	287	5.72451780253	0.345906225956
553	288	5.72296505609	0.342978419307
502	289	5.70381907279	0.603682148736
556	290	5.70265815034	0.330398797413
557	291	5.69534960506	0.337839162148
283	292	5.68962570229	0.638345830261
424	293	5.68921656164	0.583989225695
284	294	5.68659963489	0.640884338667
558	295	5.68024517466	0.334120791298
526	296	5.66875448252	0.419552469033
559	297	5.6682000008	0.340465830417
529	298	5.66817027112	0.416545719174
525	299	5.66631934645	0.423209200654
541	300	5.66626856754	0.416203005704
569	301	5.66611622955	0.339104695244
544	302	5.66506721845	0.416685906022
530	303	5.66443931917	0.419770500313
466	304	5.66423825413	0.595080321959
413	305	5.66250787265	0.584931454829
465	306	5.66098453708	0.597120549528
513	307	5.66041292872	0.676285531025
542	308	5.66035125025	0.421490994365
536	309	5.66021359997	0.424152759316
561	310	5.66012933587	0.346886490362
531	311	5.65967952267	0.424668913846
574	312	5.65939588196	0.343772089649
560	313	5.65914772214	0.347754147307
444	314	5.65864784543	0.600122781759
537	315	5.65765508919	0.429483552792
514	316	5.65730598822	0.678838558268
575	317	5.65554299555	0.350067212305
445	318	5.6545743386	0.603716421391
532	319	5.65359710781	0.429773567066
570	320	5.65347914098	0.347069128419
538	321	5.65320633374	0.429295185646
543	322	5.65308075668	0.427001481624
578	323	5.65126445491	0.349541351004
446	324	5.64924950642	0.607748417558
579	325	5.64879407237	0.356303008383
540	326	5.64811689951	0.435340500619
539	327	5.64600118326	0.434396742111
456	328	5.64485079897	0.508021112745
457	329	5.64244137719	0.510946408883
688	330	5.6411180985	0.5782793289
580	331	5.64015347444	0.356010891443
459	332	5.63980954252	0.514984007372
476	333	5.6379423089	0.712160292621
460	334	5.6371488204	0.518999258825
741	335	5.63566467294	0.727953016934
430	336	5.63353999601	0.650601678057
141	337	5.63351335231	0.54408574316
138	338	5.63345409061	0.542894812084
760	339	5.63271088045	0.783047921989
142	340	5.63214707366	0.547640831715
134	341	5.63081860092	0.542185572422
139	342	5.63081405352	0.547050507644
131	343	5.630464672	0.542484303124
144	344	5.62972365076	0.546339595504
143	345	5.62950695384	0.551453492075
132	346	5.62907444932	0.546359997589
581	347	5.62752782286	0.362639812213
761	348	5.62715721356	0.785783426316
133	349	5.62639199091	0.550492111323
128	350	5.62628693953	0.543526746622
521	351	5.6255084543	0.497420034045
146	352	5.62545219826	0.549721834523
145	353	5.62492181447	0.549895407475
129	354	5.62369723688	0.54737576721
135	355	5.62311996122	0.545960382211
147	356	5.62070694126	0.553223593491
149	357	5.62063472115	0.554301658944
522	358	5.62059472676	0.499306641686
137	359	5.61402702014	0.55006612471
519	360	5.60416158991	0.558165995874
451	361	5.60338531002	0.710202749491
173	362	5.60246580948	0.772957116805
520	363	5.59935360634	0.561437623996
701	364	5.59607962229	0.516060449993
351	365	5.59561229979	0.651122228639
702	366	5.59355642586	0.520361471316
703	367	5.59090062395	0.524681316042
265	368	5.58970160748	0.535947962332
704	369	5.58835520548	0.52528403451
705	370	5.58759409374	0.518209937601
523	371	5.58097424201	0.57075395611
524	372	5.5801680301	0.571395751947
289	373	5.57991549792	0.689139500446
601	374	5.57840441995	0.603824534945
546	375	5.57710954516	0.609848577255
387	376	5.57017409956	0.712074455825
405	377	5.56392669067	0.251005570812
404	378	5.55951006319	0.245778841355
607	379	5.55632187633	0.635776141552
598	380	5.55383199949	0.629272795702
393	381	5.55371186611	0.240281551822
367	382	5.552090957	0.236707385997
368	383	5.55076991032	0.243145243496
376	384	5.54878219803	0.250915551968
364	385	5.54717092516	0.235989819323
369	386	5.54640727504	0.251732206022
365	387	5.54494265421	0.246324515979
394	388	5.54422340971	0.24898086863
594	389	5.54338648346	0.623474200672
380	390	5.54311570136	0.259380247326
398	391	5.54078276901	0.257512528158
357	392	5.53951389259	0.244740099783
356	393	5.53951156716	0.235054722407
483	394	5.53795822281	0.714625165068
336	395	5.53788494162	0.665510485069
766	396	5.53405292832	0.77312084155
337	397	5.5331579031	0.667707363084
395	398	5.53266507175	0.259307619882
300	399	5.53157296975	0.248378625623
358	400	5.53076802362	0.692055771597
527	401	5.53004574504	0.652044434224
383	402	5.52982515903	0.728017620873
345	403	5.52946195788	0.671703105335
359	404	5.52924504869	0.694362609019
338	405	5.52839000273	0.669971347891
297	406	5.52803553254	0.252678588322
231	407	5.52793582944	0.265359668366
339	408	5.52783743141	0.67140051459
296	409	5.52760166428	0.242903893244
528	410	5.52723235366	0.655097950785
298	411	5.52706070614	0.262132577739
225	412	5.52685248128	0.256658344939
301	413	5.52684956436	0.256018960167
239	414	5.52665425799	0.234305311532
360	415	5.5264828312	0.697046906584
233	416	5.52609183125	0.274089799912
232	417	5.5256642475	0.274540846346
332	418	5.52473132736	0.719147272892
384	419	5.5244339225	0.731255571028
226	420	5.52395659595	0.264890577948
234	421	5.52380731894	0.28253103619
362	422	5.523661399	0.699797780979
223	423	5.52361774887	0.249080728013
780	424	5.522677442	0.61505341079
235	425	5.52142208814	0.291352003944
224	426	5.52135761959	0.258882443421
238	427	5.52124089462	0.283513824875
361	428	5.52115826701	0.700575788465
229	429	5.52093911267	0.273831793383
227	430	5.51887254466	0.273578802668
240	431	5.51819446137	0.236960007848
222	432	5.51748399651	0.241148577956
230	433	5.51650174022	0.282632769363
228	434	5.51237854635	0.282162112666
267	435	5.50525888651	0.647283358331
270	436	5.5039316726	0.64939059572
302	437	5.50266978661	0.433637973025
303	438	5.50177763459	0.434290625878
304	439	5.49931606918	0.439890634578
271	440	5.49863009666	0.65322740488
305	441	5.49821014291	0.435153216068
306	442	5.49814939859	0.4390011369
308	443	5.49798541303	0.442785308673
309	444	5.49647990426	0.446657467261
676	445	5.4941196511	0.589966801322
219	446	5.49333879105	0.253886312499
307	447	5.49296203662	0.444958101877
377	448	5.49002085653	0.553714310722
241	449	5.48983485025	0.248113031613
315	450	5.48937111928	0.438016590042
378	451	5.48758782316	0.557463068192
400	452	5.48758652332	0.543513504928
379	453	5.48512283758	0.561195930896
220	454	5.48455568213	0.264192307932
321	455	5.48248179044	0.442439921624
316	456	5.48223030641	0.442326036628
318	457	5.4767662961	0.447273640456
255	458	5.47600820116	0.257040286633
317	459	5.47529678009	0.447526570062
242	460	5.47271281667	0.258891471109
256	461	5.4711542706	0.266328445667
319	462	5.46983889375	0.452396721666
261	463	5.46168760718	0.266299213809
248	464	5.46126497142	0.268362668278
576	465	5.45964864336	0.623213404481
497	466	5.45797938044	0.778135282459
550	467	5.45589854043	0.64232719785
554	468	5.45578896701	0.640518478612
263	469	5.45460329774	0.274472544123
577	470	5.45436613412	0.627252557699
534	471	5.45292783485	0.674681712147
535	472	5.44761584897	0.678343464661
415	473	5.44710795859	0.533809662357
416	474	5.44603521236	0.53676249492
417	475	5.44160808806	0.540471307778
272	476	5.43097389637	0.762936012726
273	477	5.42831684474	0.764976519626
274	478	5.42564389213	0.767050022066
488	479	5.42261951286	0.71981465698
402	480	5.41327707862	0.716337421172
403	481	5.41052602829	0.719114944955
370	482	5.40606737576	0.503330508229
371	483	5.40516763535	0.506174837075
372	484	5.40274340902	0.509437955168
373	485	5.40031214125	0.512666959348
509	486	5.3968672659	0.761891365556
374	487	5.39633998116	0.516347810381
510	488	5.3929879929	0.764313157759
299	489	5.39024974101	0.59141137862
312	490	5.38376004945	0.676718623905
414	491	5.37997359106	0.782562637691
313	492	5.37988667827	0.680068375834
314	493	5.37464913765	0.683739236394
706	494	5.36048774141	0.609022842118
429	495	5.35896546432	0.634291541359
140	496	5.35335243381	0.764109527353
136	497	5.34601883946	0.763817710044
638	498	5.32651240715	0.553581807589
637	499	5.32574115966	0.554061222856
641	500	5.32477096912	0.554518154864
639	501	5.32390695931	0.556690119459
645	502	5.32264779718	0.556971043744
647	503	5.3204597167	0.559405222086
642	504	5.31997070013	0.557581756087
640	505	5.31993764722	0.559953462098
418	506	5.31764288274	0.73244291624
646	507	5.31742779658	0.561663777655
452	508	5.31715358183	0.872334959418
648	509	5.31692533985	0.561984087717
419	510	5.31497062363	0.735229024687
771	511	5.30450199931	0.886702757771
184	512	5.29695709944	0.914172771465
322	513	5.28979185092	0.690840158493
409	514	5.28618448667	0.592068805427
323	515	5.28452043411	0.694496989967
410	516	5.28234538722	0.596222795228
630	517	5.27960213851	0.405991667682
650	518	5.27875429402	0.407439254041
609	519	5.27756926113	0.407584026382
631	520	5.27752254477	0.408887864562
366	521	5.27673260778	0.607401848737
458	522	5.27272481657	0.829813575736
636	523	5.2576861927	0.542890005862
310	524	5.25384429218	0.640019261423
363	525	5.24213796515	0.87051896512
707	526	5.23748656856	0.612963630992
708	527	5.23550729284	0.61259506753
711	528	5.23212336295	0.61364152829
709	529	5.23177614396	0.615308111716
712	530	5.22876310613	0.614673928399
392	531	5.22454830158	0.897408733329
713	532	5.2237861878	0.616174238769
236	533	5.2204437101	0.588539231579
221	534	5.21681214074	0.615516356286
237	535	5.21521493279	0.592953133961
320	536	5.20611075566	0.70764855066
399	537	5.20179913833	0.578548741618
562	538	5.1911299967	0.567248990454
125	539	5.19078901246	0.59412700731
126	540	5.18871961621	0.597824122642
268	541	5.18732647833	0.87114212341
269	542	5.18330520453	0.873581142783
565	543	5.18100119505	0.570023886788
257	544	5.17969633718	0.561028800705
566	545	5.17090090725	0.572760460177
649	546	5.16756392896	0.737456849074
130	547	5.12275903035	0.911559036514
563	548	5.07596948798	0.766059743249
396	549	5.07488974097	0.585019462084
564	550	5.07210245552	0.76914714581
397	551	5.06967065804	0.589488078679
249	552	5.05883313242	0.53813280085
311	553	5.05542155975	0.82451562522
632	554	5.0276049357	0.615193817328
250	555	4.99798574921	0.775193894945
401	556	4.99583302115	0.917288051902
243	557	4.95271614873	0.584220656044
244	558	4.94750135541	0.588709115276
245	559	4.94563184931	0.587536611327
714	560	4.94345047728	0.822059584507
716	561	4.93960702058	0.824955218105
375	562	4.92548751683	0.90627985568
489	563	4.92464605523	1.0148329398
127	564	4.91907194849	0.811026635116
251	565	4.91455565242	0.860431069833
252	566	4.91113830643	0.861801977551
253	567	4.90752907182	0.863246600013
254	568	4.90600966918	0.864719172563
258	569	4.88800887223	0.91672637976
259	570	4.88594725527	0.918587063103
260	571	4.88385387714	0.920464214226
582	572	4.88088179728	0.579455468831
571	573	4.87096200516	0.640412182069
583	574	4.87016833738	0.581207249642
148	575	4.85409293805	1.02889679605
262	576	4.8227531897	0.597363281382
715	577	4.81322659326	0.930252315589
150	578	4.79441064402	0.587398246219
151	579	4.79080987262	0.589461047634
471	580	4.78723427779	1.01450307798
633	581	4.75458551568	0.749223390835
634	582	4.74936184983	0.752700591798
643	583	4.70519191125	0.969880675012
324	584	4.70043624478	0.714603078648
644	585	4.69992357091	0.97245988132
325	586	4.69416537882	0.716265066086
326	587	4.68789830299	0.717923398438
610	588	4.66117280074	0.564776739582
616	589	4.65889227286	0.564729824267
620	590	4.65447997911	0.565618335625
621	591	4.650086064	0.566478894329
623	592	4.64589262898	0.568399799525
622	593	4.64470392304	0.569967107004
567	594	4.64462505584	0.983168728633
568	595	4.63938606005	0.985713509818
626	596	4.63846168171	0.571185348833
611	597	4.61738550448	1.06739135639
613	598	4.61532781027	1.06922663766
614	599	4.61287961935	1.07120185593
615	600	4.61038826243	1.07148877055
115	601	4.58485595752	0.582796136853
617	602	4.52595950942	0.750619819537
327	603	4.52131790253	0.876247153094
710	604	4.5097262409	1.07829127398
533	605	4.50759388463	1.09835391029
152	606	4.49749648907	0.884823065792
635	607	4.49263420989	0.858987736424
651	608	4.46843057648	0.485377201353
669	609	4.46810933182	0.495667999788
667	610	4.46780330445	0.492023842472
668	611	4.46565065802	0.496247253012
666	612	4.46454135357	0.489242493108
661	613	4.46267941468	0.484411223926
652	614	4.46248825347	0.483331792794
664	615	4.46128095915	0.486416361893
662	616	4.45915212006	0.488685558005
624	617	4.45861992592	0.924081766489
625	618	4.45485020738	0.926734988143
663	619	4.45413136052	0.492991137022
653	620	4.45084459826	0.485646575603
654	621	4.43810984065	0.488743644857
217	622	4.42482400834	0.447266339915
612	623	4.42375620619	1.18127737263
116	624	4.40874077904	0.605538894652
208	625	4.40480536105	0.446407901159
118	626	4.40391858479	0.605840656644
119	627	4.39763449569	0.606143011686
671	628	4.39742864621	0.868957385561
672	629	4.39384226205	0.871820329628
209	630	4.39335427677	0.449728023549
207	631	4.39228439475	0.448643623579
674	632	4.38867575221	0.874808492322
210	633	4.38273660629	0.454386473352
205	634	4.3797811256	0.450779286322
206	635	4.37822269035	0.456214765498
204	636	4.36289468202	0.453289594374
724	637	4.36045485633	0.893011986559
117	638	4.31728831391	0.790784640105
153	639	4.30316666444	1.05573899665
154	640	4.29795006599	1.05814973718
74	641	4.27218466365	0.426346843601
77	642	4.27178707725	0.432347506409
218	643	4.27168738836	0.697110718677
65	644	4.27159014415	0.432266300882
76	645	4.27153498076	0.427565373429
64	646	4.2711997558	0.427336891003
75	647	4.27067561354	0.432120922362
79	648	4.27053149488	0.437081300477
66	649	4.26980715417	0.437326684144
63	650	4.26930366153	0.425211028841
67	651	4.2676931113	0.430355830541
121	652	4.26646258453	0.655845157263
81	653	4.26556512131	0.42984829574
122	654	4.26443165117	0.657110023886
62	655	4.25915421563	0.427929893583
618	656	4.24246470527	1.05395817626
619	657	4.23733204526	1.05637125436
584	658	4.1993939525	0.651353478982
627	659	4.19446234008	0.681834968365
585	660	4.19041952684	0.653267307929
657	661	4.19019879039	0.639661833934
656	662	4.18899231731	0.63657713165
57	663	4.18408234062	0.946867792483
123	664	4.13077653037	0.776424790673
673	665	4.12685288733	1.03182302252
56	666	4.10642292619	0.733130338841
55	667	4.10522492375	0.731688563493
54	668	4.10257700807	0.730264660288
58	669	4.09248540366	1.08158063554
59	670	4.08878791179	1.08383890531
60	671	4.08356107665	1.08622947157
628	672	4.07075447544	0.962768216723
69	673	4.06936555116	0.54635418658
629	674	4.06702735527	0.965377763434
70	675	4.06595720476	0.549654433843
71	676	4.06570950498	0.548457396169
80	677	4.05405468492	0.832256988002
658	678	4.0535691142	0.980140646173
659	679	4.04989397775	0.982692561176
213	680	4.04610125281	0.642606222243
660	681	4.0446747757	0.985351316507
88	682	4.04176594445	0.585499216365
89	683	4.04116971261	0.589393172093
214	684	4.04088940143	0.646698958871
264	685	4.01691215832	0.904077096929
78	686	4.00643729367	0.707208693743
82	687	3.98627260801	0.571159325449
84	688	3.98581032336	0.574031962288
86	689	3.9852643572	0.576877082813
87	690	3.98325054138	0.579730532762
85	691	3.98059852161	0.578610210057
72	692	3.94202637266	0.709489105682
246	693	3.90039259358	1.16173982887
247	694	3.89664686764	1.1638371675
203	695	3.83334464584	0.507379497727
199	696	3.82783975717	0.507741493539
670	697	3.82685261669	1.05341927632
200	698	3.82514996784	0.510723093319
197	699	3.81979492444	0.510165546445
198	700	3.81458312721	0.515311547995
194	701	3.81171063781	0.512532801241
61	702	3.80153467873	0.524210231355
53	703	3.79534222186	0.525433482667
572	704	3.7749880166	0.800200878205
211	705	3.75607085461	0.667964427902
91	706	3.71376452444	0.645037567618
215	707	3.67790637929	0.757600166135
124	708	3.6746632749	1.09596118267
216	709	3.67272224515	0.761073092162
120	710	3.62850018225	1.04298541853
68	711	3.62678243493	1.0315028481
586	712	3.61236874378	0.753242188496
587	713	3.60715681253	0.756736398539
201	714	3.6004845922	0.647296105567
114	715	3.58799279946	0.668049984892
90	716	3.58781451779	0.977774508973
195	717	3.55946469245	0.84456006247
196	718	3.55428045599	0.847676343891
93	719	3.48108359322	0.77322336329
47	720	3.456395196	0.875040081209
49	721	3.45525049544	0.877659632015
51	722	3.45400469395	0.880272583447
50	723	3.45003852844	0.880660157503
94	724	3.42472219026	0.925148497498
202	725	3.37385338571	0.934448075465
46	726	3.34486723245	0.719363485374
73	727	3.31126433617	1.16247500517
19	728	3.27968663834	0.764438565714
20	729	3.27950347921	0.767336832229
83	730	3.17741128235	0.785904976346
18	731	3.15557521742	0.631368077201
16	732	3.15240499499	0.630283457679
14	733	3.14916392449	0.629183770135
17	734	3.14719319908	0.634455942608
110	735	3.11785950478	0.720319227552
111	736	3.11772244076	0.721873249913
109	737	3.11516654435	0.71893814046
43	738	3.06119480028	0.494618086689
40	739	3.06053362499	0.497627846093
39	740	3.06018519611	0.49385361034
37	741	3.05369878897	0.494349328245
35	742	3.04348000916	0.495139959088
15	743	3.02332519566	0.748866742342
48	744	3.00732723354	1.16985337366
92	745	2.88544485603	1.21080108067
44	746	2.82993673419	0.608277795692
112	747	2.82637358571	1.05135697445
45	748	2.82546512535	0.609579065926
41	749	2.7871544386	0.920191310028
42	750	2.78194260578	0.923054077657
665	751	2.77029643323	1.27429221581
192	752	2.76656895162	0.656678934266
38	753	2.76488915091	0.916687119116
34	754	2.74065211341	0.602915975467
113	755	2.70098215467	1.0617463946
26	756	2.63289739717	1.09459209111
25	757	2.63223263817	0.837851476002
27	758	2.62922405342	1.09693865031
193	759	2.6283823843	0.776411145211
105	760	2.61714286131	0.576520295234
106	761	2.61620721	0.579731229193
107	762	2.61523983046	0.582917947481
98	763	2.60462982082	0.489840473263
99	764	2.60362539132	0.490273902433
13	765	2.53490759871	0.63441023592
95	766	2.47443902021	0.479698436721
96	767	2.38729073736	0.603729216058
101	768	2.35448876544	1.05536243226
103	769	2.35087687093	1.05779892137
104	770	2.34566506932	1.06029026156
573	771	2.33819699007	1.33890964289
32	772	2.32435790207	0.426408450715
31	773	2.32416568128	0.42686455669
33	774	2.32313053825	0.429536204598
7	775	2.32198909023	0.959502223747
6	776	2.32095488194	0.741381938145
52	777	2.32078737169	0.428532228757
100	778	2.29083365812	0.870608295525
24	779	2.23713652848	0.528026936559
28	780	2.23548025573	0.529642797511
4	781	2.23214963722	0.804265257388
29	782	2.22502902531	0.903877122896
10	783	2.22212356753	0.847770773597
3	784	2.18298364431	0.706078674071
23	785	2.16817532888	0.513482277124
21	786	2.16655790602	0.512189881307
22	787	2.16583433325	0.515616079234
12	788	2.16053092173	0.512315109021
9	789	2.11139852024	0.78120009998
2	790	2.04720210445	0.588613603497
11	791	2.03209124042	1.18022968847
5	792	2.02189424581	0.580740534143
655	793	2.01821990898	1.33525699318
212	794	1.96010627818	1.28445638902
8	795	1.9217749365	0.581670303828
108	796	1.92127614151	1.20143996124
1	797	1.85551693273	0.553725739442
36	798	1.82023976238	0.716597080503
102	799	1.78843951807	1.39611302537
30	800	1.62559337907	0.550666796487
97	801	1.44997654716	1.30978835613
