#name	rank	LBI
34	1	1.28130070977
33	2	1.01942147042
21	3	1.0099541861
41	4	0.96901815613
13	5	0.788389068098
43	6	0.781263383899
35	7	0.754802281422
26	8	0.750606658996
11	9	0.744071379865
50	10	0.728794941042
7	11	0.689386356781
9	12	0.667285776689
51	13	0.658214738421
27	14	0.653618435813
44	15	0.649694970975
14	16	0.602035183172
20	17	0.591662453653
10	18	0.58560719804
3	19	0.521112798968
47	20	0.516613678614
42	21	0.505191123661
4	22	0.488482909079
5	23	0.477923594489
36	24	0.458804056668
39	25	0.431304305227
31	26	0.427897558135
16	27	0.42737394296
53	28	0.417356127329
29	29	0.415255877667
18	30	0.400815612921
30	31	0.390913186465
32	32	0.388133023124
2	33	0.3849453455
12	34	0.383953353529
19	35	0.375649547571
17	36	0.363853800961
22	37	0.358174264768
48	38	0.348419970947
8	39	0.339513589941
1	40	0.327145671728
23	41	0.323070483849
37	42	0.312804374916
45	43	0.312424519994
52	44	0.300554368819
24	45	0.298172655779
28	46	0.285756777245
38	47	0.283850362515
6	48	0.274563137784
49	49	0.251182307816
40	50	0.238126900001
46	51	0.182403438325
25	52	0.175859288096
54	53	0.148735365642
15	54	0.131666895508
