#name	rank	LBI
25	1	1.11664189977
33	2	1.11480099899
46	3	1.04259959797
31	4	1.01492828831
37	5	0.9350095048
21	6	0.882392751204
36	7	0.800232248302
42	8	0.778019919031
13	9	0.740221577654
48	10	0.734714536539
14	11	0.731512139823
11	12	0.731099252759
38	13	0.694424762749
22	14	0.694121394109
50	15	0.685827470564
7	16	0.680736725592
2	17	0.627470271042
3	18	0.61941070834
9	19	0.615663967254
17	20	0.579138676386
12	21	0.575113329083
27	22	0.564889066795
44	23	0.555313441775
5	24	0.537499387282
4	25	0.536228676466
39	26	0.498864730204
24	27	0.486757089312
51	28	0.483822825124
30	29	0.461599252131
43	30	0.457757167936
52	31	0.45521169992
18	32	0.425965840483
26	33	0.416639031828
16	34	0.4052501526
19	35	0.383674765897
28	36	0.340199702112
45	37	0.334291326117
8	38	0.322013407455
40	39	0.321081504874
23	40	0.316371580771
6	41	0.305087390676
1	42	0.284815599792
35	43	0.283141712338
49	44	0.269775870154
47	45	0.268557186144
32	46	0.252683584376
15	47	0.220562247204
29	48	0.215068542878
34	49	0.21241775792
41	50	0.206568980753
10	51	0.194540518604
20	52	0.182222521398
