#name	rank	LBI
17	1	1.21655984156
24	2	0.838804573274
15	3	0.662880842384
10	4	0.607338067725
6	5	0.601713551494
12	6	0.597376462909
7	7	0.567740806455
23	8	0.538077977621
18	9	0.52671137497
22	10	0.51512932232
13	11	0.511923211028
9	12	0.50620076853
19	13	0.449111770896
25	14	0.437429504415
4	15	0.413510497998
2	16	0.41192940789
21	17	0.405374127425
5	18	0.394403019488
20	19	0.385940302181
14	20	0.348397794235
11	21	0.334536431835
8	22	0.327602151756
3	23	0.288961849163
16	24	0.274671142207
1	25	0.250000003359
