#name	rank	LBI
35	1	1.75469538168
29	2	1.64159413136
39	3	1.08839558428
10	4	1.00015309111
27	5	0.931411508617
36	6	0.899906164522
33	7	0.87013139071
38	8	0.855987049087
41	9	0.853717352509
20	10	0.817390157105
13	11	0.767433491038
16	12	0.73528902413
9	13	0.723513901938
31	14	0.685453715218
25	15	0.673928719078
40	16	0.671722219104
15	17	0.598479438242
21	18	0.575998036696
28	19	0.545924107641
30	20	0.49540204279
19	21	0.483448845325
11	22	0.479538597665
17	23	0.458374388801
5	24	0.447380029064
3	25	0.438397213472
26	26	0.426512573071
6	27	0.409930719053
32	28	0.409347063963
8	29	0.406675888827
2	30	0.37600227472
7	31	0.369957750177
34	32	0.340745534533
14	33	0.338469941087
12	34	0.328288907705
4	35	0.306534428647
22	36	0.256154682801
1	37	0.250005857764
23	38	0.242036348452
37	39	0.229707833029
24	40	0.20786031994
18	41	0.166039774394
