#name	rank	LBI
24	1	1.38250336321
41	2	1.01498081741
28	3	0.948461748945
49	4	0.921209081566
36	5	0.907922517254
25	6	0.899915928842
29	7	0.814439687358
16	8	0.810057160576
8	9	0.800559857965
30	10	0.796223756353
35	11	0.780704347096
14	12	0.722919652095
19	13	0.670479310311
23	14	0.668542528776
11	15	0.645087544537
10	16	0.643588324789
38	17	0.637142838542
50	18	0.625594929224
17	19	0.581931911672
34	20	0.578430648147
13	21	0.559484161303
46	22	0.55693445378
33	23	0.532878610355
26	24	0.511932744
32	25	0.498126368379
47	26	0.47833904337
7	27	0.436790201023
53	28	0.42723520054
2	29	0.417451795681
18	30	0.410359363315
20	31	0.406244821005
3	32	0.40537404425
51	33	0.404181037136
12	34	0.403506237218
21	35	0.376185725036
39	36	0.368173568312
52	37	0.355568283419
15	38	0.350760259541
9	39	0.349296652808
43	40	0.346193918438
1	41	0.345925401664
48	42	0.322984052892
27	43	0.319636803813
54	44	0.308176862252
5	45	0.261965345108
44	46	0.247158015791
6	47	0.244263706569
37	48	0.238478806867
31	49	0.236818881684
42	50	0.203351007102
4	51	0.200825658656
22	52	0.198384616736
45	53	0.193168893865
40	54	0.153139742366
