#name	rank	LBI
24	1	0.814889774607
28	2	0.757426703962
27	3	0.647056139026
25	4	0.627661256897
22	5	0.54947806261
3	6	0.539855133565
15	7	0.518003031285
26	8	0.505873553945
13	9	0.472012934149
6	10	0.449874211553
14	11	0.44362101265
18	12	0.41941334804
8	13	0.41092512859
2	14	0.403323517021
16	15	0.40068317924
11	16	0.393717623641
19	17	0.373828472989
29	18	0.373417656086
12	19	0.370370353585
9	20	0.348806966632
20	21	0.343871468108
4	22	0.321197136225
5	23	0.285778017792
10	24	0.273532643288
1	25	0.250529728279
23	26	0.247778650933
7	27	0.237550476915
17	28	0.202997103435
21	29	0.19648214681
