#name	rank	LBI
12	1	2.12412961232
28	2	1.45541568047
18	3	1.14135702333
13	4	0.868226517557
29	5	0.836895996979
14	6	0.821717305074
30	7	0.789587587202
26	8	0.774296175191
25	9	0.715998546594
32	10	0.69687293737
5	11	0.631908402727
10	12	0.62717752767
22	13	0.586250905775
35	14	0.563505508131
20	15	0.546788105137
31	16	0.519067546842
19	17	0.499573045078
11	18	0.435605206473
4	19	0.429060342086
33	20	0.42541913157
2	21	0.406308974767
9	22	0.405967727765
7	23	0.400001723296
27	24	0.395453990615
15	25	0.381936500357
6	26	0.38171749335
16	27	0.378433893702
3	28	0.375063143079
8	29	0.374389225929
23	30	0.362603644568
21	31	0.278382118106
17	32	0.25608925785
24	33	0.251678489604
1	34	0.250403366863
34	35	0.16629407333
