#name	rank	LBI
33	1	2.46610856699
28	2	1.988790479
21	3	1.59282293336
17	4	1.29334069779
36	5	1.09270547341
37	6	1.09112608285
38	7	1.08119380268
34	8	0.883718862394
25	9	0.832245514291
10	10	0.799278453023
22	11	0.770465564016
15	12	0.731598367052
30	13	0.725961465753
23	14	0.665381943722
5	15	0.628563465326
3	16	0.614407405698
7	17	0.610595442361
35	18	0.598876474506
24	19	0.570597675762
29	20	0.535088894739
31	21	0.504528235787
6	22	0.482526753541
9	23	0.481588340297
16	24	0.457170457177
8	25	0.449432323769
26	26	0.438477427458
11	27	0.434864660471
12	28	0.42362594699
13	29	0.407389377974
32	30	0.398355311354
27	31	0.396109587871
19	32	0.378103520761
2	33	0.374365084449
14	34	0.360717346583
4	35	0.359570633287
18	36	0.332581156848
1	37	0.250254237561
20	38	0.215368373098
