#name	rank	LBI
13	1	2.30275306481
26	2	1.90811230747
22	3	1.69059696158
10	4	1.58297865238
17	5	1.10835691181
14	6	0.825331559434
23	7	0.787098080705
28	8	0.742819110994
29	9	0.726097506181
27	10	0.714075504102
25	11	0.694648614365
16	12	0.679745838989
19	13	0.559352973711
9	14	0.445201341183
18	15	0.422179897402
4	16	0.420532836228
2	17	0.42052095507
15	18	0.390313753161
7	19	0.381438608925
5	20	0.376638542706
24	21	0.351520949187
8	22	0.349525159282
12	23	0.317651075359
21	24	0.28949604266
20	25	0.28150591494
1	26	0.250250186914
6	27	0.246434746466
11	28	0.202852759687
3	29	0.131079578962
