#name	rank	LBI
21	1	2.18075817842
33	2	1.57476640896
14	3	1.46658468429
11	4	1.42107095423
20	5	1.14809040233
28	6	1.09918974177
24	7	0.857230056905
17	8	0.837960562828
31	9	0.83455322043
26	10	0.815659530026
22	11	0.737028489171
29	12	0.704856629532
12	13	0.598658463607
13	14	0.596252695105
7	15	0.538473116153
34	16	0.49168852229
9	17	0.442733336197
10	18	0.402442904199
6	19	0.385720523396
5	20	0.375930672285
2	21	0.375672274041
3	22	0.375192888584
4	23	0.373370564702
25	24	0.368558595049
18	25	0.364161770227
30	26	0.316737267689
8	27	0.254602146712
15	28	0.253053572129
1	29	0.249999998127
27	30	0.246677922069
19	31	0.233938942726
16	32	0.23102724289
23	33	0.145714219002
32	34	0.132654337054
