#name	rank	mean	variance
611	1	6.38827184629	0.25614256429
610	2	6.3875873315	0.25471541051
606	3	6.38692901992	0.254013213172
812	4	6.38636593101	0.29189915029
807	5	6.38631289393	0.293331216148
620	6	6.38626132775	0.260031723408
612	7	6.38609174766	0.262287577674
815	8	6.38533246749	0.292183699217
604	9	6.38466093266	0.254925260599
803	10	6.38457464852	0.29711963975
817	11	6.38445680945	0.292886366243
607	12	6.38352794689	0.261136130051
613	13	6.38346571973	0.268817821396
808	14	6.38292751939	0.298544238395
819	15	6.38289178636	0.294654029988
621	16	6.38283407549	0.26686214519
624	17	6.38260623862	0.265877475957
813	18	6.3823246842	0.297832409987
631	19	6.38219804693	0.262943908274
591	20	6.3814495394	0.25667805569
821	21	6.38062223362	0.297522057039
605	22	6.38049433058	0.263061611848
818	23	6.37997475794	0.29958121274
816	24	6.37980866926	0.299709504583
608	25	6.37962274468	0.268656216204
590	26	6.37911755681	0.261237992456
809	27	6.37911119732	0.304305896379
622	28	6.37861457945	0.274463561745
625	29	6.37849243088	0.272124058172
820	30	6.37840860292	0.301285548562
822	31	6.37792089059	0.300876351035
814	32	6.37782172289	0.304325293681
592	33	6.37546423707	0.262649109506
825	34	6.37418812269	0.306125605981
823	35	6.37373591203	0.30655401756
593	36	6.37182570839	0.269680493674
827	37	6.36969132443	0.312304969007
824	38	6.36910043042	0.312815678651
596	39	6.36782764875	0.270559477829
594	40	6.36765377088	0.277197549179
583	41	6.36368359177	0.185516364421
632	42	6.36325190209	0.192468895096
584	43	6.36295576394	0.19328485647
633	44	6.36139758843	0.201563968309
587	45	6.36115471334	0.201444684584
579	46	6.3604550262	0.181824235245
639	47	6.35980876109	0.201859838986
585	48	6.35909117021	0.204666492241
636	49	6.35854303678	0.211191480617
634	50	6.35732561541	0.212474695716
580	51	6.35727503432	0.193383445776
640	52	6.35574037561	0.212784041776
574	53	6.35567548491	0.178524789093
641	54	6.35535195605	0.211783201574
638	55	6.35464620473	0.221494500582
588	56	6.35458657076	0.21282469522
637	57	6.35445546469	0.221548407261
582	58	6.35343869797	0.204805642059
575	59	6.35228083927	0.190424095343
643	60	6.35027967149	0.221776012715
573	61	6.34957814519	0.175482055715
569	62	6.34535386952	0.181073949419
567	63	6.34379109107	0.186820385196
697	64	6.34327255555	0.177634898063
557	65	6.34179958059	0.192246722423
698	66	6.34057151123	0.189461359421
552	67	6.33951610719	0.198936395892
568	68	6.33908973721	0.199308482339
558	69	6.33715672291	0.202527641299
570	70	6.33710159062	0.193602748386
550	71	6.33702047143	0.206319341447
703	72	6.33484927092	0.180227078433
553	73	6.33471536261	0.209719177236
536	74	6.33363066576	0.213905692902
559	75	6.33090088201	0.213819023753
704	76	6.32824836417	0.188408284056
571	77	6.32809718259	0.205911660479
771	78	6.32794252554	0.186033958369
710	79	6.32417670633	0.196933122457
829	80	6.323685075	0.195136403683
719	81	6.32124580379	0.207036463853
705	82	6.32038292329	0.200178349597
772	83	6.32016600676	0.19448659669
711	84	6.31794969867	0.207045697314
773	85	6.31414023714	0.204393171144
785	86	6.31321407007	0.204645346494
774	87	6.31047972924	0.215268857654
714	88	6.31040326287	0.217506589452
775	89	6.30660283593	0.214855869847
787	90	6.30550790265	0.214729771316
878	91	6.29904626134	0.21493367386
876	92	6.29885200809	0.209715765828
897	93	6.2978763896	0.204513888551
911	94	6.29756215738	0.211342067043
874	95	6.29730241391	0.204784182353
879	96	6.29726593961	0.222399488433
915	97	6.29681295266	0.219446155351
888	98	6.29606065032	0.223009057085
898	99	6.29573004936	0.212149274765
896	100	6.29572432395	0.20055284273
877	101	6.29524915586	0.220344413348
918	102	6.29483837879	0.227870948964
873	103	6.29440162886	0.200049945918
882	104	6.29405181864	0.230475792015
875	105	6.29371726454	0.215701678259
902	106	6.29369638905	0.220883853851
880	107	6.29364283579	0.232310511016
912	108	6.29301723094	0.220958091629
889	109	6.29237307113	0.231338960752
895	110	6.29156423075	0.2332122443
885	111	6.29106578128	0.23963334748
899	112	6.29061287066	0.222012215858
925	113	6.29015314016	0.207428756119
914	114	6.28940569194	0.230964151648
883	115	6.28869387894	0.239668621942
890	116	6.28855537707	0.240844866282
891	117	6.28738097938	0.240410816385
913	118	6.28691183129	0.23128732504
926	119	6.28619242502	0.213952965821
843	120	6.28514587605	0.205102062563
900	121	6.28492296968	0.231936257442
930	122	6.28385111649	0.221413373092
884	123	6.28256886151	0.249064692899
844	124	6.28164332621	0.213205058404
927	125	6.27941207095	0.223952511919
852	126	6.27921052683	0.22197571811
839	127	6.27403267188	0.213083838737
834	128	6.26815271432	0.220436360972
795	129	6.26528147939	0.399228420268
626	130	6.24253678862	0.408706431014
663	131	6.23608562277	0.349463003509
667	132	6.23600901378	0.352772379577
664	133	6.2359473942	0.350328350599
676	134	6.23531075663	0.351358919212
671	135	6.23412458703	0.356651163027
668	136	6.23286189768	0.357975239855
679	137	6.23279464886	0.354634153971
677	138	6.2319816823	0.356632654821
662	139	6.23195606077	0.353217719823
673	140	6.23096560463	0.361745354622
665	141	6.23057169824	0.355438766288
681	142	6.23033026426	0.358268478237
672	143	6.23023106977	0.362097560984
680	144	6.22752814268	0.361048867057
661	145	6.22712108875	0.357471469603
666	146	6.22445509062	0.361092161228
614	147	6.21278464813	0.456900565329
535	148	6.21182469703	0.344576834052
616	149	6.20885372961	0.459373841933
617	150	6.20506865397	0.462206151349
339	151	6.20451024985	0.27728787796
345	152	6.20347103384	0.283356370042
619	153	6.20319233826	0.463819082079
340	154	6.20288848115	0.283858837858
337	155	6.20230629693	0.273026509754
346	156	6.20093933065	0.290307690149
792	157	6.2000162107	0.414055951678
349	158	6.19992612429	0.290945177963
794	159	6.19932969864	0.415292539281
341	160	6.19916328598	0.291397094626
338	161	6.19877375192	0.281031490649
336	162	6.19867529189	0.26939019363
856	163	6.19743725324	0.390821154397
858	164	6.19729316345	0.389529653007
351	165	6.19701570983	0.276128500086
859	166	6.19646855175	0.388756721554
868	167	6.19468709664	0.391369707131
352	168	6.19418623041	0.283432373492
354	169	6.19303743949	0.284241330949
860	170	6.19233516461	0.391235292969
321	171	6.19171304515	0.267287193222
870	172	6.1915904625	0.395243110301
869	173	6.19083717272	0.396096112774
353	174	6.19050770641	0.291019266376
853	175	6.18973975158	0.403732813947
322	176	6.18915630045	0.272255146513
861	177	6.18849884758	0.395978985244
871	178	6.18778426852	0.399693727259
862	179	6.18679591032	0.394994559654
854	180	6.18584090198	0.407927800348
329	181	6.18579184607	0.279098747796
904	182	6.18531875146	0.433054897172
323	183	6.1849269026	0.279106224917
906	184	6.18348466267	0.435239382045
627	185	6.18265548469	0.45165165572
315	186	6.18224889526	0.268598297713
855	187	6.18195930517	0.412147894005
863	188	6.18147440697	0.400820703913
326	189	6.18133695486	0.28667779059
864	190	6.18130573409	0.398961398481
324	191	6.17917498475	0.287093091806
316	192	6.17718722738	0.275145204473
921	193	6.17416528408	0.428455471334
318	194	6.17288097252	0.282408635277
303	195	6.17268149982	0.272023450588
317	196	6.17129820461	0.283229894164
319	197	6.16714734285	0.290303935123
304	198	6.16678590106	0.277034334159
305	199	6.16500863682	0.283880243204
300	200	6.16376102164	0.279177637022
307	201	6.16172529684	0.291646019723
306	202	6.16143401633	0.291488583337
720	203	6.15822455059	0.435115645828
301	204	6.15793857734	0.287114868381
308	205	6.15736124899	0.28400323037
754	206	6.15632045894	0.346404362501
722	207	6.15590631123	0.436869170867
752	208	6.15527981116	0.346439374162
759	209	6.15437835903	0.347972130388
755	210	6.15429865436	0.351541428688
561	211	6.1538966075	0.466349110444
743	212	6.15255728765	0.347262309335
753	213	6.15188657098	0.352529658879
756	214	6.15138661873	0.357137972857
760	215	6.15098775682	0.354040092692
744	216	6.1508138352	0.351424230044
761	217	6.15072182269	0.350358464785
562	218	6.15035944056	0.469186384205
763	219	6.14965509493	0.35332857835
765	220	6.1468620439	0.357148595052
309	221	6.14682974881	0.292604052231
742	222	6.14646729945	0.350705000511
764	223	6.14626553202	0.359282072693
563	224	6.14481712032	0.473753747979
768	225	6.14374515654	0.362437950968
762	226	6.1427196336	0.356823092035
766	227	6.14199920177	0.362428214049
515	228	6.14131685519	0.259238512039
509	229	6.14081301541	0.254520832693
769	230	6.14034542218	0.36818449229
517	231	6.14013575898	0.264461953583
524	232	6.13960805455	0.271227507044
739	233	6.13944606756	0.354534452296
510	234	6.13935428603	0.262258956397
770	235	6.13881009317	0.368734490863
516	236	6.13801163967	0.267856010806
533	237	6.13795713651	0.258633570052
505	238	6.1369352363	0.251006077617
528	239	6.13683600246	0.278994056773
525	240	6.13678305006	0.279045127443
767	241	6.1362485394	0.368155636745
511	242	6.13608265698	0.270718393736
513	243	6.13608263644	0.270718394069
532	244	6.13602104542	0.252852675867
506	245	6.13515079999	0.259197011217
518	246	6.13438476958	0.271924803135
466	247	6.13425466187	0.244504077597
529	248	6.13353198778	0.28686520531
465	249	6.13336045695	0.247153037657
810	250	6.13314097579	0.520671259573
467	251	6.13310810802	0.250077477858
683	252	6.1327152403	0.463642250931
531	253	6.13219396249	0.287606572257
685	254	6.13199879645	0.462962812925
508	255	6.1318645493	0.267819118289
482	256	6.13162248029	0.245107136279
520	257	6.13129688442	0.279625971241
475	258	6.13065953616	0.258066632141
933	259	6.13005574795	0.304295873064
496	260	6.12994513851	0.248332270549
468	261	6.12947373737	0.257067313907
957	262	6.12930479085	0.308500630073
483	263	6.12909359334	0.253794766727
956	264	6.12893331513	0.303081764431
682	265	6.12887506306	0.472486408514
959	266	6.12874133297	0.314223627099
811	267	6.12824325122	0.523888222925
692	268	6.12742643812	0.464614644101
934	269	6.12728827714	0.310633486856
471	270	6.12723750119	0.264855785352
487	271	6.12665920301	0.246454456517
966	272	6.12664667716	0.305927502952
519	273	6.12651534452	0.28072626756
938	274	6.12600569705	0.302384505284
804	275	6.12523687035	0.515279225009
463	276	6.12472748553	0.25370232283
967	277	6.12341393934	0.31159901531
693	278	6.12294044665	0.466797895879
469	279	6.12293146741	0.265703351891
972	280	6.12251573405	0.310823711731
696	281	6.12199511554	0.469117168617
464	282	6.12133187404	0.262460182347
497	283	6.1207914729	0.257560526645
805	284	6.1203900322	0.518542478798
975	285	6.12000900189	0.316629950723
576	286	6.12000188665	0.488908787601
969	287	6.11922023862	0.317618866785
695	288	6.11919413145	0.470477637273
976	289	6.11721960249	0.322550970439
694	290	6.11690276367	0.470286261018
700	291	6.11667863059	0.481545709537
973	292	6.11564344646	0.317773377385
577	293	6.11524271167	0.492493824764
982	294	6.11510595911	0.324248757743
462	295	6.11425478184	0.261033439291
939	296	6.11313946091	0.308168137018
701	297	6.11271865778	0.484577013289
488	298	6.11144410527	0.257003189644
702	299	6.11111629824	0.485741699922
578	300	6.10969878999	0.496809751716
974	301	6.10777195195	0.325090637798
623	302	6.10358188412	0.532298735142
609	303	6.1008808376	0.533239289854
946	304	6.1002499844	0.315443573677
826	305	6.0928920598	0.546435397344
796	306	6.07822326111	0.522044502875
798	307	6.07539184783	0.523555625222
797	308	6.07266735172	0.525991707814
551	309	6.0723710388	0.521447729543
712	310	6.06072215183	0.521495957338
919	311	6.05743570223	0.512320838214
595	312	6.05640595859	0.555610154237
713	313	6.05519581116	0.525559731406
929	314	6.05239964022	0.514392829517
907	315	6.05210663113	0.551473780208
586	316	6.05099930847	0.539513145056
828	317	6.05051674158	0.57073219199
581	318	6.05028167102	0.537061995835
635	319	6.04892547509	0.541718836898
908	320	6.04827197905	0.554132927256
909	321	6.04825055769	0.554040998849
537	322	6.04754531516	0.472482254493
642	323	6.04730551046	0.54180283035
572	324	6.04637780777	0.520846521842
686	325	6.04581775705	0.553121619354
776	326	6.04523750554	0.490367131566
538	327	6.04496832851	0.472104235158
910	328	6.04442067918	0.556682205366
687	329	6.04331642884	0.554477994274
916	330	6.04261627058	0.52713555273
539	331	6.04155779667	0.472370972
688	332	6.04089106129	0.556161827216
543	333	6.03874519003	0.474364936105
541	334	6.03812010446	0.47297611466
691	335	6.03783172817	0.558259106539
886	336	6.03777956458	0.532190495873
690	337	6.03712863067	0.558902919012
917	338	6.03710975309	0.531178155931
546	339	6.03681438761	0.477510820154
540	340	6.03632320858	0.477135496887
699	341	6.03627902302	0.53816679296
544	342	6.03617020643	0.477552491253
903	343	6.03601986157	0.530527985075
931	344	6.0332417909	0.528217859026
545	345	6.0327056546	0.481271559319
887	346	6.03226415832	0.536135944769
717	347	6.03157555439	0.510388113823
727	348	6.03131083831	0.45867783253
725	349	6.03113769589	0.457492816182
724	350	6.03024022649	0.457326880362
728	351	6.02888058533	0.46228992622
730	352	6.02876854919	0.461393200901
542	353	6.02851167439	0.477485587795
901	354	6.02780417252	0.534690170113
932	355	6.02774498397	0.532226530624
560	356	6.02636748129	0.545278756158
731	357	6.02615429306	0.464394523997
729	358	6.02552109783	0.466410208711
734	359	6.02358131525	0.466358044669
732	360	6.02263147552	0.467897187012
629	361	6.01529214395	0.569574032472
786	362	6.0118203107	0.545016072647
342	363	6.00640642944	0.535429750193
554	364	6.00633174726	0.509355662262
343	365	6.00187036682	0.538828854587
555	366	6.00186929238	0.513030626366
845	367	5.99997371327	0.475151677366
347	368	5.99885706411	0.540283408747
923	369	5.99714402731	0.565546129824
849	370	5.9965730582	0.478654835055
556	371	5.99647487851	0.517340263665
344	372	5.99643180155	0.542888394049
348	373	5.99522323068	0.54315330727
922	374	5.99480703695	0.569302993706
851	375	5.99316874686	0.482262907343
881	376	5.99271986662	0.554859060898
924	377	5.99162886779	0.569189682319
850	378	5.99126407773	0.483507322731
892	379	5.98866654945	0.524584893021
894	380	5.98716917707	0.555781764875
707	381	5.98420236609	0.588760500948
597	382	5.98180544008	0.525214657162
708	383	5.98132645089	0.59056132067
669	384	5.9779084206	0.583261133723
709	385	5.97761524609	0.593008359998
674	386	5.97592808311	0.584978886981
678	387	5.97344081959	0.58537329772
670	388	5.972392116	0.586851094294
675	389	5.97041114468	0.588555680051
628	390	5.96764284511	0.600074904605
970	391	5.96683247429	0.540570919636
749	392	5.96407413458	0.564419072388
310	393	5.96334557812	0.499180371469
971	394	5.9633340509	0.543599597316
311	395	5.95970240341	0.501748479867
750	396	5.95957937794	0.567513567589
312	397	5.95607358913	0.504343740849
751	398	5.95415484993	0.571245746019
334	399	5.95101366627	0.553685807988
962	400	5.94907919145	0.550920858392
615	401	5.94609979667	0.632712534762
335	402	5.94560797487	0.557453320178
964	403	5.94466588652	0.554212116436
564	404	5.94393357462	0.609698541251
330	405	5.94356573641	0.516293335082
473	406	5.94199166197	0.540590268807
857	407	5.94098675084	0.603944307068
565	408	5.940296919	0.611807211242
965	409	5.93928976523	0.558116831217
331	410	5.93924320054	0.52021394547
618	411	5.93915218376	0.636452862447
960	412	5.93879581169	0.557417047049
566	413	5.93843108062	0.61309791358
474	414	5.93760375154	0.544197862874
961	415	5.93437113916	0.560838280758
745	416	5.93301592962	0.534921466094
484	417	5.93260836908	0.538198852829
478	418	5.93032487238	0.526073262414
320	419	5.93026377513	0.563507290647
746	420	5.92856608303	0.537265435543
935	421	5.92831641581	0.550037591192
905	422	5.92574713555	0.62332235148
738	423	5.92555469887	0.482946493819
715	424	5.92522002273	0.53579292722
936	425	5.92395016029	0.553525533774
737	426	5.92334456366	0.48431450738
747	427	5.92313715459	0.540156602749
716	428	5.91986076825	0.539994076545
748	429	5.91772769203	0.543082590257
757	430	5.9059407561	0.595576971975
865	431	5.90533515416	0.58043537022
706	432	5.90119635667	0.535299221904
723	433	5.90058962369	0.628456615355
476	434	5.90033536738	0.557441645724
507	435	5.89947171043	0.55952761972
526	436	5.8988699489	0.557577726212
477	437	5.89497638114	0.561467671599
527	438	5.89350405678	0.561587176063
920	439	5.89321341	0.620882769253
978	440	5.88467941789	0.541621036254
800	441	5.88270829976	0.653912841888
644	442	5.88031202121	0.558474239097
979	443	5.8794215496	0.544392605075
801	444	5.87816862842	0.65635956864
472	445	5.87645645197	0.556526065987
981	446	5.87415284103	0.548600061656
980	447	5.87414512777	0.547337903358
802	448	5.87269456106	0.659447922924
928	449	5.86673851546	0.543510306175
758	450	5.86185991635	0.61256093942
947	451	5.8594910887	0.542969869971
735	452	5.85689839643	0.510195908114
736	453	5.85659180475	0.510675772973
721	454	5.85563082859	0.650462060112
657	455	5.85460172475	0.511951901102
948	456	5.85430183196	0.545843781039
547	457	5.85265411571	0.640075966389
656	458	5.8519777587	0.51246795551
514	459	5.85026479681	0.582269246263
512	460	5.85026264835	0.582270960548
950	461	5.8491034339	0.54881207823
949	462	5.84903528559	0.550138230637
548	463	5.84823424413	0.642854543541
530	464	5.84627132937	0.589226915928
549	465	5.84283003642	0.646240562756
958	466	5.842210696	0.596177847982
777	467	5.83790740775	0.647406345849
968	468	5.83671517372	0.597944301182
645	469	5.83528579068	0.522564348333
646	470	5.8316125023	0.524405322852
684	471	5.83084230154	0.6710105449
940	472	5.83071698461	0.519647467258
977	473	5.82967066044	0.603788116927
941	474	5.82777240777	0.522960968826
942	475	5.82373864698	0.522912053788
945	476	5.81858617223	0.527418761059
943	477	5.81668905409	0.526336119813
806	478	5.8143064385	0.700317377428
689	479	5.79155438163	0.710776359656
726	480	5.78079577368	0.646388035182
733	481	5.77268842752	0.652470085321
521	482	5.76926827725	0.683969104082
630	483	5.76677754594	0.718684893835
522	484	5.7648967595	0.686529474215
523	485	5.75950121417	0.689677896149
479	486	5.75616861727	0.665446971858
470	487	5.75420383929	0.552414448813
481	488	5.7529951114	0.667537171478
480	489	5.7508131759	0.668770042365
314	490	5.73935425137	0.656637928515
893	491	5.73780563605	0.683505063923
778	492	5.73427316201	0.652103582631
779	493	5.73325529493	0.653388252085
332	494	5.73133872028	0.660112760459
780	495	5.73119102366	0.655140356055
781	496	5.72908920345	0.657096799665
658	497	5.72882102909	0.64742496365
840	498	5.72867198404	0.526765555129
784	499	5.72593367193	0.658559949215
659	500	5.72581930716	0.649748786929
841	501	5.72389080385	0.530149459648
327	502	5.72268717269	0.715396085724
830	503	5.72016323527	0.717841418436
842	504	5.71910438587	0.533531316192
328	505	5.71726415025	0.718346570608
598	506	5.68276869678	0.725154364602
600	507	5.67971641914	0.726836216914
835	508	5.67838868982	0.569320201358
602	509	5.67666759609	0.728651498238
601	510	5.67437807024	0.729884308397
836	511	5.67319011288	0.573547856827
740	512	5.67152650511	0.596028989095
313	513	5.66741437394	0.708603160428
741	514	5.6644324005	0.598942645533
846	515	5.66248662226	0.701718816323
847	516	5.65962438991	0.703408854804
350	517	5.65934361509	0.748908358631
963	518	5.65801950508	0.736115651285
848	519	5.65677855826	0.705154283993
872	520	5.65457209183	0.76657539592
793	521	5.64685010763	0.78465931111
486	522	5.64292838612	0.730216242871
485	523	5.64292585024	0.730217829504
647	524	5.63749768907	0.61525770377
648	525	5.63430129699	0.616615388766
937	526	5.63379870219	0.740118215411
650	527	5.63106479834	0.6181019122
649	528	5.62915276475	0.620451852922
498	529	5.61022211089	0.544138464118
534	530	5.60863642362	0.75046972648
499	531	5.60300261284	0.54690433078
415	532	5.59457453166	0.637223560654
799	533	5.59372137482	0.80949681338
416	534	5.59327465133	0.639295960978
417	535	5.59080270399	0.641714978604
419	536	5.58829100864	0.644191054961
418	537	5.58562106788	0.645491111128
282	538	5.57309829161	0.627933761138
284	539	5.5728142738	0.629060086909
280	540	5.57098158392	0.627349684825
283	541	5.57038448827	0.63129747209
286	542	5.5701200213	0.6307469518
285	543	5.57010034695	0.632417862854
281	544	5.56826877096	0.630715884994
287	545	5.56699347525	0.632599586453
831	546	5.56631229362	0.81643393749
291	547	5.56536342011	0.63454101595
288	548	5.56428021909	0.635932585521
420	549	5.56419052936	0.701165467493
421	550	5.56381803058	0.70288356357
423	551	5.56334808263	0.704723963382
832	552	5.56213218811	0.818438167356
289	553	5.56142209761	0.635067821502
426	554	5.56053938917	0.70734668084
424	555	5.56050563029	0.707367989215
422	556	5.55867201033	0.706243555783
833	557	5.55684808873	0.82094457916
290	558	5.55462232612	0.637852552209
333	559	5.55246372553	0.783018040359
782	560	5.51005342596	0.802480144992
783	561	5.50474096313	0.805237504554
718	562	5.49718757566	0.843501372927
589	563	5.48983364862	0.858004672837
460	564	5.48828008516	0.338334277089
450	565	5.47724385864	0.335006213178
402	566	5.47404011814	0.354626781082
401	567	5.47376953293	0.348694518272
411	568	5.47297264098	0.333229195135
400	569	5.47217099283	0.342688960314
408	570	5.47022011637	0.349759758179
412	571	5.46938607957	0.335147827903
409	572	5.46783632919	0.356704935199
399	573	5.46742637852	0.336560625361
413	574	5.46716937858	0.340756472828
410	575	5.4654784087	0.357008286456
451	576	5.46522780126	0.34184857446
414	577	5.46365757183	0.346331656318
429	578	5.46304677267	0.338631834606
430	579	5.46093807772	0.345588516456
432	580	5.45365066107	0.342502244631
433	581	5.4514999186	0.349385791401
395	582	5.45083762805	0.342083161026
660	583	5.44275853265	0.818780524521
434	584	5.44102815706	0.346842065656
394	585	5.43837366905	0.348170902533
437	586	5.43525971673	0.35182113824
435	587	5.42906217725	0.353483797298
491	588	5.40911568613	0.545185144024
74	589	5.4048642827	0.343084529793
75	590	5.40479630213	0.349666494049
79	591	5.40438488256	0.346039502236
82	592	5.40283601991	0.349437986141
83	593	5.40158035058	0.355980307985
39	594	5.40060183643	0.35138863571
48	595	5.40059346599	0.340471623045
80	596	5.40046503031	0.352651642955
35	597	5.39885973423	0.345922078996
599	598	5.39796775067	0.875544385996
86	599	5.39759577896	0.353303939464
492	600	5.39736528472	0.548056895813
40	601	5.39690269099	0.35745462799
34	602	5.39639958136	0.341519720327
49	603	5.39571660209	0.343700847577
44	604	5.39466098412	0.605648476379
36	605	5.39459844179	0.351909336592
489	606	5.39428019977	0.853250290957
88	607	5.39255252232	0.357570540631
45	608	5.39236804785	0.609174157818
50	609	5.39231587922	0.349302733735
46	610	5.3898127744	0.61278262743
56	611	5.38917588824	0.348445503341
37	612	5.3889923862	0.357912575657
490	613	5.38897174219	0.855820420821
47	614	5.38743364749	0.613216427298
57	615	5.38733566449	0.355011527286
651	616	5.38590295378	0.791822683554
493	617	5.38564607626	0.550886680683
32	618	5.38422292113	0.345549097386
867	619	5.38196155134	0.890899966464
866	620	5.38196155134	0.890899966464
58	621	5.379224928	0.353880769686
33	622	5.37916517086	0.352914471782
27	623	5.37198834264	0.34939460024
28	624	5.36642887409	0.354898381884
325	625	5.35124448475	0.891664541643
951	626	5.3452715016	0.61058761532
404	627	5.34488782135	0.596640705074
405	628	5.34099040069	0.599663529498
384	629	5.33758062139	0.554908137822
406	630	5.33699862574	0.602698643708
377	631	5.3368122063	0.55377048946
388	632	5.336657859	0.557790699407
407	633	5.33590401836	0.603857863384
389	634	5.33448647943	0.56167739717
385	635	5.33425169491	0.557587097594
302	636	5.33407899083	0.894358018307
390	637	5.33279188977	0.56127024007
376	638	5.33114419888	0.554250754262
441	639	5.32947686842	0.549124439881
386	640	5.32934858042	0.560700206684
444	641	5.32886851602	0.552836241079
391	642	5.32884950455	0.564731815413
378	643	5.32838228606	0.680001640774
446	644	5.32812749338	0.556537382676
392	645	5.3276995351	0.565811818267
447	646	5.32606266095	0.560382825705
381	647	5.32591238808	0.683103024292
379	648	5.325302628	0.682080241673
445	649	5.32382295583	0.557425667158
442	650	5.32335713373	0.551927594569
382	651	5.32333895196	0.686235178811
383	652	5.32080923428	0.686745652608
652	653	5.31822124773	0.866037551952
653	654	5.3165603393	0.867325930354
655	655	5.3130372437	0.868649229968
76	656	5.30520501716	0.617256978949
78	657	5.30299402673	0.620567933248
77	658	5.30009158769	0.621329359985
428	659	5.28390285356	0.871694052248
427	660	5.28378742291	0.87176148899
425	661	5.28375307892	0.871776739745
403	662	5.28126595162	0.640580673142
452	663	5.27662978123	0.577741997402
453	664	5.27219249287	0.58089667239
279	665	5.26226220178	0.579258791445
89	666	5.25775902065	0.457537188967
272	667	5.25494946193	0.578004193829
295	668	5.25324882436	0.88401235186
296	669	5.25185758929	0.885562683871
297	670	5.24924107254	0.887443961065
38	671	5.24880382113	0.620598478209
298	672	5.24648671149	0.889483581206
273	673	5.24588946234	0.580517841056
299	674	5.24413405841	0.890030498535
274	675	5.23683569717	0.583008681888
275	676	5.22482629433	0.585950628696
788	677	5.21156250001	0.768898513143
294	678	5.21078166911	0.560803645724
789	679	5.20640018123	0.772049934459
292	680	5.20116348473	0.562269926186
431	681	5.19811318189	0.6472790619
438	682	5.18560365307	0.514023917596
51	683	5.17358933673	0.593327606766
94	684	5.17072945872	0.507709080458
52	685	5.17021405706	0.597126698738
95	686	5.1691508431	0.511597429015
98	687	5.16906653133	0.510767635273
91	688	5.1690133188	0.505583422716
90	689	5.16867969644	0.504259815315
603	690	5.16762949542	0.99492215942
271	691	5.1409562076	0.588662647288
81	692	5.13829456415	0.651741666198
53	693	5.13573579263	0.613139362552
454	694	5.1341254415	0.674918034106
55	695	5.1307379276	0.617257895887
393	696	5.1296480448	0.522361050143
501	697	5.12532951134	0.712474045035
380	698	5.12512739074	0.848603656181
502	699	5.12301048365	0.715530617798
503	700	5.12065090895	0.718585182161
500	701	5.11411296981	0.903696356731
654	702	5.10764688848	0.986555181805
440	703	5.08636256467	0.639543002868
29	704	5.08027949463	0.584278203475
84	705	5.07693405557	0.811251386439
30	706	5.07559369627	0.586859494168
31	707	5.07518879208	0.588643855966
85	708	5.07182719639	0.814233199909
448	709	5.06084026996	0.777472407576
277	710	5.05459568968	0.783001579135
278	711	5.04951060773	0.786143583704
41	712	5.03289836904	0.740860754882
42	713	5.02778418206	0.744244009878
461	714	5.01930557192	0.825025555662
100	715	5.01493040003	0.646430507058
790	716	5.00235464926	0.854414065873
944	717	4.99970780778	0.927327428557
791	718	4.99852755128	0.857038171405
270	719	4.99034842274	0.5860321579
264	720	4.9851724038	0.585667479873
99	721	4.9803868459	0.738300670577
494	722	4.97086452647	0.710039311651
436	723	4.96147742532	0.614246527103
265	724	4.94128218339	0.655391562301
266	725	4.93983431664	0.658406505551
267	726	4.93819987512	0.656885053204
375	727	4.93525927442	0.557717756428
59	728	4.91225039751	0.835863025037
101	729	4.90753440738	0.748582098206
103	730	4.90645194127	0.750170212404
43	731	4.90516508123	0.866825941914
102	732	4.90245695344	0.751954523562
293	733	4.86050953562	0.853071639129
504	734	4.85891859189	0.894221490399
449	735	4.85650631634	0.927964006641
96	736	4.81161297717	0.88815872608
952	737	4.78581929013	0.735859465596
954	738	4.78488232907	0.738932476687
955	739	4.78254430793	0.742109049815
24	740	4.76702124288	0.487761426949
60	741	4.75737766895	0.507772233577
4	742	4.75625973883	0.489087454983
268	743	4.75402981353	0.729131337741
269	744	4.75148959802	0.731138701435
63	745	4.75141997364	0.509389462921
64	746	4.74977695845	0.513999378143
61	747	4.74942756783	0.511630595284
387	748	4.74657174734	0.974805254539
217	749	4.7430218816	0.81026435278
220	750	4.74215862917	0.812965292447
66	751	4.74187474648	0.511338837071
221	752	4.73989790162	0.81578426707
67	753	4.73949084102	0.515237930868
223	754	4.73754275751	0.818606934294
222	755	4.73480173166	0.818898530426
229	756	4.73224767433	0.753403062417
232	757	4.73057388893	0.756218854629
227	758	4.73007574263	0.751387905866
69	759	4.72930420174	0.514448845709
233	760	4.72878384915	0.759033320541
234	761	4.72550958647	0.759592857901
455	762	4.72485090653	0.645577003182
97	763	4.70540034535	0.911321212988
837	764	4.70399810709	1.07875063302
838	765	4.69882136515	1.08093032312
443	766	4.69618201271	1.00485609272
87	767	4.68997448793	0.970066155709
105	768	4.67165372138	0.995749088417
25	769	4.67099796607	0.802589832102
26	770	4.66921604797	0.805167938105
106	771	4.66651970338	0.998210118676
230	772	4.64860443137	0.892701180886
231	773	4.64678556802	0.894863754038
5	774	4.64166387509	0.547519096596
145	775	4.61093930745	0.486885992782
147	776	4.61088300071	0.490277874665
140	777	4.60871232124	0.483896270171
141	778	4.6078257294	0.487274419884
131	779	4.60237356276	0.482484474645
132	780	4.59830029403	0.484757837569
396	781	4.595610096	0.700169041162
122	782	4.59511630278	0.483940299615
134	783	4.59419195613	0.486984210318
133	784	4.5932161322	0.490037120436
123	785	4.59272186616	0.487068736007
398	786	4.59062673855	0.703812749978
218	787	4.58975801995	0.945546502736
137	788	4.58842225882	0.490356858326
397	789	4.58815820184	0.701598913763
219	790	4.58464362153	0.948184906947
148	791	4.58280659401	0.684794145625
151	792	4.58068101583	0.688333232782
6	793	4.54334027973	0.74651056646
142	794	4.52653049665	0.679071877703
7	795	4.51096117508	0.513193252954
12	796	4.51008290281	0.51370420853
17	797	4.50849218385	0.51737845436
18	798	4.50691308053	0.521017311864
8	799	4.50601716315	0.515891398398
13	800	4.50582988495	0.515313733463
15	801	4.502621291	0.518255346512
92	802	4.50076821318	0.993045082485
107	803	4.49341900802	1.11486953564
65	804	4.49083627107	0.753774271928
108	805	4.48836926319	1.11701110188
228	806	4.48623165088	0.862047034
135	807	4.46988829651	0.804469292479
213	808	4.46481961218	0.475839143316
226	809	4.46343816666	0.482446463185
225	810	4.46326525976	0.479137239325
224	811	4.46109913795	0.475942965687
212	812	4.45895537364	0.472696372802
207	813	4.44531284493	0.471279082603
104	814	4.44409531024	1.05571393417
208	815	4.44214272701	0.475611960522
214	816	4.44160062421	0.666386381082
54	817	4.44031777179	1.075746666
215	818	4.44003724896	0.669803668639
216	819	4.43843220685	0.67320375115
210	820	4.43750721721	0.47996964475
196	821	4.42943902469	0.470854050009
197	822	4.42263096877	0.474924554572
16	823	4.42160107498	0.713509031526
72	824	4.41515432682	0.682371394245
495	825	4.39812220778	1.09478413037
20	826	4.38799374616	0.842889627831
125	827	4.36549578978	0.688150699503
126	828	4.36413984277	0.689924930486
136	829	4.35653334446	0.955631351681
143	830	4.35215599675	0.86743337169
144	831	4.34708928555	0.870365849212
9	832	4.33655764892	0.698974200553
247	833	4.33291285186	0.871251496966
249	834	4.33066286839	0.872902461168
250	835	4.32820627474	0.874565533939
152	836	4.32590360624	0.880098232373
252	837	4.32570407254	0.875819818098
127	838	4.31019284618	0.855368089098
129	839	4.30659680043	0.858242063899
130	840	4.30153317477	0.861215201697
68	841	4.28668921013	0.923456603058
146	842	4.2840415174	0.895034803446
242	843	4.28117710199	0.770979100119
243	844	4.28035528366	0.772679158793
244	845	4.279408444	0.774376696961
246	846	4.27532278179	0.775995566684
263	847	4.26067856107	0.658402104838
19	848	4.24679322311	0.759168946306
93	849	4.23841844522	1.12760907551
149	850	4.23163844097	0.997062979565
138	851	4.22710696381	0.856954801166
14	852	4.20593129962	0.681968771246
22	853	4.20566765148	0.994730175647
21	854	4.20490544991	0.9974463134
276	855	4.19799799591	1.15129459755
209	856	4.18206835715	0.729089541182
248	857	4.15031436237	1.02139081838
124	858	4.14222592198	0.910773913773
121	859	4.06744290163	0.631285754979
245	860	3.99047653207	1.02483587229
150	861	3.97118545949	1.13473929543
23	862	3.94844843098	1.13281392185
183	863	3.94583651801	0.67791445736
184	864	3.94468876762	0.680529123646
182	865	3.94432458236	0.675385616225
181	866	3.88373458264	0.586065549317
10	867	3.88238195435	0.965620229984
128	868	3.85922425015	1.14169926918
170	869	3.84273671163	0.41943609032
172	870	3.84205692704	0.420593049241
166	871	3.84067245187	0.418212293767
171	872	3.84052445508	0.425354825501
167	873	3.8393811741	0.423073478362
173	874	3.83934247628	0.424829655136
179	875	3.83917085853	0.423257019427
168	876	3.83801769483	0.427861470584
162	877	3.83493382068	0.417865929122
169	878	3.8342970229	0.429112373603
176	879	3.83400041423	0.429173832188
163	880	3.83005583122	0.422320573658
256	881	3.78799689995	0.58623136656
139	882	3.77737119234	1.14429753787
439	883	3.77620845036	1.20904675038
185	884	3.76709163728	0.869874087596
195	885	3.70319042623	0.394317580561
178	886	3.70031191606	0.685306913235
235	887	3.69154237135	0.394997734827
251	888	3.68719097676	1.24251613853
236	889	3.68562320965	0.399210232139
253	890	3.68088111358	0.397836065292
255	891	3.67481996263	0.401634301608
257	892	3.66647668806	0.622032249938
174	893	3.6619533779	0.692915854716
241	894	3.66019518338	0.681409671235
62	895	3.65390638411	0.793109211633
260	896	3.65331888945	0.695539929425
261	897	3.65174614419	0.69676254409
159	898	3.55236478817	0.34929107646
158	899	3.55052230355	0.346509316711
186	900	3.54764299685	0.347886639409
153	901	3.54680387383	0.349010979472
188	902	3.54602850133	0.350106687838
154	903	3.54367270291	0.35454678596
187	904	3.54127566802	0.35413732634
211	905	3.53109525952	1.13665934071
73	906	3.52451555099	1.20785536933
200	907	3.52171086116	0.735291602816
201	908	3.52006884005	0.735436136279
203	909	3.51963054518	0.738315679795
198	910	3.51121396096	0.725135093451
199	911	3.50615621503	0.72867349439
70	912	3.48831271093	0.760241819689
180	913	3.46315733183	0.598515304587
11	914	3.43610063137	1.22821945367
116	915	3.43252550933	0.639429213177
117	916	3.43200659852	0.641938111861
115	917	3.4316206405	0.63692090324
175	918	3.40224214918	0.886203002981
371	919	3.3885633137	0.676845587341
369	920	3.38713663715	0.675805672659
237	921	3.37892779092	1.0507080724
238	922	3.37672025199	1.05298013725
373	923	3.37333034159	0.835252406853
114	924	3.34319991185	0.537444187389
113	925	3.28304115155	0.40452187325
118	926	3.28294325389	0.400098256719
112	927	3.28176433399	0.400677765571
119	928	3.27585151874	0.403840841225
109	929	3.27430041872	0.403482261961
262	930	3.26701028564	1.06664603884
204	931	3.25992075688	0.922123200913
205	932	3.2215261629	1.05393933152
202	933	3.21699869927	0.759306666431
370	934	3.2102262319	0.869141454084
239	935	3.20378656083	1.1837469558
164	936	3.20365033753	0.99378187417
155	937	3.20296361768	0.900456951963
156	938	3.20139164094	0.902158228734
240	939	3.1986994177	1.18590891283
258	940	3.19257451292	1.1095369709
259	941	3.18748874684	1.11184802083
254	942	3.1873151435	0.602447396936
366	943	3.17410644252	0.601473325654
365	944	3.16705786878	0.600379864982
372	945	3.15709171055	1.02953180678
189	946	3.12219918702	0.52765116561
177	947	3.12148015654	0.68001450788
206	948	3.11111595963	1.06413993567
456	949	3.02007483891	1.22855915242
457	950	3.01498792545	1.23064265222
160	951	3.01086132298	0.722280086721
953	952	3.00262606195	0.867501939078
367	953	3.00134489804	0.948301291852
2	954	3.00093513086	0.533723327341
3	955	3.00064586501	0.536785956946
368	956	2.99626061946	0.951010280384
157	957	2.99123893916	1.13275817984
120	958	2.92266747869	0.576860133486
458	959	2.84983603994	1.34119206774
459	960	2.84477404373	1.34309452
374	961	2.81410621198	0.582042021626
165	962	2.76639420949	1.25502054346
111	963	2.71733439967	0.84657277101
360	964	2.70594098212	0.961590659403
71	965	2.70434352328	1.25799067662
110	966	2.70163350595	0.682306196554
361	967	2.69291277436	1.05330995921
362	968	2.6921647875	1.05479016848
363	969	2.64267224238	0.518216067533
364	970	2.64196370556	0.518466906162
161	971	2.62298239718	1.14637917561
356	972	2.57635895681	0.462712404324
357	973	2.57461801493	0.461201021753
358	974	2.56785445527	0.462720830422
190	975	2.50846094935	0.577020960298
359	976	2.48648515818	0.796865094637
191	977	2.31486874497	0.643836446802
192	978	2.31303055545	0.64390565005
1	979	2.27567151508	0.581218775103
355	980	2.19767258446	0.647818719954
193	981	1.7804912404	1.2860291532
194	982	1.77543441888	1.28802365288
