#name	rank	LBI
34	1	2.03258586607
28	2	1.69514572164
19	3	1.5992400446
15	4	1.24877692223
40	5	1.08049675163
38	6	0.895398196528
35	7	0.868111960798
22	8	0.846748352464
26	9	0.780712035731
24	10	0.772230226178
30	11	0.767891836185
18	12	0.701097678735
12	13	0.638349475916
14	14	0.63356389312
17	15	0.62962427978
20	16	0.628159524813
31	17	0.567016829843
16	18	0.552969806018
32	19	0.552715321276
6	20	0.548141994408
3	21	0.495422173982
27	22	0.487415491689
7	23	0.478621302476
13	24	0.443778683653
8	25	0.413328903024
33	26	0.388730868001
29	27	0.388620916781
36	28	0.383143205152
9	29	0.382776786424
2	30	0.375065208446
10	31	0.372853860021
39	32	0.309737327927
37	33	0.301017543075
5	34	0.271982056785
23	35	0.271097986202
1	36	0.255011241862
4	37	0.237919186998
21	38	0.226600616165
11	39	0.218001180531
25	40	0.147777549501
