#name	rank	LBI
21	1	1.25668074913
8	2	1.21383998979
23	3	1.07943242483
31	4	0.902398516779
10	5	0.827678296205
29	6	0.822340325539
7	7	0.783187556913
16	8	0.713558477496
28	9	0.660880325907
19	10	0.620333917051
9	11	0.57284397947
26	12	0.541653958652
18	13	0.540278106869
4	14	0.538247804018
14	15	0.504716120767
6	16	0.467386715389
12	17	0.455743151732
17	18	0.453270057316
27	19	0.444085993497
13	20	0.440435028865
34	21	0.416684881599
33	22	0.409737240998
32	23	0.404227535986
22	24	0.403157512848
11	25	0.377251693676
2	26	0.375125977305
3	27	0.374091074577
5	28	0.373274909164
30	29	0.363298261578
20	30	0.34208248698
25	31	0.317313203625
35	32	0.267406178137
1	33	0.250000095538
24	34	0.225616970811
15	35	0.146655929927
