#name	rank	LBI
22	1	1.26920280668
37	2	1.18428293471
33	3	1.06230085661
44	4	0.945330848391
30	5	0.928259437466
47	6	0.922965206953
38	7	0.794461039018
25	8	0.763461481077
43	9	0.733960321119
21	10	0.701053636466
35	11	0.634361653847
48	12	0.630350791652
46	13	0.600035612048
11	14	0.557458436404
24	15	0.536928225213
50	16	0.531657217282
26	17	0.518493191185
49	18	0.515734185871
6	19	0.513121823183
3	20	0.497409490256
2	21	0.484867073638
12	22	0.480131086093
8	23	0.467761011014
9	24	0.457170995441
4	25	0.454641476767
5	26	0.448335706361
45	27	0.444567298151
15	28	0.439060085557
18	29	0.432397882411
51	30	0.427812602408
42	31	0.41317150208
27	32	0.412486412348
14	33	0.39143753534
16	34	0.387152868065
36	35	0.375004557474
28	36	0.373484690525
52	37	0.363610625028
23	38	0.363371299858
31	39	0.361259816585
32	40	0.359733051512
13	41	0.346265245255
39	42	0.337372232993
10	43	0.328079725236
7	44	0.303163248944
19	45	0.301585212165
1	46	0.260776340115
40	47	0.241528760116
34	48	0.240636826393
20	49	0.229826878293
29	50	0.222932141761
53	51	0.199873366737
17	52	0.199017624316
41	53	0.173471964071
