#name	rank	LBI
21	1	1.13358257332
28	2	1.04046293415
22	3	1.02105652311
12	4	0.995941190906
10	5	0.878917893821
13	6	0.789988732656
30	7	0.730084200144
26	8	0.704986441706
27	9	0.688883819775
14	10	0.687653049631
18	11	0.641489246621
2	12	0.628599590951
23	13	0.554451320278
15	14	0.546335512669
17	15	0.521509372997
9	16	0.487481797742
29	17	0.479056403528
8	18	0.476061629224
16	19	0.442325983762
24	20	0.441443263967
5	21	0.433223590618
6	22	0.408209956841
19	23	0.405507554137
7	24	0.404426763643
4	25	0.375000057576
3	26	0.362613077863
31	27	0.362195844897
1	28	0.250818171762
25	29	0.198234489694
11	30	0.188684518844
20	31	0.136917457642
