#name	rank	LBI
34	1	2.11069055804
28	2	1.8111117447
19	3	1.50359566894
36	4	1.10107969842
16	5	1.02285271347
27	6	0.959485457381
26	7	0.946932495819
22	8	0.920459289455
10	9	0.868084403285
37	10	0.868075226275
29	11	0.86549235612
21	12	0.758728502055
32	13	0.716309044938
31	14	0.684960113614
13	15	0.628739572005
18	16	0.615019642775
30	17	0.60440201465
6	18	0.592788680169
9	19	0.59072358044
5	20	0.588691663508
35	21	0.573863366104
7	22	0.521589369693
12	23	0.499126704288
33	24	0.495550675832
14	25	0.45347472969
8	26	0.453463180193
24	27	0.44566213443
4	28	0.424065572405
11	29	0.401402040345
25	30	0.400946627211
3	31	0.389348886276
15	32	0.383527665266
2	33	0.375101493236
23	34	0.260695249199
1	35	0.257460797442
17	36	0.242644780185
20	37	0.228134458256
