#name	rank	LBI
20	1	2.00252993068
31	2	1.49986221288
6	3	1.38605341429
34	4	1.35142370533
27	5	0.822544972086
10	6	0.763481277631
26	7	0.713965686414
2	8	0.711571853088
24	9	0.706646416122
39	10	0.695500574961
21	11	0.683171672744
14	12	0.600949152146
8	13	0.597336624515
29	14	0.585146485802
19	15	0.57124679527
16	16	0.536465770613
38	17	0.467626198193
13	18	0.45982058759
11	19	0.446764110852
36	20	0.444102316807
9	21	0.423950192412
32	22	0.418476619415
30	23	0.407415122169
3	24	0.374419902009
37	25	0.350604641146
5	26	0.32666854178
4	27	0.261162263741
18	28	0.259651755062
7	29	0.257313218155
1	30	0.250193600679
33	31	0.236051049679
40	32	0.233093244859
22	33	0.23173456294
15	34	0.204469661058
23	35	0.200156427511
17	36	0.191974780147
35	37	0.174811404894
28	38	0.154177870746
12	39	0.135727193528
25	40	0.131762333493
