#name	rank	LBI
32	1	1.38325688427
21	2	0.890537675671
26	3	0.867021547239
7	4	0.678694417535
2	5	0.671685762709
4	6	0.650793566849
12	7	0.524815315792
11	8	0.523346037604
14	9	0.521086416827
18	10	0.502161493627
31	11	0.478465264916
25	12	0.435149033345
10	13	0.433568165547
3	14	0.408518953271
20	15	0.407877018417
6	16	0.398243062873
28	17	0.389230486185
24	18	0.369093274373
9	19	0.366455484074
16	20	0.366090707713
34	21	0.348352735782
22	22	0.300225938385
30	23	0.256269436797
15	24	0.253981574066
1	25	0.25
8	26	0.247442038423
19	27	0.244199966346
33	28	0.235136045429
27	29	0.19980174223
29	30	0.148045076873
17	31	0.146021612151
13	32	0.140126444658
23	33	0.135416019222
5	34	0.134951179429
