#name	rank	LBI
33	1	1.55939468749
39	2	1.26981879474
25	3	1.22297182945
21	4	0.838234336412
9	5	0.801742717228
36	6	0.736135369312
35	7	0.621430225311
12	8	0.570901520062
23	9	0.569983869281
30	10	0.559614029232
28	11	0.556223086237
16	12	0.556190636341
8	13	0.494476508883
19	14	0.493318172084
11	15	0.49265292266
17	16	0.49108276124
10	17	0.477675782615
31	18	0.454823155829
13	19	0.43286962309
27	20	0.420098207142
26	21	0.411815495954
2	22	0.400249733615
5	23	0.399484184924
22	24	0.387212963613
24	25	0.387182628321
6	26	0.376956875179
3	27	0.376181061446
29	28	0.311633493428
1	29	0.263504724876
32	30	0.256498814309
14	31	0.255629010095
15	32	0.255624521891
40	33	0.25403677554
4	34	0.253161778872
7	35	0.252574111484
20	36	0.238482251596
38	37	0.154353155579
34	38	0.142058610711
18	39	0.141385537637
37	40	0.135537149698
41	41	0.131751882765
