#name	rank	LBI
9	1	2.24063275343
16	2	1.3041968461
30	3	1.28912689993
20	4	1.10322174263
15	5	1.02139229939
18	6	0.957337531529
33	7	0.838985920418
22	8	0.835829717064
23	9	0.791122437556
12	10	0.65764193416
34	11	0.648236010293
27	12	0.643957798259
17	13	0.563938410284
31	14	0.547128955465
25	15	0.519238372388
21	16	0.511291551436
10	17	0.472297196009
24	18	0.471276219401
13	19	0.440380531953
11	20	0.407727831755
7	21	0.379842191144
2	22	0.377892170885
4	23	0.37787719361
5	24	0.376006866209
3	25	0.374832232232
35	26	0.372671464206
28	27	0.367338724583
8	28	0.358172418386
6	29	0.346198867064
32	30	0.327369532572
19	31	0.272282866251
14	32	0.266698032765
1	33	0.250038820831
29	34	0.165314161651
36	35	0.159743147366
26	36	0.135253676284
