#name	rank	LBI
24	1	2.10349451545
31	2	2.06130182862
20	3	1.61404236549
16	4	1.10762181042
35	5	1.06072212572
28	6	1.04954089545
32	7	1.02052314503
27	8	1.00953449931
22	9	0.999461846138
25	10	0.930875839557
23	11	0.881496782229
7	12	0.80456774046
18	13	0.657803587445
29	14	0.653166643338
3	15	0.636438675808
9	16	0.600693766004
6	17	0.596823251993
26	18	0.51513868169
19	19	0.467415218694
30	20	0.454658517043
11	21	0.451808455272
8	22	0.44421578918
12	23	0.441581619652
14	24	0.422941160093
10	25	0.420932737654
2	26	0.39661518285
33	27	0.380939041366
5	28	0.366255611907
4	29	0.364220696158
17	30	0.251760846945
1	31	0.250506376654
15	32	0.230766628707
13	33	0.205221457555
34	34	0.195085033049
21	35	0.157217604415
