#name	rank	LBI
11	1	2.4021848315
20	2	2.23399342823
28	3	1.19829615463
18	4	0.974053355103
24	5	0.934770360277
13	6	0.922581741309
22	7	0.907089523767
14	8	0.863930117567
30	9	0.828052241553
10	10	0.826254013244
17	11	0.712929244544
21	12	0.699019691718
9	13	0.56396718255
26	14	0.551323586113
29	15	0.549070587551
15	16	0.522994403079
19	17	0.49850385035
25	18	0.473275728219
8	19	0.465472901418
12	20	0.456555570646
4	21	0.400706582514
2	22	0.395444357836
7	23	0.387285555303
5	24	0.381236224138
6	25	0.377154549555
3	26	0.37361389583
23	27	0.287874140632
1	28	0.250079889188
16	29	0.239169618999
27	30	0.204915709622
