#name	rank	LBI
34	1	2.13726925256
33	2	1.53770026134
45	3	1.25692161037
31	4	1.24014056774
38	5	0.956256829722
46	6	0.770240481351
5	7	0.762869920892
4	8	0.750550896696
37	9	0.745501141193
36	10	0.662275572759
28	11	0.627004320289
19	12	0.60800849058
40	13	0.544032023895
12	14	0.516504548953
15	15	0.510773760411
7	16	0.495854335381
16	17	0.489315923782
11	18	0.476150424382
23	19	0.462121087584
21	20	0.461882775693
14	21	0.448098886528
8	22	0.438084746657
29	23	0.435232864464
18	24	0.428432289002
27	25	0.420733368697
42	26	0.414882271946
22	27	0.414422715325
17	28	0.39063382762
9	29	0.382982177415
30	30	0.375155348321
2	31	0.361927324845
20	32	0.322017170739
43	33	0.295642426118
24	34	0.266834901561
1	35	0.264724745775
10	36	0.258077235766
3	37	0.251479814471
41	38	0.243809605879
35	39	0.22979802108
25	40	0.221024278934
32	41	0.208398168583
39	42	0.186189123029
13	43	0.168703987418
6	44	0.141665665694
26	45	0.131451153363
44	46	0.131367395732
