#name	rank	LBI
21	1	1.82588342169
29	2	1.77080606112
33	3	1.5669452988
16	4	1.45078115767
28	5	1.19992348994
27	6	1.08104060525
23	7	1.06704735025
22	8	0.906999896912
35	9	0.857127395136
19	10	0.833530384301
10	11	0.791643172054
30	12	0.72676067759
18	13	0.706467213788
34	14	0.637505040374
6	15	0.587812156635
5	16	0.581690050197
14	17	0.541429400477
9	18	0.535997794647
12	19	0.527909379909
31	20	0.523682733744
8	21	0.486551496174
25	22	0.457689138873
15	23	0.454797396014
7	24	0.39589094898
13	25	0.389467503556
2	26	0.379466442043
3	27	0.343353091839
24	28	0.34244499674
26	29	0.333241982788
32	30	0.323042680106
17	31	0.255942899465
1	32	0.250051252876
11	33	0.245296065158
4	34	0.226291524073
20	35	0.149577138157
