#name	rank	LBI
26	1	2.24703478655
19	2	1.96886670541
33	3	1.28646601271
13	4	1.26272193621
25	5	0.87579945432
6	6	0.843013356315
3	7	0.800944673228
30	8	0.795778162451
28	9	0.794242506149
22	10	0.753120528686
11	11	0.733984958132
16	12	0.6768341743
4	13	0.649100097475
18	14	0.641020127782
24	15	0.586963699064
14	16	0.565425542271
15	17	0.518759056335
7	18	0.502401745532
8	19	0.494614573695
36	20	0.48259657946
5	21	0.474237986065
12	22	0.471212680203
27	23	0.423490709214
38	24	0.384496707172
35	25	0.380960696816
2	26	0.372955269007
34	27	0.369815983219
17	28	0.340524680206
23	29	0.339247140361
9	30	0.282854660018
39	31	0.282000393321
20	32	0.273813890073
29	33	0.256442093228
1	34	0.250000000012
31	35	0.230637394219
21	36	0.152229692184
10	37	0.144710074453
37	38	0.143734134318
32	39	0.132845294327
