#name	rank	LBI
42	1	2.00379600411
27	2	1.4834741742
2	3	1.34847128464
30	4	1.25181651064
22	5	1.10960714081
40	6	1.00755695242
46	7	0.88754472255
43	8	0.847466735365
44	9	0.756531408949
13	10	0.74576576251
38	11	0.680948271857
7	12	0.644299825172
35	13	0.60258983762
49	14	0.584748629254
32	15	0.563824362547
41	16	0.545374320612
23	17	0.53768955999
24	18	0.537319516588
18	19	0.530100403984
48	20	0.51362979679
10	21	0.503911382155
17	22	0.467033069307
8	23	0.450737177798
5	24	0.42562202639
19	25	0.417779528083
16	26	0.412710671519
11	27	0.380097838058
12	28	0.378460172822
3	29	0.36923599951
36	30	0.366230275023
34	31	0.366227912725
31	32	0.366012082523
14	33	0.351011194905
25	34	0.333527977074
4	35	0.318276604221
29	36	0.312197427672
47	37	0.28702737925
6	38	0.286698059111
20	39	0.258669641142
1	40	0.2498505162
33	41	0.184960564945
37	42	0.16385199905
45	43	0.158390336864
51	44	0.149295937422
26	45	0.141821651288
39	46	0.136479197393
50	47	0.13527333869
9	48	0.133591599406
21	49	0.131887964136
15	50	0.131163673371
28	51	0.131088774084
