#name	rank	LBI
33	1	1.54265250863
26	2	1.42155394861
19	3	0.991209316134
23	4	0.881070018687
34	5	0.820932372763
7	6	0.776642322784
24	7	0.617773411327
37	8	0.617562710338
14	9	0.597694921944
28	10	0.593834202587
16	11	0.530884463109
20	12	0.507917724177
35	13	0.506415643108
12	14	0.502147094788
22	15	0.500808517564
9	16	0.482954070053
17	17	0.449725956324
13	18	0.440336036712
30	19	0.43855946183
10	20	0.428209303532
21	21	0.384766811451
2	22	0.37640961498
4	23	0.375746336595
6	24	0.37567983468
3	25	0.373531741114
27	26	0.372658807439
25	27	0.359753088465
32	28	0.350302694105
8	29	0.326115112618
1	30	0.280502895609
36	31	0.280310227683
18	32	0.269045964935
39	33	0.255337464878
5	34	0.252284834699
11	35	0.235706650289
38	36	0.209531061378
31	37	0.145225055231
29	38	0.141381335047
15	39	0.13454048446
