#name	rank	LBI
11	1	1.50962917336
31	2	1.48627317169
21	3	1.08906545478
15	4	0.90364963459
35	5	0.896835214551
24	6	0.876911591324
19	7	0.68000980537
17	8	0.619845253517
14	9	0.61458556918
32	10	0.599017508388
25	11	0.528303085073
13	12	0.516001097155
12	13	0.513004616285
10	14	0.472752966243
28	15	0.403284813293
2	16	0.393439066246
4	17	0.393388118494
8	18	0.391660922302
36	19	0.390088469444
27	20	0.387137941678
22	21	0.386274328793
29	22	0.386243015105
16	23	0.38530146576
9	24	0.379693891852
5	25	0.376384283632
3	26	0.375013539155
33	27	0.360846067677
30	28	0.353979348928
6	29	0.252216088295
1	30	0.250079418113
38	31	0.236502286861
7	32	0.227021303402
37	33	0.166157182789
34	34	0.160023167645
26	35	0.144318451193
20	36	0.132319293363
23	37	0.131794556709
18	38	0.13158167087
