#name	rank	LBI
30	1	2.62852857192
21	2	1.46887639159
15	3	1.38739726108
23	4	1.02415333209
37	5	0.78389526781
31	6	0.674133335966
11	7	0.62991754671
18	8	0.621488654857
33	9	0.551612252424
2	10	0.55101417116
20	11	0.526737188719
4	12	0.515878450348
26	13	0.456034374658
9	14	0.455475319693
32	15	0.434681111608
1	16	0.412604218745
7	17	0.404800043933
3	18	0.395039194448
35	19	0.380214118541
14	20	0.377646039193
28	21	0.377198663841
16	22	0.375788533596
6	23	0.375492494546
12	24	0.359783149849
8	25	0.357538201367
10	26	0.352090805757
24	27	0.349611121835
36	28	0.343814655555
13	29	0.299993933893
22	30	0.258484138784
17	31	0.257148745125
5	32	0.239076554577
25	33	0.232810123138
27	34	0.16125687346
29	35	0.151359280348
19	36	0.134288920645
34	37	0.134152547763
