#name	rank	LBI
24	1	2.59466783643
35	2	2.23998297255
40	3	1.44253153361
31	4	1.36474888555
28	5	1.30671356698
25	6	1.25919131258
38	7	1.22484863538
26	8	1.17494063541
36	9	1.15301313492
27	10	1.11565278262
5	11	0.978532193526
23	12	0.873903781332
41	13	0.798036310123
33	14	0.792017454421
3	15	0.781822029686
29	16	0.774536437668
7	17	0.647588520978
8	18	0.635282237265
15	19	0.633615722898
6	20	0.633206104055
14	21	0.566306443752
12	22	0.52198515929
10	23	0.520488245383
16	24	0.511265263532
4	25	0.509686332792
30	26	0.509207386684
34	27	0.495902331046
2	28	0.456983212148
11	29	0.44926738422
19	30	0.44183128212
18	31	0.399730762571
21	32	0.369207477438
32	33	0.353795482117
20	34	0.350329592013
17	35	0.347763410525
1	36	0.256496949658
13	37	0.248668362891
22	38	0.231228410083
39	39	0.199347604776
37	40	0.157654949963
9	41	0.133476302644
