Observed S Changes	Observed NS Changes	E[S Sites]	E[NS Sites]	Observed S. Prop.	P{S}	dS	dN	dN-dS	P{S leq. observed}	P{S geq. observed}	Scaled dN-dS
0	0	0	3	0	0	0	0	0	0	0	0
0	0	0.8222071596456546	2.045542427836681	0	0.2867081432892784	0	0	0	0	0	0
0	1	1	2	0	0.3333333333333333	0	0.4999999999999999	0.4999999999999999	0.6666666666666667	0.3333333333333333	2.501005128225318
0	0	0.900010094760753	2.099989905239247	0	0.300003364920251	0	0	0	0	0	0
0	0	0.900010094760753	2.099989905239247	0	0.300003364920251	0	0	0	0	0	0
0	0	1	2	0	0.3333333333333333	0	0	0	0	0	0
0	0	1.563103105864707	1.277782745593592	0	0.5502167941954887	0	0	0	0	0	0
0	0	0.7408959462190526	2.259104053780947	0	0.2469653154063509	0	0	0	0	0	0
0	0	0.7408959462190526	2	0	0.2703115918140149	0	0	0	0	0	0
0	0	0.900010094760753	2.099989905239247	0	0.300003364920251	0	0	0	0	0	0
0	0	1.740895946219053	1.259104053780947	0	0.5802986487396842	0	0	0	0	0	0
0	0	0.7408959462190526	2.099989905239247	0	0.2607975064674745	0	0	0	0	0	0
1	0	1.740895946219052	1.259104053780947	1	0.5802986487396843	0.5744168697571157	0	-0.5744168697571157	1	0.5802986487396843	-2.873239074003362
0	0	1	2	0	0.3333333333333333	0	0	0	0	0	0
0	0	0.7408959462190526	2.259104053780947	0	0.2469653154063509	0	0	0	0	0	0
1	0	1	2	1	0.3333333333333333	1	0	-1	1	0.3333333333333333	-5.002010256450637
0	0	0.7686725544357195	1.490431499345228	0	0.3402554889621979	0	0	0	0	0	0
0	0	0.7686725544357195	2.099077033046617	0	0.2680403330161595	0	0	0	0	0	0
0	1	0.9954901031401029	2.004509896859897	0	0.3318300343800343	0	0.4988750624611627	0.4988750624611627	0.6681699656199658	0.3318300343800342	2.495378179118188
1	0	1	2	1	0.3333333333333333	0.9999999999999998	0	-0.9999999999999998	1	0.3333333333333333	-5.002010256450636
0	0	1	1.911103579822827	0	0.3435123390768737	0	0	0	0	0	0
0	0	0.7408959462190526	2.259104053780947	0	0.2469653154063509	0	0	0	0	0	0
0	0	0.7408959462190526	2.259104053780947	0	0.2469653154063509	0	0	0	0	0	0
1	0	0.7408959462190525	2.259104053780947	1	0.2469653154063508	1.349717197270696	0	-1.349717197270696	1	0.2469653154063508	-6.751299264055829
0	0	0.7408959462190526	2.259104053780947	0	0.2469653154063509	0	0	0	0	0	0
0	0	1	2	0	0.3333333333333333	0	0	0	0	0	0
0	0	1	2	0	0.3333333333333333	0	0	0	0	0	0
0	0	1	2	0	0.3333333333333333	0	0	0	0	0	0
0	0	1.740895946219053	1.259104053780947	0	0.5802986487396842	0	0	0	0	0	0
0	0	0.7408959462190526	2.099989905239247	0	0.2607975064674745	0	0	0	0	0	0
0	0	1	2	0	0.3333333333333333	0	0	0	0	0	0
0	0	1	2	0	0.3333333333333333	0	0	0	0	0	0
0	0	0.7408959462190526	2.259104053780947	0	0.2469653154063509	0	0	0	0	0	0
0	0	0.7408959462190526	2.259104053780947	0	0.2469653154063509	0	0	0	0	0	0
0	0	1	2	0	0.3333333333333333	0	0	0	0	0	0
1	0	1	2	1	0.3333333333333333	0.9999999999999998	0	-0.9999999999999998	1	0.3333333333333333	-5.002010256450636
0	0	1	2	0	0.3333333333333333	0	0	0	0	0	0
0	0	0.7408959462190526	2.259104053780947	0	0.2469653154063509	0	0	0	0	0	0
0	0	1	1.911103579822827	0	0.3435123390768737	0	0	0	0	0	0
0	0	1	2	0	0.3333333333333333	0	0	0	0	0	0
0	0	0.2313274455642805	2.76867255443572	0	0.07710914852142683	0	0	0	0	0	0
0	0	1	2	0	0.3333333333333333	0	0	0	0	0	0
0	0	0.7686725544357195	2.099077033046617	0	0.2680403330161595	0	0	0	0	0	0
0	0	1	2	0	0.3333333333333333	0	0	0	0	0	0
1	0	0.9000100947607531	2.099989905239247	1	0.300003364920251	1.111098648583299	0	-1.111098648583299	1	0.300003364920251	-5.557726836142105
1	0	1	2	1	0.3333333333333333	0.9999999999999998	0	-0.9999999999999998	1	0.3333333333333333	-5.002010256450636
0	0	0.7408959462190526	2.259104053780947	0	0.2469653154063509	0	0	0	0	0	0
0	1	0.7421487690702715	2.253841689313964	0	0.2477139962156351	0	0.4436868857033101	0.4436868857033101	0.7522860037843648	0.2477139962156352	2.219326352940599
0	1	0.8985783548675481	1.360525698913399	0	0.3977587280070803	0	0.7350100044406827	0.7350100044406827	0.6022412719929197	0.3977587280070803	3.676527580806123
1	0	0.8867486746826572	2.113251325317343	1	0.2955828915608857	1.127715246214348	0	-1.127715246214348	1	0.2955828915608858	-5.640843227919926
0	0	0.7686725544357195	2.142431025387108	0	0.2640485071584096	0	0	0	0	0	0
0	0	1	2	0	0.3333333333333333	0	0	0	0	0	0
0	0	1	2	0	0.3333333333333333	0	0	0	0	0	0
0	0	0.7408959462190526	2.259104053780947	0	0.2469653154063509	0	0	0	0	0	0
0	0	1	2	0	0.3333333333333333	0	0	0	0	0	0
0	0	1	2	0	0.3333333333333333	0	0	0	0	0	0
1	0	0.8215425425258123	2.089561037297015	1	0.2822100004342038	1.217222417874459	0	-1.217222417874459	1	0.2822100004342039	-6.088559018589688
0	0	1.740895946219053	1.259104053780947	0	0.5802986487396842	0	0	0	0	0	0
0	0	1	2	0	0.3333333333333333	0	0	0	0	0	0
0	0	0.8222071596456546	1.436896894135292	0	0.3639527618347497	0	0	0	0	0	0
0	2	0.7408959462190527	2.259104053780947	0	0.2469653154063509	0	0.8853067200037563	0.8853067200037563	0.5670612362010565	0.4329387637989435	4.428313293563462
0	0	1	2	0	0.3333333333333333	0	0	0	0	0	0
0	0	1	1.740895946219053	0	0.3648442040929926	0	0	0	0	0	0
0	2	0.74425106094909	2.25574893905091	0	0.24808368698303	0	0.886623491371999	0.886623491371999	0.565378141781034	0.434621858218966	4.434899797452812
1	0	1	2	1	0.3333333333333333	1	0	-1	1	0.3333333333333333	-5.002010256450637
0	1	0.7709524600562994	2.140151119766528	0	0.2648316828710094	0	0.4672567234920734	0.4672567234920734	0.7351683171289907	0.2648316828710093	2.33722292330287
0	0	0.2313274455642805	2.76867255443572	0	0.07710914852142683	0	0	0	0	0	0
0	0	0.7408959462190526	2.099989905239247	0	0.2607975064674745	0	0	0	0	0	0
0	2	0.7408959462190527	2.259104053780948	0	0.2469653154063508	0	0.8853067200037561	0.8853067200037561	0.5670612362010568	0.4329387637989432	4.42831329356346
0	0	0.7408959462190526	2.259104053780947	0	0.2469653154063509	0	0	0	0	0	0
0	0	1	2	0	0.3333333333333333	0	0	0	0	0	0
0	0	0.7408959462190526	2.259104053780947	0	0.2469653154063509	0	0	0	0	0	0
0	0	0.8222071596456546	1.436896894135292	0	0.3639527618347497	0	0	0	0	0	0
0	0	0.900010094760753	2.099989905239247	0	0.300003364920251	0	0	0	0	0	0
0	0	1	2	0	0.3333333333333333	0	0	0	0	0	0
0	0	0.7408959462190526	2.259104053780947	0	0.2469653154063509	0	0	0	0	0	0
0	0	1	1.911103579822827	0	0.3435123390768737	0	0	0	0	0	0
0	1	0.7686725544357196	2.141414872411306	0	0.2641407084008293	0	0.4669809726659674	0.4669809726659674	0.7358592915991707	0.2641407084008293	2.335843614842464
1	0	0.7408959462190526	2.259104053780947	1	0.2469653154063509	1.349717197270696	0	-1.349717197270696	1	0.2469653154063509	-6.751299264055828
1	0	0.7408959462190525	2.099989905239247	1	0.2607975064674745	1.349717197270696	0	-1.349717197270696	1	0.2607975064674745	-6.751299264055829
0	0	1	2	0	0.3333333333333333	0	0	0	0	0	0
1	0	1.740895946219053	1.259104053780947	1	0.5802986487396842	0.5744168697571156	0	-0.5744168697571156	1	0.5802986487396842	-2.873239074003362
0	0	0.2313274455642805	2.76867255443572	0	0.07710914852142683	0	0	0	0	0	0
0	0	0.7408959462190526	2.259104053780947	0	0.2469653154063509	0	0	0	0	0	0
1	0	1	2	1	0.3333333333333333	1	0	-1	1	0.3333333333333333	-5.002010256450637
0	0	1.740895946219053	1.259104053780947	0	0.5802986487396842	0	0	0	0	0	0
0	0	1.563103105864707	1.277782745593592	0	0.5502167941954887	0	0	0	0	0	0
0	0	1	1.911103579822827	0	0.3435123390768737	0	0	0	0	0	0
0	0	0.7408959462190526	2.259104053780947	0	0.2469653154063509	0	0	0	0	0	0
0	0	1	2	0	0.3333333333333333	0	0	0	0	0	0
0	0	0.8222071596456546	1.436896894135292	0	0.3639527618347497	0	0	0	0	0	0
0	0	0.7408959462190526	2.099989905239247	0	0.2607975064674745	0	0	0	0	0	0
1	0	0.7408959462190527	2.259104053780947	1	0.2469653154063509	1.349717197270696	0	-1.349717197270696	1	0.2469653154063509	-6.751299264055828
0	1	0.99743127988048	2.00256872011952	0	0.3324770932934933	0	0.4993586437025325	0.4993586437025325	0.6675229067065067	0.3324770932934933	2.497797057447347
1	0	0.7408959462190525	2.259104053780947	1	0.2469653154063508	1.349717197270696	0	-1.349717197270696	1	0.2469653154063508	-6.751299264055829
0	0	0.7686725544357195	1.490431499345228	0	0.3402554889621979	0	0	0	0	0	0
1	0	0.7408959462190527	2.259104053780948	1	0.2469653154063508	1.349717197270696	0	-1.349717197270696	1	0.2469653154063508	-6.751299264055828
0	0	0.8222071596456546	2.045542427836681	0	0.2867081432892784	0	0	0	0	0	0
2	0	0.7762581900513746	2.091491397430962	1	0.2706854857340838	2.576462349295967	0	-2.576462349295967	1	0.07327063218709684	-12.88749109653733
0	0	0	1.355585680708691	0	0	0	0	0	0	0	0
0	0	0.7408959462190526	2.259104053780947	0	0.2469653154063509	0	0	0	0	0	0
0	0	1	2	0	0.3333333333333333	0	0	0	0	0	0
0	0	0.7408959462190526	2.259104053780947	0	0.2469653154063509	0	0	0	0	0	0
0	0	1	2	0	0.3333333333333333	0	0	0	0	0	0
0	0	0.7686725544357195	2.142431025387108	0	0.2640485071584096	0	0	0	0	0	0
1	0	1.129280514662231	1.268740276598476	1	0.4709219030868103	0.8855195737607333	0	-0.8855195737607333	1	0.4709219030868104	-4.429377990238984
0	0	0.7408959462190526	2.259104053780947	0	0.2469653154063509	0	0	0	0	0	0
0	1	0.7706374658281437	2.097112121654193	0	0.2687255083888633	0	0.4768462256616039	0.4768462256616039	0.7312744916111367	0.2687255083888633	2.385189711509117
0	0	1	2	0	0.3333333333333333	0	0	0	0	0	0
0	2	0.7408959462190526	2.039571804795462	0	0.2664644989853669	0	0.9805979839972193	0.9805979839972193	0.5380743312487888	0.4619256687512112	4.904961173408909
0	0	0.7408959462190526	2.259104053780947	0	0.2469653154063509	0	0	0	0	0	0
0	0	0.7408959462190526	2.259104053780947	0	0.2469653154063509	0	0	0	0	0	0
0	0	0.7408959462190526	2.099989905239247	0	0.2607975064674745	0	0	0	0	0	0
0	0	0.7408959462190526	2	0	0.2703115918140149	0	0	0	0	0	0
0	0	1	2	0	0.3333333333333333	0	0	0	0	0	0
0	0	0.7408959462190526	2	0	0.2703115918140149	0	0	0	0	0	0
0	0	0.7408959462190526	2.259104053780947	0	0.2469653154063509	0	0	0	0	0	0
0	0	1	2	0	0.3333333333333333	0	0	0	0	0	0
0	0	1	2	0	0.3333333333333333	0	0	0	0	0	0
0	0	0.7408959462190526	2.259104053780947	0	0.2469653154063509	0	0	0	0	0	0
0	0	0.7408959462190526	2	0	0.2703115918140149	0	0	0	0	0	0
0	0	1	2	0	0.3333333333333333	0	0	0	0	0	0
0	0	1	2	0	0.3333333333333333	0	0	0	0	0	0
1	0	1	2	1	0.3333333333333333	1	0	-1	1	0.3333333333333333	-5.002010256450637
1	0	0.9203529482029115	2.077346531089227	1	0.3070197511660638	1.086539682360564	0	-1.086539682360564	1	0.3070197511660638	-5.434882635208158
0	0	1	1.740895946219053	0	0.3648442040929926	0	0	0	0	0	0
1	0	1.736867762250627	1.258620370197088	1	0.5798279563976685	0.5757490706743292	0	-0.5757490706743292	1	0.5798279563976685	-2.879902756654917
0	0	1	2	0	0.3333333333333333	0	0	0	0	0	0
0	0	1	2	0	0.3333333333333333	0	0	0	0	0	0
0	0	1	1.740895946219053	0	0.3648442040929926	0	0	0	0	0	0
0	0	1	2	0	0.3333333333333333	0	0	0	0	0	0
0	0	1	2	0	0.3333333333333333	0	0	0	0	0	0
0	0	1	2	0	0.3333333333333333	0	0	0	0	0	0
0	0	1.740895946219053	1.259104053780947	0	0.5802986487396842	0	0	0	0	0	0
0	0	0.8222071596456546	2.088896420177173	0	0.2824383046156314	0	0	0	0	0	0
0	0	0.7408959462190526	2.259104053780947	0	0.2469653154063509	0	0	0	0	0	0
0	0	0.7408959462190526	2.259104053780947	0	0.2469653154063509	0	0	0	0	0	0
0	0	0.7408959462190526	2.259104053780947	0	0.2469653154063509	0	0	0	0	0	0
0	0	0.7686725544357195	2.142431025387108	0	0.2640485071584096	0	0	0	0	0	0
0	0	0.7408959462190526	2.259104053780947	0	0.2469653154063509	0	0	0	0	0	0
0	0	0.7408959462190526	2.259104053780947	0	0.2469653154063509	0	0	0	0	0	0
0	0	0.7408959462190526	2.259104053780947	0	0.2469653154063509	0	0	0	0	0	0
0	0	0	1.355585680708691	0	0	0	0	0	0	0	0
0	2	0.9967832957899276	2.003216704210072	0	0.3322610985966425	0	0.9983942305376589	0.9983942305376589	0.4458752404473628	0.5541247595526373	4.993978181130511
0	0	1	1.911103579822827	0	0.3435123390768737	0	0	0	0	0	0
0	0	1	2	0	0.3333333333333333	0	0	0	0	0	0
0	0	1	2	0	0.3333333333333333	0	0	0	0	0	0
0	0	0.7686725544357195	1.490431499345228	0	0.3402554889621979	0	0	0	0	0	0
1	0	0.7408959462190527	2.259104053780948	1	0.2469653154063508	1.349717197270696	0	-1.349717197270696	1	0.2469653154063508	-6.751299264055828
0	0	1	1.911103579822827	0	0.3435123390768737	0	0	0	0	0	0
0	0	1	2	0	0.3333333333333333	0	0	0	0	0	0
1	0	0.7408959462190525	2.259104053780947	1	0.2469653154063508	1.349717197270696	0	-1.349717197270696	1	0.2469653154063508	-6.751299264055829
0	0	1	2	0	0.3333333333333333	0	0	0	0	0	0
0	1	1	2	0	0.3333333333333333	0	0.5	0.5	0.6666666666666667	0.3333333333333333	2.501005128225319
0	0	0.7408959462190526	2.099989905239247	0	0.2607975064674745	0	0	0	0	0	0
0	4	0.2715267579889888	2.717588050081192	0	0.09083851756242535	0	1.471893431339049	1.471893431339049	0.6832255712631214	0.3167744287368786	7.362426039960242
0	0	0.9212841926922715	2.078715807307729	0	0.3070947308974238	0	0	0	0	0	0
0	3	0.8927502195994584	1.983195011228553	0	0.310419756965409	0	1.512710541834993	1.512710541834993	0.3279098257778805	0.6720901742221195	7.566593645299637
0	0	1	2	0	0.3333333333333333	0	0	0	0	0	0
0	3	0.741892326254675	2.253363693857374	0	0.2476891194853259	0	1.331343008755285	1.331343008755285	0.425786638588699	0.574213361411301	6.659391384647787
1	2	0.7408959462190527	2.259104053780948	0.3333333333333333	0.2469653154063508	1.349717197270696	0.8853067200037561	-0.4644104772669397	0.8471501503072751	0.5729832208520524	-2.322985970492368
0	0	0.7408959462190526	2.259104053780947	0	0.2469653154063509	0	0	0	0	0	0
0	0	0.7408959462190526	2.259104053780947	0	0.2469653154063509	0	0	0	0	0	0
1	0	0.7408959462190526	2.259104053780947	1	0.2469653154063509	1.349717197270696	0	-1.349717197270696	1	0.2469653154063509	-6.751299264055828
0	0	0.7408959462190526	2.259104053780947	0	0.2469653154063509	0	0	0	0	0	0
0	0	0.8677495874823363	2	0	0.3025890375052425	0	0	0	0	0	0
1	0	1.545291336202915	1.262326367416398	1	0.5503923608299208	0.6471271640318627	0	-0.6471271640318627	1	0.5503923608299208	-3.236936711715191
0	0	0.7408959462190526	2.259104053780947	0	0.2469653154063509	0	0	0	0	0	0
0	0	0	1.355585680708691	0	0	0	0	0	0	0	0
0	0	1.563103105864707	1.277782745593592	0	0.5502167941954887	0	0	0	0	0	0
0	0	1	2	0	0.3333333333333333	0	0	0	0	0	0
0	2	0.7418623437378564	2.232360570790342	0	0.2494306462753946	0	0.8959126165232	0.8959126165232	0.5633543547505718	0.4366456452494282	4.481364096732572
0	3	1.481770428035941	1.259125518183112	0	0.5406153524653057	0	2.382605988582401	2.382605988582401	0.09694589657096149	0.9030541034290385	11.91781959196988
0	1	0.7446222313430214	2.237636122846258	0	0.2496840122174611	0	0.4469001862233109	0.4469001862233109	0.7503159877825389	0.2496840122174611	2.235399315098701
0	1	0.7492631885537999	2.2507368114462	0	0.2497543961846	0	0.4442989490883454	0.4442989490883454	0.7502456038154001	0.2497543961845999	2.222387900270143
0	0	0.7686725544357195	2.099077033046617	0	0.2680403330161595	0	0	0	0	0	0
0	0	0.7408959462190526	2	0	0.2703115918140149	0	0	0	0	0	0
0	0	1	2	0	0.3333333333333333	0	0	0	0	0	0
0	0	1	2	0	0.3333333333333333	0	0	0	0	0	0
2	0	1.558959714638365	1.274187267831055	1	0.5502572666666058	1.282906787917829	0	-1.282906787917829	0.9999999999999999	0.3027830595194042	-6.417112911235123
0	0	0.7408959462190526	2.259104053780947	0	0.2469653154063509	0	0	0	0	0	0
0	0	1	2	0	0.3333333333333333	0	0	0	0	0	0
0	0	1	2	0	0.3333333333333333	0	0	0	0	0	0
0	0	0	3	0	0	0	0	0	0	0	0
0	0	1	2	0	0.3333333333333333	0	0	0	0	0	0
0	0	0.7408959462190526	2.259104053780947	0	0.2469653154063509	0	0	0	0	0	0
0	1	0.7408959462190526	2.259104053780947	0	0.2469653154063509	0	0.4426533600018782	0.4426533600018782	0.7530346845936491	0.2469653154063509	2.214156646781731
1	0	0.7690886003542855	2.142014979468541	1	0.2641914240650596	1.300240309815207	0	-1.300240309815207	1	0.2641914240650596	-6.503815365546219
0	2	0.7686725544357198	1.560813324606582	0	0.3299751938190484	0	1.281383217627335	1.281383217627335	0.4489332408978217	0.5510667591021783	6.409491997015649
0	0	0.7408959462190526	2.259104053780947	0	0.2469653154063509	0	0	0	0	0	0
0	0	0.7408959462190526	2.259104053780947	0	0.2469653154063509	0	0	0	0	0	0
0	0	0.7686725544357195	2.099077033046617	0	0.2680403330161595	0	0	0	0	0	0
0	0	1.563103105864707	1.277782745593592	0	0.5502167941954887	0	0	0	0	0	0
0	0	0.7408959462190526	2	0	0.2703115918140149	0	0	0	0	0	0
0	0	0.900010094760753	2.099989905239247	0	0.300003364920251	0	0	0	0	0	0
0	0	0	1.355585680708691	0	0	0	0	0	0	0	0
2	0	1	1.997569203283781	1	0.3336036408782552	2	0	-2	1	0.1112913892072278	-10.00402051290127
0	0	1	2	0	0.3333333333333333	0	0	0	0	0	0
0	2	0.7718538567408562	2.228146143259145	0	0.2572846189136186	0	0.8976071906461971	0.8976071906461971	0.5516261373022887	0.4483738626977113	4.48984037387612
0	0	0.7408959462190526	2.259104053780947	0	0.2469653154063509	0	0	0	0	0	0
0	0	1	2	0	0.3333333333333333	0	0	0	0	0	0
0	7	0.998715835218034	2.001284164781966	0	0.3329052784060113	0	3.497754153649954	3.497754153649954	0.05879122779616022	0.9412087722038398	17.49580215109988
0	0	1	2	0	0.3333333333333333	0	0	0	0	0	0
0	1	0.7408959462190526	2.253965461198568	0	0.2473890592679896	0	0.443662521549128	0.443662521549128	0.7526109407320104	0.2473890592679896	2.21920448319149
1	1	0.8084432265415847	2.077048006751474	0.5	0.2801752496121609	1.236945238910431	0.4814525214388333	-0.7554927174715975	0.9215018295047633	0.4818523287290851	-3.778982321466694
0	0	0.7408959462190526	2.259104053780947	0	0.2469653154063509	0	0	0	0	0	0
0	0	0.7686725544357195	1.490431499345228	0	0.3402554889621979	0	0	0	0	0	0
0	0	0.900010094760753	2.099989905239247	0	0.300003364920251	0	0	0	0	0	0
0	0	0.7408959462190526	2.259104053780947	0	0.2469653154063509	0	0	0	0	0	0
0	8	1.616090826872387	1.383909173127613	0	0.5386969422907958	0	5.780726188786022	5.780726188786022	0.002050645864019545	0.9979493541359804	28.91525168604048
0	0	0.7408959462190526	2	0	0.2703115918140149	0	0	0	0	0	0
1	1	1	2	0.5	0.3333333333333333	1	0.5	-0.5	0.8888888888888891	0.5555555555555555	-2.501005128225319
0	0	0.7686725544357195	1.490431499345228	0	0.3402554889621979	0	0	0	0	0	0
0	2	1	1.880294892475428	0	0.3471866726606471	0	1.063662943511472	1.063662943511472	0.4261652403518771	0.5738347596481228	5.320452952850856
0	1	1	1.765322553762425	0	0.3616214674991264	0	0.56646871579854	0.56646871579854	0.6383785325008735	0.3616214674991265	2.833482326382718
0	0	1	1.911103579822827	0	0.3435123390768737	0	0	0	0	0	0
0	0	0.8677495874823363	2	0	0.3025890375052425	0	0	0	0	0	0
0	0	0.900010094760753	2.099989905239247	0	0.300003364920251	0	0	0	0	0	0
0	1	0.9966904763231458	2.003309523676854	0	0.3322301587743819	0	0.4991739859373354	0.4991739859373354	0.6677698412256181	0.3322301587743819	2.496873397411898
1	0	1	2.000000000000001	1	0.3333333333333333	0.9999999999999996	0	-0.9999999999999996	1	0.3333333333333333	-5.002010256450634
0	0	1	2	0	0.3333333333333333	0	0	0	0	0	0
0	0	1	2	0	0.3333333333333333	0	0	0	0	0	0
0	0	0.7686725544357195	2.099077033046617	0	0.2680403330161595	0	0	0	0	0	0
0	0	0.8677495874823363	2	0	0.3025890375052425	0	0	0	0	0	0
0	0	0.7408959462190526	2.259104053780947	0	0.2469653154063509	0	0	0	0	0	0
0	0	0.7686725544357195	1.490431499345228	0	0.3402554889621979	0	0	0	0	0	0
0	0	0.7686725544357195	1.490431499345228	0	0.3402554889621979	0	0	0	0	0	0
0	1	1	2.000000000000001	0	0.3333333333333333	0	0.4999999999999998	0.4999999999999998	0.6666666666666667	0.3333333333333333	2.501005128225317
1	1	1	2	0.5	0.3333333333333333	1	0.5	-0.5	0.8888888888888891	0.5555555555555555	-2.501005128225319
1	0	0.9000100947607531	2.099989905239247	1	0.300003364920251	1.111098648583299	0	-1.111098648583299	1	0.3000033649202509	-5.557726836142105
1	0	1	2	1	0.3333333333333333	1	0	-1	1	0.3333333333333333	-5.002010256450637
0	0	0.7408959462190526	2.259104053780947	0	0.2469653154063509	0	0	0	0	0	0
0	0	0.900010094760753	2.099989905239247	0	0.300003364920251	0	0	0	0	0	0
0	0	1	1.911103579822827	0	0.3435123390768737	0	0	0	0	0	0
0	5	0.9800620909657149	2.009007450130752	0	0.327881997220514	0	2.488791168830452	2.488791168830452	0.1371600519678528	0.8628399480321471	12.44895895265369
0	0	0.8677495874823363	2	0	0.3025890375052425	0	0	0	0	0	0
0	0	1	2	0	0.3333333333333333	0	0	0	0	0	0
1	0	0.8682772112021071	2.000775803368561	1	0.3026354712835581	1.151705914998651	0	-1.151705914998651	1	0.3026354712835581	-5.760844799238119
0	2	0.5526192547251958	2.447380745274805	0	0.1842064182417319	0	0.8172001858972824	0.8172001858972824	0.6655191680379841	0.3344808319620159	4.087643711431573
0	0	0.9212841926922715	2.078715807307729	0	0.3070947308974238	0	0	0	0	0	0
0	1	0.7408959462190526	2.259104053780947	0	0.2469653154063509	0	0.4426533600018782	0.4426533600018782	0.7530346845936491	0.2469653154063509	2.214156646781731
1	1	0.8996154874535506	2.100384512546448	0.5	0.2998718291511836	1.111586020857197	0.4761033010987248	-0.6354827197584723	0.9100768860815234	0.5098205443838906	-3.178691082029024
1	0	1	2	1	0.3333333333333333	0.9999999999999998	0	-0.9999999999999998	1	0.3333333333333333	-5.002010256450636
0	0	0.7408959462190526	2.259104053780947	0	0.2469653154063509	0	0	0	0	0	0
0	0	0.8677495874823363	2	0	0.3025890375052425	0	0	0	0	0	0
0	1	0.3344633639897183	2.665536636010282	0	0.1114877879965728	0	0.3751589779297795	0.3751589779297795	0.8885122120034272	0.1114877879965728	1.876549055404295
0	0	0.7408959462190526	2.259104053780947	0	0.2469653154063509	0	0	0	0	0	0
0	0	0.900010094760753	2.099989905239247	0	0.300003364920251	0	0	0	0	0	0
0	0	0.7408959462190526	2	0	0.2703115918140149	0	0	0	0	0	0
0	0	0	1.355585680708691	0	0	0	0	0	0	0	0
0	0	1	2	0	0.3333333333333333	0	0	0	0	0	0
0	0	0.2313274455642805	2.76867255443572	0	0.07710914852142683	0	0	0	0	0	0
0	0	1	2	0	0.3333333333333333	0	0	0	0	0	0
0	0	0.7686725544357195	2.099077033046617	0	0.2680403330161595	0	0	0	0	0	0
1	0	1	2	1	0.3333333333333333	1	0	-1	1	0.3333333333333333	-5.002010256450637
0	0	1	1.911103579822827	0	0.3435123390768737	0	0	0	0	0	0
0	0	0.7408959462190526	2.259104053780947	0	0.2469653154063509	0	0	0	0	0	0
0	0	0.2313274455642805	2.76867255443572	0	0.07710914852142683	0	0	0	0	0	0
0	0	1	2	0	0.3333333333333333	0	0	0	0	0	0
0	0	1.563103105864707	1.277782745593592	0	0.5502167941954887	0	0	0	0	0	0
0	0	0.900010094760753	2.099989905239247	0	0.300003364920251	0	0	0	0	0	0
0	0	0.7408959462190526	2.259104053780947	0	0.2469653154063509	0	0	0	0	0	0
0	0	0.7408959462190526	2.259104053780947	0	0.2469653154063509	0	0	0	0	0	0
0	0	1	2	0	0.3333333333333333	0	0	0	0	0	0
0	0	1	2	0	0.3333333333333333	0	0	0	0	0	0
0	0	0.7408959462190526	2.259104053780947	0	0.2469653154063509	0	0	0	0	0	0
0	0	1.740895946219053	1.259104053780947	0	0.5802986487396842	0	0	0	0	0	0
0	0	0.900010094760753	2.099989905239247	0	0.300003364920251	0	0	0	0	0	0
0	0	1	2	0	0.3333333333333333	0	0	0	0	0	0
0	0	1	2	0	0.3333333333333333	0	0	0	0	0	0
0	0	0.9212841926922715	2.078715807307729	0	0.3070947308974238	0	0	0	0	0	0
0	0	1	2	0	0.3333333333333333	0	0	0	0	0	0
0	0	0.7408959462190526	2	0	0.2703115918140149	0	0	0	0	0	0
0	0	0.7408959462190526	2.259104053780947	0	0.2469653154063509	0	0	0	0	0	0
1	0	0.7690707010389655	2.098678886443371	1	0.2681791689190514	1.300270571547016	0	-1.300270571547016	1	0.2681791689190514	-6.503966735039106
0	0	0.2313274455642805	2.76867255443572	0	0.07710914852142683	0	0	0	0	0	0
0	0	1.1591141485417	1.099989905239247	0	0.5130857724776997	0	0	0	0	0	0
0	0	0.7408959462190526	2.259104053780947	0	0.2469653154063509	0	0	0	0	0	0
0	0	1	2	0	0.3333333333333333	0	0	0	0	0	0
0	0	0.7686725544357195	2.099077033046617	0	0.2680403330161595	0	0	0	0	0	0
0	0	0.7408959462190526	2.259104053780947	0	0.2469653154063509	0	0	0	0	0	0
0	0	1	1.740895946219053	0	0.3648442040929926	0	0	0	0	0	0
0	0	0.2313274455642805	2.76867255443572	0	0.07710914852142683	0	0	0	0	0	0
0	0	0	3	0	0	0	0	0	0	0	0
0	0	0.8677495874823363	2	0	0.3025890375052425	0	0	0	0	0	0
0	0	1	1.740895946219053	0	0.3648442040929926	0	0	0	0	0	0
0	0	0.7408959462190526	2.259104053780947	0	0.2469653154063509	0	0	0	0	0	0
0	0	1	2	0	0.3333333333333333	0	0	0	0	0	0
0	0	1	2	0	0.3333333333333333	0	0	0	0	0	0
0	0	0.900010094760753	2.099989905239247	0	0.300003364920251	0	0	0	0	0	0
1	0	1	1.995990458384235	1	0.3337794341772734	1	0	-1	1	0.3337794341772734	-5.002010256450637
0	0	0.7686725544357195	2.099077033046617	0	0.2680403330161595	0	0	0	0	0	0
0	0	0.7408959462190526	2.099989905239247	0	0.2607975064674745	0	0	0	0	0	0
1	1	0.767533365975557	2.188464929403589	0.5	0.2596528445822769	1.302874955447665	0.4569412955009176	-0.8459336599467473	0.932580400300332	0.4518860894648858	-4.231368843330455
0	0	1	2	0	0.3333333333333333	0	0	0	0	0	0
0	2	0.799710697293307	2.123320476258214	0	0.2735895205392722	0	0.9419209310901886	0.9419209310901886	0.5276721846703645	0.4723278153296355	4.711498158078657
1	0	0.7408959462190526	2.099989905239247	1	0.2607975064674745	1.349717197270696	0	-1.349717197270696	1	0.2607975064674745	-6.751299264055828
0	0	0.900010094760753	2.099989905239247	0	0.300003364920251	0	0	0	0	0	0
1	0	1	2	1	0.3333333333333333	0.9999999999999998	0	-0.9999999999999998	1	0.3333333333333333	-5.002010256450636
0	0	1	2	0	0.3333333333333333	0	0	0	0	0	0
0	0	0.7408959462190526	2.259104053780947	0	0.2469653154063509	0	0	0	0	0	0
0	0	1	1.911103579822827	0	0.3435123390768737	0	0	0	0	0	0
0	0	0.7408959462190526	2.259104053780947	0	0.2469653154063509	0	0	0	0	0	0
1	0	0.9000100947607531	2.099989905239247	1	0.300003364920251	1.111098648583299	0	-1.111098648583299	1	0.3000033649202509	-5.557726836142105
1	0	1	2	1	0.3333333333333333	1	0	-1	1	0.3333333333333333	-5.002010256450637
0	0	0.7408959462190526	2.259104053780947	0	0.2469653154063509	0	0	0	0	0	0
0	0	0.7408959462190526	2.259104053780947	0	0.2469653154063509	0	0	0	0	0	0
0	0	0.7686725544357195	2.099077033046617	0	0.2680403330161595	0	0	0	0	0	0
0	0	1	2	0	0.3333333333333333	0	0	0	0	0	0
2	0	0.7408959462190527	2.259104053780948	1	0.2469653154063508	2.699434394541392	0	-2.699434394541392	1	0.06099186701375825	-13.50259852811166
0	0	0.7686725544357195	1.490431499345228	0	0.3402554889621979	0	0	0	0	0	0
0	0	0.7408959462190526	2.259104053780947	0	0.2469653154063509	0	0	0	0	0	0
0	1	0.9866277201336814	2.013372279866319	0	0.3288759067112271	0	0.4966791338094694	0.4966791338094694	0.671124093288773	0.328875906711227	2.484394121479984
0	0	0.7408959462190526	2.259104053780947	0	0.2469653154063509	0	0	0	0	0	0
0	0	0.9212841926922715	2.078715807307729	0	0.3070947308974238	0	0	0	0	0	0
0	0	0.900010094760753	2.099989905239247	0	0.300003364920251	0	0	0	0	0	0
0	0	1	2	0	0.3333333333333333	0	0	0	0	0	0
2	0	0.7408959462190527	2	1	0.2703115918140148	2.699434394541392	0	-2.699434394541392	0.9999999999999999	0.07306835666902667	-13.50259852811166
0	0	1	2	0	0.3333333333333333	0	0	0	0	0	0
0	0	1	2	0	0.3333333333333333	0	0	0	0	0	0
0	0	0.7408959462190526	2.099989905239247	0	0.2607975064674745	0	0	0	0	0	0
0	0	1	2	0	0.3333333333333333	0	0	0	0	0	0
0	0	0.8677495874823363	2	0	0.3025890375052425	0	0	0	0	0	0
1	0	0.7408959462190527	2	1	0.2703115918140149	1.349717197270696	0	-1.349717197270696	1	0.2703115918140149	-6.751299264055828
0	0	1	2	0	0.3333333333333333	0	0	0	0	0	0
0	0	0.8222071596456546	2.045542427836681	0	0.2867081432892784	0	0	0	0	0	0
0	0	0.7686725544357195	1.490431499345228	0	0.3402554889621979	0	0	0	0	0	0
0	2	0.7408959462190527	2.259104053780947	0	0.2469653154063509	0	0.8853067200037563	0.8853067200037563	0.5670612362010565	0.4329387637989435	4.428313293563462
0	0	1	2	0	0.3333333333333333	0	0	0	0	0	0
0	0	1.740895946219053	1.259104053780947	0	0.5802986487396842	0	0	0	0	0	0
0	0	0.7686725544357195	2.099077033046617	0	0.2680403330161595	0	0	0	0	0	0
0	0	1.563103105864707	1.277782745593592	0	0.5502167941954887	0	0	0	0	0	0
0	0	1	2	0	0.3333333333333333	0	0	0	0	0	0
0	0	1	2	0	0.3333333333333333	0	0	0	0	0	0
1	0	1	1.927771508332443	1	0.3415567086277049	0.9999999999999996	0	-0.9999999999999996	1	0.3415567086277049	-5.002010256450634
0	0	0	3	0	0	0	0	0	0	0	0
2	0	1.120020582070419	1.229945930374638	1	0.4766112947307822	1.785681470516274	0	-1.785681470516274	1	0.2271583262649524	-8.931997030276259
0	0	0.7408959462190526	2.259104053780947	0	0.2469653154063509	0	0	0	0	0	0
0	0	1	2	0	0.3333333333333333	0	0	0	0	0	0
0	0	1	2	0	0.3333333333333333	0	0	0	0	0	0
0	0	0.8222071596456546	2.088896420177173	0	0.2824383046156314	0	0	0	0	0	0
0	1	0.7718720472001579	2.095877540282178	0	0.2691560136803305	0	0.4771271130017287	0.4771271130017287	0.7308439863196695	0.2691560136803305	2.386594712865329
0	0	0.7686725544357195	1.490431499345228	0	0.3402554889621979	0	0	0	0	0	0
0	0	1	2	0	0.3333333333333333	0	0	0	0	0	0
0	0	0.8677495874823363	2	0	0.3025890375052425	0	0	0	0	0	0
0	0	1	2	0	0.3333333333333333	0	0	0	0	0	0
0	0	0.2313274455642805	2.76867255443572	0	0.07710914852142683	0	0	0	0	0	0
0	0	0.7408959462190526	2.259104053780947	0	0.2469653154063509	0	0	0	0	0	0
2	0	0.9999999999999998	2	1	0.3333333333333334	2	0	-2	1	0.111111111111111	-10.00402051290128
0	0	1	2	0	0.3333333333333333	0	0	0	0	0	0
1	0	0.356704311924178	2.643295688075823	1	0.1189014373080593	2.803442421555483	0	-2.803442421555483	1	0.1189014373080592	-14.02284774598933
1	0	1	2	1	0.3333333333333333	0.9999999999999998	0	-0.9999999999999998	1	0.3333333333333333	-5.002010256450636
0	0	1	2	0	0.3333333333333333	0	0	0	0	0	0
0	0	0.7408959462190526	2.259104053780947	0	0.2469653154063509	0	0	0	0	0	0
0	0	0.2313274455642805	2.76867255443572	0	0.07710914852142683	0	0	0	0	0	0
0	0	0.7686725544357195	2.142431025387108	0	0.2640485071584096	0	0	0	0	0	0
0	0	0.7408959462190526	2.259104053780947	0	0.2469653154063509	0	0	0	0	0	0
0	0	1	2	0	0.3333333333333333	0	0	0	0	0	0
0	0	0	1.355585680708691	0	0	0	0	0	0	0	0
0	0	0.8222071596456546	2.088896420177173	0	0.2824383046156314	0	0	0	0	0	0
0	0	1	1.911103579822827	0	0.3435123390768737	0	0	0	0	0	0
0	0	0	3	0	0	0	0	0	0	0	0
0	4	0.8929112389291542	2.107088761070846	0	0.2976370796430514	0	1.898353820636942	1.898353820636942	0.2433583788759046	0.7566416211240954	9.495585281198236
0	0	0.7408959462190526	2.259104053780947	0	0.2469653154063509	0	0	0	0	0	0
0	0	1	2	0	0.3333333333333333	0	0	0	0	0	0
0	0	0	1.355585680708691	0	0	0	0	0	0	0	0
0	0	0.7408959462190526	2	0	0.2703115918140149	0	0	0	0	0	0
1	0	1	2	1	0.3333333333333333	1	0	-1	1	0.3333333333333333	-5.002010256450637
0	0	0.7408959462190526	2.259104053780947	0	0.2469653154063509	0	0	0	0	0	0
1	0	0.9202910469614543	2.077255513210687	1	0.3070147630696366	1.086612765930651	0	-1.086612765930651	1	0.3070147630696366	-5.43524819997531
1	0	0.7408959462190525	2.259104053780947	1	0.2469653154063509	1.349717197270696	0	-1.349717197270696	1	0.2469653154063509	-6.751299264055829
0	0	0.7686725544357195	1.490431499345228	0	0.3402554889621979	0	0	0	0	0	0
0	0	0.7408959462190526	2.259104053780947	0	0.2469653154063509	0	0	0	0	0	0
0	0	1	2	0	0.3333333333333333	0	0	0	0	0	0
0	0	0.8222071596456546	2.088896420177173	0	0.2824383046156314	0	0	0	0	0	0
0	0	1	1.911103579822827	0	0.3435123390768737	0	0	0	0	0	0
1	1	0.8020129575106569	2.098634111480579	0.5	0.2764944987911179	1.246862648084725	0.4765004030619247	-0.7703622450228007	0.9235507921382484	0.4765397897204844	-3.853359850786388
0	0	1	1.911103579822827	0	0.3435123390768737	0	0	0	0	0	0
0	0	0.7686725544357195	1.490431499345228	0	0.3402554889621979	0	0	0	0	0	0
0	0	1	2	0	0.3333333333333333	0	0	0	0	0	0
0	0	1	2	0	0.3333333333333333	0	0	0	0	0	0
0	0	0.7408959462190526	2.259104053780947	0	0.2469653154063509	0	0	0	0	0	0
0	0	1	2	0	0.3333333333333333	0	0	0	0	0	0
0	0	0.7686725544357195	2.099077033046617	0	0.2680403330161595	0	0	0	0	0	0
0	0	0.7408959462190526	2.259104053780947	0	0.2469653154063509	0	0	0	0	0	0
0	0	1	2	0	0.3333333333333333	0	0	0	0	0	0
0	0	0.7686725544357195	1.490431499345228	0	0.3402554889621979	0	0	0	0	0	0
0	0	1	2	0	0.3333333333333333	0	0	0	0	0	0
1	0	1	2	1	0.3333333333333333	1	0	-1	1	0.3333333333333333	-5.002010256450637
0	0	0.900010094760753	2.099989905239247	0	0.300003364920251	0	0	0	0	0	0
0	1	0.7408959462190527	2.259104053780948	0	0.2469653154063508	0	0.4426533600018779	0.4426533600018779	0.7530346845936492	0.2469653154063508	2.21415664678173
0	0	0.7686725544357195	1.490431499345228	0	0.3402554889621979	0	0	0	0	0	0
0	0	0.900010094760753	2.099989905239247	0	0.300003364920251	0	0	0	0	0	0
0	0	0.7408959462190526	2.259104053780947	0	0.2469653154063509	0	0	0	0	0	0
1	0	1	1.998236992132479	1	0.3335293382824804	1	0	-1	1	0.3335293382824804	-5.002010256450637
0	0	0.8222071596456546	2.045542427836681	0	0.2867081432892784	0	0	0	0	0	0
0	0	1.740895946219053	1.259104053780947	0	0.5802986487396842	0	0	0	0	0	0
1	0	0.7408959462190527	2.259104053780948	1	0.2469653154063508	1.349717197270696	0	-1.349717197270696	1	0.2469653154063508	-6.751299264055828
2	0	1.012109993667734	1.582044367659905	1	0.3901502581171597	1.976069807148433	0	-1.976069807148433	1	0.1522172239088863	-9.884321442818893
0	0	1.563103105864707	1.277782745593592	0	0.5502167941954887	0	0	0	0	0	0
0	0	0.900010094760753	2.099989905239247	0	0.300003364920251	0	0	0	0	0	0
0	0	1	2	0	0.3333333333333333	0	0	0	0	0	0
0	0	0.7686725544357195	2.099077033046617	0	0.2680403330161595	0	0	0	0	0	0
0	0	1	2	0	0.3333333333333333	0	0	0	0	0	0
0	0	0.7408959462190526	2.259104053780947	0	0.2469653154063509	0	0	0	0	0	0
0	0	0.8222071596456546	2.088896420177173	0	0.2824383046156314	0	0	0	0	0	0
0	0	0.7686725544357195	2.099077033046617	0	0.2680403330161595	0	0	0	0	0	0
0	0	0.7408959462190526	2.259104053780947	0	0.2469653154063509	0	0	0	0	0	0
0	0	0.7408959462190526	2.259104053780947	0	0.2469653154063509	0	0	0	0	0	0
0	0	0.8222071596456546	1.436896894135292	0	0.3639527618347497	0	0	0	0	0	0
0	0	0.900010094760753	2.099989905239247	0	0.300003364920251	0	0	0	0	0	0
0	0	0.7686725544357195	2.142431025387108	0	0.2640485071584096	0	0	0	0	0	0
0	0	0.7686725544357195	2.099077033046617	0	0.2680403330161595	0	0	0	0	0	0
0	0	0.7686725544357195	2.142431025387108	0	0.2640485071584096	0	0	0	0	0	0
1	0	0.7408959462190525	2.259104053780947	1	0.2469653154063509	1.349717197270696	0	-1.349717197270696	1	0.2469653154063509	-6.751299264055829
0	0	1	1.740895946219053	0	0.3648442040929926	0	0	0	0	0	0
0	0	0.7686725544357195	2.142431025387108	0	0.2640485071584096	0	0	0	0	0	0
2	0	1	2	1	0.3333333333333333	2	0	-2	1	0.1111111111111109	-10.00402051290127
1	0	0.769338133146327	2.141765446676501	1	0.2642771416581301	1.299818580304015	0	-1.299818580304015	1	0.2642771416581301	-6.501705870205789
0	0	1	2	0	0.3333333333333333	0	0	0	0	0	0
1	0	0.8690736708313591	2.001946895645393	1	0.302705484237567	1.150650438004176	0	-1.150650438004176	1	0.3027054842375669	-5.755565292486303
1	0	0.900010094760753	2.099989905239247	1	0.300003364920251	1.111098648583299	0	-1.111098648583299	1	0.3000033649202509	-5.557726836142105
0	0	0.8222071596456546	1.436896894135292	0	0.3639527618347497	0	0	0	0	0	0
0	0	0.7408959462190526	2.259104053780947	0	0.2469653154063509	0	0	0	0	0	0
1	1	0.9997515782384071	2.000248421761593	0.5	0.333250526079469	1.000248483490299	0.4999379022728151	-0.5003105812174843	0.8889440868677574	0.555445139026695	-2.502558658660636
0	0	0.8222071596456546	2.088896420177173	0	0.2824383046156314	0	0	0	0	0	0
0	0	0.7686725544357195	2.099077033046617	0	0.2680403330161595	0	0	0	0	0	0
0	0	0.7408959462190526	2	0	0.2703115918140149	0	0	0	0	0	0
0	1	1	2	0	0.3333333333333333	0	0.4999999999999999	0.4999999999999999	0.6666666666666667	0.3333333333333333	2.501005128225318
0	0	0.8222071596456546	2.088896420177173	0	0.2824383046156314	0	0	0	0	0	0
0	0	0.7408959462190526	2.259104053780947	0	0.2469653154063509	0	0	0	0	0	0
2	0	1	2	1	0.3333333333333333	2	0	-2	1	0.1111111111111109	-10.00402051290127
0	0	0.7686725544357195	2.099077033046617	0	0.2680403330161595	0	0	0	0	0	0
0	0	0.2313274455642805	2.76867255443572	0	0.07710914852142683	0	0	0	0	0	0
0	0	0.7408959462190526	2.259104053780947	0	0.2469653154063509	0	0	0	0	0	0
0	0	1	2	0	0.3333333333333333	0	0	0	0	0	0
0	0	0	1.355585680708691	0	0	0	0	0	0	0	0
0	0	1	1.740895946219053	0	0.3648442040929926	0	0	0	0	0	0
0	0	0.7408959462190526	2	0	0.2703115918140149	0	0	0	0	0	0
0	0	0.7408959462190526	2.259104053780947	0	0.2469653154063509	0	0	0	0	0	0
0	0	1	2	0	0.3333333333333333	0	0	0	0	0	0
0	0	0.8222071596456546	2.088896420177173	0	0.2824383046156314	0	0	0	0	0	0
0	0	1	2	0	0.3333333333333333	0	0	0	0	0	0
0	0	1	2	0	0.3333333333333333	0	0	0	0	0	0
0	0	1	2	0	0.3333333333333333	0	0	0	0	0	0
0	0	1	2	0	0.3333333333333333	0	0	0	0	0	0
0	0	1.740895946219053	1.259104053780947	0	0.5802986487396842	0	0	0	0	0	0
1	0	0.8197925604183183	2.091311019404509	1	0.2816088599871158	1.21982077940513	0	-1.21982077940513	1	0.2816088599871158	-6.10155604961607
1	0	0.7408959462190526	2.259104053780947	1	0.2469653154063509	1.349717197270696	0	-1.349717197270696	1	0.2469653154063509	-6.751299264055828
0	0	0.7686725544357195	1.490431499345228	0	0.3402554889621979	0	0	0	0	0	0
1	0	0.7408959462190527	2.259104053780948	1	0.2469653154063508	1.349717197270696	0	-1.349717197270696	1	0.2469653154063508	-6.751299264055828
0	0	1	2	0	0.3333333333333333	0	0	0	0	0	0
0	0	0.900010094760753	2.099989905239247	0	0.300003364920251	0	0	0	0	0	0
0	0	0.7408959462190526	2.259104053780947	0	0.2469653154063509	0	0	0	0	0	0
0	0	1.740895946219053	1.259104053780947	0	0.5802986487396842	0	0	0	0	0	0
0	0	1	2	0	0.3333333333333333	0	0	0	0	0	0
0	0	0.7408959462190526	2.259104053780947	0	0.2469653154063509	0	0	0	0	0	0
0	0	1	1.740895946219053	0	0.3648442040929926	0	0	0	0	0	0
0	0	0.7686725544357195	2.142431025387108	0	0.2640485071584096	0	0	0	0	0	0
0	0	0	3	0	0	0	0	0	0	0	0
0	0	0.7408959462190526	2.259104053780947	0	0.2469653154063509	0	0	0	0	0	0
0	0	0.7686725544357195	2.099077033046617	0	0.2680403330161595	0	0	0	0	0	0
1	0	1.729865080184671	1.260262942669117	1	0.5785254233140432	0.5780797655579274	0	-0.5780797655579274	1	0.5785254233140432	-2.891560916367332
0	0	0.7408959462190526	2.259104053780947	0	0.2469653154063509	0	0	0	0	0	0
0	0	0.7686725544357195	2.142431025387108	0	0.2640485071584096	0	0	0	0	0	0
0	1	0.7728689827523013	2.094880604730036	0	0.2695036505718132	0	0.477354173666078	0.477354173666078	0.7304963494281868	0.2695036505718132	2.387730472637241
0	0	1	2	0	0.3333333333333333	0	0	0	0	0	0
0	0	0.8222071596456546	2.045542427836681	0	0.2867081432892784	0	0	0	0	0	0
0	0	0.8222071596456546	2.045542427836681	0	0.2867081432892784	0	0	0	0	0	0
0	0	0.7686725544357195	1.490431499345228	0	0.3402554889621979	0	0	0	0	0	0
0	0	1.740895946219053	1.259104053780947	0	0.5802986487396842	0	0	0	0	0	0
0	0	0.9212841926922715	2.078715807307729	0	0.3070947308974238	0	0	0	0	0	0
0	0	0.7686725544357195	2.142431025387108	0	0.2640485071584096	0	0	0	0	0	0
0	0	0.7408959462190526	2.259104053780947	0	0.2469653154063509	0	0	0	0	0	0
0	0	1	2	0	0.3333333333333333	0	0	0	0	0	0
0	0	0.8222071596456546	2.088896420177173	0	0.2824383046156314	0	0	0	0	0	0
0	0	0.7408959462190526	2.259104053780947	0	0.2469653154063509	0	0	0	0	0	0
0	0	0	3	0	0	0	0	0	0	0	0
0	0	1	2	0	0.3333333333333333	0	0	0	0	0	0
0	0	0.7408959462190526	2.259104053780947	0	0.2469653154063509	0	0	0	0	0	0
1	0	1	2	1	0.3333333333333333	1	0	-1	1	0.3333333333333333	-5.002010256450637
0	0	0.7408959462190526	2.099989905239247	0	0.2607975064674745	0	0	0	0	0	0
0	0	0.7408959462190526	2.259104053780947	0	0.2469653154063509	0	0	0	0	0	0
0	0	0.7686725544357195	2.099077033046617	0	0.2680403330161595	0	0	0	0	0	0
0	0	0.2313274455642805	2.76867255443572	0	0.07710914852142683	0	0	0	0	0	0
0	0	0.7408959462190526	2	0	0.2703115918140149	0	0	0	0	0	0
0	0	0.7408959462190526	2.259104053780947	0	0.2469653154063509	0	0	0	0	0	0
0	0	0.7686725544357195	2.099077033046617	0	0.2680403330161595	0	0	0	0	0	0
0	0	0.7408959462190526	2.099989905239247	0	0.2607975064674745	0	0	0	0	0	0
0	0	0.7408959462190526	2.259104053780947	0	0.2469653154063509	0	0	0	0	0	0
0	0	0.7408959462190526	2.259104053780947	0	0.2469653154063509	0	0	0	0	0	0
0	0	1	2	0	0.3333333333333333	0	0	0	0	0	0
0	0	0.7408959462190526	2.099989905239247	0	0.2607975064674745	0	0	0	0	0	0
0	1	0.2273034613007431	2.772696538699257	0	0.07576782043358105	0	0.3606597354029683	0.3606597354029683	0.924232179566419	0.07576782043358099	1.80402369557442
0	0	1	1.911103579822827	0	0.3435123390768737	0	0	0	0	0	0
0	0	1	1.740895946219053	0	0.3648442040929926	0	0	0	0	0	0
1	0	0.8983512648621523	2.101648735137847	1	0.2994504216207174	1.113150322277829	0	-1.113150322277829	1	0.2994504216207174	-5.567989329005031
0	0	0.8677495874823363	2	0	0.3025890375052425	0	0	0	0	0	0
0	0	0.7408959462190526	2.259104053780947	0	0.2469653154063509	0	0	0	0	0	0
0	0	1	1.911103579822827	0	0.3435123390768737	0	0	0	0	0	0
0	0	1	2	0	0.3333333333333333	0	0	0	0	0	0
0	0	0.7408959462190526	2	0	0.2703115918140149	0	0	0	0	0	0
0	3	0.7428258071932736	2.257174192806727	0	0.2476086023977578	0	1.329095472365645	1.329095472365645	0.4259233643902734	0.5740766356097267	6.64814918457506
1	0	0.7408959462190527	2.259104053780948	1	0.2469653154063508	1.349717197270696	0	-1.349717197270696	1	0.2469653154063508	-6.751299264055828
0	1	0.7408959462190526	2.259104053780947	0	0.2469653154063509	0	0.4426533600018782	0.4426533600018782	0.7530346845936491	0.2469653154063509	2.214156646781731
2	0	1	2	1	0.3333333333333333	2	0	-2	1	0.1111111111111109	-10.00402051290127
0	0	0.7408959462190526	2	0	0.2703115918140149	0	0	0	0	0	0
1	0	0.8799760245195983	2.017977415881019	1	0.3036543003941254	1.136394597279995	0	-1.136394597279995	1	0.3036543003941254	-5.684257430969627
0	0	0.7408959462190526	2.259104053780947	0	0.2469653154063509	0	0	0	0	0	0
0	0	0.7686725544357195	2.142431025387108	0	0.2640485071584096	0	0	0	0	0	0
0	0	1	2	0	0.3333333333333333	0	0	0	0	0	0
1	0	1.510099234989055	1.231787996690758	1	0.5507517659885287	0.6622081362800293	0	-0.6622081362800293	1	0.5507517659885287	-3.312371889577768
0	0	0.7408959462190526	2.259104053780947	0	0.2469653154063509	0	0	0	0	0	0
0	0	0.7408959462190526	2.259104053780947	0	0.2469653154063509	0	0	0	0	0	0
1	0	1.1591141485417	1.74147683336596	1	0.3996130980795419	0.8627278005864354	0	-0.8627278005864354	1	0.3996130980795418	-4.31537330705845
1	0	0.7408959462190526	2.259104053780948	1	0.2469653154063508	1.349717197270696	0	-1.349717197270696	1	0.2469653154063508	-6.751299264055828
0	0	0.8222071596456546	1.436896894135292	0	0.3639527618347497	0	0	0	0	0	0
0	0	0.900010094760753	2.099989905239247	0	0.300003364920251	0	0	0	0	0	0
1	0	0.8199396903209093	2.047809897161427	1	0.2859174643071793	1.219601894876705	0	-1.219601894876705	1	0.2859174643071793	-6.100461186959912
1	0	1	1.921289099265674	1	0.342314630979649	0.9999999999999998	0	-0.9999999999999998	1	0.342314630979649	-5.002010256450636
1	0	1	2	1	0.3333333333333333	0.9999999999999998	0	-0.9999999999999998	1	0.3333333333333333	-5.002010256450636
0	0	0.8222071596456546	2.088896420177173	0	0.2824383046156314	0	0	0	0	0	0
1	0	1.733525840747102	1.266474159252898	1	0.5778419469157007	0.5768590098253323	0	-0.5768590098253323	1	0.5778419469157007	-2.885454683672271
0	0	0.8222071596456546	2.045542427836681	0	0.2867081432892784	0	0	0	0	0	0
1	0	1	1.74540584307895	1	0.3642448720362991	1	0	-1	1	0.3642448720362992	-5.002010256450637
2	0	1	1.988266496772807	1	0.334642175013492	2	0	-2	1	0.1119853852977606	-10.00402051290127
0	0	0.7408959462190526	2	0	0.2703115918140149	0	0	0	0	0	0
0	0	0.7686725544357195	2.099077033046617	0	0.2680403330161595	0	0	0	0	0	0
0	0	0.7408959462190526	2.259104053780947	0	0.2469653154063509	0	0	0	0	0	0
0	0	0	1.355585680708691	0	0	0	0	0	0	0	0
0	0	0.900010094760753	2.099989905239247	0	0.300003364920251	0	0	0	0	0	0
0	0	1.740895946219053	1.259104053780947	0	0.5802986487396842	0	0	0	0	0	0
0	0	0	1.355585680708691	0	0	0	0	0	0	0	0
0	0	0.900010094760753	2.099989905239247	0	0.300003364920251	0	0	0	0	0	0
0	0	1	2	0	0.3333333333333333	0	0	0	0	0	0
0	0	0.7408959462190526	2.259104053780947	0	0.2469653154063509	0	0	0	0	0	0
0	0	1	2	0	0.3333333333333333	0	0	0	0	0	0
0	1	0.237040078046118	2.762959921953883	0	0.079013359348706	0	0.3619306932591443	0.3619306932591443	0.920986640651294	0.07901335934870601	1.810381039806529
0	0	1	1.740895946219053	0	0.3648442040929926	0	0	0	0	0	0
0	0	0.7408959462190526	2.099989905239247	0	0.2607975064674745	0	0	0	0	0	0
0	0	0.7408959462190526	2.259104053780947	0	0.2469653154063509	0	0	0	0	0	0
0	0	1.563103105864707	1.277782745593592	0	0.5502167941954887	0	0	0	0	0	0
0	0	1	2	0	0.3333333333333333	0	0	0	0	0	0
0	0	0.7408959462190526	2.099989905239247	0	0.2607975064674745	0	0	0	0	0	0
0	0	1	2	0	0.3333333333333333	0	0	0	0	0	0
0	0	1	2	0	0.3333333333333333	0	0	0	0	0	0
0	0	1.563103105864707	1.277782745593592	0	0.5502167941954887	0	0	0	0	0	0
0	0	1.563103105864707	1.277782745593592	0	0.5502167941954887	0	0	0	0	0	0
1	0	1	1.998894779096865	1	0.3334561809138086	0.9999999999999998	0	-0.9999999999999998	1	0.3334561809138086	-5.002010256450636
0	0	0.7408959462190526	2.259104053780947	0	0.2469653154063509	0	0	0	0	0	0
0	0	0.900010094760753	2.099989905239247	0	0.300003364920251	0	0	0	0	0	0
0	0	0	3	0	0	0	0	0	0	0	0
0	0	0	1.355585680708691	0	0	0	0	0	0	0	0
0	0	1	2	0	0.3333333333333333	0	0	0	0	0	0
0	0	0.7408959462190526	2.099989905239247	0	0.2607975064674745	0	0	0	0	0	0
0	0	0.7686725544357195	1.490431499345228	0	0.3402554889621979	0	0	0	0	0	0
1	0	0.7940699597131666	2.073679627769169	1	0.2768965474458664	1.259334883240287	0	-1.259334883240287	1	0.2768965474458664	-6.29920600227398
0	0	1	2	0	0.3333333333333333	0	0	0	0	0	0
0	0	0.7408959462190526	2.259104053780947	0	0.2469653154063509	0	0	0	0	0	0
0	0	0.900010094760753	2.099989905239247	0	0.300003364920251	0	0	0	0	0	0
0	0	0.9212841926922715	2.078715807307729	0	0.3070947308974238	0	0	0	0	0	0
0	0	0.7408959462190526	2.099989905239247	0	0.2607975064674745	0	0	0	0	0	0
0	0	0.7408959462190526	2.259104053780947	0	0.2469653154063509	0	0	0	0	0	0
0	0	0.900010094760753	2.099989905239247	0	0.300003364920251	0	0	0	0	0	0
0	0	0.7408959462190526	2.099989905239247	0	0.2607975064674745	0	0	0	0	0	0
0	0	0.900010094760753	2.099989905239247	0	0.300003364920251	0	0	0	0	0	0