Observed S Changes	Observed NS Changes	E[S Sites]	E[NS Sites]	Observed S. Prop.	P{S}	dS	dN	dN-dS	P{S leq. observed}	P{S geq. observed}	Scaled dN-dS
0	0	0	2.999999999999992	0	0	0	0	0	0	0	0
8	20	0.862200625228201	2.034030746625028	0.2857142857142857	0.2976974262510316	9.27858292596647	9.832693056968317	0.5541101310018473	0.5382288182922055	0.6251446472250891	0.1148691364742026
26.5	12.5	0.9997878304346319	2.000212169565363	0.6794871794871795	0.3332626101448778	26.50562368665741	6.24933704043816	-20.25628664621925	0.9999969985924348	1.314458164503041e-05	-4.199205221204248
1	20	0.9210699112909728	2.078930088709019	0.04761904761904762	0.3070233037636584	1.085693917195057	9.620333126459132	8.534639209264075	0.004656924144641153	0.9995480491225143	1.769263150476069
2	4	0.9208228747874302	2.079177125212563	0.3333333333333333	0.3069409582624775	2.171970369938622	1.923838018173206	-0.2481323517654159	0.7313500779509501	0.5946981794149643	-0.05143877973693173
24	1	0.9999999999999971	1.999999999999994	0.96	0.3333333333333334	24.00000000000007	0.5000000000000014	-23.50000000000007	0.9999999999988203	6.01915184361701e-11	-4.871639329645771
12	5	1.656320230848042	1.217873154266472	0.7058823529411765	0.5762730647931161	7.244975806312502	4.105517871449851	-3.139457934862651	0.9102320213113293	0.2031438182147319	-0.6508215637976739
0	7	0.7952810026829806	2.204703626888116	0	0.2650950257690756	0	3.17502992902512	3.17502992902512	0.1157759380589187	0.8842240619410814	0.6581957734060063
1	16	0.7950570253066932	2.000804903428105	0.05882352941176471	0.2843692019034994	1.257771415345019	7.996781681505373	6.739010266160355	0.02626092910659621	0.9966137939113326	1.39702244491546
4	17	0.9207125994666082	2.079287400533383	0.1904761904761905	0.3069041998222036	4.344461021080085	8.17587794531873	3.831416924238645	0.18009124101525	0.9242752360979088	0.7942672926123981
2	5	1.789592824086493	1.209078500140896	0.2857142857142857	0.5967952571619645	1.11757265288595	4.135380787448741	3.017808134562792	0.09939036651334096	0.9803169486817096	0.625603097772808
12	11	0.7950933737744469	2.078650140874279	0.5217391304347826	0.2766751346184894	15.0925669812011	5.291895823976136	-9.800671157224961	0.996629044638277	0.01108550626756322	-2.03171638580689
27	10	1.792050239098502	1.207250697213266	0.7297297297297297	0.5974893073924691	15.06654189203002	8.283283681743407	-6.783258210286611	0.9674873063813045	0.06804954798326923	-1.40619521193084
4	28	0.9996663191546951	2.000333680845297	0.125	0.3332221063848992	4.001335168901507	13.99766462371808	9.996329454816577	0.006997535558274414	0.9982291732128811	2.072277094645989
16	24	0.7974585578850193	2.202397952809781	0.4	0.2658322339891914	20.06373853762937	10.89721318047051	-9.166525357158861	0.9787731573166719	0.04473018167103948	-1.900255550899158
16	24	0.9999999999999977	1.999999999999995	0.4	0.3333333333333334	16.00000000000004	12.00000000000003	-4.000000000000011	0.8555741754076438	0.231159851695435	-0.8292152050460884
2	3	0.818613379559341	1.386724583560792	0.4	0.3711963396309376	2.443155767960449	2.16337118095699	-0.2797845870034585	0.7310350650934619	0.6115374793483697	-0.05800040842020185
6	13	0.8192764436954584	2.077358614605614	0.3157894736842105	0.2828373016295599	7.323535353874182	6.257946946954099	-1.065588406920083	0.7248430389914051	0.4595446511805092	-0.2209005273347423
11	40	0.9749220973279626	2.02507790267203	0.2156862745098039	0.324974032442655	11.28295279197022	19.75232653875744	8.469373746787216	0.06107130631312359	0.9691977384961729	1.755733372013525
8	7	0.9999498678589511	2.000050132141043	0.5333333333333333	0.3333166226196511	8.000401077235251	3.499912270952197	-4.500488806283053	0.9691821479388183	0.08820857827327244	-0.9329684370774044
11	20	0.9963776957283496	1.934795979875688	0.3548387096774194	0.3399244828176285	11.03999020367375	10.33700721317656	-0.7029829904971834	0.6486773729688977	0.4974800332262455	-0.1457310461522582
2	9	0.7960188485280157	2.20396204145955	0.1818181818181818	0.2653413064012268	2.512503320365297	4.083554902805788	1.571051582440491	0.4087259480662602	0.83267724782825	0.3256849650178424
3	11	0.7950974540150884	2.20471863751619	0.2142857142857143	0.2650487329072314	3.773122382483531	4.989298776188726	1.216176393705195	0.468976918631638	0.7600689979466635	0.2521179894196156
6	10	0.7950251411572575	2.204949379451075	0.375	0.2650106311556416	7.546931146436775	4.535251508807658	-3.011679637629117	0.8964016502917189	0.2312170791084078	-0.6243326370624376
4	9	0.7950442394907248	2.20494302101684	0.3076923076923077	0.2650158718861399	5.031166570758689	4.081738128475322	-0.9494284422833674	0.7547350650736003	0.4660121466564147	-0.1968201251111472
22	19	0.9959475672627326	2.004039695848808	0.5365853658536586	0.3319839319016811	22.08951627891909	9.480850124554332	-12.60866615436476	0.9978712583225857	0.005471418528716465	-2.613824422637305
7	0	0.9999999999999976	1.999999999999995	1	0.3333333333333333	7.000000000000017	0	-7.000000000000017	1	0.0004572473708274183	-1.451126608830654
22	7	0.9984267137997901	2.001171316282198	0.7586206896551724	0.3328535036317849	22.03466683726129	3.497951396287595	-18.53671544097369	0.9999995101369551	3.324249593483763e-06	-3.842731573816988
13	0	1.794488691008573	1.205349854270084	1	0.5981950908100894	7.244403414263643	0	-7.244403414263643	1	0.001255905550388681	-1.501792365648798
6	0	0.7950068368313403	2.07918019927262	1	0.2766023320142011	7.54710490781967	0	-7.54710490781967	0.9999999999999998	0.0004478525215426687	-1.564543535910503
6	3	1.00113728111287	1.998862718887123	0.6666666666666666	0.333712427037624	5.993184064956973	1.500853446138745	-4.492330618818228	0.9916603341296918	0.04265582737180018	-0.9312772138045419
21	0	0.9999999999999977	1.999734130415421	1	0.3333628770165417	21.00000000000005	0	-21.00000000000005	0.9999999999999993	9.577783011138763e-11	-4.353379826491962
14	0	0.795006836831341	2.204993163168653	1	0.2650022789437809	17.60991145157922	0	-17.60991145157922	0.9999999999999987	8.423538977453404e-09	-3.65060158379117
1	4	0.7950068368313409	2.204855345332214	0.2	0.2650144535166504	1.257850817969944	1.814177972477058	0.556327154507114	0.6011662677028872	0.7855164477531128	0.1153287338743305
4	5	0.9999999999999977	1.999912289265001	0.4444444444444444	0.3333430792554956	4.00000000000001	2.500109643227193	-1.499890356772816	0.8551392203778382	0.3497165853855805	-0.3109329724345046
10	0	0.9999999999999984	1.999999999999997	1	0.3333333333333333	10.00000000000002	0	-10.00000000000002	1.000000000000001	1.693508780764574e-05	-2.073038012615219
6	4	1.000037497001408	1.999863836809728	0.6	0.3333567960153342	5.999775026427389	2.000136172461111	-3.999638853966278	0.9803303513592763	0.07658756579847759	-0.829140338100485
11	0	0.7950068368313405	2.204993163168652	1	0.2650022789437809	13.83635899766939	0	-13.83635899766939	0.9999999999999988	4.526324619558153e-07	-2.868329815835921
15	0	0.9999999999999977	1.931481501279613	1	0.3411244449482254	15.00000000000004	0	-15.00000000000004	1.000000000000001	9.855816862636146e-08	-3.109557018922831
35	4	0.9996945650313157	2.000305434968679	0.8974358974358975	0.3332315216771058	35.01069349006976	1.999694611669459	-33.01099887840029	0.9999999999999839	3.376188217885101e-13	-6.843305550932205
2	19	0.1844081375494402	2.815591862450553	0.09523809523809523	0.06146937918314688	10.84550837385794	6.748137133577071	-4.097371240280866	0.8645523010505809	0.3731631628967343	-0.8494006332898587
9	0	0.9999999999999976	1.999999999999995	1	0.3333333333333333	9.000000000000021	0	-9.000000000000021	1.000000000000001	5.080526342449154e-05	-1.865734211353698
2	7	0.8187176474325819	2.077159081684288	0.2222222222222222	0.2827184041367185	2.442844619597249	3.369987432221113	0.9271428126238646	0.5096284592270247	0.7714570626540215	0.1922002293692257
4	0	0.9999999999999976	1.999999999999995	1	0.3333333333333333	4.00000000000001	0	-4.00000000000001	1	0.01234567901234551	-0.8292152050460881
8	1	0.9194730446033821	2.08052695539661	0.8888888888888888	0.3064910148677948	8.700635703193266	0.4806474616472202	-8.219988241546046	0.9999761350941783	0.000509865252730668	-1.704034808797505
25	8	0.9993890595962648	2.000610940403728	0.7575757575757576	0.3331296865320891	25.0152828470021	3.998778492326739	-21.01650435467536	0.9999998889429917	7.422816814539601e-07	-4.356801241953522
4	19	0.795006836831341	2.204955565625944	0.1739130434782609	0.2650056001302372	5.031403271879776	8.616953691130854	3.585550419251079	0.2310015953924439	0.8947765954054475	0.7432982315255908
5	8	0.7951301725771062	2.204802286238845	0.3846153846153846	0.2650493581081947	6.288278539090572	3.628443262206126	-2.659835276884447	0.8979549462189845	0.2453554574238259	-0.5513939636276374
14	16	0.9885496448725187	1.21924071802409	0.4666666666666667	0.4477552133054639	14.16216178177416	13.12292130952591	-1.039240472248251	0.6540997277969016	0.4875798456378722	-0.2154385003218811
5	4	0.920579247305001	2.079420752694992	0.5555555555555556	0.3068597491016677	5.431362932238065	1.923612618954523	-3.507750313283541	0.9716990843448967	0.1074333725807348	-0.7271699738199712
6	0	0.8186759052390346	2.112316897366524	1	0.2793169278721047	7.328907522016467	0	-7.328907522016467	1	0.0004748796293367885	-1.519310388408172
17	0	0.9999999999999974	1.999999999999995	1	0.3333333333333333	17.00000000000004	0	-17.00000000000004	1	7.743523822156817e-09	-3.524164621445875
9	1	0.9999903271326045	2.000009672867388	0.9	0.3333301090442024	9.000087056648647	0.4999975817948486	-8.500089474853798	0.9999830665502283	0.000355607359092569	-1.762100859200243
3	1	0.7950193594240981	2.204980640575894	0.75	0.2650064531413667	3.773493015532555	0.4535187210255148	-3.31997429450704	0.9950679689952896	0.05964784518052524	-0.6882432913418476
14	0	0.9999999999999977	1.999999999999995	1	0.3333333333333334	14.00000000000003	0	-14.00000000000003	1	2.090751577421557e-07	-2.902253217661308
8	0	0.9999999999999976	1.999999999999995	1	0.3333333333333333	8.00000000000002	0	-8.00000000000002	1	0.000152415790275473	-1.658430410092176
30	0	0.8612163335926654	2.069776469012894	1	0.2938309274683552	34.83445312149558	0	-34.83445312149558	0.9999999999999983	1.77635683940025e-15	-7.221314546952308
21	0	1.783121929104785	1.206344569311516	1	0.5964682762122979	11.77709704380285	0	-11.77709704380285	1.000000000000002	1.937913349858711e-05	-2.441436985006159
9	5	0.999961294206715	2.000038705793277	0.6428571428571429	0.3333204314022392	9.000348365623333	2.499951618694722	-6.500396746928612	0.9959617547761902	0.01742906666211641	-1.34755695534633
15	0	0.861807862613262	1.343185300555389	1	0.3908437799302807	17.40527169770239	0	-17.40527169770239	1	7.586615459187485e-07	-3.608178984923282
8	28	0.7951793043040171	2.204820695695983	0.2222222222222222	0.265059768101339	10.06062400857128	12.69944538105009	2.638821372478812	0.3568239108328611	0.775818049106199	0.5470377013650032
8	1	0.9999874817748811	1.999937074793545	0.8888888888888888	0.3333375433010067	8.000100147054615	0.5000157317965771	-7.500084415258038	0.9999491889612931	0.0009653924087124066	-1.554796009065287
7	4	0.9999999999999979	1.795668911905918	0.6363636363636364	0.3576961476880534	7.000000000000015	2.227582141383965	-4.77241785861605	0.9858533279534303	0.05622668718128565	-0.9893403632994778
3	17	0.5330054655424248	2.466943606658784	0.15	0.1776715046536882	5.628460107715751	6.891118205585864	1.262658097870113	0.5136275506370535	0.7162671535947407	0.2617538233821167
6	9	0.9996238455054689	1.999849212407457	0.4	0.3332664858810303	6.002257776239867	4.500339297664161	-1.501918478575706	0.7971221845936893	0.3814132842174375	-0.3113534097936649
5	14	0.826659152980704	2.104240509974722	0.2631578947368421	0.282049625727251	6.048442071888256	6.653231859017949	0.6047897871296932	0.5435368823609449	0.65712026291613	0.1253752218361318
2	4	0.1828283146298354	2.817171685370156	0.3333333333333333	0.06094277154327864	10.93922461654429	1.41986376647628	-9.519360850068008	0.9960641220203942	0.04725741946012951	-1.973399689799207
7	0	0.7950068368313407	2.079180199272621	1	0.2766023320142011	8.804955725789611	0	-8.804955725789611	0.9999999999999997	0.0001238770518574572	-1.825300791895586
1	48	0.7954402394944866	2.204403877281936	0.02040816326530612	0.2651605245239383	1.257165466805544	21.77459425410952	20.51742878730398	5.186052530592074e-06	0.9999997223923393	4.253340979720685
15	14	0.7953353756181621	2.204658268067291	0.5172413793103449	0.2651123535852239	18.85996833517116	6.350190504704871	-12.50977783046629	0.9989985823316707	0.003335808625617442	-2.593324497192772
7	0	0.9999999999999978	1.999999999999996	1	0.3333333333333333	7.000000000000016	0	-7.000000000000016	1	0.0004572473708274183	-1.451126608830654
15	3	0.795006836831341	2.204804824753111	0.8333333333333334	0.2650189166914003	18.86776226954916	1.360664656716693	-17.50709761283246	0.9999999489411722	7.749474643103937e-07	-3.629287884196679
8	14	0.8626204019904056	1.355264993257334	0.3636363636363636	0.3889382218931336	9.274067691351659	10.33008309788293	1.056015406531268	0.4967507320589552	0.6727120705913814	0.2189160079646628
13	10	0.9207901909711438	2.07920980902885	0.5652173913043478	0.3069300636570486	14.11830852182417	4.80951944174925	-9.308789080074915	0.9973452660454493	0.008931475821355006	-1.929747361441272
7	6	1.000597503231576	1.999402496768417	0.5384615384615384	0.3335325010771928	6.995819974957438	3.000896522684976	-3.994923452272463	0.9652215232539814	0.1038276140356328	-0.8281628174048821
2	0	0.7950068368313409	2.204993163168652	1	0.2650022789437809	2.515701635939888	0	-2.515701635939888	0.9999999999999999	0.07022620784539757	-0.5215145119701672
12	0	0.9999999999999977	1.931174320442076	1	0.3411601940648756	12.00000000000003	0	-12.00000000000003	0.9999999999999996	2.485994900602861e-06	-2.487645615138264
11	16	0.8191878067104612	2.109378338926377	0.4074074074074074	0.2797231703067178	13.42793424156508	7.585173178626466	-5.842761062938616	0.9504963974845946	0.1056357229378745	-1.211226578209983
8	2	0.795009720460915	2.204977551906718	0.8	0.2650043644463471	10.06277004432338	0.9070387126030072	-9.155731331720373	0.9999509154395434	0.0006403823378279272	-1.898017908394846
4	1	0.7949095651164895	2.079081931042354	0.8	0.2765873059050121	5.032018956035361	0.4809815260616724	-4.551037429973689	0.9983813191809099	0.0227869381327479	-0.9434473589170113
6	3	0.9999889088386769	1.999979685863003	0.6666666666666666	0.333333125754977	6.00006654770603	1.500015235757498	-4.500051311948532	0.9917187739529538	0.04242226739495614	-0.9328777428388277
14	4	1.792898515548651	1.206725492460784	0.7777777777777778	0.5977077496250696	7.808584746201218	3.314755530558241	-4.493829215642977	0.9686005561155346	0.09092898120899195	-0.931587878622871
0	8	0.1809294733661496	2.819070526633842	0	0.06030982445538337	0	2.837814777749648	2.837814777749648	0.6079634777795577	0.3920365222204423	0.588289790703622
1	0	0.7950068368313408	2.204993163168652	1	0.2650022789437809	1.257850817969944	0	-1.257850817969944	1	0.2650022789437809	-0.2607572559850836
13	2	0.9999999999999976	1.999999999999995	0.8666666666666667	0.3333333333333333	13.00000000000003	1.000000000000002	-12.00000000000003	0.9999978395567006	3.143096543745116e-05	-2.487645615138264
5	0	1.794873359532845	1.204975803808246	1	0.5983212027680083	2.785711857298589	0	-2.785711857298589	1	0.07667821004216235	-0.5774886572372908
8	0	1.657008526431227	1.217161662667753	1	0.5765171918892807	4.827977570658586	0	-4.827977570658586	1	0.012203884837926	-1.000858102802891
21	0	0.9999999999999979	1.93139768594034	1	0.3411341984733868	21.00000000000004	0	-21.00000000000004	1	1.553921435970551e-10	-4.353379826491961
15	0	0.7950068368313408	2.204993163168652	1	0.2650022789437809	18.86776226954916	0	-18.86776226954916	0.999999999999999	2.2322577120093e-09	-3.911358839776254
8	0	0.9999999999999976	1.999999999999995	1	0.3333333333333333	8.00000000000002	0	-8.00000000000002	1	0.000152415790275473	-1.658430410092176
15	7	0.8614064655429681	1.347093162700981	0.6818181818181818	0.3900414808889512	17.4133821836885	5.196374084450619	-12.21700809923788	0.998597888572241	0.005343057612581248	-2.532632219014809
2	0	0.7950068368313408	2.07918019927262	1	0.2766023320142013	2.515701635939889	0	-2.515701635939889	1	0.07650885007569441	-0.5215145119701673
6	0	0.7950068368313409	2.204993163168652	1	0.2650022789437809	7.547104907819665	0	-7.547104907819665	1	0.0003463360126001458	-1.564543535910502
6	21	0.9979818471992575	2.001942083305704	0.2222222222222222	0.3326690510553287	6.012133403867453	10.48981395372027	4.477680549852818	0.1550623206938279	0.9270762950265258	0.928240198819269
7	10	0.7956978414152771	2.204264548164762	0.4117647058823529	0.2652359390167774	8.797309274522311	4.536660542095936	-4.260648732426375	0.9444642095771095	0.1379079767137105	-0.883248678072071
5	1	0.8186707316003908	1.386322431568261	0.8333333333333334	0.3712803945495833	6.107461531238175	0.7213329145001005	-5.386128616738074	0.9973805380064144	0.02923396362539554	-1.116564936333264
15	6	0.7950068368313419	2.204993163168655	0.7142857142857143	0.2650022789437809	18.86776226954914	2.721096872417411	-16.14666539713173	0.999997120892989	2.197640349410612e-05	-3.347265114523282
10	7	0.8618693005639211	2.034049927824733	0.5882352941176471	0.2976151033892895	11.6026873140243	3.441410116951251	-8.161277197073044	0.9969837134020393	0.01195861812284105	-1.691863786102218
6	9	0.8210990150534352	2.075922925275164	0.4	0.2834286491321155	7.307279499792767	4.335421074848936	-2.971858424943831	0.8979925154167101	0.2312488475670322	-0.6160775483019344
0	0	0	1.276028789577736	0	0	0	0	0	0	0	0
4	3	0.7950222544846685	2.204969305566527	0.5714285714285714	0.2650081637133343	5.031305699225729	1.360563157240506	-3.670742541985223	0.9832981573521121	0.08524318434750144	-0.7609588824059169
15	2	1.000378942405478	1.999621057594515	0.8823529411764706	0.3334596474684934	14.99431801706212	1.000189507108882	-13.99412850995323	0.9999997273759682	4.507503973072424e-06	-2.901036035455538
2	1	0.7950068368313408	2.204917835344617	0.6666666666666666	0.265008933125875	2.515701635939889	0.4535316391250949	-2.062169996814794	0.9813884929502643	0.1734661898100711	-0.4274956791871665
4	11	0.999651589346411	2.000348410653582	0.2666666666666667	0.3332171964488045	4.001394128343524	5.499042037584807	1.497647909241283	0.4044381827715355	0.7904881777698404	0.3104681045370881
4	0	0.8186333933474422	2.112359409258116	1	0.2793024236087183	4.886192076338047	0	-4.886192076338047	1	0.006085535734958736	-1.012926191118804
22	0	1.09829955620355	1.287524854615929	1	0.4603438338642481	20.0309650274708	0	-20.0309650274708	1.000000000000001	3.870893805490994e-08	-4.152495193131295
9	13	0.7951006802826411	2.20489296085357	0.4090909090909091	0.2650341218661738	11.31932121703215	5.895977823325886	-5.423343393706269	0.9568755612121319	0.1017264686265963	-1.12427970106187
3	14	0.8202014481941877	2.07555711808801	0.1764705882352941	0.2832423454581114	3.657638018812339	6.745176934902523	3.087538916090184	0.2466555676287432	0.8992917823724478	0.6400585538483732
6	3	0.9999999999999976	1.999999999999995	0.6666666666666666	0.3333333333333333	6.000000000000015	1.500000000000004	-4.500000000000012	0.9917187420616783	0.04242239496011713	-0.9328671056768493
2	33	0.7951718246914361	2.027854683707998	0.05714285714285714	0.2816735239026406	2.51517966041628	16.27335541600961	13.75817575559333	0.0009941264766604606	0.9998621832178458	2.852122132558603
5	0	0.7950068368313405	2.204993163168652	1	0.2650022789437809	6.289254089849723	0	-6.289254089849723	0.9999999999999994	0.001306917110225236	-1.303786279925419
3	15	0.7950933820655103	2.204541945987948	0.1666666666666667	0.265063347744163	3.773141705954761	6.804134540192596	3.030992834237835	0.2569801981284773	0.8928115180237354	0.6283363361339359
4	0	0.7950068368313409	2.079180199272621	1	0.2766023320142012	5.031403271879777	0	-5.031403271879777	0.9999999999999999	0.005853604139905211	-1.043029023940334
3	1	0.7950068368313407	2.000025075528713	0.75	0.2844356922422604	3.773552453909833	0.4999937311964187	-3.273558722713415	0.9934545973097303	0.0724113495148222	-0.678621166871302
11	0	0.9999999999999972	1.999999999999994	1	0.3333333333333334	11.00000000000003	0	-11.00000000000003	0.9999999999999998	5.645029269696344e-06	-2.280341813876743
1	1	0.7950068368313409	2.000088042129052	0.5	0.284429284606981	1.257850817969944	0.4999779904366214	-0.7578728275333227	0.9190999820579611	0.487958551271923	-0.1571099180204753
5	5	0.7950191218632943	2.204930614630292	0.5	0.2650108140786824	6.289156905159023	2.26764505278474	-4.021511852374283	0.973756836281337	0.09689496976006584	-0.8336746938154518
12	1	0.9999389350974295	2.000061064902563	0.9230769230769231	0.3333129783658106	12.00073282358065	0.4999847342404602	-11.50074808934019	0.9999993732722622	1.69231415825255e-05	-2.384148796271401
18	5	0.9999409223544248	1.999680316309083	0.7826086956521739	0.333355728205189	18.00106346044709	2.500399668497396	-15.5006637919497	0.9999983313931513	1.311808046355889e-05	-3.213346526148003
4	12	0.7951697637602808	2.204830236239712	0.25	0.2650565879200943	5.030372358582131	5.442595898206535	0.4122235396244038	0.5755562168885335	0.6475299367330064	0.08545550673361836
2	4	0.7950068368313409	2.000263988793974	0.3333333333333333	0.2844113813742875	2.515701635939888	1.999736046046469	-0.5159655898934195	0.7726211789812631	0.5455339292627541	-0.1069616281050492
22	13	0.9999999999999976	1.999999999999995	0.6285714285714286	0.3333333333333333	22.00000000000005	6.500000000000016	-15.50000000000004	0.9999099861777291	0.0003317444990602603	-3.213208919553591
8	0	0.9999999999999977	1.999962385952984	1	0.3333375127242914	8.00000000000002	0	-8.00000000000002	0.9999999999999997	0.000152431079071369	-1.658430410092176
14	1	1.001582268311781	1.998417731688211	0.9333333333333333	0.3338607561039278	13.97788323828629	0.5003958802723523	-13.47748735801394	0.9999999286357696	2.20721790034073e-06	-2.79393436077039
22	1	0.9389927930537323	2.06026832225367	0.9565217391304348	0.3130747063873072	23.42935980206303	0.4853736715740637	-22.94398613048896	0.9999999999974878	1.292461693225277e-10	-4.75637554094199
8	0	0.9999999999999972	1.795125556257044	1	0.3577656816744574	8.000000000000023	0	-8.000000000000023	0.9999999999999996	0.0002684042767683303	-1.658430410092177
15	1	1.79265865254094	1.206251134047053	0.9375	0.5977701165130865	8.367460240542052	0.8290147646493258	-7.538445475892726	0.9997342047578057	0.00312738464176554	-1.562748402755282
2	17	0.9994033677208498	2.000596632279143	0.1052631578947368	0.3331344559069508	2.001193976923473	8.497465069024466	6.496271092100993	0.02411867445094167	0.9952404608709681	1.346701691417872
10	1	0.9999999999999977	1.999999999999995	0.9090909090909091	0.3333333333333334	10.00000000000002	0.5000000000000012	-9.500000000000021	0.9999943549707303	0.0001298356731981309	-1.969386111984459
6	4	0.9999999999999978	1.798771439704369	0.6	0.3572996300496862	6.000000000000013	2.223739999261611	-3.776260000738402	0.9707359236772335	0.1038142901617597	-0.7828330527049069
29	1	0.9999874730082763	1.999902082726942	0.9666666666666667	0.3333414295524614	29.00036328731089	0.5000244805167972	-28.50033880679409	0.9999999999999931	2.985389713217046e-13	-5.908228571889672
9	0	0.9999999999999976	1.999636715555847	1	0.3333737031601487	9.000000000000021	0	-9.000000000000021	1	5.086066725079608e-05	-1.865734211353698
6	0	0.9999999999999977	1.999999999999995	1	0.3333333333333334	6.000000000000014	0	-6.000000000000014	0.9999999999999999	0.001371742112482921	-1.243822807569132
19	1	1.793352006212268	1.205840098525233	0.95	0.5979450277224666	10.59468522308112	0.8292973514672636	-9.765387871613859	0.9999658630138207	0.0004932074490034966	-2.024402026578712
17	1	0.8613974104642668	2.069599611000879	0.9444444444444444	0.2938922844874376	19.73537393250059	0.4831852473708139	-19.25218868512978	0.9999999997324603	1.183778597368956e-08	-3.991051897031457
5	0	0.7950068368313409	2.204993163168652	1	0.2650022789437809	6.28925408984972	0	-6.28925408984972	0.9999999999999998	0.001306917110224903	-1.303786279925418
7	19	0.7951252480065546	2.204721721472182	0.2692307692307692	0.2650552698508878	8.803644479344085	8.617867649670059	-0.1857768296740261	0.6187772679866588	0.5551180527234176	-0.03851224297773984
4	18	0.795083001829834	2.204829018087648	0.1818181818181818	0.2650354398899019	5.030921288462021	8.163898357802024	3.132977069340003	0.2683612640787664	0.8729657867618452	0.6494780557393642
4	0	0.8186174688079385	2.11237533379762	1	0.2792969904532737	4.88628712727662	0	-4.88628712727662	1	0.006085062231056537	-1.012945895539683
14	35	0.7956377425989101	2.2039858951813	0.2857142857142857	0.2652458570394852	17.59594756562165	15.88031941425873	-1.715628151362926	0.6932871112703171	0.4257043838237766	-0.3556562373288117
2	0	0.7950068368313405	2.204993163168651	1	0.2650022789437809	2.515701635939889	0	-2.515701635939889	0.9999999999999999	0.07022620784539757	-0.5215145119701674
2	3	0.7950150220197256	2.204972252743668	0.4	0.2650061314284834	2.515675735181739	1.360561338704862	-1.155114396476878	0.8800288654826344	0.3988162189634483	-0.239459605281565
0	0	0	1.276028789577736	0	0	0	0	0	0	0	0
8	25	0.9994825479211211	2.000517452078875	0.2424242424242424	0.3331608493070409	8.004141759793246	12.49676676103015	4.492625001236901	0.1793575837841173	0.9046422470660137	0.9313382403989574
5	2	0.9999556150333078	1.931433146389273	0.7142857142857143	0.3411200957692275	5.000221934684025	1.035500505797423	-3.964721428886602	0.9921956514386882	0.04991271009588072	-0.8219018231512039
6	3	0.9999951601273542	2.000004839872638	0.6666666666666666	0.3333317200424523	6.000029039376422	1.499996370104306	-4.500032669272116	0.9917189899168111	0.04242140353598467	-0.932873878141141
16.5	4.5	0.9998282090137183	2.000146249150927	0.7857142857142857	0.3332789071895643	16.50283503830768	2.249835481735535	-14.25299955657214	0.9999943353123208	4.128775914702398e-05	-2.954700987456186
4	0	0.818673288849931	1.386319874318721	1	0.3712815543035376	4.885953962928465	0	-4.885953962928465	1	0.01900262045046008	-1.012876829303866
17	3	0.7950068368313413	2.204993163168654	0.85	0.2650022789437808	21.38346390548904	1.360548436208706	-20.02291546928033	0.9999999955712398	7.538754642766321e-08	-4.150826489119935
17	0	0.9999999999999977	1.931271244865717	1	0.3411489133772774	17.00000000000004	0	-17.00000000000004	1.000000000000001	1.148280115437217e-08	-3.524164621445874
4	13	0.9992681502140611	2.000311746176387	0.2352941176470588	0.3331360339547991	4.002929543129268	6.498986982828858	2.49605743969959	0.2819786419095573	0.8692199212442	0.5174421954168261
10	1	0.7950244470137144	2.204975552986286	0.9090909090909091	0.2650081490045715	12.57822955955906	0.4535197674394441	-12.12470979211962	0.9999995472572378	1.426509026603018e-05	-2.51349842909919
5	1	0.9999874548738581	1.99990938790251	0.8333333333333334	0.3333406137887001	5.00006272641762	0.5000226540507379	-4.500040072366883	0.998628078113371	0.017834445174289	-0.9328754128308272
5	44	0.9999999999999981	1.999999999999996	0.1020408163265306	0.3333333333333334	5.00000000000001	22.00000000000004	17.00000000000003	0.0001775070515376355	0.9999626782895621	3.524164621445873
3	0	0.7950068368313405	2.07918019927262	1	0.2766023320142011	3.773552453909834	0	-3.773552453909834	1	0.02116252635066196	-0.7822717679552511
0	30	0.2194598845468247	2.773681776991198	0	0.07332091473213313	0	10.81594876847879	10.81594876847879	0.1018311946952813	0.8981688053047187	2.242187293955525
12	0	0.9391278411172574	2.060534675843511	1	0.3130778331919731	12.77781306720062	0	-12.77781306720062	1.000000000000001	8.868043857024333e-07	-2.64888922063983
8	42	0.9142917229214147	1.989399153808208	0.16	0.3148722648986541	8.749942495856562	21.11190201302815	12.36195951717159	0.0104889908306131	0.9960778493874195	2.562681198950714
14	3	0.9999247239094747	1.999774468652637	0.8235294117647058	0.3333416651872404	14.00105394460418	1.500169167586819	-12.50088477701737	0.9999955149197315	4.662301638591604e-05	-2.591480933407988
7	19	0.7959494610110511	2.200112741491605	0.2692307692307692	0.2656651989221661	8.794528224327562	8.63592107880736	-0.1586071455202021	0.6160336943681256	0.5579163882004057	-0.03287986417357719
9	26	0.7951235706902162	2.204838214914695	0.2571428571428571	0.2650445664026643	11.31899535085779	11.79224843987292	0.4732530890151292	0.5459918130261188	0.60589038280143	0.0981071643115935
8	3	0.7950694725220233	2.204930527477969	0.7272727272727273	0.2650231575073418	10.06201379437116	1.360587085449555	-8.701426708921604	0.9997940966810525	0.001800223348688901	-1.80383883315798
5	0	0.7950068368313407	2.204993163168652	1	0.2650022789437809	6.289254089849722	0	-6.289254089849722	0.9999999999999994	0.001306917110225236	-1.303786279925418
8	0	0.795006836831341	2.204993163168652	1	0.2650022789437809	10.06280654375955	0	-10.06280654375955	0.9999999999999999	2.432186480527676e-05	-2.086058047880668
4	1	0.7950068368313408	2.204993163168652	0.8	0.2650022789437809	5.031403271879777	0.4535161454029024	-4.577887126476875	0.9986930828897748	0.01943093290082676	-0.9490134030648399
13	10	0.8958690001054339	2.000440520193715	0.5652173913043478	0.3093139713924301	14.51105016299263	4.998898942034845	-9.512151220957783	0.9971216653223571	0.009584152826065395	-1.971905106278972
23	0	1.633836583335991	1.196773341102824	1	0.577203015233513	14.07729526599183	0	-14.07729526599183	0.9999999999999996	3.240093895628959e-06	-2.918276820120927
7	0	0.7950068368313408	2.204993163168651	1	0.265002278943781	8.804955725789609	0	-8.804955725789609	1	9.177983261932088e-05	-1.825300791895585
0	0	0	1.276028789577736	0	0	0	0	0	0	0	0
17	0	1.657124935256297	1.21704947511593	1	0.5765568468204708	10.25873163713557	0	-10.25873163713557	0.9999999999999992	8.596393289084236e-05	-2.126674064500035
8	0	0.9999999999999976	1.999999999999995	1	0.3333333333333333	8.00000000000002	0	-8.00000000000002	1	0.000152415790275473	-1.658430410092176
24	13	0.7951335397870423	2.20354094581182	0.6486486486486487	0.2651616718005478	30.18360916636447	5.899595387464238	-24.28401377890023	0.9999997876574666	1.159674640538455e-06	-5.034168366253184
11	26	1.559997102274171	1.235704798985935	0.2972972972972973	0.5579983694152205	7.051295149179538	21.0406239591661	13.98932880998656	0.001216091948133817	0.9996271360451776	2.900041039407532
8	29	0.7998810194048603	2.180516860048849	0.2162162162162162	0.2683806161986245	10.00148747866562	13.29959906815411	3.298111589488494	0.3055851771912266	0.8149066503002078	0.6837110694856436
0	13	0.8005292993727249	2.145998792237895	0	0.2716856159125035	0	6.05778532915357	6.05778532915357	0.01622353666671405	0.9837764633332859	1.255801925959813
7	83	0.8632539486474133	2.058773747580347	0.07777777777777778	0.2954297626137648	8.108853728347176	40.31526052707294	32.20640679872577	4.333146564928347e-07	0.9999999168696347	6.676510554350762
13	2	0.7950068368313407	2.000125756943652	0.8666666666666667	0.2844254467934333	16.35206063360928	0.9999371254816275	-15.35212350812765	0.9999997501595363	4.536203112914805e-06	-3.182553560671227
1	6	0.9997886910601527	1.998406337737473	0.1428571428571428	0.3334635277082361	1.000211353600753	3.002392399732376	2.002181046131624	0.2631345267745776	0.9415522993855288	0.4150597416768554
6	1	0.9999999999999976	1.999899449386674	0.8571428571428571	0.3333445059981752	6.000000000000015	0.5000251389171984	-5.499974861082817	0.9995426453362798	0.006859998044756122	-1.140165695545277
25	0	1.654868244896035	1.215226408231985	1	0.5765901285145595	15.1069428500458	0	-15.1069428500458	1.000000000000001	1.051187213163551e-06	-3.131726678255057
14	1	0.7950097183627985	2.204977563265404	0.9333333333333333	0.2650043629289381	17.6098476240402	0.4535193539652513	-17.15632827007495	0.9999999977674813	9.511169540843412e-08	-3.556572066077041
18	7	0.9992056139320701	2.000794386067922	0.72	0.3330685379773575	18.0143103171393	3.498610376329977	-14.51569994080932	0.9999845547874637	8.723250151099204e-05	-3.009159775701416
13	1	0.9999999999999977	1.999999999999995	0.9285714285714286	0.3333333333333334	13.00000000000003	0.5000000000000012	-12.50000000000003	0.9999997909248423	6.0631795854027e-06	-2.591297515769025
0	8	0.001149597225544326	2.998850402774448	0	0.0003831990751814431	0	2.667688922594684	2.667688922594684	0.9969385158118371	0.003061484188162877	0.5530220542371308
6	2	1.000030797612385	1.999762068022123	0.75	0.3333666164316519	5.999815220016472	1.000118980143529	-4.999696239872944	0.9974072266129852	0.01967186589344638	-1.036456035678597
2	0	0.7950068368313405	2.204993163168652	1	0.2650022789437809	2.515701635939889	0	-2.515701635939889	0.9999999999999999	0.07022620784539757	-0.5215145119701674
6	14	0.7954243085376688	2.203951662161292	0.3	0.2651965996621313	7.543143873777978	6.352226430533865	-1.190917443244112	0.7356763743720668	0.4447033333864963	-0.2468817129731568
7	4	0.8196472874523907	2.111345515153169	0.6363636363636364	0.2796483453401012	8.540258849336576	1.89452648621077	-6.645732363125806	0.9973706623770483	0.01451375648936537	-1.377685581042694
5	14	0.8186857155632608	1.46947907579942	0.2631578947368421	0.3577914137362918	6.107349749665499	9.527185674545091	3.419835924879592	0.2726921403065666	0.865702764846181	0.7089449869182507
4	1	0.7950068368313408	2.204905431633509	0.8	0.2650100288560008	5.031403271879777	0.4535341904705399	-4.577869081409237	0.9986928917766015	0.01943305310829213	-0.9490096622537246
2	1	0.7950068368313407	2.204993163168652	0.6666666666666666	0.2650022789437809	2.515701635939889	0.4535161454029024	-2.062185490536987	0.98138989487939	0.1734584132949726	-0.4274988910946728
2	0	0.818614827645231	2.077255537860181	1	0.2826835197446276	2.443151446148438	0	-2.443151446148438	1	0.07990997233521124	-0.5064745818441546
10	0	1.657313921827268	1.217074107483389	1	0.5765797466894993	6.033859891175308	0	-6.033859891175308	1.000000000000001	0.004060633845258788	-1.250842091720072
9	0	0.7950068368313407	1.999999999999996	1	0.2844382440697819	11.3206573617295	0	-11.3206573617295	1	1.218686219783827e-05	-2.346815303865753
4	5	0.9209263901593923	2.0790736098406	0.4444444444444444	0.3069754633864648	4.343452465628319	2.404917255615275	-1.938535210013044	0.892417363719766	0.2864488258586826	-0.401865717915006
0	0	0	1.276028789577736	0	0	0	0	0	0	0	0
18	0	0.9999999999999976	1.998139395892141	1	0.3335401954192438	18.00000000000004	0	-18.00000000000004	0.9999999999999994	2.610161087268636e-09	-3.731468422707396
18	9	0.9998740910045361	2.000125908995456	0.6666666666666666	0.3332913636681796	18.00226664730964	4.499716722593812	-13.50254992471582	0.9999078783955334	0.0004062712328416485	-2.799129926117062
10	9	0.7952953927116682	2.204704607288325	0.5263157894736842	0.2650984642372233	12.57394433771788	4.082179522031091	-8.491764815686793	0.9962144907864728	0.01368705654767188	-1.760375125710716
15	0	0.7950068368313408	2.204993163168653	1	0.2650022789437808	18.86776226954916	0	-18.86776226954916	1	2.232256379741671e-09	-3.911358839776254
25	0	0.9999999999999973	1.999999999999995	1	0.3333333333333333	25.00000000000007	0	-25.00000000000007	1.000000000000001	1.179167874454379e-12	-5.182595031538052
13	29	0.9998997432017886	2.000053856241599	0.3095238095238095	0.3333050695808463	13.00130346905838	14.49960955276241	1.498306083704033	0.4423667643447051	0.6828583565550719	0.3106045466051096
30	0	0.9999999999999974	1.999999999999995	1	0.3333333333333333	30.00000000000008	0	-30.00000000000008	1.000000000000002	2.886579864025407e-15	-6.219114037845662
3	13	0.7951200376436101	2.204741720739659	0.1875	0.2650522262972972	3.773015215275791	5.896382273583813	2.123367058308022	0.3524847473507324	0.8378493597528565	0.4401820626607478
10	7	0.8479223957110777	2.067337980193459	0.5882352941176471	0.2908564884013104	11.79353210928446	3.385996903779104	-8.407535205505358	0.9975372862099594	0.01006250123043462	-1.742914007341328
7	0	0.7950068368313405	2.204993163168651	1	0.2650022789437809	8.804955725789613	0	-8.804955725789613	0.9999999999999991	9.177983262020906e-05	-1.825300791895586
4	0	0.8186227747681989	1.386370388400453	1	0.3712586453519019	4.886255456467895	0	-4.886255456467895	0.9999999999999999	0.01899793085769053	-1.012939330060646
8.5	24.5	0.9213974642876894	2.078534047729621	0.2575757575757576	0.3071394998841469	9.225117638641592	11.78715355986653	2.56203592122494	0.3442929358547273	0.7830253765015702	0.5311197854384941
10	17	0.7956275365093686	2.204239108807793	0.3703703703703703	0.2652209683224938	12.56869520111469	7.712411930298611	-4.856283270816075	0.9232740026296282	0.1537976427800148	-1.006725982042907
20	20	1.792754508962918	1.207053161068339	0.5	0.5976231499348883	11.15601712337609	16.56927850824598	5.413261384869889	0.1364622847889354	0.9211617693605918	1.122189662305736
5	4	0.7950068368313407	2.000150525383023	0.5555555555555556	0.2844229264435849	6.289254089849722	1.99984948594507	-4.289404603904653	0.9806420209575091	0.08085006405621387	-0.8892098795381056
8	3	0.999999999999998	1.999999999999996	0.7272727272727273	0.3333333333333334	8.000000000000016	1.500000000000003	-6.500000000000012	0.998628257887517	0.008823180748192327	-1.347474708199893
5	13	0.8298746360186884	1.382601655244737	0.2777777777777778	0.3750886006307403	6.025006408181635	9.402563602239322	3.377557194057687	0.2762877850806607	0.86470230775151	0.700180445306357
7	18	1.000037478010834	1.877808748815982	0.28	0.3474951054328917	6.999737663756004	9.585640716260148	2.585903052504144	0.3153517938831065	0.8198625895962279	0.536067532477881
8	10	1.000112519365982	1.808474824828189	0.4444444444444444	0.3560909442369257	7.999099946345612	5.529521264389197	-2.469578681956415	0.8481653583282462	0.2904432577349758	-0.511953048283983
12	1	0.9999778423009188	1.931166768918479	0.9230769230769231	0.3411560925630735	12.00026589828067	0.5178216693113642	-11.4824442289693	0.99999915201004	2.213739209055987e-05	-2.380354336438757
8	5	0.8958778839273447	2.000143195067865	0.6153846153846154	0.3093478464038578	8.929788471760954	2.499821018979768	-6.429967452781186	0.9949238003987758	0.02203722772053496	-1.332956694949403
8	12	0.915396207313394	2.084603792686599	0.4	0.3051320691044654	8.739385127538691	5.756489574709361	-2.98289555282933	0.8763209734511986	0.243628180107504	-0.6183655868676078
6	2	0.9998999442081966	2.000087536492936	0.75	0.3333013723025631	6.0006003948238	0.9999562336691074	-5.000644161154693	0.9974105679126829	0.01965181815532502	-1.0366525433636
13	1	0.9998998689715517	2.000100131028445	0.9285714285714286	0.333299956323851	13.00130183372378	0.4999749684961039	-12.50132686522767	0.9999997912177397	6.055563664397745e-06	-2.591572579974478
12	0	0.9999999999999977	1.999972082754786	1	0.3333364352783337	12.00000000000003	0	-12.00000000000003	0.9999999999999997	1.88188656113919e-06	-2.487645615138264
8	0	0.9999999999999977	1.999999999999995	1	0.3333333333333334	8.00000000000002	0	-8.00000000000002	1	0.0001524157902758061	-1.658430410092176
4	12	0.8187118006801712	2.076761718330619	0.25	0.282755754906671	4.885724129879246	5.778226694994196	0.8925025651149507	0.5112705482222488	0.7043658489727715	0.1850191743839879
9	14	0.8966557095256488	2.000113822340343	0.391304347826087	0.3095364334863244	10.03729737555701	6.999601644479678	-3.037695731077329	0.8580054333857495	0.2613108600158247	-0.6297258721282269
8	4	0.7950942350492338	2.204880258374699	0.6666666666666666	0.2650336650501906	10.06170042159169	1.814157473997501	-8.247542947594191	0.9993713638964902	0.004144915081692013	-1.70974700410393
2	0	0.818609523179909	1.386383639988743	1	0.3712526355426602	2.44316727739857	0	-2.44316727739857	1	0.1378285193973712	-0.5064778637224858
6	1	0.8188189551166313	1.386385675387391	0.8571428571428571	0.3713120060560918	7.327627142126149	0.7213000089030599	-6.606327133223089	0.9990268653334601	0.01250679503723096	-1.369516727094277
5	9	0.9999999999999996	1.999999999999999	0.3571428571428572	0.3333333333333333	5.000000000000003	4.500000000000002	-0.5000000000000009	0.6898075233186753	0.5244995315671079	-0.1036519006307609
15	3	0.9999999999999984	1.999999999999997	0.8333333333333334	0.3333333333333333	15.00000000000002	1.500000000000002	-13.50000000000002	0.9999983248175611	1.852509147914905e-05	-2.798601317030545
14	23	0.9213819673769823	2.078618032623011	0.3783783783783784	0.3071273224589947	15.1945669610353	11.06504400473052	-4.129522956304781	0.8672979060390574	0.2204671163664632	-0.8560658062386971
11	1	0.9999999999999994	1.999992312430527	0.9166666666666666	0.3333341875099079	11.00000000000001	0.5000019218997556	-10.49999807810025	0.9999981182657142	4.704318356296699e-05	-2.176689514828852
7	7	0.7950150149140246	2.204947202635889	0.5	0.2650083425261662	8.804865151832386	3.174679190337029	-5.630185961495357	0.985144322226342	0.05135972080001228	-1.167158951627242
17	12	0.920773603940448	2.079226396059545	0.5862068965517241	0.3069245346468167	18.46273603766284	5.771377288563597	-12.69135874909924	0.9995249761753127	0.001688515905725829	-2.630966911861942
16	7	0.9998375675934046	1.931394679234421	0.6956521739130435	0.3410980377537218	16.0025993407227	3.624323953701015	-12.37827538702168	0.9998865847225429	0.0005572869616784493	-2.566063540791526
8	24	0.9986962231172435	2.000238103094333	0.25	0.3330170368815155	8.010443831488114	11.998571551493	3.98812772000489	0.2116453187114513	0.883948750783133	0.8267540362734587
7	3	0.895936457210744	2.000137857655183	0.7	0.309362385009178	7.813054088447978	1.499896613884897	-6.313157474563082	0.9980119729538723	0.01270826637723799	-1.308741542439514
6	52	0.9994226616079143	2.00057733839208	0.103448275862069	0.3331408872026388	6.003466031425525	25.99249676685525	19.98903073542972	4.993302384110521e-05	0.9999892169090435	4.143802054987969
16	8	0.8983109973439092	1.995956415148354	0.6666666666666666	0.3103759498747805	17.8112035222859	4.008103553406191	-13.80309996887971	0.9999289048557825	0.0003501398132661482	-2.861435092741554
3	23	0.4870065220944338	2.512993477905568	0.1153846153846154	0.1623355073648112	6.160081772823321	9.152431234787423	2.992349461964102	0.3715301919908926	0.8176285298632273	0.6203254181680272
11	1	0.939038834809255	2.060420026123605	0.9166666666666666	0.3130694163003806	11.71410552177473	0.4853379346546934	-11.22876758712004	0.9999991134816643	2.42286856377838e-05	-2.327766204292147
11	99	0.7950434334988437	2.204922737358948	0.1	0.2650174662707993	13.83572209582434	44.89953245190895	31.06381035608462	1.577152949220136e-05	0.9999953766147989	6.43964596848336
17	5	0.9188586591571657	2.081141340842827	0.7727272727272727	0.306286219719056	18.50121325035284	2.402527835026854	-16.09868541532599	0.999998951969151	8.82096914101016e-06	-3.337318681910495
11	2	0.9999874747382865	2.000012525261709	0.8461538461538461	0.333329158246096	11.00013777960457	0.9999937374083659	-10.00014404219621	0.9999830673631542	0.0002126024749835587	-2.073067873110031
4	0	0.7950068368313407	2.204993163168651	1	0.2650022789437809	5.031403271879777	0	-5.031403271879777	1	0.004931720268344986	-1.043029023940335
8	0	0.8961409025808577	2.000378761740479	1	0.3093854026331377	8.927167565904258	0	-8.927167565904258	1	8.394571882919255e-05	-1.850635770910517
0	8	0.2808383938536919	2.719161606146304	0	0.09361279795123076	0	2.942083317856894	2.942083317856894	0.4555227988085191	0.5444772011914809	0.6099050554198435
4	0	0.7950068368313405	2.204993163168652	1	0.2650022789437809	5.031403271879778	0	-5.031403271879778	1	0.004931720268344986	-1.043029023940335
8	0	0.9197775025970933	2.080222497402899	1	0.3065925008656985	8.697755682663598	0	-8.697755682663598	1	7.807144610016969e-05	-1.803077815460164
7	1	0.7950068368313409	2.00002506301534	0.875	0.2844356935156805	8.804955725789609	0.4999937343246834	-8.304961991464927	0.9999571577020876	0.0009050806144847989	-1.721650190163135
0	0	0	1.276028789577736	0	0	0	0	0	0	0	0
2	0	0.9999999999999976	1.999999999999995	1	0.3333333333333333	2.000000000000005	0	-2.000000000000005	1	0.1111111111111109	-0.4146076025230441
0	5	0.1818041957893188	2.818195804210674	0	0.06060139859643975	0	1.774184743490671	1.774184743490671	0.7315593178935507	0.2684406821064493	0.3677952414658137
8	0	0.9999999999999974	1.999999999999995	1	0.3333333333333333	8.000000000000021	0	-8.000000000000021	1	0.000152415790275473	-1.658430410092177
6	4	0.81871084755782	2.077168105567808	0.6	0.2827158388903498	7.328594726572572	1.925698738237931	-5.402895988334641	0.9925760330019652	0.0358087186802003	-1.120040876202396
37	4	0.9999915654551704	1.999921403489413	0.9024390243902439	0.3333401921346349	37.00031208079096	2.000078599599414	-35.00023348119154	0.9999999999999992	4.518607710224387e-14	-7.255681445691784
10	0	0.9999999999999979	1.931516009347041	1	0.3411204294336214	10.00000000000002	0	-10.00000000000002	0.9999999999999998	2.13342459450816e-05	-2.07303801261522
5	0	0.7950068368313405	2.204993163168651	1	0.2650022789437809	6.289254089849723	0	-6.289254089849723	0.9999999999999994	0.001306917110225236	-1.303786279925419
1	14	0.1817293092356573	2.818226312648694	0.06666666666666667	0.06057733251450843	5.502689710349645	4.967663504228012	-0.5350262061216329	0.7705057481309683	0.6083343116801536	-0.1109129663035448
5	5	0.9999778748173532	2.000022125182639	0.5	0.3333259582724519	5.000110628360907	2.49997234382765	-2.500138284533257	0.9234440215563178	0.2131129727419467	-0.5182881700632037
15	2	1.656547484790772	1.217116032058833	0.8823529411764706	0.5764584040816455	9.054977377780727	1.643228704018357	-7.41174867376237	0.9988436720535603	0.007449225647392588	-1.53648367406598
7	0	0.920819800727372	2.07918019927262	1	0.3069399335757915	7.601921672916433	0	-7.601921672916433	1	0.0002566692039015495	-1.575907259687922
5	20	0.7951196171215122	2.204830228925451	0.2	0.2650443033803522	6.28836201790741	9.070993193769494	2.782631175862084	0.3151090201092063	0.8318361773012762	0.5768500202650275
6	4	0.7950947694913818	2.204874461586645	0.6	0.265034308103776	7.5462702437826	1.814162243559921	-5.732108000222679	0.9949828834081316	0.0262544574704684	-1.18828777768774
6	6	0.9997223594446674	2.000233054125599	0.5	0.3332457392274678	6.00166630596611	2.999650459542524	-3.002015846423586	0.9336400432957437	0.1775470562744283	-0.6223292964109334
18	0	0.999999999999998	1.99963708705016	1	0.3333736618730093	18.00000000000004	0	-18.00000000000004	1	2.586801661763616e-09	-3.731468422707395
12	0	0.7950068368313409	2.204993163168652	1	0.2650022789437809	15.09420981563933	0	-15.09420981563933	1	1.199486334702016e-07	-3.129087071821003
9	0	1.794751607895262	1.204959969426064	1	0.5983080578359917	5.01462149993807	0	-5.01462149993807	0.9999999999999994	0.009824798826403525	-1.039550098824915
4	2	0.9208537158479422	2.07914628415205	0.6666666666666666	0.3069512386159814	4.343795253426015	0.9619332777326299	-3.381861975693385	0.9878327585115034	0.07612546659492681	-0.7010728429030382
11	0	0.9999999999999976	1.999999999999995	1	0.3333333333333333	11.00000000000003	0	-11.00000000000003	1	5.645029269252255e-06	-2.280341813876742
4	0	0.9999999999999974	1.999999999999995	1	0.3333333333333333	4.000000000000011	0	-4.000000000000011	1	0.01234567901234551	-0.8292152050460884
12	0	0.942823348557069	2.056908706707168	1	0.3143025214210402	12.72772892012617	0	-12.72772892012617	0.9999999999999996	9.293394667153621e-07	-2.638506586568355
7	0	0.9999999999999976	1.999999999999995	1	0.3333333333333333	7.000000000000017	0	-7.000000000000017	1	0.0004572473708274183	-1.451126608830654
9	0	0.7950068368313407	1.999999999999995	1	0.2844382440697819	11.3206573617295	0	-11.3206573617295	1	1.218686219783827e-05	-2.346815303865753
5	0	0.7950068368313408	2.204993163168653	1	0.2650022789437808	6.289254089849721	0	-6.289254089849721	1	0.001306917110224459	-1.303786279925418
2	3	0.8186758958864901	2.077194469618922	0.4	0.2827046077884801	2.442969201913942	1.444255722744329	-0.9987134791696126	0.8590350896543959	0.4359227184041582	-0.2070371006029801
0	12	0.1816349826434296	2.818289844703106	0	0.06054651136178222	0	4.257901302292825	4.257901302292825	0.4726105390577165	0.5273894609422835	0.8826791253616855
11	38	1.125821758845762	1.09580233283161	0.2244897959183673	0.5067561893406294	9.770640790668001	34.67778709852353	24.90714630785553	4.860659631559876e-05	0.9999871668551681	5.163346108195323
1	23	0.7951893292185921	2.204810670781401	0.04166666666666666	0.2650631097395313	1.257562146844537	10.4317347084721	9.174172561627564	0.005953773800345351	0.9993834033830379	1.901840845454545
25	2	0.9999878576970445	1.999046001529829	0.9259259259259259	0.3334366681524674	25.00030356125982	1.000477226871939	-23.99982633438788	0.9999999999927287	1.927626946951477e-10	-4.975255228734976
5	12	0.8187938188400062	2.077185550346461	0.2941176470588235	0.2827346864249313	6.106543411726718	5.777047697062248	-0.3294957146644704	0.65767745736379	0.5496246487144184	-0.06830571414932637
5	3	0.7951447467726915	2.204855253227301	0.625	0.2650482489242312	6.288163281331911	1.360633536196459	-4.927529745135453	0.9941918098281509	0.03488784255485677	-1.021495646995796
3	1	0.9999999999999974	1.795130503882285	0.75	0.3577650483979379	3.000000000000008	0.5570625633274707	-2.442937436672537	0.9836170675396841	0.1340209396705414	-0.5064302168662944
0	10	0.1825367541863427	2.817463245813649	0	0.06084558472878108	0	3.549292085658466	3.549292085658466	0.5337895238276629	0.4662104761723371	0.735781741144434
0	7	0.0003944135156090057	2.999605586484384	0	0.0001314711718696689	0	2.333640139737232	2.333640139737232	0.9990800646954375	0.0009199353045624692	0.4837724717439966
8	11	0.8954115366982504	2.000924015370252	0.4210526315789473	0.3091532457483271	8.934439274145697	5.497460131170726	-3.436979142974971	0.9011739486832414	0.2067226613719303	-0.7124988411952781
4	1	0.9999999999999976	1.795123616217751	0.8	0.3577659299924482	4.00000000000001	0.5570647007067722	-3.442935299293238	0.9941386871595626	0.05847021834998667	-0.7137335750409625
3	2	0.7950068368313408	2.204993163168651	0.6	0.265002278943781	3.773552453909833	0.9070322908058049	-2.866520163104028	0.980569067099174	0.1199667498422728	-0.5942405262042617
5	8	0.9999999999999977	1.999987472068407	0.3846153846153846	0.333334725331545	5.000000000000012	4.000025056020137	-0.9999749439798746	0.7586884818757202	0.4479656125932594	-0.2072986070533051
5	5	0.9999749140903921	2.0000250859096	0.5	0.3333249713634648	5.000125432694633	2.499968643006309	-2.500156789688324	0.9234450323105842	0.2131109511618342	-0.518292006252192
8	3	0.9202207744338039	2.079779225566189	0.7272727272727273	0.3067402581446021	8.693565959671213	1.44246079733934	-7.251105162331873	0.9993060393636398	0.005002579885546199	-1.503181663498439
10	9	0.999171594620211	2.000182076698282	0.5263157894736842	0.3331289684757259	10.00829092204231	4.499590364721386	-5.508700557320927	0.9760402962487381	0.06451702164604811	-1.14197456554409
3	8	0.8186572084630571	2.077194681553353	0.2727272727272727	0.2826999582697642	3.664537451068421	3.851348201035011	0.1868107499665905	0.6202173895506341	0.6410396649563685	0.03872657858458987
7	0	0.7950068368313405	2.07918019927262	1	0.2766023320142011	8.804955725789613	0	-8.804955725789613	0.9999999999999997	0.0001238770518574572	-1.825300791895586
11	13	0.8325151493351914	2.108568288949026	0.4583333333333333	0.2830641043699419	13.2129727714674	6.165320833160965	-7.047651938306434	0.9800051017189831	0.05084429382297806	-1.461005036779054
6	4	0.9998746777595963	1.999621066499627	0.6	0.3333475900651869	6.000752027688217	2.000379005309277	-4.000373022378941	0.9803334951756297	0.07657813514980849	-0.8292925340031962
9	13	0.8412641610888516	2.097987890244513	0.4090909090909091	0.2862170873393522	10.69818544076722	6.196413268374442	-4.501772172392777	0.9305706514712692	0.1494760013199856	-0.9332344837503603
6	0	0.7950068368313405	2.079180199272621	1	0.2766023320142011	7.547104907819667	0	-7.547104907819667	0.9999999999999998	0.0004478525215426687	-1.564543535910502
5	3	0.9203112914590006	2.079688708540993	0.625	0.3067704304863342	5.432944316127352	1.442523579456587	-3.990420736670765	0.9872887712008264	0.06339707988701093	-0.8272293873446506
14	0	0.9999999999999979	1.999999999999996	1	0.3333333333333333	14.00000000000003	0	-14.00000000000003	1	2.090751577421557e-07	-2.902253217661308
3	1	0.9999889142571335	1.999962501461496	0.75	0.333335036366777	3.000033257597285	0.5000093748103968	-2.500023882786888	0.9876540686844697	0.1111126249244173	-0.5182644541463104
6	0	0.795006836831341	2.204993163168652	1	0.265002278943781	7.547104907819664	0	-7.547104907819664	1	0.0003463360125998127	-1.564543535910501
8	0	0.9999999999999977	1.931237575708274	1	0.3411528319257333	8.00000000000002	0	-8.00000000000002	0.9999999999999993	0.0001834813157628457	-1.658430410092176
5	0	0.7950068368313407	2.204993163168651	1	0.2650022789437809	6.289254089849722	0	-6.289254089849722	0.9999999999999998	0.001306917110224903	-1.303786279925418
18	1	0.920824637465421	2.079175362534571	0.9473684210526315	0.3069415458218078	19.54769591042349	0.4809599122899247	-19.06673599813356	0.9999999998205035	7.88011544905487e-09	-3.952606850062979
8	11	0.9999999999999983	1.999999999999997	0.4210526315789473	0.3333333333333333	8.000000000000014	5.500000000000009	-2.500000000000005	0.8538450221201394	0.2793366589344215	-0.518259503153805
4	6	0.795034736413359	2.204965263586633	0.4	0.2650115788044536	5.031226708464594	2.721131302649321	-2.310095405815273	0.9031040108583609	0.260186774074868	-0.4788915589022832
1	13	0.7952199041777903	2.20465014104207	0.07142857142857142	0.265084784404222	1.257513795550603	5.896627205373864	4.639113409823262	0.08110797316059602	0.9865933168115976	0.9617058443396609
6	5	0.8191428582517859	2.076727507253627	0.5454545454545454	0.2828658589172799	7.324729672679068	2.40763411787821	-4.917095554800858	0.9845043180231743	0.06038336247982734	-1.019332599676348
5	0	0.9999999999999976	1.999999999999995	1	0.3333333333333333	5.000000000000012	0	-5.000000000000012	1	0.004115226337448097	-1.03651900630761
9	0	0.7950068368313413	2.204993163168654	1	0.2650022789437808	11.32065736172949	0	-11.32065736172949	1	6.445349601258421e-06	-2.346815303865751
5	0	0.8186254242234737	1.386367738945178	1	0.3712598469226456	6.107799552820958	0	-6.107799552820958	1	0.007053260212243617	-1.266170064643206
3	0	0.7950068368313407	2.204993163168651	1	0.2650022789437809	3.773552453909833	0	-3.773552453909833	1	0.01861010512060979	-0.782271767955251
10	6	0.9992239822401225	2.000750964133296	0.625	0.3330774423459952	10.00776620431125	2.998873976601648	-7.008892227709599	0.9959877996779398	0.01585430014826006	-1.452970001436534
3	1	0.7950068368313404	2.204993163168651	0.75	0.2650022789437809	3.773552453909834	0.4535161454029025	-3.320036308506932	0.995068279731655	0.05964525967740497	-0.6882561470797566
18	6	0.9384445260736325	2.059605185622834	0.75	0.3130183340230897	19.18067557526323	2.913179691857093	-16.26749588340614	0.9999980949077166	1.368004024848712e-05	-3.372313733636246
7	15	0.9203503909775532	2.079649609022439	0.3181818181818182	0.3067834636591852	7.60579890944027	7.212753501803078	-0.3930454076371914	0.6452391301612521	0.5336952447865384	-0.08147980707157405
6	2	0.9998999454769504	2.000100054523042	0.75	0.3332999818256509	6.000600387209754	0.9999499752410805	-5.000650411968673	0.9974106390830164	0.01965139107056757	-1.0366538391811
18	0	0.7950068368313415	1.999999999999998	1	0.2844382440697819	22.64131472345898	0	-22.64131472345898	1	1.485190859185082e-10	-4.6936306077315
9	0	0.9999999999999976	1.999873221123189	1	0.3333474204705179	9.000000000000021	0	-9.000000000000021	1	5.08245906114535e-05	-1.865734211353698
10	21	0.9999376590904736	2.000062340909522	0.3225806451612903	0.3333125530301584	10.00062344796158	10.49967272042646	0.4990492724648874	0.5338530885033503	0.6167380307631222	0.1034548111987679
12	0	0.795006836831341	2.079180199272621	1	0.2766023320142013	15.09420981563933	0	-15.09420981563933	1	2.005718806596946e-07	-3.129087071821003
7	0	0.9999999999999972	1.999999999999994	1	0.3333333333333334	7.00000000000002	0	-7.00000000000002	1	0.0004572473708274183	-1.451126608830655
13	1	0.8961422738665545	1.999495705049521	0.9285714285714286	0.3094800801728701	14.50662509638045	0.500126105534812	-14.00649899084564	0.9999999260636838	2.383496884528213e-06	-2.903600483167966
2	1	0.7950068368313409	2.000037612395817	0.6666666666666666	0.2844344164369779	2.515701635939888	0.4999905970778791	-2.015711038862009	0.9769884202541657	0.1966856522698631	-0.417864560600905
21	12	0.9996606697601571	2.000339330239838	0.6363636363636364	0.3332202232533862	21.00712835390274	5.998982181968703	-15.00814617193404	0.9999078763012068	0.0003522308032700705	-3.111245751330479
15	2	0.861804872841316	2.034154867841089	0.8823529411764706	0.2975886925272794	17.40533208004029	0.9832093080123546	-16.42212277202793	0.9999999536986272	8.993391735767631e-07	-3.404368475424786
8	4	0.8125740634702923	1.601884136643273	0.6666666666666666	0.3365450946436233	9.845256401409223	2.497059499185719	-7.348196902223505	0.9958481147945706	0.01993515409446478	-1.52330915024907
10	18	0.7952358724143846	2.20450775491976	0.3571428571428572	0.2651012790453384	12.57488544831283	8.16508808364576	-4.409797364667066	0.9030910512296986	0.1848617847319591	-0.9141677564885228
14	1	0.9999999999999974	1.999999999999995	0.9333333333333333	0.3333333333333333	14.00000000000004	0.5000000000000013	-13.50000000000003	0.9999999303082819	2.160443299370485e-06	-2.798601317030548
24	0	1.794223293293314	1.205461273513312	1	0.5981373218862776	13.37626152202482	0	-13.37626152202482	1.000000000000001	4.397659952526389e-06	-2.77294986018397
7	1	0.818708926795603	2.077167804665372	0.875	0.282715392510013	8.550047240107356	0.481424754299568	-8.068622485807788	0.9999591872710202	0.0008691890554913817	-1.672656112252142
9	0	1.657866490625632	1.217097944344677	1	0.5766563476263502	5.428663918892321	0	-5.428663918892321	1.000000000000001	0.00705104834726733	-1.125382666157646
3	0	0.9999999999999976	1.999999999999995	1	0.3333333333333333	3.000000000000008	0	-3.000000000000008	1	0.03703703703703698	-0.6219114037845661
5	0	0.9999999999999977	1.999999999999995	1	0.3333333333333334	5.000000000000012	0	-5.000000000000012	1	0.004115226337448541	-1.03651900630761
15	0	0.999999999999999	1.945748246824222	1	0.3394723228904873	15.00000000000001	0	-15.00000000000001	1.000000000000001	9.163588443605875e-08	-3.109557018922826
0	0	0	2.999999999999992	0	0	0	0	0	0	0	0
15	0	1.097022380167205	1.199752629606462	1	0.4776359789265165	13.67337646996202	0	-13.67337646996202	0.9999999999999997	1.536227384091315e-05	-2.834542918302972
7	0	0.7950068368313409	2.204993163168652	1	0.2650022789437809	8.804955725789609	0	-8.804955725789609	0.9999999999999996	9.177983261976497e-05	-1.825300791895585
10	14	0.9978850705565182	2.002102388313253	0.4166666666666667	0.3326297473698326	10.02119411850006	6.992649367845182	-3.028544750654881	0.8616142429257316	0.2514384645984322	-0.6278288391013837
6	2	0.9999380844431327	1.999720535073346	0.75	0.3333506279472278	6.000371516343845	1.000139751991217	-5.000231764352629	0.9974080457522564	0.01966695161709087	-1.036567051938905
9	4	0.8619209779220594	2.069097133812274	0.6923076923076923	0.2940687996677189	10.44179249668273	1.933210352783232	-8.508582143899499	0.9994541934256288	0.00346589558236543	-1.763861421776272
8	7	0.8203888973947647	2.075500546502221	0.5333333333333333	0.2832942739315252	9.75147277761179	3.37268039355465	-6.378792384057141	0.9897480348836627	0.03618402660092235	-1.322347908673088
4	3	0.8187219045896937	1.386404642959202	0.5714285714285714	0.3712811427986945	4.885663834784802	2.163870422127749	-2.721793412657053	0.9289327988164618	0.236358149795308	-0.5642381206923761
8	3	0.9999951638330468	2.000004836166946	0.7272727272727273	0.3333317212776831	8.000038689522734	1.499996372883561	-6.500042316639172	0.9986283119412034	0.0088228924608168	-1.347483480600047
4	3	0.8958729051274502	2.00010561891431	0.5714285714285714	0.3093506729038616	4.464919049461536	1.499920789997305	-2.964998259464231	0.9671133236776865	0.1384820967204999	-0.6146554099207302
10	0	0.9999999999999978	1.999860889438796	1	0.3333487907791201	10.00000000000002	0	-10.00000000000002	0.9999999999999991	1.694294264431573e-05	-2.07303801261522
0	3	0.1821115054835006	2.8178509068014	0	0.06070459574351688	0	1.064641139372899	1.064641139372899	0.8287176572568417	0.1712823427431583	0.2207041551713994
4	0	0.795006836831341	2.204993163168652	1	0.265002278943781	5.031403271879776	0	-5.031403271879776	1	0.004931720268344653	-1.043029023940334
40	0	0.9999999999999978	1.999801710547062	1	0.3333553669511151	40.00000000000009	0	-40.00000000000009	0.9999999999999964	3.552713678800501e-15	-8.29215205046088
6	0	0.9999999999999977	1.999999999999995	1	0.3333333333333334	6.000000000000014	0	-6.000000000000014	0.9999999999999999	0.001371742112482921	-1.243822807569132
5	0	0.3444386971121159	2.655561302887881	1	0.1148128990373721	14.51637124957677	0	-14.51637124957677	1	1.995048304215263e-05	-3.009298940560727
33	0	0.9999999999999983	1.999999999999997	1	0.3333333333333333	33.00000000000006	0	-33.00000000000006	1.000000000000002	-1.554312234475219e-15	-6.841025441630222
15	0	0.9999999999999978	1.999999999999996	1	0.3333333333333333	15.00000000000003	0	-15.00000000000003	1.000000000000001	6.969171806314733e-08	-3.10955701892283
5	0	0.7950068368313405	2.204993163168652	1	0.2650022789437809	6.289254089849723	0	-6.289254089849723	0.9999999999999994	0.001306917110225236	-1.303786279925419
2	0	0.1819436954258566	2.818056304574136	1	0.0606478984752857	10.99241166515173	0	-10.99241166515173	1	0.003678167589468595	-2.278768723217445
1	0	0.8186068666620641	2.112385935943494	1	0.2792933731991252	1.221587602944966	0	-1.221587602944966	1	0.2792933731991252	-0.2532397536644416
4	0	0.7950068368313408	2.204993163168651	1	0.265002278943781	5.031403271879777	0	-5.031403271879777	1	0.004931720268344653	-1.043029023940335
10	0	0.9999999999999978	1.999949336995311	1	0.3333389626511421	10.00000000000002	0	-10.00000000000002	0.9999999999999998	1.693794801571613e-05	-2.07303801261522
0	1	0.0002063912690184585	1.276138447792318	0	0.0001617049426628661	0	0.7836140363374918	0.7836140363374918	0.9998382950573371	0.0001617049426628769	0.1624461684546461
17	1	0.8608820698443154	2.070114950334646	0.9444444444444444	0.2937164602752654	19.74718790818159	0.4830649620874165	-19.26412294609417	0.9999999997353274	1.172065788868082e-08	-3.993525914694623
11	0	0.9999999999999974	1.93138940615022	1	0.3411351620163265	11.00000000000003	0	-11.00000000000003	0.9999999999999999	7.28100527913611e-06	-2.280341813876743
0	2	0.005043970793046403	2.994940656225903	0	0.00168133221337822	0	0.6677928645572281	0.6677928645572281	0.9966401624512554	0.003359837548744582	0.1384359992780338
11.5	40.5	0.9222608020689333	2.073112173150723	0.2211538461538461	0.3078951468477151	12.46935788033247	19.53584592504127	7.0664880447088	0.1148376309724347	0.9353858953011531	1.464909833237231
4	1	0.7950068368313405	2.204993163168651	0.8	0.2650022789437809	5.031403271879778	0.4535161454029025	-4.577887126476876	0.9986930828897748	0.01943093290082676	-0.9490134030648402
8	0	0.9999999999999977	1.999995784928628	1	0.3333338016752544	8.00000000000002	0	-8.00000000000002	0.9999999999999997	0.0001524175034695041	-1.658430410092176
0	1	0.0002063912690184585	1.276138447792318	0	0.0001617049426628661	0	0.7836140363374918	0.7836140363374918	0.9998382950573371	0.0001617049426628769	0.1624461684546461
13	0	0.7950068368313409	1.999999999999996	1	0.2844382440697819	16.35206063360927	0	-16.35206063360927	1.000000000000001	7.9770782424049e-08	-3.389844327806087
10	0	0.999999999999998	1.999983128044263	1	0.3333352080056246	10.00000000000002	0	-10.00000000000002	0.9999999999999999	1.693604026486994e-05	-2.073038012615219
2	1	0.7950068368313405	2.204980645318221	0.6666666666666666	0.2650033847013586	2.515701635939889	0.4535187200501167	-2.062182915889772	0.9813896619189336	0.1734597055473959	-0.4274983573605183
25	2	0.9389032756463843	2.060267530017626	0.9259259259259259	0.3130542861624425	26.62681092766329	0.9707477164302489	-25.65606321123304	0.9999999999985484	4.215616744573936e-11	-5.318599429094487
7	0	0.7950068368313408	2.204993163168652	1	0.2650022789437809	8.804955725789609	0	-8.804955725789609	0.9999999999999991	9.177983262020906e-05	-1.825300791895585
7	7	0.8197266266708644	1.386141555844043	0.5	0.3716117912976536	8.539432259787544	5.049989281749505	-3.489442978038039	0.8964510512570379	0.2334970295694192	-0.7233747936326096
12	0	0.7950068368313409	2.204993163168652	1	0.2650022789437809	15.09420981563933	0	-15.09420981563933	0.9999999999999997	1.199486339142908e-07	-3.129087071821003
8	7	0.9998622477225269	2.000100182657453	0.5333333333333333	0.3332915897869704	8.001102170046218	3.499824689131012	-4.501277480915206	0.9691972295792975	0.08817410141800575	-0.9331319323266082
30	1	0.8613901526496558	2.069636487326286	0.967741935483871	0.2938868384549129	34.82742391205578	0.4831766380828915	-34.34424727397289	0.999999999999998	4.440892098500626e-15	-7.119693011360229
10	0	0.9999999999999977	1.932937545075242	1	0.3409550952351917	10.00000000000002	0	-10.00000000000002	1	2.123106838980426e-05	-2.07303801261522
11	15	0.8241072946104423	2.09593186752754	0.4230769230769231	0.2822247404404846	13.34777652368643	7.156721185643646	-6.191055338042786	0.9609481490716147	0.08739521588157939	-1.283429305396704
11	0	0.9999999999999976	1.931174225986371	1	0.3411602050586017	11.00000000000003	0	-11.00000000000003	1	7.28688699458413e-06	-2.280341813876742
4	0	0.8191714279465355	1.385821735222118	1	0.371507468426504	4.88298280864975	0	-4.88298280864975	0.9999999999999998	0.01904891286748889	-1.012260897727754
2	1	0.9999999999999974	1.999999999999995	0.6666666666666666	0.3333333333333333	2.000000000000005	0.5000000000000013	-1.500000000000004	0.962962962962963	0.2592592592592592	-0.3109557018922831
7	0	0.9999999999999977	1.999999999999995	1	0.3333333333333334	7.000000000000016	0	-7.000000000000016	1	0.0004572473708274183	-1.451126608830654
8	0	0.7950068368313408	2.204993163168652	1	0.2650022789437809	10.06280654375955	0	-10.06280654375955	0.9999999999999997	2.432186480549881e-05	-2.086058047880669
11	4	1.001080335534765	1.998919664465229	0.7333333333333333	0.3336934451782557	10.98812913363635	2.001080919412597	-8.987048214223753	0.9997115855630585	0.001825342100869709	-1.863049256929153
6	3	0.818689770417968	2.077189113304367	0.6666666666666666	0.2827085673436839	7.328783400990589	1.44425944695408	-5.884523954036509	0.9970516272065401	0.01877542502544927	-1.219884184286247
7	0	0.7950068368313407	2.204993163168651	1	0.2650022789437809	8.804955725789611	0	-8.804955725789611	0.9999999999999996	9.177983261976497e-05	-1.825300791895586
15	0	0.999999999999998	1.999999999999996	1	0.3333333333333334	15.00000000000003	0	-15.00000000000003	1	6.969171928439266e-08	-3.109557018922829
3	0	0.8186148159286047	1.386378347240047	1	0.3712550358896473	3.664727221674967	0	-3.664727221674967	1	0.05117019359444763	-0.7597118836397952
9	6	0.9999778424818739	1.999775579828962	0.6	0.3333533466599229	9.000199422081833	3.000336668034107	-5.999862754047726	0.9914917068402295	0.0308399876059543	-1.243794355961515
4	2	0.9999999999999976	1.999999999999995	0.6666666666666666	0.3333333333333333	4.00000000000001	1.000000000000002	-3.000000000000007	0.982167352537723	0.1001371742112481	-0.6219114037845661
16	10	0.9192938606672655	2.080706139332728	0.6153846153846154	0.3064312868890892	17.40466317091084	4.806060697839317	-12.59860247307153	0.9997272263398811	0.001099688945410793	-2.611738183250533
12	7	0.7950068368313418	2.204993163168654	0.631578947368421	0.2650022789437809	15.09420981563931	3.174613017820314	-11.919596797819	0.9998402522291263	0.0008601126722150854	-2.470977725692538
3	1	0.8186254489363818	1.386536722250399	0.75	0.3712314040358363	3.664679621062136	0.7212214317533284	-2.943458189308807	0.9810076444649309	0.1476646240340447	-0.6101900714980709
9	1	0.9202049322990036	2.07979506770099	0.9	0.3067349774330019	9.78043008041128	0.4808166032941901	-9.29961347711709	0.9999926271903696	0.0001740088769440762	-1.927845224069248
5	2	0.7950068368313407	2.204993163168651	0.7142857142857143	0.2650022789437809	6.289254089849722	0.9070322908058049	-5.382221799043917	0.9981263269075146	0.01670019636300291	-1.115755038174429
32	4	0.9999541137711726	1.997464094640627	0.8888888888888888	0.3336051375697102	32.00146842670304	2.00253912484953	-29.99892930185351	0.9999999999995918	6.842859612277152e-12	-6.218892078049875
13	2	0.8617968539913969	2.034124507554	0.8666666666666667	0.2975898674028574	15.08476149546233	0.9832239828843939	-14.10153751257794	0.9999995371583407	7.899993585525067e-06	-2.923302329989348
13	1	1.794525072709481	1.20533585768825	0.9285714285714286	0.5982027548428911	7.244256543248976	0.8296442801576733	-6.414612263091303	0.9992485886997956	0.007817259512059027	-1.329773505757598
11	0	0.795006836831341	2.204993163168652	1	0.2650022789437809	13.83635899766938	0	-13.83635899766938	0.9999999999999994	4.526324612896815e-07	-2.868329815835919
27	11	1.040102923889937	1.517174535674677	0.7105263157894737	0.4067227511820396	25.95896942489235	7.250319420308736	-18.70865000458361	0.9999619942551435	0.0001469677770153943	-3.878374262421564
15	0	1.657092511880164	1.217076726171363	1	0.5765466034295008	9.051999144562396	0	-9.051999144562396	1	0.0002585331687900982	-1.876513831683826
21	7	0.9204547371299019	2.079545262870091	0.75	0.3068182457099681	22.8148100638612	3.366120528840487	-19.44868953502071	0.9999997576745311	1.769191964706707e-06	-4.031787270164967
14	4	0.9999297932384386	1.999470830526634	0.7777777777777778	0.3333765370706804	14.00098296367256	2.000529309520586	-12.00045365415197	0.999981442122912	0.0001451288862196476	-2.487739659368419
1	5	0.8186609291399226	2.077209436365489	0.1666666666666667	0.2826994394816575	1.221506932119737	2.407075527611959	1.185568595492222	0.4583029469976686	0.863790618393238	0.2457728765018208
10	1	0.9999999999999978	1.999999999999996	0.9090909090909091	0.3333333333333333	10.00000000000002	0.5000000000000011	-9.500000000000021	0.9999943549707307	0.0001298356731976869	-1.969386111984459
14	0	0.7950068368313407	2.204993163168652	1	0.2650022789437809	17.60991145157922	0	-17.60991145157922	0.9999999999999987	8.423538977453404e-09	-3.650601583791171
11	3	0.8618905391534923	2.069093580680243	0.7857142857142857	0.2940618249417143	12.7626415423978	1.449910254428274	-11.31273128796953	0.9999797887813995	0.0002022762400969436	-2.345172198646231
6	2	0.8187059375791602	2.077166572269947	0.75	0.2827147724199432	7.328638677937844	0.9628500798635428	-6.365788598074301	0.9991308236627885	0.008225025511269135	-1.319652174408055
6	1	0.7950318825192277	2.204968117480766	0.8571428571428571	0.2650106275064099	7.546867153286636	0.453521296780711	-7.093345856505925	0.9999081999256119	0.001874009934902165	-1.470477559716342
10	0	0.7950068368313411	2.204993163168652	1	0.265002278943781	12.57850817969944	0	-12.57850817969944	1	1.708032332459197e-06	-2.607572559850835
18	0	0.8617571642756856	1.343235998892967	1	0.3908207874156446	20.88755480800575	0	-20.88755480800575	0.9999999999999994	4.524783481230088e-08	-4.330069510757963
3	0	0.9208198007273721	2.079180199272621	1	0.3069399335757914	3.257966431249899	0	-3.257966431249899	1	0.02891746272148277	-0.6753888255805377
11	1	0.8190743392977279	2.111918463307831	0.9166666666666666	0.2794528661310929	13.42979443041931	0.4735031287305154	-12.95629130168879	0.9999997731687855	7.245227576335722e-06	-2.685888437091673
16	0	0.819015489133545	2.076854876371867	1	0.282821875899339	19.53565007290248	0	-19.53565007290248	0.9999999999999994	1.67574576437346e-09	-4.049814520227605
4	0	0.8186757911881741	2.112317011417383	1	0.2793168889600813	4.885939028677829	0	-4.885939028677829	1	0.006086796536787009	-1.01287373337694
8	0	0.7950068368313405	2.204993163168652	1	0.2650022789437809	10.06280654375956	0	-10.06280654375956	0.9999999999999997	2.432186480549881e-05	-2.08605804788067
6	7	1.000262727923433	1.795272385077797	0.4615384615384616	0.3578072488775042	5.998424046506392	3.899129768932896	-2.099294277573495	0.8571287315237827	0.3050783780891724	-0.4351916837075453
6	1	0.8186497435637055	2.112343059041853	0.8571428571428571	0.2793080019971226	7.329141732679348	0.473407951288743	-6.855733781390605	0.999867387748994	0.002527846587933591	-1.421219673319298
17	7	0.9998112498310998	2.000188750168901	0.7083333333333334	0.3332704166103665	17.00320935863829	3.49966971837478	-13.50353964026351	0.9999641241309847	0.0001923345599491588	-2.799335097912264
5	0	0.818795215188188	2.112197587417371	1	0.2793576341983185	6.106532997815362	0	-6.106532997815362	1	0.001701385474096706	-1.265907502976039
20	1	0.9999962859388446	1.981597788078971	0.9523809523809523	0.3353898153517961	20.00007428149899	0.5046432762571027	-19.49543100524189	0.9999999998912209	4.635499761818096e-09	-4.04147695461837
7	3	0.896731402476234	2.001411587181466	0.7	0.3094158589401232	7.806127878058247	1.498942056303781	-6.307185821754466	0.9980094815350731	0.01272124270746922	-1.307503596112474
13	16	0.9205933011594489	2.079406698840544	0.4482758620689655	0.306864433719817	14.12132804315113	7.694502479443504	-6.426825563707626	0.9646552196205784	0.07655786088305683	-1.332305369401312
15	0	0.8614072053019105	1.343585957866741	1	0.3906620753708091	17.41336722943096	0	-17.41336722943096	1	7.533881645205298e-07	-3.609857219423848
10	8	0.7950193644816743	2.204980635518319	0.5555555555555556	0.2650064548272253	12.5783099717573	3.628149776526024	-8.95016019523128	0.9979127566389598	0.008453588615827567	-1.855402230371006
3	13	0.9999239673794077	2.000076032620588	0.1875	0.3333079891264698	3.000228115205974	6.499752903376791	3.499524788170817	0.1659985081365114	0.9406005725144602	0.7254647911967314
9	0	0.8619139847240043	2.069078817881554	1	0.2940689530038391	10.44187721688019	0	-10.44187721688019	1	1.644532943412269e-05	-2.164640839365341
8	4	0.8187746946788124	2.077108401141644	0.6666666666666666	0.2827374820000593	9.770697668102978	1.925754090543119	-7.844943577559858	0.9989435822804564	0.006406800238453636	-1.626286624310319
3	0	0.7950068368313407	1.999999999999995	1	0.284438244069782	3.773552453909833	0	-3.773552453909833	1	0.02301250875854577	-0.782271767955251
9	7	0.9998257580566361	2.000174241943358	0.5625	0.333275252685546	9.001568450780187	3.499695103162033	-5.501873347618154	0.9840752456890763	0.04990915769106563	-1.140559259020696
13	2	0.8616660935936538	2.069339352648445	0.8666666666666667	0.2939831090039131	15.08705065297668	0.9664920340109026	-14.12055861896578	0.999999607977252	6.804272090432661e-06	-2.927245477647746
7	0	0.7950068368313407	2.204993163168651	1	0.2650022789437809	8.804955725789611	0	-8.804955725789611	0.9999999999999996	9.177983261976497e-05	-1.825300791895586
16	5	0.9998364176952725	2.000163582304723	0.7619047619047619	0.3332788058984247	16.00261774509242	2.49979553884221	-13.5028222062502	0.9999897692741609	7.234444322401501e-05	-2.799186371114152
6	0	0.8186440064162158	2.077226359089196	1	0.2826935957381294	7.329193096112981	0	-7.329193096112981	0.9999999999999999	0.0005103825523796734	-1.519369589003921
2	9	0.1842649293090473	2.815735070690945	0.1818181818181818	0.06142164310301591	10.85393735801792	3.196323437414698	-7.657613920603225	0.9736656178940768	0.1436188139649766	-1.587452474334192
7	0	0.7950068368313408	2.204993163168651	1	0.265002278943781	8.804955725789609	0	-8.804955725789609	1	9.177983261932088e-05	-1.825300791895585
11	3	1.000383335669572	1.999616664330421	0.7857142857142857	0.3334611118898581	10.99578492342391	1.500287556867587	-9.495497366556325	0.9999174827135321	0.000693564819538528	-1.968452698955893
0	1	0.0001834347140477242	1.276161591029698	0	0.0001437187518640063	0	0.7835998254681278	0.7835998254681278	0.999856281248136	0.0001437187518640304	0.1624432224874077
4	0	0.9999999999999977	1.795094130092349	1	0.3577697041519524	4.00000000000001	0	-4.00000000000001	1	0.01638378527020135	-0.8292152050460881
4	0	0.7950068368313413	1.999999999999997	1	0.2844382440697819	5.031403271879774	0	-5.031403271879774	0.9999999999999999	0.006545637582921371	-1.043029023940334
20	0	0.7950068368313405	2.204993163168652	1	0.2650022789437808	25.15701635939889	0	-25.15701635939889	1	2.917222019505061e-12	-5.215145119701674
37	0	0.9999999999999977	1.999999999999995	1	0.3333333333333334	37.00000000000009	0	-37.00000000000009	1	-4.440892098500626e-16	-7.670240646676314
7	2	0.8618977533330194	2.069107587504338	0.7777777777777778	0.2940621572142152	8.121613002157746	0.9666002928404063	-7.15501270931734	0.9996283179087512	0.003782899502556392	-1.483261332715983
10	8	1.00126809936326	1.998731900636732	0.5555555555555556	0.3337560331210874	9.98733506676118	4.002537807822778	-5.984797258938402	0.9854191065170838	0.04371589385839059	-1.240671221557465
4	4	1.000161688174169	1.999838311825824	0.5	0.3333872293913903	3.999353351858683	2.000161701246765	-1.999191650611918	0.9120008756724446	0.2587600093844357	-0.4144400286221462
5	0	0.9999999999999976	1.999999999999995	1	0.3333333333333333	5.000000000000012	0	-5.000000000000012	1	0.004115226337448097	-1.03651900630761
16	11	0.9999999999999972	1.999999999999994	0.5925925925925926	0.3333333333333334	16.00000000000005	5.500000000000015	-10.50000000000003	0.9984601533241012	0.005041422652413363	-2.176689913245983
30	4	1.792391903175634	1.207365753940262	0.8823529411764706	0.5975122353380112	16.73741102425653	3.312997728274073	-13.42441329598246	0.9999475741590185	0.0002899501714322961	-2.782931905962875
21	0	0.8611584598883797	2.069834342717179	1	0.2938111820414016	24.38575590690004	0	-24.38575590690004	1.000000000000002	6.749822922813564e-12	-5.055259896135982
15	0	0.7950068368313409	2.204993163168653	1	0.2650022789437809	18.86776226954916	0	-18.86776226954916	0.999999999999999	2.2322577120093e-09	-3.911358839776254
4	0	0.8186414123584681	1.386351750810184	1	0.3712670978000004	4.886144213589421	0	-4.886144213589421	1	0.01899966102085804	-1.012916268989075
14	2	0.7950318929132737	2.204481618339952	0.875	0.2650536128377371	17.60935646078187	0.9072427655378079	-16.70211369524407	0.9999999730808117	5.74394779073728e-07	-3.462411658126213
3	0	0.9999999999999974	1.999999999999995	1	0.3333333333333333	3.000000000000008	0	-3.000000000000008	1	0.03703703703703698	-0.6219114037845661
3	1	0.9208536585827245	2.079146341417269	0.75	0.3069512195275755	3.257846642665531	0.4809666256192149	-2.776880017046316	0.9911227703967256	0.08905092182697105	-0.5756577831808599
10	14	0.7950624703721036	2.204929095118315	0.4166666666666667	0.2650215685663543	12.57762801370793	6.349410523447588	-6.22821749026034	0.9676096300517415	0.07738812108270032	-1.291133160814462
19	2	1.794258369451285	1.205453377714399	0.9047619047619048	0.5981435953459906	10.58933335549134	1.659126795755554	-8.930206559735787	0.9996894442495352	0.002258895827064844	-1.851265765883803
3	1	0.9999999999999976	1.999999999999995	0.75	0.3333333333333333	3.000000000000008	0.5000000000000012	-2.500000000000006	0.9876543209876545	0.1111111111111109	-0.5182595031538051
13	2	0.7950140510578922	2.204964847216399	0.8666666666666667	0.265006547717791	16.35191224947715	0.9070439388296136	-15.44486831064754	0.9999999048775832	1.898522552723492e-06	-3.201779910780849
6	3	0.9999999999999978	1.795764456793789	0.6666666666666666	0.3576839234685774	6.000000000000013	1.670597716003517	-4.329402283996497	0.9872305046097057	0.05938411950983347	-0.8975015506627871
6	0	0.8186546184912877	2.112338184114271	1	0.2793096652313612	7.329098089078762	0	-7.329098089078762	1	0.0004748055488433822	-1.519349893684581
0	1	1.107389535738726e-05	2.999988926104635	0	3.69129845246243e-06	0	0.3333345637706935	0.3333345637706935	0.9999963087015475	3.691298452457303e-06	0.06910152216151583
3	10	0.7950169411994588	2.204938460602559	0.2307692307692308	0.2650095867164914	3.773504493468827	4.535273967359265	0.7617694738904377	0.5340087945453061	0.7108792212476913	0.1579177076224771
6	1	0.8187720202570985	2.077142904365561	0.8571428571428571	0.2827334509365068	7.328047187196224	0.4814305255061101	-6.846616661690113	0.9998555756710424	0.002709155095064641	-1.419329659748829
26	1	1.790646222113198	1.20626778742147	0.9629629629629629	0.5974966970744791	14.51989772123529	0.8290033195179735	-13.69089440171732	0.9999990857631142	1.754286586563847e-05	-2.838174452146085
5	0	0.7950068368313408	2.204993163168651	1	0.265002278943781	6.289254089849721	0	-6.289254089849721	1	0.001306917110224348	-1.303786279925418
4	0	0.8186917273647845	2.112301075240774	1	0.2793223260858893	4.885843921832766	0	-4.885843921832766	1	0.006087270488003838	-1.012854017366433
3	9	0.8226080038369837	2.07310594157651	0.25	0.284077785079534	3.646937527968072	4.341312144017049	0.694374616048977	0.5420421093203771	0.7071458471618293	0.1439464974064625
4	1	0.9998498305634487	2.000150169436544	0.8	0.3332832768544837	4.000600767963192	0.4999624604595098	-3.500638307503682	0.9958878626407737	0.0452427751029354	-0.7256956279872124
18	12	0.8619527305744832	2.034141054326967	0.6	0.2976259729806416	20.88281568294722	5.899295908940996	-14.98351977400623	0.9998555010149184	0.0005631752294050774	-3.106140605428665
16	2	0.8613569949903831	2.034602667772443	0.8888888888888888	0.2974340444260969	18.57534111066067	0.9829929114315342	-17.59234819922914	0.9999999855556725	2.977899179468224e-07	-3.646960654816483
5	4	0.8192395109339334	1.386262965553825	0.5555555555555556	0.3714525463778054	6.103221259799833	2.885455429015204	-3.217765830784629	0.929146371753156	0.2099255736128373	-0.6670550882910914
22	3	1.793703900002461	1.20621921710451	0.88	0.597916623187414	12.26512358030208	2.487110101927743	-9.778013478374342	0.9995999977121998	0.002222932332777816	-2.027019362853394
19	2	0.9384003477292918	2.059549542777861	0.9047619047619048	0.3130140202478654	20.24722182379358	0.971086132408574	-19.276135691385	0.9999999987983856	2.701393564397137e-08	-3.996016202456999
3	0	0.8186148198427868	2.112377982762771	1	0.2792960866758406	3.664727204152184	0	-3.664727204152184	1	0.02178685545230596	-0.7597118800072559
2	0	0.7950068368313408	2.204993163168651	1	0.265002278943781	2.515701635939889	0	-2.515701635939889	1	0.07022620784539746	-0.5215145119701673
4	0	0.9999999999999974	1.999999999999995	1	0.3333333333333333	4.000000000000011	0	-4.000000000000011	1	0.01234567901234551	-0.8292152050460884
9	0	0.8618263734420893	2.069166429163468	1	0.2940390616708283	10.44293871404106	0	-10.44293871404106	1.000000000000001	1.643029093012505e-05	-2.164860891761816
2	0	0.7950068368313408	2.204993163168652	1	0.2650022789437809	2.515701635939889	0	-2.515701635939889	0.9999999999999999	0.07022620784539757	-0.5215145119701673
0	11	0.004823859202580467	2.995176140797413	0	0.001607953067526826	0	3.672571990063811	3.672571990063811	0.9824540357086567	0.01754596429134325	0.761338133946819
13	0	0.9999999999999977	1.983016309720876	1	0.3352311540306561	13.00000000000003	0	-13.00000000000003	1.000000000000001	6.752690376865544e-07	-2.694949416399786
5	0	0.7950068368313408	2.204993163168652	1	0.2650022789437809	6.289254089849721	0	-6.289254089849721	0.9999999999999994	0.001306917110225236	-1.303786279925418
11	0	0.9999999999999974	1.999999999999995	1	0.3333333333333333	11.00000000000003	0	-11.00000000000003	1	5.645029269252255e-06	-2.280341813876743
8	0	0.7950068368313408	2.079180199272621	1	0.2766023320142011	10.06280654375955	0	-10.06280654375955	0.9999999999999998	3.426468142697647e-05	-2.086058047880669
3	1	0.7950318935175301	2.204968106482462	0.75	0.2650106311725107	3.77343352444244	0.4535212990428593	-3.31991222539958	0.9950676579588422	0.05965043312501495	-0.6882304241799303
4	6	0.8201560454659577	2.076576112008528	0.4	0.2831314739782536	4.877120667601089	2.889371579159993	-1.987749088441096	0.8771364477207688	0.3060144169710217	-0.4120679419879635
1	0	0.1899104281159304	2.810089571884062	1	0.06330347603864363	5.265640280635627	0	-5.265640280635627	1	0.06330347603864361	-1.091587246251551
13	0	0.7950068368313408	1.999999999999996	1	0.2844382440697819	16.35206063360928	0	-16.35206063360928	1.000000000000001	7.9770782424049e-08	-3.389844327806087
3	0	0.7950068368313404	2.204993163168651	1	0.2650022789437809	3.773552453909834	0	-3.773552453909834	0.9999999999999999	0.01861010512061001	-0.7822717679552511
7	5	0.8186649419266829	2.07722905321137	0.5833333333333334	0.2826985184199243	8.550506613274393	2.407052795776211	-6.143453817498182	0.9935990961759599	0.02810284329718038	-1.273561329241979
2	0	0.7950068368313409	2.079180199272621	1	0.2766023320142012	2.515701635939888	0	-2.515701635939888	0.9999999999999999	0.07650885007569452	-0.5215145119701672
7	6	0.795019361469637	2.204980638530356	0.5384615384615384	0.265006453823213	8.804817013588341	2.721112328677438	-6.083704684910903	0.9917256477789745	0.03310646041956788	-1.261175106934557
3	3	0.7950222347421153	2.204977765257877	0.5	0.2650074115807058	3.773479368124997	1.360557937258448	-2.412921430866549	0.9539237503428093	0.1938689334039483	-0.5002077847640252
21	18	0.9998899681409704	2.000110031859022	0.5384615384615384	0.333296656046991	21.00231092331481	8.999504883873675	-12.00280603944113	0.9974582862569976	0.006570160527764157	-2.488227317780895
9	0	0.7950068368313408	2.079180199272621	1	0.2766023320142011	11.3206573617295	0	-11.3206573617295	1	9.477690788295412e-06	-2.346815303865752
1	11	0.1818178115390784	2.818169673276164	0.08333333333333333	0.06060619001224794	5.500011200965691	3.903242627408	-1.596768573557691	0.8378644345055879	0.5277496053099495	-0.3310161950334467
14	10	0.9996801804227374	1.933569421224364	0.5833333333333334	0.3408097898867485	14.00447890652367	5.171782243881295	-8.832696662642373	0.9958826861836763	0.0127831532014292	-1.831051593555719
5	3	0.9999999999999976	1.795198214580304	0.625	0.3577563819208963	5.000000000000012	1.671124656672726	-3.328875343327287	0.9716628819005378	0.1152780654304595	-0.690088512597499
9	0	0.6969166574741531	2.303083342525841	1	0.2323055524913848	12.91402623754016	0	-12.91402623754016	0.9999999999999994	1.970317944799405e-06	-2.6771267286331
8	2	0.8958841918945599	2.000024985625608	0.8	0.3093619782170536	8.929725596655635	0.9999875073432641	-7.92973808931237	0.9998127234354737	0.001988008103234296	-1.643864848922729
3	1	0.7950068368313407	2.204993163168651	0.75	0.265002278943781	3.773552453909833	0.4535161454029026	-3.320036308506931	0.9950682797316553	0.05964525967740464	-0.6882561470797564
16	5	0.999179496412415	1.932011641239625	0.7619047619047619	0.340878315159203	16.01313883786496	2.587976124611692	-13.42516271325327	0.9999856055642934	9.852640717544769e-05	-2.783087263011845
8	1	0.9999806194258536	2.000019380574138	0.8888888888888888	0.3333268731419521	8.000155047598083	0.4999951549034158	-7.500159892694668	0.9999492035976046	0.0009651582265455261	-1.55481165582481
6	0	0.7950068368313409	1.999999999999995	1	0.284438244069782	7.547104907819665	0	-7.547104907819665	1	0.0005295755593616169	-1.564543535910502
21	16	0.7950544895450379	2.204916014389791	0.5675675675675675	0.2650207688716361	26.41328396499848	7.256512218869246	-19.15677174612923	0.9999754381753452	9.684754989036648e-05	-3.971271602871905
10	4	0.7951196796939844	2.20488032030601	0.7142857142857143	0.2650398932313286	12.57672304608115	1.814157423040925	-10.76256562304023	0.9999282464174314	0.0005713296471729912	-2.231120764982816
9	45	0.7952872345345854	2.203471384692743	0.1666666666666667	0.2652054851748962	11.31666599083153	20.42232103062909	9.10565503979756	0.06384110697028084	0.9689270038026181	1.887636902726165
27	8	0.9994791899468595	2.000483187902041	0.7714285714285715	0.3331639080965835	27.01406919881498	3.999033857610074	-23.0150353412049	0.9999999807376579	1.382896759327679e-07	-4.771104312400035
4	1	0.7950068368313407	2.000037606670444	0.8	0.2844344170196137	5.031403271879777	0.4999905985091684	-4.531412673370609	0.9981382955886436	0.02527960890421765	-0.9393790722743607
11	0	0.9195143381429272	2.032992759441078	1	0.3114350982916697	11.96283684082171	0	-11.96283684082171	1	2.673271749853434e-06	-2.479941550973712
6	6	0.795048714498799	2.204938616665891	0.5	0.2650173573200178	7.546707378531411	2.721164187814289	-4.825543190717122	0.9802601833526905	0.07020366688176016	-1.000353446587311
4	0	0.818720809556571	2.112271993048987	1	0.279332248386538	4.885670369324615	0	-4.885670369324615	1	0.006088135480748269	-1.012818039271774
8	1	0.9999999999999973	1.999974930859943	0.8888888888888888	0.3333361188166157	8.000000000000021	0.500006267363573	-7.499993732636448	0.9999491909154814	0.0009653611421772679	-1.554777210213123
16	4	1.614265445754497	1.183094685481147	0.8	0.5770674385930592	9.911628872488009	3.380963543398269	-6.53066532908974	0.9904998289038155	0.03294264202751307	-1.353831747487129
9	7	0.7950222163724376	2.204977783627556	0.5625	0.2650074054574797	11.32043836594353	3.17463516048848	-8.145803205455048	0.9973477076021963	0.01119762280573589	-1.688655968819118
10	3	0.7951612089250055	2.204157430586673	0.7692307692307693	0.2651139490315929	12.5760661960852	1.361064304377524	-11.21500189170767	0.9999796608218546	0.0002150328489857189	-2.324912523306155
23	0	1.125365198558145	1.774188211838687	1	0.3881167336055823	20.43780990337035	0	-20.43780990337035	0.9999999999999989	3.516703594996784e-10	-4.236835682429044
16	1	0.7950193647551249	2.204980635244871	0.9411764705882353	0.2650064549183753	20.1252959478895	0.4535187221219956	-19.67177722576751	0.9999999998431953	7.550059688554711e-09	-4.078034196471433
17	8	0.8616983567493502	1.345781903812745	0.68	0.3903538220223696	19.72848139589169	5.944499608246432	-13.78398178764526	0.9991411403740812	0.003200244969044364	-2.857471821098446
7	2	0.9207520939986094	2.079247906001383	0.7777777777777778	0.306917364666204	7.602480673815956	0.9618862638877029	-6.640594409928253	0.9994847015390707	0.004951617391011798	-1.376620463814137
35	6	0.8592783967065672	2.036853190875668	0.8536585365853658	0.2966986722533262	40.73185143970524	2.945720401881554	-37.78613103782369	0.9999999999999872	1.976196983832779e-13	-7.833208599106812
18	6	0.9998214770137673	1.943004298010316	0.75	0.3397487834649623	18.00321398752284	3.088001403879624	-14.91521258364321	0.9999924714750412	4.809149997009321e-05	-3.091980265212918
1	20	0.9988909185288701	2.001109081471122	0.04761904761904762	0.3329636395096242	1.001110312898593	9.994457666094309	8.993347353195716	0.002329044041456186	0.9997971665060913	1.864355092382715
9	1	0.8619072407240834	2.069089784304904	0.9	0.2940662284416884	10.44195891942983	0.483304304910066	-9.958654614519768	0.9999951643872365	0.000120919066968983	-2.06446695704054
27	2	1.783733257243586	1.21498235223283	0.9310344827586207	0.5948324181215139	15.13679239334432	1.646114444645641	-13.49067794869868	0.9999940498229107	5.995722083251831e-05	-2.796668820360222
14	12	0.8617746377496867	2.034198188383431	0.5384615384615384	0.2975769074809937	16.24554655792328	5.899130216774183	-10.34641634114909	0.9972127448078555	0.008736313778070048	-2.144851436954531
5	5	1.000112509511584	1.795614364579177	0.5	0.3577289751656607	4.999437515726911	2.784562263830969	-2.214875251895942	0.8956473184925338	0.2657003825979037	-0.4591520590380989
22	8	0.99946820469346	1.991760674678964	0.7333333333333333	0.3341329751079274	22.01170572179179	4.016546817950131	-17.99515890384166	0.999998453949263	9.144036118846621e-06	-3.73046484507149
1	2	0.7950068368313407	2.000125548541661	0.3333333333333333	0.2844254679998813	1.257850817969944	0.9999372296695311	-0.2579135883004132	0.8033252753583993	0.6335922714084163	-0.05346646725167475
3	0	0.8186917172934627	2.07717864821195	1	0.2827100712260569	3.664382986452812	0	-3.664382986452812	1	0.02259559802473088	-0.7596405223697145
5	3	0.795006836831341	2.204993163168651	0.625	0.265002278943781	6.289254089849719	1.360548436208707	-4.928705653641012	0.9941972644520153	0.03486263105469756	-1.021739417298934
0	2	0.0006671845829294517	1.276524617993585	0	0.0005223840159195525	0	1.566753959781488	1.566753959781488	0.998955504853221	0.001044495146778956	0.3247940515042435
10	8	0.9206809540596731	2.07931904594032	0.5555555555555556	0.3068936513532251	10.86152586941845	3.847413419128376	-7.014112450290074	0.9926556008013551	0.02461611656298579	-1.454052173420897
11	4	1.793409451642307	1.205884003351283	0.7333333333333333	0.5979439753240618	6.133568656018177	3.317068630882876	-2.816500025135301	0.9120757361380496	0.2125318225205937	-0.5838711614637189
0	1	0.000552323836147959	1.276428656133937	0	0.0004325231501575677	0	0.7834358741434186	0.7834358741434186	0.9995674768498425	0.0004325231501575155	0.1624092347545737
4	1	0.9206512823551932	2.0793487176448	0.8	0.3068837607850651	4.344750370376146	0.4809198147065309	-3.863830555669615	0.9972781164651809	0.03345960772082024	-0.8009867616207282
5	0	0.9999999999999974	1.999949852803763	1	0.3333389053371659	5.000000000000012	0	-5.000000000000012	1	0.004115570299801474	-1.03651900630761
1	0	0.7950068368313408	2.204993163168652	1	0.2650022789437809	1.257850817969944	0	-1.257850817969944	1	0.2650022789437809	-0.2607572559850836
0	1	0.9999999999999974	1.999999999999995	0	0.3333333333333333	0	0.5000000000000013	0.5000000000000013	0.6666666666666667	0.3333333333333333	0.103651900630761
0	29	0.1844764908328848	2.815510783204015	0	0.06149242446106983	0	10.30008486310906	10.30008486310906	0.1587434059050122	0.8412565940949879	2.135246745438766
1	1	0.9999999999999976	1.795031902164932	0.5	0.3577776694517991	1.000000000000002	0.5570931629649205	-0.4429068370350819	0.8719951392416391	0.5875504781452374	-0.09181627092208973
10	3	0.7950193510557884	2.079229348668602	0.7692307692307693	0.2766007517484559	12.57831018417346	1.442842273230222	-11.13546791094324	0.9999684621246725	0.0003153518354320761	-2.308424826764228
4	9	0.7955452401618566	2.204404620263304	0.3076923076923077	0.2651861788280388	5.027998155310671	4.08273504658369	-0.9452631087269809	0.7542745459865787	0.466579536226891	-0.1959566356313861
13	0	1.657156510767083	1.217121956292156	1	0.5765469594400746	7.844762951196697	0	-7.844762951196697	0.9999999999999994	0.0007777695200407164	-1.626249179778627
8	2	0.9999826352068255	2.000017364793167	0.8	0.3333275450689426	8.000138920757726	0.9999913176787997	-7.000147603078926	0.9996444160859503	0.003403529204565547	-1.45115720750999
2	1	0.7950068368313408	2.07920325243418	0.6666666666666666	0.2766001134713496	2.515701635939889	0.4809534608169127	-2.034748175122976	0.978837982859741	0.1871988340365726	-0.4218110313129371
5	16	0.998699842472779	2.001300157527214	0.2380952380952381	0.3328999474909271	5.006509250687383	7.994802748513965	2.988293497826581	0.2499744275039287	0.8780129977719479	0.6194846013845386
6	24	0.9999999999999973	1.999999999999995	0.2	0.3333333333333333	6.000000000000016	12.00000000000003	6.000000000000016	0.08383843843843078	0.9645458281837009	1.243822807569132
9	1	1.657240518388946	1.217102407714197	0.9	0.5765632567147201	5.430714431692253	0.8216235492279318	-4.60909088246432	0.9959405273320645	0.03387285161547382	-0.9554820602946744
3	3	1.656635908407518	1.217622214931063	0.5	0.5763699143635924	1.810898812934596	2.463818385713215	0.6529195727786188	0.5045853665687007	0.7865495481942676	0.1353527093550563
9	1	0.9999999999999973	1.999438826264947	0.9	0.3333956976362972	9.000000000000025	0.5001403328093067	-8.499859667190718	0.9999830332011543	0.0003562075625422878	-1.762053219198127
4	4	0.7951320535636139	2.204855419993093	0.5	0.2650451245454455	5.030610930691128	1.81417791104531	-3.216433019645818	0.9651138713649051	0.1356767262749001	-0.6667787914756522
8	3	0.9206114496318115	2.079388550368182	0.7272727272727273	0.3068704832106045	8.689876715306454	1.442731806649994	-7.24714490865646	0.9993036076414197	0.005017231141975609	-1.502360687857566
0	9	0.001097403399887583	2.998902596600105	0	0.0003658011332958619	0	3.0010978049782	3.0010978049782	0.9967126028678469	0.003287397132153091	0.6221389829295894
0	0	0	1.276028789577736	0	0	0	0	0	0	0	0
10	2	0.9999999999999979	1.999999999999996	0.8333333333333334	0.3333333333333333	10.00000000000002	1.000000000000002	-9.00000000000002	0.999952958089421	0.0005438044862929869	-1.865734211353698
1	0	0.7950068368313407	2.079180199272621	1	0.2766023320142011	1.257850817969944	0	-1.257850817969944	1	0.2766023320142011	-0.2607572559850836
4	1	0.8188257222060733	1.386313170463234	0.8	0.3713261440937581	4.885044389205598	0.7213377332813277	-4.163706655924271	0.9929404399112841	0.06682051326380789	-0.8631522171109994
37	10	0.8441371097560786	2.051875473680375	0.7872340425531915	0.291482542093934	43.83174199116954	4.873590102455564	-38.95815188871397	0.9999999999996909	2.869704474051105e-12	-8.076172976654131
0	0	0.9999999999999974	1.999999999999995	0	0.3333333333333333	0	0	0	0	0	0
3	0	0.7950068368313404	2.204993163168651	1	0.2650022789437809	3.773552453909834	0	-3.773552453909834	0.9999999999999999	0.01861010512061001	-0.7822717679552511
4	2	0.9208391462449196	2.079160853755074	0.6666666666666666	0.3069463820816405	4.343863981360435	0.9619265370391591	-3.381937444321276	0.987833654859908	0.0761214189146131	-0.7010884878364757
20	6	0.9385806956144367	2.059820781337223	0.7692307692307693	0.3130270255098225	21.308769819634	2.912874777438082	-18.39589504219592	0.9999997141005177	2.260305725143574e-06	-3.813538969855193
0	0	0.7950068368313405	2.07918019927262	0	0.2766023320142011	0	0	0	0	0	0
4	5	0.7950068368313407	2.204993163168652	0.4444444444444444	0.2650022789437809	5.031403271879777	2.267580727014512	-2.763822544865266	0.9384386727308446	0.1948517491923968	-0.5729509195628617
5	3	0.9208160575382301	2.079183942461763	0.625	0.3069386858460774	5.429966125229535	1.442873782705337	-3.987092342524198	0.9872518232897515	0.06353618092897506	-0.8265393985859707
0	1	0.7950068368313404	2.079195599005663	0	0.2766008500023501	0	0.4809552311856717	0.4809552311856717	0.7233991499976499	0.2766008500023501	0.09970384766140364
5	1	0.9207967371840327	2.07920326281596	0.8333333333333334	0.3069322457280116	5.430080057940831	0.4809534584154385	-4.949126599525393	0.9991639060093902	0.0121637363448599	-1.025972757006122