Observed S Changes	Observed NS Changes	E[S Sites]	E[NS Sites]	Observed S. Prop.	P{S}	dS	dN	dN-dS	P{S leq. observed}	P{S geq. observed}	Scaled dN-dS
0	0	0	3	0	0	0	0	0	0	0	0
3	5	0.8672724474049823	2.032524122441373	0.375	0.2990804446157871	3.459120613108924	2.459995404135344	-0.9991252089735809	0.8075614920530401	0.4458888979332738	-0.533229380599926
11	4	0.9997817804018656	2.000218219598135	0.7333333333333333	0.3332605934672884	11.00240093951153	1.999781804209164	-9.002619135302369	0.9997155547776447	0.001803525569049391	-4.804664102336005
1	8	0.9238776311061055	2.076122368893895	0.1111111111111111	0.3079592103687018	1.082394427931714	3.853337413951277	2.770942986019564	0.1822176803898238	0.9635929712309473	1.478841889727548
0	1	0.9236485581489685	2.076351441851032	0	0.3078828527163228	0	0.4816140369322628	0.4816140369322628	0.6921171472836771	0.3078828527163229	0.2570356070441328
8	0	0.9999999999999994	1.999999999999999	1	0.3333333333333334	8.000000000000005	0	-8.000000000000005	1	0.0001524157902758061	-4.269570026345126
4	0	1.669660388824991	1.209090870131662	1	0.579994670824782	2.395696769697558	0	-2.395696769697558	0.9999999999999997	0.1131608009131821	-1.278574390014066
0	3	0.8025042877771877	2.197495712222813	0	0.2675014292590626	0	1.365190377079479	1.365190377079479	0.3930251524958404	0.6069748475041596	0.7285969892791675
1	9	0.8024797403891805	2.001105167309632	0.1	0.2862334356935375	1.246137378515036	4.497514746863589	3.251377368348553	0.1719553001346104	0.9656788366731144	1.735247919529733
0	6	0.92303376107045	2.07696623892955	0	0.3076779203568167	0	2.888828854094589	2.888828854094589	0.1101156621173941	0.8898843378826059	1.541757135835398
1	2	1.79543841757894	1.202918893153642	0.3333333333333333	0.5988073573326937	0.5569670283364275	1.662622485508299	1.105655457171871	0.3537182554860185	0.9354258229474439	0.5900841749257418
6	2	0.802510454852179	2.076279228991894	0.75	0.2787666147881215	7.476538110777871	0.9632615748754899	-6.513276535902381	0.9992086973625497	0.007626550094562035	-3.476111283873225
8	2	1.798194245562603	1.201557024794494	0.8	0.5994477819984526	4.448907574774845	1.664506934526945	-2.7844006402479	0.9539755062457264	0.1664009784170496	-1.486024189367325
2	7	0.9995672118004338	2.000432788199567	0.2222222222222222	0.3331890706001445	2.000865951172581	3.499242784507723	1.498376833335141	0.3775329735289407	0.8567296278898675	0.7996781019722051
7	10	0.8047415788481236	2.195040695923045	0.4117647058823529	0.2682666624228625	8.698444549142762	4.555724191616804	-4.142720357525958	0.9409933098023606	0.144586300974725	-2.210954333252823
6	11	1	2	0.3529411764705883	0.3333333333333333	5.999999999999999	5.499999999999999	-0.5	0.6739329266604694	0.5223348138409888	-0.2668481266465701
1	1	0.8251634356052355	1.372701480900968	0.5	0.3754386493037715	1.211881133907159	0.7284905086163771	-0.483390625290782	0.8590458206089595	0.6099231192165028	-0.2579837655947187
1	6	0.8256299055174297	2.075196678680615	0.1428571428571428	0.2846188427860403	1.211196437189725	2.891292214198573	1.680095777008848	0.3629339708342508	0.9041123935183385	0.8966608213632494
6	15	0.9768191245541641	2.023180875445834	0.2857142857142857	0.3256063748513882	6.142385882072586	7.414067709934512	1.271681827861927	0.4485059211191796	0.727032037779624	0.6786918269108825
2	0	1	2	1	0.3333333333333333	2	0	-2	1	0.1111111111111109	-1.067392506586281
1	6	0.997278449431424	1.936363652639368	0.1428571428571428	0.3399455062113635	1.002728977619167	3.09859152325116	2.095862545631993	0.2513654732819464	0.9454168562905149	1.118553988021218
0	4	0.8035830232741575	2.19635374863319	0	0.2678666533239108	0	1.821200251776033	1.821200251776033	0.2873166227718943	0.7126833772281056	0.9719677508693926
0	1	0.8022684989897206	2.197710599917346	0	0.2674246961527158	0	0.4550189638424681	0.4550189638424681	0.7325753038472842	0.2674246961527158	0.2428419161800522
4	3	0.8022612918203633	2.197738708179634	0.5714285714285714	0.267420430606788	4.985906762276712	1.365039432956464	-3.620867329320248	0.9826131610203181	0.08776060413678477	-1.932443327329756
3	1	0.8022612918203639	2.197738708179636	0.75	0.2674204306067879	3.739430071707531	0.455013144318821	-3.28441692738871	0.9948857926137271	0.06115426141388713	-1.752881008399923
7	9	0.9979115172619409	2.00205687899482	0.4375	0.3326406766508255	7.014649975387123	4.495376776966827	-2.519273198420295	0.8747676720614389	0.2605925636167097	-1.344526667018738
3	0	1	2	1	0.3333333333333333	3	0	-3	1	0.03703703703703698	-1.601088759879421
7	1	0.9990135018813567	2.000240728968449	0.875	0.3330873027053453	7.006912305807177	0.4999398250008206	-6.506972480806356	0.9998484818630903	0.002578494333347003	-3.472746833287923
6	0	1.802010393896321	1.19776027838962	1	0.6007160515784093	3.329614535145245	0	-3.329614535145245	0.9999999999999994	0.04699107935874625	-1.777002802317398
4	0	0.8022612918203641	2.076375466815247	1	0.2786948681224415	4.985906762276707	0	-4.985906762276707	1	0.006032757757980733	-2.660959758296011
2	1	1.000847825389449	1.999152174610551	0.6666666666666666	0.3336159417964829	1.99830578561907	0.5002120462364537	-1.498093739382616	0.9628686802517985	0.2596361503658595	-0.7995270157904126
10	0	0.9999999999999999	1.999697106857919	1	0.3333669915251764	10	0	-10	1	1.695219571340445e-05	-5.336962532931405
7	0	0.8022612918203641	2.197738708179636	1	0.267420430606788	8.725336833984237	0	-8.725336833984237	0.9999999999999997	9.780523174895972e-05	-4.656679577018019
1	2	0.802261291820364	2.197520830285181	0.3333333333333333	0.2674398536841927	1.246476690569177	0.9101165151369471	-0.3363601754322297	0.8236845504710496	0.6068757232801691	-0.1795141653852044
2	1	1	2	0.6666666666666666	0.3333333333333333	2	0.5	-1.5	0.962962962962963	0.2592592592592592	-0.8005443799397105
4	0	0.9999999999999999	2	1	0.3333333333333334	4.000000000000001	0	-4.000000000000001	1	0.01234567901234573	-2.134785013172562
2	2	1	1.999844352210785	0.5	0.3333506284294496	2	1.000077829951638	-0.999922170048362	0.888873514871878	0.4074381542449268	-0.5336547157395571
5	0	0.8022612918203643	2.197738708179637	1	0.267420430606788	6.232383452845882	0	-6.232383452845882	1	0.001367643541449359	-3.326199697870012
5	0	1	1.933924472760783	1	0.3408404031133813	5	0	-5	0.9999999999999998	0.004599973729014106	-2.668481266465702
12	0	1	2.000000000000001	1	0.3333333333333333	11.99999999999999	0	-11.99999999999999	0.9999999999999999	1.881676423232115e-06	-6.404355039517681
0	7	0.1773648881987634	2.822635111801236	0	0.0591216293995878	0	2.4799521449774	2.4799521449774	0.652731232949378	0.347268767050622	1.323541168120725
4	0	0.9999999999999999	2	1	0.3333333333333334	4.000000000000001	0	-4.000000000000001	1	0.01234567901234573	-2.134785013172562
1	2	0.8252323239143943	2.074390298385589	0.3333333333333333	0.2845999053696923	1.211779969132347	0.9641387165937461	-0.2476412525386014	0.8031122190739848	0.6338601664414125	-0.1321652086406719
2	0	1	2	1	0.3333333333333333	2	0	-2	1	0.1111111111111109	-1.06739250658628
5	1	0.9210589809738747	2.078941019026125	0.8333333333333334	0.3070196603246249	5.428534006273179	0.4810141273120136	-4.947519878961166	0.99916247626955	0.01217987513426566	-2.640472822494905
13	2	0.9995283875546377	2.000471612445359	0.8666666666666667	0.3331761291848795	13.00613385459187	0.9997642493687862	-12.00636960522309	0.9999978533204245	3.125197375242195e-05	-6.407754473960202
1	8	0.8022612918203641	2.197738708179636	0.1111111111111111	0.2674204306067881	1.246476690569177	3.640105154550568	2.393628463981391	0.2604234080924941	0.9392294420472345	1.277470543002683
1	3	0.8023539334471246	2.197467543765998	0.25	0.2674672274806576	1.246332769509505	1.365207876908448	0.1188751073989427	0.7084884289286271	0.7120558651289048	0.06344319942863538
6	5	0.9885515916561904	1.210796778803203	0.5454545454545454	0.4494747648594227	6.069485953634221	4.129512142361484	-1.939973811272737	0.8271200135091274	0.3655259946230511	-1.035356754563074
1	1	0.9234248224629724	2.076575177537027	0.5	0.3078082741543242	1.082925188574404	0.4815621465658058	-0.6013630420085982	0.9052540663621365	0.5208706146707848	-0.3209452023889542
2	0	0.8252200242819041	2.108390735676838	1	0.2812984038460201	2.42359606062683	0	-2.42359606062683	1	0.07912879200631862	-1.293464137052554
7	0	1	2	1	0.3333333333333333	7	0	-7	1	0.0004572473708274183	-3.735873773051982
2	0	1	2	1	0.3333333333333333	2	0	-2	1	0.1111111111111109	-1.067392506586281
2	0	0.802261291820364	2.197738708179636	1	0.267420430606788	2.492953381138354	0	-2.492953381138354	0.9999999999999998	0.07151368670592007	-1.330479879148005
4	0	1	2	1	0.3333333333333333	3.999999999999999	0	-3.999999999999999	1	0.01234567901234551	-2.134785013172561
3	0	1	2	1	0.3333333333333333	3	0	-3	1	0.03703703703703698	-1.601088759879421
16	0	0.8665590386143237	2.06705172134442	1	0.2953899169044875	18.46383141486227	0	-18.46383141486227	0.9999999999999987	3.359934663826891e-09	-9.854077647548177
7	0	1.789107845780667	1.198845644539211	1	0.5987736594886329	3.912564587153543	0	-3.912564587153543	1	0.02759553447760055	-2.088121060931269
4	0	0.9999999999999999	2	1	0.3333333333333334	4.000000000000001	0	-4.000000000000001	1	0.01234567901234573	-2.134785013172562
2	0	0.8671751767914275	1.330563531388208	1	0.394576103867097	2.3063390806458	0	-2.3063390806458	1	0.1556903017429381	-1.230884526164209
3	13	0.8023377836471557	2.197662216352843	0.1875	0.2674459278823854	3.739073568694492	5.915376759570591	2.176303190876098	0.3444745054829031	0.8429437647480624	1.16148485900048
2	0	1	2	1	0.3333333333333333	2	0	-2	1	0.1111111111111109	-1.06739250658628
4	2	1	1.803071152760839	0.6666666666666666	0.3567515576674057	4	1.109218566853352	-2.890781433146648	0.9756356436893541	0.1248981931567065	-1.542799219959741
0	8	0.5405873004184929	2.45928585007006	0	0.180203386376672	0	3.252976875287636	3.252976875287636	0.2040088276572283	0.7959911723427717	1.736101570390238
4	3	0.9998134157962431	1.999685400658638	0.5714285714285714	0.3333268245719551	4.000746476095676	1.50023598662664	-2.500510489469036	0.954736260081909	0.1732867539469789	-1.334513079549821
2	7	0.8351887801517729	2.098302093502244	0.2222222222222222	0.2847081569786664	2.394668184642704	3.336030603828073	0.9413624191853698	0.5041774375632355	0.7753891261120543	0.5024015961101984
0	1	0.1747636901053029	2.825236309894697	0	0.05825456336843429	0	0.3539526929120036	0.3539526929120036	0.9417454366315657	0.05825456336843426	0.1889032260501538
2	0	0.8022612918203641	2.076375466815248	1	0.2786948681224414	2.492953381138354	0	-2.492953381138354	1	0.07767082951778503	-1.330479879148005
0	22	0.8023428442114888	2.197510785534789	0	0.2674606641655878	0	10.0113274277496	10.0113274277496	0.001062382499307453	0.9989376175006925	5.343007938680813
5	6	0.8026504702772466	2.197333754957727	0.4545454545454545	0.2675515636134317	6.229361577864561	2.730582000327679	-3.498779577536882	0.9530283491748168	0.1447723095387461	-1.86728555162999
4	0	1	2	1	0.3333333333333333	3.999999999999999	0	-3.999999999999999	1	0.01234567901234551	-2.134785013172561
4	1	0.8022612918203641	2.197488171011698	0.8	0.2674427653911302	4.985906762276707	0.4550650206866013	-4.530841741590106	0.9986317852395477	0.0201067216668217	-2.418093261750807
3	5	0.8676196682248405	1.340077442742592	0.375	0.3929976009456487	3.45773627531754	3.731127650180455	0.2733913748629146	0.6102976751421116	0.6698001665781811	0.145907952446998
6	4	0.9240363138309512	2.075963686169049	0.6	0.3080121046103171	6.493251304296334	1.926815977875575	-4.566435326420758	0.9876159569825681	0.0535009076978763	-2.437089424616197
3	1	1.000963056978722	1.999036943021278	0.75	0.3336543523262406	2.997113608823001	0.5002408802353764	-2.496872728587625	0.9876066938720857	0.1113966674333843	-1.332571620197035
2	0	0.802261291820364	2.197738708179636	1	0.2674204306067881	2.492953381138354	0	-2.492953381138354	0.9999999999999999	0.07151368670592007	-1.330479879148005
6	0	1	1.93378883279426	1	0.3408561614325729	6	0	-6	0.9999999999999999	0.001568291877507733	-3.202177519758842
3	6	0.8254206991146071	2.105604825683881	0.3333333333333333	0.2816149815588371	3.634510260304799	2.849537542283726	-0.7849727180210735	0.7705210931457787	0.4873425722390475	-0.4189369985451797
3	0	0.802261291820364	2.197738708179636	1	0.267420430606788	3.739430071707531	0	-3.739430071707531	0.9999999999999999	0.01912422089317611	-1.995719818722008
2	0	0.802261291820364	2.076375466815248	1	0.2786948681224414	2.492953381138354	0	-2.492953381138354	1	0.07767082951778503	-1.330479879148005
4	1	1	1.999937829235656	0.8	0.333340241339197	3.999999999999998	0.5000155431742516	-3.499984456825747	0.9958843472247618	0.04527090116122656	-1.867928591192128
4	0	1.802068190837347	1.197713425580338	1	0.600733127029881	2.219671830587812	0	-2.219671830587812	0.9999999999999998	0.1302345836463191	-1.184630539525042
0	3	0.1746260756362233	2.825373924363777	0	0.05820869187874111	0	1.06180635919741	1.06180635919741	0.8353414540888499	0.1646585459111501	0.5666820756264881
0	0	0.8022612918203639	2.197738708179636	0	0.267420430606788	0	0	0	0	0	0
8	1	0.9999999999999999	2	0.8888888888888888	0.3333333333333334	8.000000000000002	0.5000000000000001	-7.500000000000002	0.9999491947365745	0.0009653000050807714	-4.002721899698553
3	0	1.801957515212226	1.197698934885168	1	0.6007212976518425	1.664856121564372	0	-1.664856121564372	1	0.2167799383258039	-0.8885274743510546
2	0	1.669416528543294	1.209099890547989	1	0.5799572715552933	1.198023360739796	0	-1.198023360739796	0.9999999999999999	0.3363504368298603	-0.6393805789844853
5	0	1	1.933851289496762	1	0.340848905184805	5	0	-5	1	0.004600547476374617	-2.668481266465702
11	0	0.8022612918203641	2.197738708179636	1	0.267420430606788	13.71124359626094	0	-13.71124359626094	0.9999999999999996	5.001962390949188e-07	-7.31763933531403
5	0	1	2	1	0.3333333333333333	4.999999999999999	0	-4.999999999999999	1	0.004115226337448097	-2.668481266465701
9	0	0.8668572792170204	1.330881428962616	1	0.3944314562921944	10.38233191988554	0	-10.38233191988554	1	0.0002310701719472341	-5.541011646088688
1	0	0.8022612918203639	2.076375466815247	1	0.2786948681224414	1.246476690569177	0	-1.246476690569177	1	0.2786948681224414	-0.6652399395740028
2	0	0.8022612918203639	2.197738708179636	1	0.267420430606788	2.492953381138354	0	-2.492953381138354	0.9999999999999998	0.07151368670592007	-1.330479879148006
0	8	0.9980056692288811	2.001994330771119	0	0.332668556409627	0	3.996015311850856	3.996015311850856	0.0393307935318327	0.9606692064681673	2.132658400036822
6	3	0.8026354933245927	2.197364506675405	0.6666666666666666	0.2675451644415311	7.47537337920035	1.36527189316395	-6.110101486036399	0.9979247632269977	0.01418134281445238	-3.260938270338475
2	1	0.8252334792318534	1.372505228947782	0.6666666666666666	0.3754920801824461	2.423556545308422	0.7285946741103786	-1.694961871198043	0.9470577561431073	0.3170984191254371	-0.9045948001331261
8	2	0.802261291820364	2.197738708179636	0.8	0.267420430606788	9.971813524553415	0.910026288637642	-9.061787235915773	0.9999468899126935	0.0006847634162565619	-4.83624189594785
3	1	0.8671751891397798	2.032452777895403	0.75	0.2990642934191488	3.459508571706185	0.4920163513149348	-2.96749222039125	0.9920005844977965	0.08299433907754938	-1.583739479699352
3	5	0.8278469871099647	2.072842061526857	0.375	0.2853966672156781	3.623858088163221	2.412147115693415	-1.211710972469807	0.8315525961859727	0.4110301484412034	-0.6466856060813233
0	0	0	1.265556960165031	0	0	0	0	0	0	0	0
2	1	0.8022612918203641	2.197738708179636	0.6666666666666666	0.2674204306067881	2.492953381138354	0.455013144318821	-2.037940236819533	0.9808757791068241	0.1762926183314076	-1.08764106882592
4	2	0.9999759635448365	2.000024036455164	0.6666666666666666	0.3333253211816121	4.000096148131714	0.999987981916854	-3.00010816621486	0.9821693307635763	0.1001292611651862	-1.601146487783025
0	0	0.8022612918203639	2.197738708179636	0	0.267420430606788	0	0	0	0	0	0
1	1	0.9998678859318594	2.000132114068141	0.5	0.3332892953106197	1.000132131524574	0.4999669736645864	-0.5001651578599875	0.8889182456313506	0.5554968362525898	-0.2669362707776474
1	0	0.8252003219267212	2.108410438032021	1	0.281291687769214	1.211826963015656	0	-1.211826963015656	1	0.281291687769214	-0.6467475098010604
10	0	1.092879850401032	1.30098627449082	1	0.4565334038679399	9.150136674521452	0	-9.150136674521452	1.000000000000001	0.0003933014948974689	-4.883393660312254
1	2	0.8023236410186823	2.197676358981318	0.3333333333333333	0.2674412136728941	1.246379825889631	0.9100521065472326	-0.3363277193423985	0.823682951808999	0.6068779127669357	-0.1794968436916649
1	5	0.82663288596608	2.073037113107704	0.1666666666666667	0.285078262778221	1.2097268533314	2.411920157331127	1.202193303999727	0.4529750983106104	0.8664785585947853	0.6416060620787556
1	1	1	2	0.5	0.3333333333333333	1	0.5	-0.5	0.8888888888888891	0.5555555555555555	-0.2668481266465701
1	11	0.8022612918203641	2.02611261399944	0.08333333333333333	0.2836475369008288	1.246476690569177	5.42911579741196	4.182639106842784	0.1050278596238816	0.9817391452503283	2.23225882019936
2	0	0.802261291820364	2.197738708179636	1	0.267420430606788	2.492953381138354	0	-2.492953381138354	0.9999999999999998	0.07151368670592007	-1.330479879148005
1	4	0.8023658182795842	2.197175861881591	0.2	0.2674961390223024	1.246314308533455	1.820518816629693	0.5742045080962379	0.595945819958444	0.7891131058108884	0.3064507945949929
1	0	0.8022612918203638	2.076375466815247	1	0.2786948681224414	1.246476690569177	0	-1.246476690569177	1	0.2786948681224414	-0.665239939574003
1	1	0.8022612918203638	2.000124848785765	0.5	0.286277925870288	1.246476690569177	0.4999687897518395	-0.7465079008173379	0.9180449491594058	0.4906008008999819	-0.3984084697199404
4	0	1	2.000000000000001	1	0.3333333333333333	3.999999999999998	0	-3.999999999999998	1	0.01234567901234551	-2.13478501317256
0	0	0.8022612918203639	2	0	0.2862906803737815	0	0	0	0	0	0
1	3	0.8022612918203641	2.197645318135128	0.25	0.2674287556679195	1.246476690569177	1.365097440994588	0.1186207504254109	0.7085546872094737	0.7119953703307613	0.06330745006486246
6	1	0.9992113352598464	2.000788664740154	0.8571428571428571	0.3330704450866154	6.004735723338938	0.4998029115333237	-5.504932811805615	0.9995452709686797	0.006828472617903869	-2.937962016291129
6	2	0.99995820163376	1.999617268019912	0.75	0.3333665752871403	6.000250800680498	1.000191402617995	-5.000059398062503	0.9974072287212227	0.01967185324591558	-2.668512966989113
0	3	0.8025418599465601	2.19745814005344	0	0.26751395331552	0	1.365213719123243	1.365213719123243	0.3930049933368883	0.6069950066631118	0.7286094468404682
0	1	0.802261291820364	2.000031092474137	0	0.2862875038724196	0	0.4999922270023067	0.4999922270023067	0.7137124961275804	0.2862875038724196	0.2668439782268244
8	4	1	2	0.6666666666666666	0.3333333333333333	7.999999999999998	2	-5.999999999999998	0.9961444450089473	0.01875843226247131	-3.202177519758841
5	0	1	1.99990658978067	1	0.3333437125697678	4.999999999999999	0	-4.999999999999999	0.9999999999999998	0.004115867070956569	-2.668481266465701
6	0	1.001900255142673	1.998099744857327	1	0.3339667517142244	5.988620093869111	0	-5.988620093869111	0.9999999999999998	0.001387456560811184	-3.196104106493959
12	0	0.9413454370409606	2.057831594355676	1	0.3138679134931229	12.7477114434431	0	-12.7477114434431	1.000000000000001	9.140354583214716e-07	-6.803405835427673
5	0	1	1.802426737371693	1	0.3568335923521299	5	0	-5	1	0.005785336983988976	-2.668481266465702
7	1	1.799973148985708	1.199185167092863	0.875	0.6001594311764077	3.888946901204902	0.8338995740117933	-3.055047327193109	0.9831681023560542	0.1065424002701376	-1.630467312156185
0	5	0.9996987430785803	2.00030125692142	0	0.3332329143595268	0	2.499623485562016	2.499623485562016	0.1317864519146746	0.8682135480853255	1.334039688887988
2	1	1	2	0.6666666666666666	0.3333333333333333	2	0.4999999999999999	-1.5	0.962962962962963	0.2592592592592592	-0.8005443799397103
2	2	1	1.806745401432235	0.5	0.3562845420499191	2	1.106962828528341	-0.8930371714716583	0.8674351309329547	0.4481620297292958	-0.4766105924659277
15	0	1	1.999712823350337	1	0.3333652449047154	15	0	-15	1	6.979186473188292e-08	-8.005443799397103
5	0	1	1.999822043031153	1	0.3333531075028556	5	0	-5	0.9999999999999997	0.004116447110027122	-2.668481266465702
2	0	0.9999999999999999	2	1	0.3333333333333334	2	0	-2	1	0.111111111111111	-1.067392506586281
9	1	1.80086662451519	1.198636484709712	0.9	0.6003883173105127	4.997593868131618	0.8342812960863456	-4.163312572045273	0.9939141347935747	0.04659269662938503	-2.221944320988789
6	0	0.8668637151124543	2.066747044846288	1	0.2954937740699606	6.921503225246482	0	-6.921503225246482	1.000000000000001	0.000665717554997336	-3.693980338470435
2	0	0.8022612918203639	2.197738708179636	1	0.2674204306067879	2.492953381138354	0	-2.492953381138354	0.9999999999999998	0.07151368670592007	-1.330479879148006
2	8	0.8024047746226239	2.197468845495484	0.2	0.2674795262178519	2.492507601217369	3.640552181842725	1.148044580625356	0.4738161450160274	0.7930858041028843	0.612707091293247
0	7	0.8022612918203643	2.197738708179637	0	0.267420430606788	0	3.185092010231746	3.185092010231746	0.1132357650063883	0.8867642349936117	1.699871672254599
1	0	0.8251803240220646	2.108430435936678	1	0.2812848709464338	1.211856331142065	0	-1.211856331142065	1	0.2812848709464338	-0.6467631834600914
6	11	0.8028649427564551	2.196802462925979	0.3529411764705883	0.2676513206882684	7.473237004720068	5.00727770732231	-2.465959297397758	0.856784117780173	0.2910904794062539	-1.316073237794568
0	0	0.8022612918203639	2.197738708179636	0	0.267420430606788	0	0	0	0	0	0
0	0	0.8022612918203639	2.197738708179636	0	0.267420430606788	0	0	0	0	0	0
0	0	0	1.265556960165031	0	0	0	0	0	0	0	0
3	8	0.9994261044555459	2.000573895544454	0.2727272727272727	0.3331420348185153	3.001722675269024	3.998852538172707	0.9971298629036833	0.4731041410762351	0.7654785811818015	0.5321644718783984
3	1	0.9998898115147188	1.934169582983174	0.75	0.3407871747210593	3.000330601884365	0.5170177469431848	-2.48331285494118	0.986512453090198	0.1178478581424098	-1.325334766436799
2	1	1	2	0.6666666666666666	0.3333333333333333	2	0.4999999999999999	-1.5	0.962962962962963	0.2592592592592592	-0.8005443799397103
4.5	2.5	0.9996803752733496	2.000235133243445	0.6428571428571429	0.3332361769640663	4.501438771136758	1.249853058998204	-3.251585712138554	0.9739704688764989	0.1091795295966741	-1.735359111829854
1	0	0.8252270187915257	1.37251168938811	1	0.3754891405971789	1.211787759281578	0	-1.211787759281578	1	0.375489140597179	-0.6467265869150682
10	1	0.802261291820364	2.197738708179636	0.9090909090909091	0.2674204306067879	12.46476690569177	0.455013144318821	-12.00975376137295	0.9999994998037605	1.557297503584909e-05	-6.409560585417942
6	0	1	1.933892943103914	1	0.3408440660217306	6	0	-6	1	0.001567957998517167	-3.202177519758842
3	5	0.999311949338045	2.000293047955455	0.375	0.333147847879874	3.002065573204876	2.499633743721008	-0.5024318294838683	0.7417302591840879	0.5313226756452996	-0.2681459849307585
5	0	0.8022612918203634	2.197738708179634	1	0.267420430606788	6.232383452845889	0	-6.232383452845889	1	0.001367643541449359	-3.326199697870016
3	0	1	1.999961814503902	1	0.3333375762202386	3	0	-3	1	0.0370384513506743	-1.601088759879421
1	12	1	2	0.07692307692307693	0.3333333333333333	0.9999999999999998	5.999999999999999	4.999999999999999	0.03853673314629474	0.9948617689138274	2.668481266465701
0	0	0.8022612918203639	2.076375466815247	0	0.2786948681224414	0	0	0	0	0	0
0	11	0.2256713821134341	2.765299973356085	0	0.0754508670572034	0	3.977868624014029	3.977868624014029	0.4219198442198471	0.5780801557801529	2.122973580728627
4	0	0.9415842175999357	2.058162565804089	1	0.3138878997418088	4.248159564734268	0	-4.248159564734268	0.9999999999999999	0.009707296536108578	-2.267226843090097
4	22	0.9181266450377333	1.988976023570278	0.1538461538461539	0.3158218851201955	4.356697435608796	11.06096792484671	6.704270489237913	0.05267737393775422	0.9824893568402542	3.578044041170044
8	1	1	1.999720009930785	0.8888888888888888	0.3333644462447926	8	0.5000700073179807	-7.499929992682019	0.9999491520417456	0.0009659830745166742	-4.002684537055243
2	13	0.8033774325002947	2.19204940334661	0.1333333333333333	0.2682013203881689	2.489489894899763	5.930523272036137	3.441033377136374	0.1904416968903798	0.9399356690087286	1.836466620834324
3	8	0.8022901490760339	2.197583319777053	0.2727272727272727	0.2674413295780658	3.739295569632735	3.640362541890612	-0.09893302774212342	0.6643008232075831	0.5974625121719754	-0.05280018623291759
4	2	0.8022923963978449	2.197707603602156	0.6666666666666666	0.2674307987992816	4.985713460527998	0.9100391684143502	-4.075674292113648	0.9936216524401842	0.04755340913327444	-2.175172099344226
1	0	0.8022612918203639	2.197738708179636	1	0.267420430606788	1.246476690569177	0	-1.246476690569177	1	0.267420430606788	-0.6652399395740028
4	0	0.8022612918203641	2.197738708179637	1	0.2674204306067879	4.985906762276707	0	-4.985906762276707	0.9999999999999996	0.005114207386272884	-2.660959758296011
3	0	0.8022612918203641	2.197738708179636	1	0.2674204306067881	3.73943007170753	0	-3.73943007170753	1	0.01912422089317589	-1.995719818722008
5	3	0.8996223019297467	2.000363938749643	0.625	0.3102160587213645	5.557888003970871	1.499727095598011	-4.05816090837286	0.9865153345469527	0.06628645533593747	-2.165825272059282
11	0	1.647616883303668	1.189851128972774	1	0.5806644783924167	6.676309348046794	0	-6.676309348046794	0.999999999999999	0.002530334005940271	-3.563121284878542
2	0	0.802261291820364	2.197738708179636	1	0.267420430606788	2.492953381138354	0	-2.492953381138354	0.9999999999999998	0.07151368670592007	-1.330479879148005
0	0	0	1.265556960165031	0	0	0	0	0	0	0	0
12	0	1.669461117173604	1.208928601975151	1	0.5799982907343503	7.187948180737497	0	-7.187948180737497	0.9999999999999999	0.001449174102265638	-3.836181012924847
2	0	1	2	1	0.3333333333333333	2	0	-2	1	0.1111111111111109	-1.067392506586281
10	4	0.802318969512622	2.19565973276992	0.7142857142857143	0.267619969715518	12.46387082942164	1.821775906485212	-10.64209492293643	0.9999209190830396	0.0006217876697046654	-5.679646187561123
7	14	1.56712923703163	1.236602124138745	0.3333333333333333	0.5589441480504237	4.466766259341199	11.32134558619699	6.854579326855792	0.0314962930348312	0.9893963873253802	3.658263304643552
2	11	0.8071343590841833	2.173358131231433	0.1538461538461539	0.2708057013083474	2.477902194957113	5.061291943526747	2.583389748569635	0.2733356465270612	0.9039551200614191	1.378745429607522
0	5	0.8068033360224209	2.142799343465343	0	0.2735294965769873	0	2.3333962721465	2.3333962721465	0.2023438120334818	0.7976561879665182	1.245324847892768
4	27	0.8677453740469876	2.056893039689439	0.1290322580645161	0.2967017631893795	4.609647161061562	13.12659408098177	8.516946919920212	0.0261195492508228	0.9920722442537164	4.545462660657969
7	1	0.8022612918203642	2.000281633120909	0.875	0.2862619104530488	8.725336833984237	0.4999296016330286	-8.225407232351209	0.9999549070630002	0.0009445362937466895	-4.389869021716139
0	2	0.9998895440100367	1.99885429947565	0	0.3334361306592239	0	1.000573178607691	1.000573178607691	0.4443073919105471	0.5556926080894529	0.5340021565685326
0	0	0.9999999999999999	2	0	0.3333333333333334	0	0	0	0	0	0
11	0	1.667487686224626	1.207432741950883	1	0.5800117700241368	6.596750363359623	0	-6.596750363359623	1	0.002499222219964126	-3.520660952835193
1	0	0.8022612918203641	2.197738708179636	1	0.267420430606788	1.246476690569177	0	-1.246476690569177	1	0.267420430606788	-0.6652399395740027
6	1	0.9995278494817466	2.000472150518254	0.8571428571428571	0.3331759498272487	6.002834241298018	0.4998819902296236	-5.502952251068394	0.9995442617173579	0.006840595092548418	-2.936904998446254
4	0	1	2	1	0.3333333333333333	3.999999999999999	0	-3.999999999999999	1	0.01234567901234551	-2.134785013172561
0	4	0.0007946112809538353	2.999205388719046	0	0.0002648704269846117	0	1.33368658746922	1.33368658746922	0.9989409391557955	0.001059060844204485	0.7117835347996367
2	0	1	2	1	0.3333333333333333	2	0	-2	1	0.1111111111111109	-1.067392506586281
0	0	0.8022612918203639	2.197738708179636	0	0.267420430606788	0	0	0	0	0	0
1	6	0.802691359454126	2.196866167503266	0.1428571428571428	0.2676032555602751	1.245808850714495	2.731163185429264	1.485354334714769	0.4021512586398805	0.8869619033672995	0.7927280432499975
4	1	0.8258871880655109	2.107723571893231	0.8	0.2815258245361514	4.843276488365518	0.4744455171138807	-4.368830971251637	0.9982315564736632	0.02433441960566685	-2.33162872062803
3	11	0.8255095581975166	1.465714146314373	0.2142857142857143	0.3602919944359509	3.634119036187103	7.504874008114179	3.870754971927076	0.1975430537435735	0.927443951796691	2.065807425933275
0	0	0.8022612918203639	2.197738708179636	0	0.267420430606788	0	0	0	0	0	0
1	0	0.8022612918203639	2.197738708179636	1	0.267420430606788	1.246476690569177	0	-1.246476690569177	1	0.267420430606788	-0.6652399395740028
0	0	0.8251538026564945	2.074468819643488	0	0.2845728255499614	0	0	0	0	0	0
6	0	1.669824382350332	1.209034954328986	1	0.5800298615063377	3.593192232320146	0	-3.593192232320146	0.9999999999999996	0.03808045393883097	-1.917673231751277
4	0	0.8022612918203641	2	1	0.2862906803737815	4.985906762276707	0	-4.985906762276707	1	0.006717827418942779	-2.660959758296011
1	2	0.9237087938385772	2.076291206161423	0.3333333333333333	0.3079029312795257	1.082592270064233	0.9632560182622613	-0.1193362518019719	0.7739683461764811	0.6684866442910313	-0.0636893104687592
0	0	0	1.265556960165031	0	0	0	0	0	0	0	0
7	0	1	1.998338389004108	1	0.3335180590914383	6.999999999999997	0	-6.999999999999997	0.9999999999999999	0.0004590240952181412	-3.735873773051981
10	5	0.9998073425026146	2.000192657497387	0.6666666666666666	0.3332691141675381	10.00192694621449	2.499759201324102	-7.502167744890388	0.9981960471542872	0.008491377059955174	-4.003878817024648
5	2	0.8026354227385573	2.197364577261443	0.7142857142857143	0.2675451409128524	6.229478363838238	0.9101812328715078	-5.319297130966731	0.9980214271172594	0.01742280651594041	-2.838888948949895
7	0	0.802261291820364	2.197738708179636	1	0.2674204306067879	8.725336833984239	0	-8.725336833984239	0.9999999999999994	9.780523174918176e-05	-4.65667957701802
8	0	0.9999999999999999	2	1	0.3333333333333334	8.000000000000002	0	-8.000000000000002	1	0.0001524157902758061	-4.269570026345123
7	9	0.9999378253488406	1.999968111619007	0.4375	0.3333230595755035	7.000435249619609	4.500071750001229	-2.50036349961838	0.873518155823569	0.2625393308682292	-1.334434631617254
14	0	1	2.000000000000001	1	0.3333333333333333	13.99999999999999	0	-13.99999999999999	1	2.090751577421557e-07	-7.471747546103962
0	6	0.8023654092498638	2.197572118942392	0	0.2674607060012227	0	2.730285822377275	2.730285822377275	0.15452030380392	0.84547969619608	1.457143313822132
2	3	0.8528348938168522	2.066200468699986	0.4	0.2921632621406561	2.345119805134877	1.451940431456558	-0.8931793736783187	0.8471320112043128	0.455594536596801	-0.4766864852508324
4	0	0.802261291820364	2.197738708179636	1	0.2674204306067881	4.985906762276707	0	-4.985906762276707	0.9999999999999999	0.005114207386272551	-2.660959758296011
3	0	0.8252266522922502	1.372512055887386	1	0.3754889738351911	3.635364892380577	0	-3.635364892380577	1	0.05294092993597044	-1.940180622416934
4	8	0.9247908613445108	2.075209138655489	0.3333333333333333	0.3082636204481703	4.325302257187732	3.855033139061412	-0.4702691181263203	0.7015376481922809	0.5327876779720883	-0.2509808663834864
0	7	0.8027170111841435	2.19720078351353	0	0.2675796692172493	0	3.1858717931123	3.1858717931123	0.1130635813042122	0.8869364186957878	1.700287839456333
6	7	1.798974310870208	1.200911106912009	0.4615384615384616	0.5996810078833511	3.335233840608682	5.82890770158635	2.493673860977668	0.2295767917721409	0.9019100864418053	1.33086439653882
1	0	0.8022612918203641	2	1	0.2862906803737816	1.246476690569177	0	-1.246476690569177	1	0.2862906803737816	-0.6652399395740027
3	2	1	2	0.6	0.3333333333333333	3	0.9999999999999998	-2	0.9547325102880663	0.2098765432098761	-1.067392506586281
4	8	0.8342964359951316	1.371921393875762	0.3333333333333333	0.3781568731333996	4.794458932608147	5.831237879744343	1.036778947136196	0.5010822959508379	0.7252465453211271	0.5533250395797947
2	7	1.000098659667834	1.883155952944708	0.2222222222222222	0.3468644965633597	1.999802700129871	3.717164257720682	1.717361557590811	0.3446133233677491	0.874993203807346	0.9165494288358873
4	1	0.9999999999999998	1.813094056656474	0.8	0.3554804709191125	4.000000000000001	0.5515433666161256	-3.448456633383875	0.9943235249396281	0.05713639103396917	-1.840428384880851
5	0	0.9999999999999999	1.933704746035906	1	0.340865931157941	5.000000000000001	0	-5.000000000000001	1	0.004601696616393092	-2.668481266465702
4	3	0.8994994967363851	2.000249448108154	0.5714285714285714	0.3101990944200892	4.446917440769035	1.499812937250109	-2.947104503518926	0.9667225115708196	0.1396431455231338	-1.572858631591391
4	1	0.9209387307268976	2.079061269273102	0.8	0.3069795769089659	4.343394263419453	0.4809863060695792	-3.862407957349874	0.9972738646397372	0.03349801112797013	-2.061352655527239
3	0	1	2	1	0.3333333333333333	3	0	-3	1	0.03703703703703698	-1.601088759879421
3	1	0.9997401623580012	2.000259837641997	0.75	0.3332467207860005	3.00077971552544	0.4999350490278544	-2.500844666497585	0.9876671474758587	0.1110341371836152	-1.334691428577894
8	0	1	1.999961789220555	1	0.3333375790295711	7.999999999999998	0	-7.999999999999998	0.9999999999999996	0.0001524313216362261	-4.269570026345122
0	0	0.9999999999999999	2	0	0.3333333333333334	0	0	0	0	0	0
3	3	0.8252806566828343	2.074341965617149	0.5	0.2846165740106624	3.635127002804499	1.446241771957524	-2.188885230846974	0.9410774289751188	0.2277438469192077	-1.168199846591721
3	6	0.9006592183599802	1.999891954420209	0.3333333333333333	0.310513128267513	3.330893570892142	3.000162077125545	-0.3307314937665975	0.7052692815326	0.5649244030875532	-0.1765101590692767
3	0	0.802261291820364	2.197738708179636	1	0.267420430606788	3.739430071707531	0	-3.739430071707531	0.9999999999999999	0.01912422089317611	-1.995719818722008
0	0	0.8251538026564945	1.372584905523141	0	0.3754558262933636	0	0	0	0	0	0
2	0	0.825385546996405	1.372353161183231	1	0.3755612730141442	2.423110032975548	0	-2.423110032975548	0.9999999999999999	0.1410462697880046	-1.293204745916068
2	8	0.9999999999999993	1.999999999999999	0.2	0.3333333333333333	2.000000000000001	4.000000000000003	2.000000000000001	0.2991413910481129	0.8959508205050042	1.067392506586281
6	1	1	2	0.8571428571428571	0.3333333333333333	5.999999999999999	0.4999999999999999	-5.499999999999999	0.9995427526291726	0.00685871056241405	-2.935329393112271
6	9	0.9243949838410462	2.075605016158953	0.4	0.3081316612803489	6.490731889380013	4.336085107683497	-2.154646781696515	0.8529294488861748	0.3026789901749983	-1.149926914561553
7	0	0.9999999999999994	1.999999999999999	1	0.3333333333333334	7.000000000000004	0	-7.000000000000004	1	0.0004572473708274183	-3.735873773051984
4	3	0.802261291820364	2.197738708179636	0.5714285714285714	0.267420430606788	4.985906762276707	1.365039432956463	-3.620867329320244	0.9826131610203181	0.08776060413678477	-1.932443327329754
7	2	0.9237207846875926	2.076279215312407	0.7777777777777778	0.3079069282291976	7.578047518295735	0.9632615812219024	-6.614785937073832	0.9994718987398109	0.005052571457995092	-3.530286470952459
7	2	0.9998418886638307	1.933976589740973	0.7777777777777778	0.3407988244751501	7.001106954375221	1.034138681207031	-5.96696827316819	0.998858430963626	0.009494234037728866	-3.184548610908903
5	8	0.9988478261742465	2.000249126943276	0.3846153846153846	0.3330495285042243	5.005767514307792	3.999501808169953	-1.00626570613784	0.7593952742430853	0.4470815605414442	-0.5370402371831412
1	0	0.8996424658437469	2.00002750494617	1	0.3102568481607821	1.111552686724421	0	-1.111552686724421	1	0.3102568481607821	-0.5932315042427473
2	14	0.9995307343526464	2.000469265647355	0.125	0.333176911450882	2.000938971921974	6.998357955511792	4.997418983589817	0.05952530319699213	0.9862551243462181	2.667103787677899
6	4	0.9015980582652592	1.998325157225533	0.6	0.3109041140983003	6.654850179629313	2.001676246499136	-4.653173933130177	0.9869133958589343	0.05585241755177994	-2.483381494032881
1	9	0.4819928272464006	2.518007172753597	0.1	0.1606642757488003	2.074719671064291	3.574255108319625	1.499535437255334	0.5056779371291312	0.8264769862994297	0.8002964445434625
4	0	0.9415792420604028	2.058088268431112	1	0.3138945362334904	4.248182013068845	0	-4.248182013068845	0.9999999999999999	0.0097081175226571	-2.267238823682153
5	28	0.8022612918203635	2.197738708179634	0.1515151515151515	0.2674204306067881	6.232383452845888	12.740368040927	6.50798458808111	0.09067272606434981	0.9626940553997551	3.47328699114839
7	3	0.9213243780572316	2.07867562194277	0.7	0.3071081260190771	7.597758364714809	1.443226623880903	-6.154531740833907	0.9981146393452878	0.01217065691890928	-3.284650530856764
6	0	1	2	1	0.3333333333333333	5.999999999999999	0	-5.999999999999999	1	0.001371742112482699	-3.202177519758842
4	0	0.8022612918203642	2.197738708179636	1	0.267420430606788	4.985906762276707	0	-4.985906762276707	0.9999999999999998	0.005114207386272662	-2.660959758296011
4	0	0.8999076505429533	2.000395074920752	1	0.3102805933470529	4.444900537945895	0	-4.444900537945895	0.9999999999999998	0.009268692050240945	-2.372226763362388
0	3	0.2740680107224715	2.725931989277528	0	0.09135600357415719	0	1.100541030297352	1.100541030297352	0.7502072976031179	0.2497927023968821	0.587354624465069
0	0	0.8022612918203639	2.197738708179636	0	0.267420430606788	0	0	0	0	0	0
4	0	0.9217307442279443	2.078269255772056	1	0.3072435814093147	4.339662124811146	0	-4.339662124811146	1	0.008911099140200607	-2.316061416569857
4	0	0.802261291820364	2	1	0.2862906803737815	4.985906762276707	0	-4.985906762276707	1	0.006717827418942779	-2.660959758296011
0	0	0	1.265556960165031	0	0	0	0	0	0	0	0
0	0	0.9999999999999999	2	0	0.3333333333333334	0	0	0	0	0	0
0	1	0.1747360586543255	2.825263941345674	0	0.05824535288477517	0	0.3539492312083591	0.3539492312083591	0.9417546471152248	0.05824535288477517	0.1889013785518887
3	0	0.9999999999999999	2	1	0.3333333333333334	3	0	-3	0.9999999999999999	0.0370370370370372	-1.601088759879421
3	1	0.8252941360150335	2.07432848628495	0.75	0.2846212226611785	3.635067631142543	0.482083723292527	-3.152983907850016	0.9934375029715741	0.07254030510036746	-1.682735698313118
15	1	1	1.99996178400471	0.9375	0.3333375796091242	15	0.5000095541813838	-14.49999044581861	0.9999999767646905	7.667509728248589e-07	-7.738590573719725
4	0	1	1.934049713614631	1	0.3408258542313656	3.999999999999999	0	-3.999999999999999	1	0.01349367132496204	-2.134785013172561
2	0	0.8022612918203641	2.197738708179636	1	0.267420430606788	2.492953381138354	0	-2.492953381138354	0.9999999999999998	0.07151368670592007	-1.330479879148005
0	9	0.1749525939364052	2.825016301164795	0	0.05831813597204095	0	3.185822324738151	3.185822324738151	0.5822880230602542	0.4177119769397458	1.700261438370394
2	1	0.9999277463952045	2.000072253604796	0.6666666666666666	0.3333092487984014	2.000144517651512	0.4999819372513503	-1.500162580400162	0.9629709905612225	0.2592271471261096	-0.8006311484901357
4	0	1.669376690795135	1.209067401419137	1	0.579958004155971	2.396103900369409	0	-2.396103900369409	0.9999999999999999	0.1131321879871006	-1.278791674128234
1	0	0.9236245331847525	2.076375466815247	1	0.3078748443949175	1.082691033067189	0	-1.082691033067189	1	0.3078748443949175	-0.5778281478220384
2	5	0.8022612918203642	2.197614134019984	0.2857142857142857	0.2674315356263931	2.492953381138353	2.27519468618167	-0.2177586949566832	0.7194313701602248	0.5974419154551213	-0.1162169996203857
4	3	0.8022612918203641	2.197681382734177	0.5714285714285714	0.2674255407028706	4.985906762276707	1.365075039343348	-3.62083172293336	0.9826116883013728	0.08776598328071716	-1.93242432433448
3	0	1	2	1	0.3333333333333333	3	0	-3	1	0.03703703703703698	-1.601088759879421
6	0	1	1.999790971900172	1	0.3333565602961213	6	0	-6	1	0.00137231571765184	-3.202177519758842
7	0	0.8022612918203643	2.197738708179637	1	0.267420430606788	8.725336833984235	0	-8.725336833984235	0.9999999999999997	9.780523174895972e-05	-4.656679577018018
1	0	1.802151103038875	1.197724281226619	1	0.6007419883143325	0.5548924273407216	0	-0.5548924273407216	1	0.6007419883143325	-0.2961440094524793
2	1	0.923841318398761	2.076158681601239	0.6666666666666666	0.3079471061329204	2.164873945523979	0.4816587522244443	-1.683215193299535	0.9707969385864365	0.2260881376997936	-0.8983256421500505
2	0	0.9999999999999999	2	1	0.3333333333333334	2	0	-2	1	0.111111111111111	-1.067392506586281
2	0	1	2	1	0.3333333333333333	2	0	-2	1	0.1111111111111109	-1.067392506586281
6	0	0.9463998332092075	2.053203754005583	1	0.315508301577931	6.339815149432368	0	-6.339815149432368	0.9999999999999997	0.0009864265312926612	-3.383535591823145
4	0	0.9999999999999998	2	1	0.3333333333333334	4.000000000000001	0	-4.000000000000001	1	0.01234567901234573	-2.134785013172562
5	0	0.802261291820364	2	1	0.2862906803737815	6.232383452845885	0	-6.232383452845885	1	0.001923251382402347	-3.326199697870014
4	0	0.802261291820364	2.197738708179636	1	0.267420430606788	4.985906762276707	0	-4.985906762276707	0.9999999999999998	0.005114207386272662	-2.660959758296011
1	0	0.8251670391949915	2.074455583104992	1	0.2845773904676148	1.211875841496978	0	-1.211875841496978	1	0.2845773904676148	-0.6467735960634087
0	4	0.1747506997735278	2.825249300226472	0	0.0582502332578426	0	1.415804261832526	1.415804261832526	0.7865785250136885	0.2134214749863115	0.7556094299364792
5	17	1.125556585541661	1.092379116093189	0.2272727272727273	0.5074793578154714	4.442246675313805	15.56236269034436	11.12011601503056	0.006979204558767126	0.9982546803621807	5.934764253406855
1	7	0.8024131262890374	2.197586873710963	0.125	0.2674710420963458	1.246240829365234	3.185312072864462	1.939071243499228	0.3250895225447994	0.9170916291928856	1.034875057524009
12	1	0.9999908298630662	1.999204223364386	0.9230769230769231	0.3334197383351142	12.00011004265231	0.5001990233479685	-11.49991101930434	0.9999993706576131	1.698588381005006e-05	-6.137459424207226
3	4	0.8252599880899578	2.074500053720719	0.4285714285714285	0.2845959583520044	3.635218044368563	1.928175414035686	-1.707042630332877	0.893052456748674	0.3182768782479209	-0.9110422560203235
2	1	0.8022923572724265	2.197707642727573	0.6666666666666666	0.2674307857574755	2.492856851833227	0.4550195761065384	-2.037837275726689	0.9808735574157909	0.1763047903441641	-1.087586118876434
1	0	0.9999999999999999	1.802323661890326	1	0.3568467174578412	1	0	-1	1	0.3568467174578411	-0.5336962532931404
0	0	0.1748461973435054	2.825153802656494	0	0.05828206578116847	0	0	0	0	0	0
0	3	0.0002482007691198973	2.999751799230881	0	8.273358970663241e-05	0	1.00008274043512	1.00008274043512	0.9997518197648543	0.000248180235145723	0.5337404115533595
4	6	0.8993805962746269	2.000653158122595	0.4	0.3101276303804833	4.447505334858921	2.999020582673299	-1.448484752185622	0.8318201738530717	0.377588007471609	-0.7730508851937092
0	0	0.9999999999999999	1.802261291820364	0	0.3568546598131093	0	0	0	0	0	0
1	0	0.802261291820364	2.197738708179636	1	0.267420430606788	1.246476690569177	0	-1.246476690569177	1	0.267420430606788	-0.6652399395740027
2	4	1	2	0.3333333333333333	0.3333333333333333	2	2	0	0.6803840877914954	0.6488340192043894	0
3	0	1	2	1	0.3333333333333333	3	0	-3	1	0.03703703703703698	-1.601088759879421
3	1	0.9231997866804555	2.076800213319545	0.75	0.3077332622268185	3.249567475299235	0.4815099659497849	-2.768057509349449	0.9910319553270068	0.08966493112657736	-1.477301921639743
6	5	0.9994084253017746	1.999797856755223	0.5454545454545454	0.3332243038035826	6.003551549195996	2.500252704597234	-3.503298844598762	0.9614392639317854	0.1219213297232836	-1.869697467528546
3	1	0.8252516933211347	2.074370928978849	0.75	0.2846065853447315	3.63525458266778	0.4820738596121139	-3.153180723055666	0.9934388528348777	0.0725301263273902	-1.682840737850964
4	0	0.8022612918203639	2.076375466815247	1	0.2786948681224414	4.985906762276708	0	-4.985906762276708	0.9999999999999998	0.006032757757981067	-2.660959758296011
5	4	0.8381100165797779	2.105919233315325	0.5555555555555556	0.2846812804626992	5.96580389338905	1.899408076397519	-4.066395816991531	0.9805530621549936	0.08112964980788384	-2.170220211935279
4	4	0.9996881621065169	1.999751752961107	0.5	0.3332916112386864	4.001247740666754	2.000248277856014	-2.00099946281074	0.9120988155175509	0.2585641350625693	-1.067925916143678
5	5	0.8464135731452536	2.095068511983669	0.5	0.2877507149965036	5.907277669733147	2.386556798214614	-3.520720871518533	0.961064833903205	0.1300612501137933	-1.878995538020401
2	0	0.802261291820364	2.076375466815248	1	0.2786948681224414	2.492953381138354	0	-2.492953381138354	1	0.07767082951778503	-1.330479879148005
3	0	0.9225614424978308	2.07743855750217	1	0.3075204808326102	3.251815935291544	0	-3.251815935291544	1	0.02908185703414978	-1.735481981064026
7	0	1	2	1	0.3333333333333333	7	0	-7	1	0.0004572473708274183	-3.735873773051982
2	0	1	2	1	0.3333333333333333	2	0	-2	1	0.1111111111111109	-1.06739250658628
3	0	0.8022612918203641	2.197738708179637	1	0.2674204306067879	3.73943007170753	0	-3.73943007170753	0.9999999999999999	0.01912422089317611	-1.995719818722008
4	0	1	1.93409191844707	1	0.3408209516930442	3.999999999999998	0	-3.999999999999998	1	0.01349289495412498	-2.13478501317256
1	0	0.8022612918203639	2.197738708179636	1	0.267420430606788	1.246476690569177	0	-1.246476690569177	1	0.267420430606788	-0.6652399395740028
7	0	0.9236245331847525	2.076375466815247	1	0.3078748443949175	7.578837231470324	0	-7.578837231470324	0.9999999999999998	0.0002621920006438128	-4.044797034754269
3	4	1	2	0.4285714285714285	0.3333333333333333	3	2	-1	0.8267032464563331	0.4293552812071328	-0.5336962532931403
0	3	0.8023376336077539	2.197662366392246	0	0.2674458778692513	0	1.365086851318702	1.365086851318702	0.3931145782646363	0.6068854217353636	0.7285417379685216
0	5	0.8025529220995484	2.197322350347773	0	0.2675287634358276	0	2.275496810565206	2.275496810565206	0.210839935744347	0.789160064255653	1.214424122179141
2	2	0.8257846481301038	2.07383797416988	0.5	0.2847903867831912	2.421938945618297	0.9643954951690783	-1.457543450449219	0.9273419975042594	0.3215830437013043	-0.777885478516704
1	0	0.9999999999999999	2	1	0.3333333333333334	1	0	-1	1	0.3333333333333334	-0.5336962532931404
3	0	0.8022612918203641	2.197738708179636	1	0.267420430606788	3.73943007170753	0	-3.73943007170753	0.9999999999999999	0.01912422089317611	-1.995719818722008
2	0	0.8251868841494505	1.372551824030185	1	0.3754708788074922	2.423693394086688	0	-2.423693394086688	0.9999999999999999	0.1409783808324706	-1.2935160835554
2	0	0.802261291820364	2.197738708179636	1	0.267420430606788	2.492953381138354	0	-2.492953381138354	0.9999999999999998	0.07151368670592007	-1.330479879148005
4	2	0.9990906279597692	2.000909372040231	0.6666666666666666	0.333030209319923	4.003640799001739	0.9995455206253026	-3.004095278376437	0.9822420789465378	0.09983806469829226	-1.603274394605118
1	0	0.8022612918203639	2.197738708179636	1	0.267420430606788	1.246476690569177	0	-1.246476690569177	1	0.267420430606788	-0.6652399395740028
8	2	0.9408575835279456	2.057179702152125	0.8	0.3138245104628587	8.502880924871009	0.9722048092870517	-7.530676115583958	0.9997881450015417	0.002205178539261055	-4.019093627651299
4	5	0.9224684013752943	2.077531598624705	0.4444444444444444	0.3074894671250981	4.33619188910586	2.406702263065421	-1.929489626040439	0.8917528172321271	0.2876475951138466	-1.029761384185765
2	1	0.9996104706753207	2.000389529324679	0.6666666666666666	0.3332034902251069	2.000779362233803	0.4999026366317737	-1.500876725602029	0.9630062271419949	0.2590861519785681	-0.8010122851086798
11	0	0.8022612918203637	1.999999999999999	1	0.2862906803737815	13.71124359626095	0	-13.71124359626095	1.000000000000001	1.058959417044036e-06	-7.317639335314033
4	0	1	1.999895147745326	1	0.3333449839910519	4	0	-4	1	0.01234740512620536	-2.134785013172561
3	8	1	2	0.2727272727272727	0.3333333333333333	3	4	1	0.472556690206439	0.7658893461362596	0.5336962532931403
5	0	0.802261291820364	2.076375466815247	1	0.2786948681224414	6.232383452845885	0	-6.232383452845885	0.9999999999999997	0.00168129862777544	-3.326199697870014
3	0	1	2	1	0.3333333333333333	3	0	-3	1	0.03703703703703698	-1.601088759879421
6	0	0.9002035367066434	1.998278243880311	1	0.3105776074688138	6.665159328245639	0	-6.665159328245639	0.9999999999999999	0.0008974718600460729	-3.557170561086521
1	0	0.8022612918203641	2	1	0.2862906803737815	1.246476690569177	0	-1.246476690569177	1	0.2862906803737815	-0.6652399395740027
9	3	0.9996987762844971	2.000301223715503	0.75	0.3332329254281656	9.002711830307128	1.499774116234146	-7.502937714072981	0.9994576900786625	0.003846585575831396	-4.00428974669255
6	2	0.8671225208666442	2.032706672176545	0.75	0.2990253780970642	6.919437398538917	0.9839097924829834	-5.935527606055933	0.9987372707313285	0.01109855692869222	-3.167768844670054
3	2	0.8195489461579353	1.586700756002297	0.6	0.3405918119894947	3.660550128291996	1.260477120486798	-2.400073007805198	0.951049665512129	0.2207456353590032	-1.280909971895632
3	7	0.8023858155674537	2.197614184432544	0.3	0.2674619385224848	3.738849742599669	3.185272487585214	-0.5535772550144551	0.7337508324541704	0.5261325878737948	-0.2954421069095159
7	0	1	2	1	0.3333333333333333	6.999999999999998	0	-6.999999999999998	1	0.0004572473708274183	-3.735873773051981
8	0	1.801101874333417	1.198764051632081	1	0.6003941238652982	4.441725431528285	0	-4.441725431528285	1	0.01688462675636471	-2.370532220963503
3	1	0.8252127947246041	2.07444144477426	0.75	0.2845900671478757	3.635425940046387	0.4820574726363606	-3.153368467410027	0.9934403759041417	0.0725186405996171	-1.682940936309463
3	0	1.670237802257658	1.209071130036231	1	0.5800828745830384	1.796151419842674	0	-1.796151419842674	0.9999999999999999	0.1951956489804336	-0.9585992831171892
1	0	0.9999999999999999	2	1	0.3333333333333334	1	0	-1	1	0.3333333333333334	-0.5336962532931404
3	0	0.9999999999999999	2	1	0.3333333333333334	3	0	-3	0.9999999999999999	0.0370370370370372	-1.601088759879421
7	0	0.9999999999999994	1.948878245377448	1	0.3391120001538085	7.000000000000004	0	-7.000000000000004	0.9999999999999998	0.0005157059106182249	-3.735873773051984
0	0	0	3	0	0	0	0	0	0	0	0
4	0	1.094942281181452	1.191610961850561	1	0.4788614848651141	3.653160599190642	0	-3.653160599190642	1	0.05258230639500994	-1.949678124466169
2	0	0.8022612918203641	2.197738708179636	1	0.2674204306067881	2.492953381138354	0	-2.492953381138354	0.9999999999999999	0.07151368670592007	-1.330479879148005
5	6	0.9988316387914646	2.001168361208535	0.4545454545454545	0.3329438795971549	5.005848639366035	2.998248481390397	-2.007600157975638	0.8784991388737402	0.2880227752176927	-1.071448682422315
4	1	0.9998378666450541	1.999276081704986	0.8	0.3333777521841457	4.000648638585734	0.5001810451046853	-3.500467593481048	0.9958820310273294	0.04528942860086527	-1.868186439414891
3	1	0.8672103031750066	2.06642134330097	0.75	0.295609813255438	3.459368493451337	0.4839284123936539	-2.975440081057683	0.9923638335159032	0.0804191458650646	-1.587981223158723
1	2	0.8266733785568123	2.072949243743171	0.3333333333333333	0.2850968854357654	1.209667597795126	0.9648089580758643	-0.2448586397192616	0.8025047809148244	0.6346226956369474	-0.1306801386046248
1	0	0.825167037200732	1.372571670978904	1	0.3754618481849507	1.211875844425833	0	-1.211875844425833	1	0.3754618481849508	-0.6467735976265278
4	1	1	2	0.8	0.3333333333333333	3.999999999999999	0.4999999999999999	-3.499999999999999	0.9958847736625519	0.04526748971193373	-1.867936886525991
1	0	0.8996358554908565	2.000018342399269	1	0.3102562561237331	1.111560854201818	0	-1.111560854201818	1	0.3102562561237331	-0.593235863194833
4	0	1	1.99994779212963	1	0.3333391343087712	3.999999999999999	0	-3.999999999999999	1	0.01234653843854872	-2.134785013172561
0	0	0.1748461973435054	2.825153802656494	0	0.05828206578116847	0	0	0	0	0	0
3	0	0.8022612918203641	2.197738708179636	1	0.267420430606788	3.73943007170753	0	-3.73943007170753	0.9999999999999999	0.01912422089317611	-1.995719818722008
10	0	1	1.999759320167539	1	0.3333600776825487	9.999999999999996	0	-9.999999999999996	0.9999999999999998	1.694868025248208e-05	-5.336962532931402
0	0	0.9999999999999999	2	0	0.3333333333333334	0	0	0	0	0	0
4	0	0.3506972610818018	2.649302738918196	1	0.1168990870272674	11.40584898684732	0	-11.40584898684732	1	0.0001867430628087474	-6.087258869907776
15	0	1	2	1	0.3333333333333333	15	0	-15	1.000000000000001	6.969171806314733e-08	-8.005443799397105
5	0	1	2	1	0.3333333333333333	5	0	-5	1	0.004115226337448097	-2.668481266465702
2	0	0.802261291820364	2.197738708179636	1	0.267420430606788	2.492953381138354	0	-2.492953381138354	0.9999999999999998	0.07151368670592007	-1.330479879148005
1	0	0.1750819319563488	2.824918068043651	1	0.0583606439854496	5.711611637055267	0	-5.711611637055267	1	0.0583606439854496	-3.048265730961896
0	0	0.8251538026564945	2.108456957302247	0	0.2812758304268353	0	0	0	0	0	0
2	0	0.8022612918203641	2.197738708179636	1	0.267420430606788	2.492953381138354	0	-2.492953381138354	0.9999999999999998	0.07151368670592007	-1.330479879148005
4	0	1	1.99988453240598	1	0.3333461635598273	4	0	-4	0.9999999999999996	0.01234757989638746	-2.134785013172561
0	1	0.001237512967137027	1.266233542179235	0	0.0009763638878476122	0	0.789743729485291	0.789743729485291	0.9990236361121524	0.0009763638878476089	0.4214832694880512
9	0	0.8657232632487198	2.067887496710024	1	0.295105020429123	10.39593179721951	0	-10.39593179721951	0.9999999999999996	1.697420259560989e-05	-5.548269849667074
6	0	1	1.93403949242578	1	0.3408270415519284	5.999999999999999	0	-5.999999999999999	1	0.001567488159257668	-3.202177519758842
0	2	0.01021827437826919	2.989743561321706	0	0.003406134790339753	0	0.6689536941809952	0.6689536941809952	0.9931993321735304	0.006800667826469597	0.3570180802110023
4.5	20.5	0.926159419000419	2.068786076176905	0.18	0.3092408260824069	4.858774750524849	9.909192756113182	5.050418005588333	0.1216440197991449	0.9487507547159741	2.695389167146708
2	1	0.802261291820364	2.197738708179636	0.6666666666666666	0.267420430606788	2.492953381138354	0.455013144318821	-2.037940236819533	0.9808757791068239	0.1762926183314077	-1.08764106882592
6	0	1	1.999958196881686	1	0.3333379781889804	5.999999999999999	0	-5.999999999999999	0.9999999999999997	0.00137185680427232	-3.202177519758842
0	1	0.001237512967137027	1.266233542179235	0	0.0009763638878476122	0	0.789743729485291	0.789743729485291	0.9990236361121524	0.0009763638878476089	0.4214832694880512
7	0	0.8022612918203642	2	1	0.2862906803737815	8.725336833984237	0	-8.725336833984237	1.000000000000001	0.0001576342099979255	-4.656679577018019
4	0	1	2	1	0.3333333333333333	3.999999999999999	0	-3.999999999999999	1	0.01234567901234551	-2.134785013172561
1	0	0.802261291820364	2.197738708179636	1	0.267420430606788	1.246476690569177	0	-1.246476690569177	1	0.267420430606788	-0.6652399395740027
12	0	0.9412989004541032	2.057767090437843	1	0.313864017435026	12.74834167362879	0	-12.74834167362879	0.9999999999999998	9.1389931689001e-07	-6.803742186916486
5	0	0.802261291820364	2.197738708179636	1	0.267420430606788	6.232383452845885	0	-6.232383452845885	1	0.001367643541449359	-3.326199697870014
4	2	0.8259754939311105	1.372394421991402	0.6666666666666666	0.3757217963858929	4.842758688835405	1.457307001509024	-3.38545168732638	0.9691414318477171	0.1473551448094326	-1.806802881231029
3	0	0.8022612918203641	2.197738708179636	1	0.267420430606788	3.73943007170753	0	-3.73943007170753	0.9999999999999999	0.01912422089317611	-1.995719818722008
1	4	0.9998134199246772	2.000124391268009	0.2	0.3332780486963431	1.000186614893944	1.999875616468104	0.9996890015741597	0.4610145585426895	0.8682581460343139	0.5335302745984893
9	0	0.8668904626939629	2.06672029726478	1	0.2955028917013362	10.38193449727369	0	-10.38193449727369	0.9999999999999998	1.718128397620866e-05	-5.540799543129769
3	0	1	1.93514788074086	1	0.3406983363807857	3	0	-3	1	0.03954668082459145	-1.601088759879421
3	6	0.8213785650161514	2.102783867427444	0.3333333333333333	0.2808936179136127	3.652396261328062	2.853360296767176	-0.7990359645608867	0.7720726163631841	0.4853601125833713	-0.4264425005326157
4	0	1	1.933725768237698	1	0.3408634886145832	4	0	-4	1	0.01349963225908279	-2.134785013172561
3	0	0.8259285797680102	1.371810128411626	1	0.3758083600630204	3.632275324390217	0	-3.632275324390217	1	0.05307613755654683	-1.938531731556185
0	0	0.9999999999999999	2	0	0.3333333333333334	0	0	0	0	0	0
2	0	1	2	1	0.3333333333333333	2	0	-2	1	0.1111111111111109	-1.067392506586281
1	0	0.8022612918203639	2.197738708179636	1	0.267420430606788	1.246476690569177	0	-1.246476690569177	1	0.267420430606788	-0.6652399395740028
6	1	1.00053823646078	1.99946176353922	0.8571428571428571	0.3335127454869267	5.996772318491192	0.5001345953372539	-5.496637723153937	0.9995410270944888	0.006879408618414296	-2.933534958556994
1	1	0.8252303112149663	2.074392311085017	0.5	0.2845992112450802	1.211782924608919	0.4820688905643635	-0.7297140340445551	0.9190032889586783	0.4882017114488385	-0.3894456459450021
3	0	0.802261291820364	2.197738708179636	1	0.2674204306067879	3.739430071707531	0	-3.739430071707531	0.9999999999999999	0.01912422089317611	-1.995719818722008
6	0	1	2	1	0.3333333333333333	6	0	-6	1	0.001371742112482699	-3.202177519758842
0	0	0.8251538026564945	1.372584905523141	0	0.3754558262933636	0	0	0	0	0	0
4	3	1	1.999470669114096	0.5714285714285714	0.3333921582554943	4	1.50039710326394	-2.49960289673606	0.9546986104142836	0.1733871412424925	-1.334028700708716
2	1	1	2	0.6666666666666666	0.3333333333333333	2	0.5	-1.5	0.962962962962963	0.2592592592592592	-0.8005443799397105
7	6	0.9220171231253236	2.077982876874679	0.5384615384615384	0.3073390410417743	7.592049891950365	2.887415515677445	-4.704634376272921	0.9788303597169882	0.07025654701403039	-2.510845739730968
6	3	0.802261291820364	2.197738708179636	0.6666666666666666	0.267420430606788	7.478860143415061	1.365039432956463	-6.113820710458598	0.9979309404843674	0.01414750926065911	-3.262923206477759
1	0	0.8251736703058781	1.372565037873758	1	0.3754648663349797	1.211866102840287	0	-1.211866102840287	1	0.3754648663349798	-0.6467683985788205
4	1	0.9234369686696076	2.076563031330392	0.8	0.3078123228898692	4.331643778310919	0.4815649633131192	-3.850078814997799	0.9972366874371622	0.03383307101244148	-2.054772638447619
1	0	0.8022612918203641	2.197738708179636	1	0.2674204306067881	1.246476690569177	0	-1.246476690569177	1	0.267420430606788	-0.6652399395740027
10	1	0.9999582463043112	1.997951550635041	0.9090909090909091	0.3335518124411868	10.00041755439133	0.500512637397115	-9.499904916994211	0.9999943141374961	0.0001306519361689018	-5.070063660840892
6	1	0.8670147355105702	2.032671145019251	0.8571428571428571	0.2990029855758555	6.920297607706405	0.4919634946608784	-6.428334113045526	0.9997863373188955	0.003720110313444436	-3.43077783104888
4	1	1.801410141104714	1.198589858895286	0.8	0.6004700470349047	2.220482670063688	0.8343137500943634	-1.386168919969324	0.921934931907856	0.3377727182662278	-0.7397931590190273
4	0	0.8022612918203641	2.197738708179636	1	0.2674204306067881	4.985906762276707	0	-4.985906762276707	0.9999999999999999	0.005114207386272551	-2.660959758296011
16	5	1.037952301154342	1.534561068200116	0.7619047619047619	0.403477903562773	15.4149665473123	3.25826068679332	-12.15670586051898	0.9998239014190909	0.0009343126502681098	-6.487988370145739
5	0	1.669708376813116	1.209092771627716	1	0.5800012889801144	2.994534895694323	0	-2.994534895694323	1	0.0656364061401572	-1.598172054187625
7	0	0.9227987598412511	2.077201240158749	1	0.3075995866137504	7.585619210416157	0	-7.585619210416157	0.9999999999999996	0.0002605554923973408	-4.048416551507573
7	1	0.9999163560232303	1.999549870877374	0.875	0.3333647657224865	7.000585556815689	0.5001125576133865	-6.500472999202302	0.9998474691927502	0.002592678558429817	-3.469278084307492
0	2	0.8252360485609327	2.07438657373905	0	0.2846011898977236	0	0.9641404477445256	0.9641404477445256	0.5117954574957528	0.4882045425042472	0.514558144609624
5	1	1	2	0.8333333333333334	0.3333333333333333	5	0.5	-4.5	0.9986282578875173	0.01783264746227697	-2.401633139819132
5	0	0.8022612918203642	2.197738708179636	1	0.267420430606788	6.232383452845883	0	-6.232383452845883	1	0.001367643541449359	-3.326199697870013
3	1	0.8672630994727769	2.066431502532844	0.75	0.2956214661471144	3.459157897786436	0.4839260332482789	-2.975231864538157	0.9923626293788472	0.08042775341347252	-1.587870098782378
3	1	0.8253998604915943	2.07422276180839	0.75	0.2846576841219725	3.634602019696551	0.4821082954118969	-3.152493724284654	0.9934341395651634	0.0725656640048743	-1.682474089180858
2	1	0.8023235068577426	2.197676493142257	0.6666666666666666	0.2674411689525809	2.492760068607355	0.4550260254957686	-2.037734043111586	0.980871329535088	0.1763169956223443	-1.087531024016536
3	0	0.8022612918203643	2.197738708179637	1	0.267420430606788	3.739430071707529	0	-3.739430071707529	0.9999999999999999	0.01912422089317611	-1.995719818722008
5	0	0.8670090520636224	1.330729656116014	1	0.3945005149323492	5.766952476562023	0	-5.766952476562023	0.9999999999999999	0.009555157985557172	-3.077800929660749
2	0	0.9236245331847525	2.076375466815247	1	0.3078748443949175	2.165382066134379	0	-2.165382066134379	1	0.09478691981119469	-1.155656295644077
3	0	0.8254318233931535	2.108178936565589	1	0.2813706012602579	3.634461278301235	0	-3.634461278301235	0.9999999999999998	0.0222759459713171	-1.939698366968367
7	0	0.8255049908127925	2.074117631487191	1	0.2846939406749424	8.479658000744244	0	-8.479658000744244	0.9999999999999996	0.0001515819770343541	-4.525561704204404
1	0	0.8252001592590329	2.108410600699709	1	0.2812916323195646	1.211827201897203	0	-1.211827201897203	1	0.2812916323195647	-0.6467476372912472
3	0	0.8022612918203639	2.197738708179636	1	0.267420430606788	3.739430071707531	0	-3.739430071707531	0.9999999999999999	0.01912422089317611	-1.995719818722009
4	2	1.000693126453106	1.802177281198995	0.6666666666666666	0.3570244003151624	3.997229414553639	1.109768734111104	-2.887460680442535	0.9755502456505167	0.1252059675756271	-1.541026946683443
2	1	0.8252276314571797	2.108383128501562	0.6666666666666666	0.2813009969559784	2.423573719251763	0.4742970983223077	-1.949276620929455	0.9777405815357085	0.1928719157366996	-1.040321629221963
8	1	0.9999879852939551	2.000012014706043	0.8888888888888888	0.3333293284313186	8.000096118803199	0.4999969963415333	-7.500099122461666	0.9999492002300033	0.0009652121094287924	-4.002774800984961
3	0	0.8253791116938893	2.108231648264852	1	0.2813526330621645	3.634693388161025	0	-3.634693388161025	0.9999999999999997	0.02227167864862944	-1.939822243130889
10	1	0.9999816316472085	1.982438559634611	0.9090909090909091	0.3352920002923615	10.00018368690194	0.5044292521147858	-9.495754434787154	0.9999939791874082	0.0001373180257763229	-5.067848564037625
4	1	0.9004963256244103	2.001322999748699	0.8	0.3103212931799696	4.441994804616635	0.4996694687092325	-3.942325335907403	0.997122218065124	0.03485665297876772	-2.104004261036402
7	5	0.9239518459731765	2.076048154026825	0.5833333333333334	0.3079839486577254	7.57615240502828	2.408421977256022	-5.167730427772257	0.988729677022015	0.04430747495637599	-2.757998367331011
7	0	0.8667311688389006	1.331007539340736	1	0.3943740744125151	8.07632199194753	0	-8.07632199194753	1.000000000000001	0.001483742378593722	-4.310302787491389
1	0	0.802261291820364	2.197738708179636	1	0.267420430606788	1.246476690569177	0	-1.246476690569177	1	0.267420430606788	-0.6652399395740027
3	5	1.000241347292585	1.999758652707416	0.375	0.3334137824308615	2.999276132825629	2.500301720525446	-0.4989744123001825	0.7411855866002194	0.5319764372384008	-0.266300774333754
2	0	0.8672016839830742	2.066409075975668	1	0.2956089798345539	2.306268584274377	0	-2.306268584274377	1	0.08738466895882557	-1.23084690251491
1	0	0.8252001515187312	2.074422470781252	1	0.2845888099963097	1.211827213264031	0	-1.211827213264031	1	0.2845888099963096	-0.6467476433576806
0	0	0.8022612918203639	2	0	0.2862906803737815	0	0	0	0	0	0
2	3	0.9998678085261129	2.000132191473888	0.4	0.3332892695087042	2.000264417901566	1.499900862947121	-0.5003635549544454	0.7901887322153172	0.5390076076760781	-0.2670421545636238
6	1	0.866832502231734	2.066799125911297	0.8571428571428571	0.2954810324227494	6.921752454542821	0.4838399568990907	-6.437912497643731	0.9998033439758958	0.003478881233397124	-3.435889779021542
2	0	0.8022612918203639	2.197738708179636	1	0.2674204306067879	2.492953381138354	0	-2.492953381138354	0.9999999999999998	0.07151368670592007	-1.330479879148006
6	3	0.9998753413535179	2.000124658646484	0.6666666666666666	0.3332917804511725	6.000748045129186	1.499906511842191	-4.500841533286995	0.9917251240543323	0.0423968646028352	-2.402082262981422
3	0	0.8252200121922958	2.074402610107688	1	0.2845956593957494	3.635394144199364	0	-3.635394144199364	1	0.02305073702223515	-1.940196234003023
2	4	0.1783723099811129	2.821627690018887	0.3333333333333333	0.05945743666037096	11.21250265925116	1.41762147222663	-9.794881187024528	0.9963322178933671	0.04516485259095138	-5.227491390966457
3	0	0.8022612918203639	2.197738708179636	1	0.2674204306067879	3.739430071707531	0	-3.739430071707531	0.9999999999999999	0.01912422089317611	-1.995719818722009
3	0	1.000378833110576	1.999621166889424	1	0.3334596110368586	2.998863931048807	0	-2.998863931048807	1	0.03707914555295078	-1.600482444136687
0	0	0	1.265556960165031	0	0	0	0	0	0	0	0
2	0	1	1.802442275427756	1	0.3568316138991171	2	0	-2	1	0.1273288006778484	-1.06739250658628
1	0	0.8022612918203643	2	1	0.2862906803737816	1.246476690569176	0	-1.246476690569176	1	0.2862906803737816	-0.6652399395740025
6	0	0.8022612918203641	2.197738708179636	1	0.2674204306067881	7.47886014341506	0	-7.47886014341506	1	0.0003657358247709519	-3.991439637444016
12	0	1	2.000000000000001	1	0.3333333333333333	11.99999999999999	0	-11.99999999999999	0.9999999999999999	1.881676423232115e-06	-6.404355039517681
4	0	0.8671685333706065	2.066442226588136	1	0.2955976795581436	4.612713499246055	0	-4.612713499246055	0.9999999999999999	0.007634912814917016	-2.461787912062311
4	1	1.000540123629339	1.999459876370662	0.8	0.3335133745431128	3.997840671786837	0.5001350673838773	-3.49770560440296	0.9958736479956459	0.04535645899177432	-1.866712376192279
0	1	0.9998913835046699	2.00010861649533	0	0.33329712783489	0	0.4999728473507803	0.4999728473507803	0.66670287216511	0.33329712783489	0.2668336353794147
4	0	1	2	1	0.3333333333333333	3.999999999999999	0	-3.999999999999999	1	0.01234567901234551	-2.134785013172561
7	5	1	2.000000000000001	0.5833333333333334	0.3333333333333333	6.999999999999997	2.499999999999999	-4.499999999999998	0.9812415677375287	0.06644763953101096	-2.40163313981913
10	1	1.800081123137387	1.199632331472251	0.9090909090909091	0.6000843581813506	5.555305186785613	0.8335887369530529	-4.72171644983256	0.9963664145956539	0.03027051371612721	-2.519962378388226
6	0	0.8666257157863626	2.066985044172381	1	0.2954126456089731	6.92340406095115	0	-6.92340406095115	1	0.0006646216621869483	-3.694994807364141
6	0	0.8022612918203642	2.197738708179636	1	0.2674204306067881	7.478860143415059	0	-7.478860143415059	1	0.0003657358247709519	-3.991439637444016
1	0	0.8251803138309705	1.372558394348665	1	0.3754678892262214	1.211856346108663	0	-1.211856346108663	1	0.3754678892262213	-0.6467631914477088
3	1	0.8023022324182623	2.197192149637958	0.75	0.2674791582267496	3.739239252715948	0.4551263302869413	-3.284112922429007	0.994881298653729	0.06119118854586136	-1.752718762091947
2	0	1	2	1	0.3333333333333333	2	0	-2	1	0.1111111111111109	-1.067392506586281
0	0	0.9236245331847523	2.076375466815247	0	0.3078748443949175	0	0	0	0	0	0
2	4	0.8023234855464049	2.197676514453596	0.3333333333333333	0.2674411618488016	2.492760134820114	1.820104084333136	-0.6726560504869776	0.8020421312683559	0.5069289332602857	-0.3589940138998614
9	0	1.801958164503123	1.197699019896447	1	0.6007213670530868	4.99456656502438	0	-4.99456656502438	1.000000000000002	0.01018726765527722	-2.665581462576701
1	0	0.9999999999999999	2	1	0.3333333333333334	1	0	-1	1	0.3333333333333334	-0.5336962532931404
5	1	0.8022721490171092	2.197696364657687	0.8333333333333334	0.2674268564353597	6.232299109629656	0.4550219111618541	-5.777277198467802	0.9996342114426038	0.006377904399693879	-3.083311195058156
2	1	1	1.802527207945085	0.6666666666666666	0.3568207998712835	2	0.5547766466948473	-1.445223353305152	0.9545691892446821	0.2911016281517118	-0.7713102888307082
0	0	0.8251538026564945	2.108456957302247	0	0.2812758304268353	0	0	0	0	0	0
0	0	0	3	0	0	0	0	0	0	0	0
2	1	0.8022612918203641	2.197738708179636	0.6666666666666666	0.2674204306067881	2.492953381138354	0.455013144318821	-2.037940236819533	0.9808757791068241	0.1762926183314076	-1.08764106882592
3	1	0.8252652401551402	2.074420651612586	0.75	0.2846050472218687	3.635194909500896	0.4820623045873713	-3.153132604913524	0.9934389946695249	0.07252905676722166	-1.682815057378788
13	1	1.798472207138593	1.199103032503241	0.9285714285714286	0.5999756681181702	7.228357462739597	0.8339566933730505	-6.394400769366547	0.9992168031495526	0.008093775243418144	-3.4126677326657
4	0	0.802261291820364	2.197738708179636	1	0.2674204306067881	4.985906762276707	0	-4.985906762276707	0.9999999999999999	0.005114207386272551	-2.660959758296011
2	0	0.8252332311092379	2.108377528849505	1	0.2813029057477426	2.423557273998405	0	-2.423557273998405	1	0.07913132478212337	-1.293443436774285
2	4	0.8302318467901675	2.06883601180718	0.3333333333333333	0.2863788939358796	2.408965649453675	1.933454356542208	-0.4755112929114669	0.769112382121278	0.5499267967639589	-0.2537785954254269
2	0	1	2	1	0.3333333333333333	2	0	-2	1	0.1111111111111109	-1.067392506586281
5	5	0.8673535105814958	2.032616811513621	0.5	0.299090478262159	5.764662204050887	2.459883226232233	-3.304778977818654	0.9533163117222525	0.1487126050954306	-1.76374815842375
5	1	0.8666339031901319	2.033115898376702	0.8333333333333334	0.2988650616414768	5.769448877541828	0.4918558754070187	-5.277593002134809	0.9992873916861188	0.01074324722797226	-2.816631611645444
3	2	0.8259480139002287	1.372849043047977	0.6	0.3756363104499482	3.632189858818873	1.45682441207056	-2.175365446748313	0.9303658353393629	0.2762568375153038	-1.160984388472933
6	0	1.802177738005877	1.197745891472724	1	0.6007412056416592	3.329305358437644	0	-3.329305358437644	0.9999999999999996	0.04700288667094299	-1.776837795866946
8	2	0.9408227943254107	2.057121815256417	0.8	0.3138226074352464	8.5031953394966	0.9722321668883296	-7.53096317260827	0.999788156057789	0.002205081841147982	-4.019246828909655
1	0	0.8251736571598592	2.108437102798883	1	0.2812825983674345	1.211866122146786	0	-1.211866122146786	1	0.2812825983674345	-0.6467684088826268
2	0	0.8022612918203639	2.197738708179636	1	0.267420430606788	2.492953381138354	0	-2.492953381138354	0.9999999999999998	0.07151368670592007	-1.330479879148006
1	0	1	2	1	0.3333333333333333	1	0	-1	1	0.3333333333333333	-0.5336962532931403
4	0	0.8670557060988971	2.066555053859845	1	0.2955592193529762	4.613313737357212	0	-4.613313737357212	1	0.007630940077236081	-2.462108256893319
2	0	0.802261291820364	2.197738708179636	1	0.267420430606788	2.492953381138354	0	-2.492953381138354	0.9999999999999998	0.07151368670592007	-1.330479879148005
0	6	0.007091431437470862	2.99290856856253	0	0.002363810479156953	0	2.004738822636921	2.004738822636921	0.9859006874321079	0.0140993125678921	1.069921598472626
4	0	0.9999999999999989	1.983852878763004	1	0.3351371668212283	4.000000000000004	0	-4.000000000000004	0.9999999999999998	0.01261509064968835	-2.134785013172564
2	0	0.802261291820364	2.197738708179636	1	0.2674204306067881	2.492953381138354	0	-2.492953381138354	0.9999999999999999	0.07151368670592007	-1.330479879148005
4	0	1	2	1	0.3333333333333333	3.999999999999999	0	-3.999999999999999	1	0.01234567901234551	-2.134785013172561
1	0	0.802261291820364	2.076375466815247	1	0.2786948681224414	1.246476690569177	0	-1.246476690569177	1	0.2786948681224415	-0.6652399395740027
1	0	0.802261291820364	2.197738708179636	1	0.267420430606788	1.246476690569177	0	-1.246476690569177	1	0.267420430606788	-0.6652399395740027
1	3	0.826205622070853	2.073990790924811	0.25	0.2848791958946845	1.210352451358946	1.446486654196894	0.2361342028379478	0.6782617016682468	0.7384723265009848	0.1260239393289752
1	0	0.1816931350930218	2.818306864906979	1	0.06056437836434061	5.50378526677977	0	-5.50378526677977	1	0.06056437836434059	-2.93734957581035
7	0	0.802261291820364	2	1	0.2862906803737815	8.725336833984239	0	-8.725336833984239	1.000000000000001	0.0001576342099979255	-4.65667957701802
0	0	0.8022612918203639	2.197738708179636	0	0.267420430606788	0	0	0	0	0	0
3	1	0.8252201265700433	2.074413177001487	0.75	0.2845946504868754	3.635393640323877	0.4820640415741456	-3.153329598749731	0.9934399533214768	0.07252182746171787	-1.682920192251093
0	0	0.8022612918203639	2.076375466815247	0	0.2786948681224414	0	0	0	0	0	0
4	3	0.8022612918203641	2.197738708179636	0.5714285714285714	0.267420430606788	4.985906762276707	1.365039432956463	-3.620867329320244	0.9826131610203181	0.08776060413678477	-1.932443327329754
3	0	0.8022612918203641	2.197738708179636	1	0.267420430606788	3.73943007170753	0	-3.73943007170753	0.9999999999999999	0.01912422089317611	-1.995719818722008
8	7	0.9999999999999999	2	0.5333333333333333	0.3333333333333334	8.000000000000002	3.5	-4.500000000000002	0.9691720770090712	0.08823159840676364	-2.401633139819133
2	0	0.8022612918203641	2.076375466815248	1	0.2786948681224414	2.492953381138354	0	-2.492953381138354	0.9999999999999998	0.07767082951778526	-1.330479879148005
1	5	0.1745748334070557	2.825425166592944	0.1666666666666667	0.05819161113568522	5.728202516271647	1.769645170262739	-3.958557346008908	0.9565879464903964	0.3021287184906334	-2.112667224010991
8	4	0.9996217517851093	1.936683791116592	0.6666666666666666	0.3404351955816111	8.003027130725918	2.06538621242542	-5.937640918300499	0.995463804395868	0.02143712989596869	-3.168896711497017
2	1	1	1.802424800577545	0.6666666666666666	0.3568338389647109	2	0.5548081671310632	-1.445191832868936	0.9545642086081837	0.2911195831072477	-0.7712934664919976
6	0	0.7002223682220018	2.299777631777996	1	0.2334074560740007	8.568706559939159	0	-8.568706559939159	1	0.0001616919324051169	-4.573086586607882
3	1	0.8995075548723653	2.000416174969053	0.75	0.3101831767560158	3.335158202674219	0.4998959779034332	-2.835262224770786	0.9907429425703463	0.09160419199051484	-1.513168826463742
2	1	0.802261291820364	2.197738708179636	0.6666666666666666	0.2674204306067879	2.492953381138354	0.455013144318821	-2.037940236819533	0.9808757791068239	0.1762926183314077	-1.08764106882592
5	1	0.9993118606008597	1.934455744019919	0.8333333333333334	0.3406240695503323	5.003443066305279	0.5169412653100752	-4.486501800995204	0.9984381044059292	0.0197028865457457	-2.394429201584067
4	0	1	2	1	0.3333333333333333	4	0	-4	1	0.01234567901234551	-2.134785013172561
2	0	0.8022612918203639	2	1	0.2862906803737815	2.492953381138354	0	-2.492953381138354	1	0.0819623536688826	-1.330479879148006
9	6	0.802354563977132	2.197645436022869	0.6	0.2674515213257107	11.21698611071465	2.730194735534019	-8.486791375180633	0.998590765588507	0.006824602230852683	-4.529368759414442
6	1	0.8023858745388505	2.197614125461151	0.8571428571428571	0.2674619581796168	7.477698935625377	0.4550389390085298	-7.022659996616848	0.9999020884018612	0.001975067497324012	-3.747967328346029
3	20	0.8024561103539859	2.195757567348039	0.1304347826086956	0.2676447367050326	3.738522221080248	9.108473675513878	5.36995145443363	0.1003082966685689	0.9665770257685248	2.865922971597278
15	2	0.9996677886277805	2.000238430131956	0.8823529411764706	0.3332330132110187	15.00498482659938	0.99988079914456	-14.00510402745482	0.999999730241673	4.464520939939653e-06	-7.474471546433307
0	0	0.8022612918203639	2	0	0.2862906803737815	0	0	0	0	0	0
7	0	0.9218671006748367	2.030562561657646	1	0.3122401567888807	7.593285404019487	0	-7.593285404019487	0.9999999999999998	0.0002893485394144246	-4.05250797031069
2	3	0.8022721211564635	2.197696473315372	0.4	0.2674268399458725	2.492919730423923	1.365065665994494	-1.127854064429429	0.8772576608936149	0.4039084630881246	-0.6019314884474264
4	0	0.825385439627954	2.108225320330789	1	0.2813547901084061	4.846220696360984	0	-4.846220696360984	1	0.00626638759687892	-2.58640982827953
4	0	1	2.000000000000001	1	0.3333333333333333	3.999999999999998	0	-3.999999999999998	1	0.01234567901234551	-2.13478501317256
11	3	1.628060596376612	1.177498394438054	0.7857142857142857	0.5802981158859408	6.756505270431234	2.547774174615084	-4.20873109581615	0.9711627057231765	0.09645912210627383	-2.246184016955412
4	1	0.8022612918203641	2.197738708179636	0.8	0.2674204306067881	4.985906762276707	0.455013144318821	-4.530893617957886	0.998632356458551	0.02010046276556443	-2.418120947973925
3	1	0.8023839890701554	2.197078017160914	0.75	0.2675093024693383	3.738858253486036	0.4551499729136655	-3.283708280572371	0.9948789908034745	0.06121014798606572	-1.752502806249134
11	0	1.121061447438481	1.78144160463102	1	0.3862395412949377	9.812129411045182	0	-9.812129411045182	0.9999999999999992	2.853803452784742e-05	-5.236696703502242
7	0	0.8022612918203639	2.197738708179636	1	0.267420430606788	8.72533683398424	0	-8.72533683398424	0.9999999999999997	9.780523174895972e-05	-4.65667957701802
7	5	0.8667961124822502	1.333437549137931	0.5833333333333334	0.3939563909062138	8.075716883355707	3.749706915957561	-4.326009967398146	0.9476074559775528	0.1477559188201425	-2.308775311309171
3	1	0.9236605797107437	2.076339420289257	0.75	0.3078868599035811	3.247946340786232	0.4816168253746725	-2.76632951541156	0.9910140371798766	0.08978581177987466	-1.476379697749378
17	3	0.8639512319139654	2.035750330303979	0.85	0.2979448792837633	19.67703658728379	1.473658117767339	-18.20337846951645	0.9999999664790139	4.867620208015566e-07	-9.71507488645795
11	3	0.999694372252076	1.946682369037855	0.7857142857142857	0.3392961796916736	11.00336293303281	1.541083459590147	-9.462279473442667	0.9998999559394883	0.0008203060638487525	-5.04998310258894
1	9	0.999121367369199	2.000878632630802	0.1	0.3330404557897329	1.000879405304998	4.498023944694031	3.497144539389033	0.1043924603566404	0.9825821351270595	1.866412937896492
3	1	0.8671142583937851	2.066538407114715	0.75	0.2955749562954772	3.459751665895916	0.4839009991574231	-2.975850666738493	0.9923674345665067	0.08039340155373798	-1.588200351198227
8	0	1.795682055613685	1.202922508271991	1	0.5988392325017973	4.455131672664598	0	-4.455131672664598	0.9999999999999999	0.01653796089329085	-2.377687081628697
6	5	0.8670265509713168	2.032722851450024	0.5454545454545454	0.299000510267313	6.920203300900406	2.459754902855201	-4.460448398045205	0.9787820921828244	0.07709863662505589	-2.380524598044116
1	2	1	1.802786011870418	0.3333333333333333	0.356787851717819	0.9999999999999998	1.109394008402012	0.1093940084020117	0.7089437404669265	0.7338890686867957	0.05838317241687199
9	3	0.9992448685494186	1.991228396870071	0.75	0.3341427191823597	9.006801318945072	1.506607682330955	-7.500193636614117	0.9994440155320981	0.003928501579431143	-4.002825242834008
0	1	0.802261291820364	2.000093319392932	0	0.2862811467935602	0	0.4999766712402798	0.4999766712402798	0.7137188532064398	0.2862811467935602	0.2668356761749135
1	0	0.8252464493058349	2.074376172994148	1	0.2846047768282511	1.211759227611535	0	-1.211759227611535	1	0.2846047768282511	-0.6467113596696658
1	1	0.8022612918203641	2.197738708179636	0.5	0.2674204306067881	1.246476690569177	0.455013144318821	-0.7914635462503559	0.9284863132940799	0.4633271745076561	-0.422401129251917
0	0	0	1.265556960165031	0	0	0	0	0	0	0	0
4	4	0.9231910512982032	2.076808948701797	0.5	0.3077303504327344	4.332797630972644	1.926031762575166	-2.406765868397478	0.9358065918346742	0.2083652784739817	-1.284481926517546
4	2	1.800133218190828	1.199052614379496	0.6666666666666666	0.6002072958073761	2.222057767491277	1.667983519668142	-0.5540742478231351	0.766397474332558	0.544749848522033	-0.2957073501094221
0	0	0	1.265556960165031	0	0	0	0	0	0	0	0
2	0	0.9236245331847526	2.076375466815248	1	0.3078748443949175	2.165382066134378	0	-2.165382066134378	0.9999999999999998	0.0947869198111948	-1.155656295644077
0	0	0.9999999999999999	2	0	0.3333333333333334	0	0	0	0	0	0
0	0	0.8022612918203639	2.197738708179636	0	0.267420430606788	0	0	0	0	0	0
0	1	0.9999999999999999	2	0	0.3333333333333334	0	0.5000000000000001	0.5000000000000001	0.6666666666666666	0.3333333333333334	0.2668481266465702
0	10	0.1780797811399009	2.821920218860101	0	0.05935992704663359	0	3.543686293172188	3.543686293172188	0.5422939574151141	0.4577060425848859	1.891252097512254
1	0	0.9999999999999999	1.802292409217981	1	0.3568506972043877	1	0	-1	1	0.3568506972043877	-0.5336962532931404
4	0	0.8022612918203641	2.076375466815247	1	0.2786948681224415	4.985906762276707	0	-4.985906762276707	1	0.006032757757980733	-2.660959758296011
2	1	0.8022923590105178	2.197707640989483	0.6666666666666666	0.2674307863368392	2.492856846432686	0.4550195764663975	-2.037837269966289	0.9808735572914837	0.1763047910251886	-1.08758611580213
5	0	1.669659831110071	1.209090983448867	1	0.5799945666245117	2.994621962412402	0	-2.994621962412402	0.9999999999999998	0.06563260251900083	-1.59821852136885
3	0	0.9999999999999999	2	1	0.3333333333333334	3	0	-3	0.9999999999999999	0.0370370370370372	-1.601088759879421
2	0	0.8022612918203641	2.076375466815248	1	0.2786948681224414	2.492953381138354	0	-2.492953381138354	0.9999999999999998	0.07767082951778526	-1.330479879148005
1	7	0.9988323161882972	2.001167683811704	0.125	0.332944105396099	1.001169048891168	3.497957745683171	2.496788696792002	0.1957308134335579	0.9607989400328709	1.332526772742554
1	15	1	2	0.0625	0.3333333333333333	1	7.5	6.5	0.01370194956312703	0.9984775611596526	3.469025646405412
5	1	1.669770665957473	1.209183528030826	0.8333333333333334	0.5799920920743415	2.99442318752972	0.8270043188799597	-2.16741886864976	0.9619344216021659	0.2034593225401782	-1.156743329515234
1	2	1.668904372146045	1.209791921376969	0.3333333333333333	0.579743120488616	0.5991955061595887	1.653176851870218	1.05398134571063	0.3813994867337374	0.9257759762018998	0.5625058952466252
3	0	1	1.999267768110543	1	0.3334147122949188	3	0	-3	0.9999999999999999	0.03706416998063999	-1.601088759879421
0	2	0.8025156146420405	2.197453285620013	0	0.2675079780233519	0	0.9101444900275542	0.9101444900275542	0.5365445622594385	0.4634554377405615	0.4857407042831016
1	1	0.923672646009723	2.076327353990276	0.5	0.3078908820032411	1.082634637195344	0.4816196242265001	-0.6010150129688441	0.9052032047792662	0.5209849687857484	-0.3207594605944002
0	2	0.0007407907075285591	2.999259209292472	0	0.000246930235842853	0	0.6668313274836295	0.6668313274836295	0.9995062005028557	0.0004937994971443427	0.3558853810565041
0	0	0	1.265556960165031	0	0	0	0	0	0	0	0
4	0	1	2.000000000000001	1	0.3333333333333333	3.999999999999998	0	-3.999999999999998	1	0.01234567901234551	-2.13478501317256
0	0	0.8022612918203639	2.076375466815247	0	0.2786948681224414	0	0	0	0	0	0
2	0	0.8252201616994396	1.372518546480196	1	0.3754860205301479	2.42359565704411	0	-2.42359565704411	1	0.1409897516135666	-1.293463921661968
19	1	0.8496610098089954	2.049977403816829	0.95	0.2930230906778977	22.36185935408666	0.4878102549511578	-21.8740490991355	0.9999999999782206	1.0727008170619e-09	-11.67409804855881
0	0	0.9999999999999999	2	0	0.3333333333333334	0	0	0	0	0	0
2	0	0.802261291820364	2.197738708179636	1	0.267420430606788	2.492953381138354	0	-2.492953381138354	0.9999999999999998	0.07151368670592007	-1.330479879148005
1	1	0.9236485453467456	2.076351454653254	0.5	0.3078828484489153	1.082662886265459	0.4816140339627609	-0.601048852302698	0.9052081516309822	0.5209738485288129	-0.320777520520092
8	3	0.9407941458812292	2.057164797521711	0.7272727272727273	0.3138115510058812	8.503454273205014	1.458317779700554	-7.04513649350446	0.9991628753318849	0.005850907932589466	-3.759962950522103
0	0	0.8022612918203639	2.076375466815247	0	0.2786948681224414	0	0	0	0	0	0
0	3	0.8022612918203641	2.197738708179636	0	0.267420430606788	0	1.365039432956463	1.365039432956463	0.3931555474042197	0.6068444525957803	0.7285164309662571
3	2	0.9235791967928848	2.076420803207116	0.6	0.3078597322642949	3.248232539686316	0.9631958979176665	-2.28503664176865	0.9661477837151357	0.1736328146555317	-1.219515494349468
0	1	0.802261291820364	2.07645188479409	0	0.2786874699214992	0	0.4815907401096195	0.4815907401096195	0.7213125300785008	0.2786874699214992	0.2570231736171744
3	0	0.9236245331847526	2.076375466815247	1	0.3078748443949175	3.248073099201567	0	-3.248073099201567	1	0.02918250818754498	-1.733484443466115