Observed S Changes	Observed NS Changes	E[S Sites]	E[NS Sites]	Observed S. Prop.	P{S}	dS	dN	dN-dS	P{S leq. observed}	P{S geq. observed}	Scaled dN-dS
0	0	0	3	0	0	0	0	0	0	0	0
0	0	0.8735079008025241	2.030574284279072	0	0.3007862192364164	0	0	0	0	0	0
2	0	0.9999999999999999	2	1	0.3333333333333334	2	0	-2	1	0.111111111111111	-4.319297817619601
0	0	0.9270587999621355	2.072941200037865	0	0.3090195999873785	0	0	0	0	0	0
0	0	0.9270587999621355	2.072941200037865	0	0.3090195999873785	0	0	0	0	0	0
1	0	1	2	1	0.3333333333333333	1	0	-1	1	0.3333333333333333	-2.1596489088098
0	0	1.684585656617588	1.19943329923534	0	0.584110466125346	0	0	0	0	0	0
0	1	0.8114033336127452	2.188596666387255	0	0.2704677778709151	0	0.4569137910872875	0.4569137910872875	0.729532222129085	0.270467777870915	0.9867733703418095
0	0	0.8110777558150637	2	0	0.2885291074347725	0	0	0	0	0	0
0	0	0.9270587999621355	2.072941200037865	0	0.3090195999873785	0	0	0	0	0	0
0	0	1.811077755815064	1.188922244184936	0	0.6036925852716879	0	0	0	0	0	0
0	0	0.8110777558150637	2.072941200037865	0	0.281231770050968	0	0	0	0	0	0
2	0	1.811077755815063	1.188922244184936	1	0.6036925852716879	1.104314816731827	0	-1.104314816731827	0.9999999999999999	0.3644447375120142	-2.384932288937384
0	0	1	2	0	0.3333333333333333	0	0	0	0	0	0
1	0	0.8110777558150637	2.188922244184936	1	0.2703592519383546	1.232927413963025	0	-1.232927413963025	1	0.2703592519383546	-2.662690344206935
1	0	1	2	1	0.3333333333333333	0.9999999999999998	0	-0.9999999999999998	1	0.3333333333333333	-2.1596489088098
0	0	0.8331411773606797	1.355781066824256	0	0.3806170728878069	0	0	0	0	0	0
1	1	0.8334894672662678	2.071944989015539	0.5	0.2868725761354519	1.19977520925353	0.4826382965288758	-0.7171369127246545	0.9177041250614095	0.491449277332313	-1.548763951033029
0	2	0.9815069327061896	2.01849306729381	0	0.3271689775687299	0	0.9908381814168906	0.9908381814168906	0.4527015847459083	0.5472984152540916	2.139862597304075
1	0	0.9999999999999999	2	1	0.3333333333333334	1	0	-1	1	0.3333333333333334	-2.159648908809801
0	2	0.9982730925056451	1.938480857895617	0	0.3399239804782578	0	1.031735749080942	1.031735749080942	0.4357003515476673	0.5642996484523327	2.228186984682717
0	1	0.8125449893324156	2.187455010667584	0	0.2708483297774719	0	0.4571522591885501	0.4571522591885501	0.729151670222528	0.270848329777472	0.987288377716487
0	0	0.8110777558150637	2.188922244184936	0	0.2703592519383546	0	0	0	0	0	0
1	1	0.8110777558150635	2.188922244184936	0.5	0.2703592519383546	1.232927413963025	0.456845830251206	-0.7760815837118189	0.9269058748913332	0.4676243787680425	-1.676063745410611
0	0	0.8110777558150637	2.188922244184936	0	0.2703592519383546	0	0	0	0	0	0
0	0	1	2	0	0.3333333333333333	0	0	0	0	0	0
0	0	1	2	0	0.3333333333333333	0	0	0	0	0	0
0	1	0.9993425372250619	2.000158914698321	0	0.3331695460871504	0	0.4999602744819042	0.4999602744819042	0.6668304539128496	0.3331695460871504	1.079738661233093
0	0	1.811077755815064	1.188922244184936	0	0.6036925852716879	0	0	0	0	0	0
1	0	0.8110777558150638	2.072941200037865	1	0.281231770050968	1.232927413963024	0	-1.232927413963024	1	0.281231770050968	-2.662690344206934
0	0	1	2	0	0.3333333333333333	0	0	0	0	0	0
0	0	1	2	0	0.3333333333333333	0	0	0	0	0	0
0	0	0.8110777558150637	2.188922244184936	0	0.2703592519383546	0	0	0	0	0	0
0	0	0.8110777558150637	2.188922244184936	0	0.2703592519383546	0	0	0	0	0	0
0	0	1	2	0	0.3333333333333333	0	0	0	0	0	0
1	0	0.9999999999999999	2	1	0.3333333333333334	1	0	-1	1	0.3333333333333334	-2.159648908809801
0	0	1	2	0	0.3333333333333333	0	0	0	0	0	0
1	0	0.8110777558150637	2.188922244184936	1	0.2703592519383546	1.232927413963025	0	-1.232927413963025	1	0.2703592519383546	-2.662690344206935
0	0	1	1.936753950401262	0	0.3405120132258153	0	0	0	0	0	0
0	0	1	2	0	0.3333333333333333	0	0	0	0	0	0
0	0	0.1668588226393202	2.83314117736068	0	0.05561960754644007	0	0	0	0	0	0
0	0	1	2	0	0.3333333333333333	0	0	0	0	0	0
0	0	0.8331411773606797	2.070941007720916	0	0.2868862257550989	0	0	0	0	0	0
0	0	1	2	0	0.3333333333333333	0	0	0	0	0	0
0	0	0.9270587999621355	2.072941200037865	0	0.3090195999873785	0	0	0	0	0	0
1	1	0.9982782406803044	2.001721759319695	0.5	0.3327594135601015	1.001724728887732	0.4995699304082402	-0.5021547984794918	0.8892711726871373	0.5547899998073405	-1.08447806258984
0	1	0.8110777558150637	2.188922244184936	0	0.2703592519383546	0	0.4568458302512059	0.4568458302512059	0.7296407480616454	0.2703592519383546	0.986626598796324
0	0	0.8110777558150637	2.188922244184936	0	0.2703592519383546	0	0	0	0	0	0
0	3	1.002565882115174	1.186356362069761	0	0.4580180427964395	0	2.528751137445825	2.528751137445825	0.1592041875571664	0.8407958124428335	5.461214634636415
0	0	0.9270587999621355	2.072941200037865	0	0.3090195999873785	0	0	0	0	0	0
0	0	0.8331411773606797	2.103612773040582	0	0.2836945796044111	0	0	0	0	0	0
1	0	1	2	1	0.3333333333333333	1	0	-1	1	0.3333333333333333	-2.1596489088098
0	0	1	2	0	0.3333333333333333	0	0	0	0	0	0
0	0	0.8110777558150637	2.188922244184936	0	0.2703592519383546	0	0	0	0	0	0
0	0	1	2	0	0.3333333333333333	0	0	0	0	0	0
0	0	1	2	0	0.3333333333333333	0	0	0	0	0	0
1	0	0.8733688615522411	2.06338508884902	1	0.2973925893358921	1.144991588345269	0	-1.144991588345269	1	0.2973925893358921	-2.47277983436626
1	0	1.793198591149557	1.190407940803513	1	0.6010171153418573	0.5576627178582237	0	-0.5576627178582237	1	0.6010171153418573	-1.20435568010642
1	0	0.9999999999999999	2	1	0.3333333333333334	1	0	-1	1	0.3333333333333334	-2.159648908809801
0	0	0.8735079008025241	1.315414343382412	0	0.399058442173117	0	0	0	0	0	0
1	1	0.8110777558150635	2.188922244184935	0.5	0.2703592519383546	1.232927413963025	0.4568458302512061	-0.7760815837118187	0.9269058748913332	0.4676243787680425	-1.676063745410611
0	0	1	2	0	0.3333333333333333	0	0	0	0	0	0
1	0	1	1.811455024685401	1	0.355687710178433	1	0	-1	1	0.355687710178433	-2.1596489088098
0	2	0.499527445339152	2.500472554660847	0	0.166509148446384	0	0.7998488110865392	0.7998488110865392	0.6947069996235717	0.3052930003764283	1.72739261207586
1	0	1	1.998147419242086	1	0.3335393028314779	1	0	-1	1	0.3335393028314779	-2.1596489088098
0	1	0.849639753689566	2.087114196711695	0	0.2893125430455201	0	0.479130467118439	0.479130467118439	0.7106874569544799	0.2893125430455201	1.034753590489867
0	0	0.1668588226393202	2.83314117736068	0	0.05561960754644007	0	0	0	0	0	0
1	0	0.8110777558150638	2.072941200037865	1	0.281231770050968	1.232927413963024	0	-1.232927413963024	1	0.281231770050968	-2.662690344206934
0	2	0.8110777558150635	2.188922244184936	0	0.2703592519383546	0	0.913691660502412	0.913691660502412	0.5323756212319575	0.4676243787680425	1.973253197592648
0	0	0.8110777558150637	2.188922244184936	0	0.2703592519383546	0	0	0	0	0	0
0	0	1	2	0	0.3333333333333333	0	0	0	0	0	0
0	0	0.8110777558150637	2.188922244184936	0	0.2703592519383546	0	0	0	0	0	0
0	2	0.8759849872157416	1.325531384838579	0	0.3979007371170834	0	1.508828853753286	1.508828853753286	0.3625235223641515	0.6374764776358485	3.258540587589026
1	0	0.9270587999621355	2.072941200037865	1	0.3090195999873785	1.078680230467413	0	-1.078680230467413	1	0.3090195999873785	-2.329570582683653
0	0	1	2	0	0.3333333333333333	0	0	0	0	0	0
0	0	0.8110777558150637	2.188922244184936	0	0.2703592519383546	0	0	0	0	0	0
0	0	1	1.936753950401262	0	0.3405120132258153	0	0	0	0	0	0
1	2	0.8336286260231829	2.101715673622532	0.3333333333333333	0.2839968810894854	1.199574929150994	0.9516035042707685	-0.2479714248802254	0.803848413257831	0.6329335071945388	-0.5355312171585901
2	0	0.8110777558150636	2.188922244184936	1	0.2703592519383546	2.46585482792605	0	-2.46585482792605	0.9999999999999999	0.07309412510866675	-5.32538068841387
1	0	0.8110777558150637	2.072941200037865	1	0.281231770050968	1.232927413963025	0	-1.232927413963025	1	0.281231770050968	-2.662690344206935
0	0	1	2	0	0.3333333333333333	0	0	0	0	0	0
0	0	1.811077755815064	1.188922244184936	0	0.6036925852716879	0	0	0	0	0	0
0	0	0.1668588226393202	2.83314117736068	0	0.05561960754644007	0	0	0	0	0	0
0	0	0.8110777558150637	2.188922244184936	0	0.2703592519383546	0	0	0	0	0	0
0	0	1	2	0	0.3333333333333333	0	0	0	0	0	0
0	0	1.811077755815064	1.188922244184936	0	0.6036925852716879	0	0	0	0	0	0
0	0	1.684585656617588	1.19943329923534	0	0.584110466125346	0	0	0	0	0	0
1	0	1	1.937081073696094	1	0.3404740880174532	1	0	-1	1	0.3404740880174532	-2.1596489088098
2	0	0.8110777558150637	2.188922244184936	1	0.2703592519383546	2.465854827926049	0	-2.465854827926049	0.9999999999999999	0.07309412510866675	-5.325380688413869
0	0	1	2	0	0.3333333333333333	0	0	0	0	0	0
1	0	0.873299145276598	1.315623098908338	1	0.3989630730815558	1.145082994079048	0	-1.145082994079048	1	0.3989630730815559	-2.472977238659474
0	0	0.8110777558150637	2.072941200037865	0	0.281231770050968	0	0	0	0	0	0
0	0	0.8110777558150637	2.188922244184936	0	0.2703592519383546	0	0	0	0	0	0
0	1	0.9993490242637102	2.00065097573629	0	0.3331163414212367	0	0.4998373090198677	0.4998373090198677	0.6668836585787633	0.3331163414212367	1.079473099007184
2	0	0.8110777558150635	2.188922244184936	1	0.2703592519383546	2.46585482792605	0	-2.46585482792605	0.9999999999999999	0.07309412510866675	-5.32538068841387
0	0	0.8331411773606797	1.355781066824256	0	0.3806170728878069	0	0	0	0	0	0
1	0	0.8110777558150637	2.188922244184936	1	0.2703592519383546	1.232927413963025	0	-1.232927413963025	1	0.2703592519383546	-2.662690344206935
1	0	0.8734383766230492	2.030643808458547	1	0.3007622790807857	1.144900460941815	0	-1.144900460941815	1	0.3007622790807858	-2.472583031168829
0	1	0.8332633313519223	2.070818853729674	0	0.286928288611264	0	0.4829007608265386	0.4829007608265386	0.713071711388736	0.286928288611264	1.042896101182456
0	0	0	1.252984198394952	0	0	0	0	0	0	0	0
0	0	0.8110777558150637	2.188922244184936	0	0.2703592519383546	0	0	0	0	0	0
0	0	1	2	0	0.3333333333333333	0	0	0	0	0	0
0	0	0.8110777558150637	2.188922244184936	0	0.2703592519383546	0	0	0	0	0	0
0	0	1	2	0	0.3333333333333333	0	0	0	0	0	0
0	0	0.8331411773606797	2.103612773040582	0	0.2836945796044111	0	0	0	0	0	0
3	0	1.091326287550358	1.281580776540256	1	0.4599110955778602	2.748948718841861	0	-2.748948718841861	0.9999999999999996	0.09727957437963819	-5.936764101020922
0	0	0.8110777558150637	2.188922244184936	0	0.2703592519383546	0	0	0	0	0	0
0	1	0.8339982274463185	2.070083957635278	0	0.2871813448429957	0	0.4830721943965652	0.4830721943965652	0.7128186551570043	0.2871813448429957	1.043266337504898
0	0	1	2	0	0.3333333333333333	0	0	0	0	0	0
0	1	0.8110777558150637	2.015650734556302	0	0.2869316096603629	0	0.496117696809277	0.496117696809277	0.7130683903396371	0.2869316096603629	1.071440042555386
0	0	0.8110777558150637	2.188922244184936	0	0.2703592519383546	0	0	0	0	0	0
0	0	0.8110777558150637	2.188922244184936	0	0.2703592519383546	0	0	0	0	0	0
0	0	0.8110777558150637	2.072941200037865	0	0.281231770050968	0	0	0	0	0	0
0	0	0.8110777558150637	2	0	0.2885291074347725	0	0	0	0	0	0
0	0	1	2	0	0.3333333333333333	0	0	0	0	0	0
0	0	0.8110777558150637	2	0	0.2885291074347725	0	0	0	0	0	0
0	0	0.8110777558150637	2.188922244184936	0	0.2703592519383546	0	0	0	0	0	0
1	0	1	2	1	0.3333333333333333	1	0	-1	1	0.3333333333333333	-2.1596489088098
1	0	1	2	1	0.3333333333333333	1	0	-1	1	0.3333333333333333	-2.1596489088098
0	0	0.8110777558150637	2.188922244184936	0	0.2703592519383546	0	0	0	0	0	0
0	0	0.8110777558150637	2	0	0.2885291074347725	0	0	0	0	0	0
0	0	1	2	0	0.3333333333333333	0	0	0	0	0	0
0	0	1	2	0	0.3333333333333333	0	0	0	0	0	0
0	0	1	2	0	0.3333333333333333	0	0	0	0	0	0
1	0	0.9440306625597917	2.054975517890067	1	0.3147811660788857	1.059287626620564	0	-1.059287626620564	1	0.3147811660788857	-2.287689366946823
0	0	1	1.811077755815064	0	0.3557354462826137	0	0	0	0	0	0
0	0	1.811077755815064	1.188922244184936	0	0.6036925852716879	0	0	0	0	0	0
0	0	1	2	0	0.3333333333333333	0	0	0	0	0	0
0	0	1	2	0	0.3333333333333333	0	0	0	0	0	0
0	1	0.9999999999999999	1.814333648815115	0	0.3553238971580422	0	0.5511665402077885	0.5511665402077885	0.6446761028419578	0.3553238971580422	1.190326217132223
0	0	1	2	0	0.3333333333333333	0	0	0	0	0	0
1	0	1	2	1	0.3333333333333333	1	0	-1	1	0.3333333333333333	-2.1596489088098
0	0	1	2	0	0.3333333333333333	0	0	0	0	0	0
0	0	1.811077755815064	1.188922244184936	0	0.6036925852716879	0	0	0	0	0	0
0	0	0.8735079008025241	2.063246049598738	0	0.2974399338709233	0	0	0	0	0	0
0	0	0.8110777558150637	2.188922244184936	0	0.2703592519383546	0	0	0	0	0	0
0	0	0.8110777558150637	2.188922244184936	0	0.2703592519383546	0	0	0	0	0	0
0	2	0.8110777558150637	2.188922244184936	0	0.2703592519383546	0	0.9136916605024118	0.9136916605024118	0.5323756212319575	0.4676243787680425	1.973253197592648
0	0	0.8331411773606797	2.103612773040582	0	0.2836945796044111	0	0	0	0	0	0
0	0	0.8110777558150637	2.188922244184936	0	0.2703592519383546	0	0	0	0	0	0
0	0	0.8110777558150637	2.188922244184936	0	0.2703592519383546	0	0	0	0	0	0
0	0	0.8110777558150637	2.188922244184936	0	0.2703592519383546	0	0	0	0	0	0
0	0	0	1.252984198394952	0	0	0	0	0	0	0	0
0	1	1	2	0	0.3333333333333333	0	0.5	0.5	0.6666666666666667	0.3333333333333333	1.0798244544049
1	0	1	1.937080668411278	1	0.3404741349991312	1	0	-1	1	0.3404741349991312	-2.1596489088098
0	0	1	2	0	0.3333333333333333	0	0	0	0	0	0
0	0	1	2	0	0.3333333333333333	0	0	0	0	0	0
0	0	0.8331411773606797	1.355781066824256	0	0.3806170728878069	0	0	0	0	0	0
1	0	0.8110777558150635	2.188922244184936	1	0.2703592519383546	1.232927413963025	0	-1.232927413963025	1	0.2703592519383546	-2.662690344206935
0	0	1	1.936753950401262	0	0.3405120132258153	0	0	0	0	0	0
0	0	1	2	0	0.3333333333333333	0	0	0	0	0	0
1	0	0.8110777558150635	2.188922244184936	1	0.2703592519383546	1.232927413963025	0	-1.232927413963025	1	0.2703592519383546	-2.662690344206935
0	0	1	2	0	0.3333333333333333	0	0	0	0	0	0
0	1	1	2	0	0.3333333333333333	0	0.5	0.5	0.6666666666666667	0.3333333333333333	1.0798244544049
0	0	0.8110777558150637	2.072941200037865	0	0.281231770050968	0	0	0	0	0	0
0	1	0.2327391285894723	2.75777676163617	0	0.07782574550102508	0	0.3626109313527999	0.3626109313527999	0.9221742544989749	0.07782574550102506	0.7831123022185795
0	0	0.9444489085234405	2.055551091476559	0	0.3148163028411469	0	0	0	0	0	0
0	4	0.9206109631276321	1.989977085728851	0	0.3162972387965804	0	2.010073396666754	2.010073396666754	0.2185090029618812	0.7814909970381188	4.341052817738964
0	0	1	2	0	0.3333333333333333	0	0	0	0	0	0
0	3	0.8116038554646978	2.186411251278348	0	0.2707137311080464	0	1.372111490116951	1.372111490116951	0.38787707332647	0.61212292667353	2.963279082396461
1	2	0.8110777558150635	2.188922244184935	0.3333333333333333	0.2703592519383546	1.232927413963025	0.9136916605024122	-0.3192357534606126	0.820240970644935	0.6115570534745314	-0.6894371466142863
0	0	0.8110777558150637	2.188922244184936	0	0.2703592519383546	0	0	0	0	0	0
0	0	0.8110777558150637	2.188922244184936	0	0.2703592519383546	0	0	0	0	0	0
0	0	0.8110777558150637	2.188922244184936	0	0.2703592519383546	0	0	0	0	0	0
0	0	0.8110777558150637	2.188922244184936	0	0.2703592519383546	0	0	0	0	0	0
0	0	0.9040821850815962	2	0	0.3113142560929949	0	0	0	0	0	0
1	0	1.660337140575892	1.179865629359275	1	0.5845840156735683	0.6022873159683387	0	-0.6022873159683387	1	0.5845840156735683	-1.300729144721006
0	0	0.8110777558150637	2.188922244184936	0	0.2703592519383546	0	0	0	0	0	0
0	0	0	1.252984198394952	0	0	0	0	0	0	0	0
0	0	1.684585656617588	1.19943329923534	0	0.584110466125346	0	0	0	0	0	0
0	0	1	2	0	0.3333333333333333	0	0	0	0	0	0
0	0	0.8110777558150637	2.188922244184936	0	0.2703592519383546	0	0	0	0	0	0
0	3	1.600301652317114	1.210776103497949	0	0.5692840224738329	0	2.477749594935809	2.477749594935809	0.07990481438551718	0.9200951856144828	5.351069209007044
0	2	0.815534150408193	2.165092261913965	0	0.2736116633190617	0	0.9237481631530928	0.9237481631530928	0.5276400156661002	0.4723599843338998	1.994971712568634
0	2	0.8156393072189695	2.137764421051853	0	0.2761692549553715	0	0.9355567808617246	0.9355567808617246	0.523930947471862	0.476069052528138	2.020474180917633
1	1	0.8747128393017715	2.053026764136721	0.5	0.2987672941522745	1.143232333022844	0.4870857104585731	-0.6561466225642707	0.9107381039449283	0.5082726922494774	-1.417046337440163
1	0	0.8110777558150638	2	1	0.2885291074347724	1.232927413963024	0	-1.232927413963024	1	0.2885291074347724	-2.662690344206934
0	0	1	2	0	0.3333333333333333	0	0	0	0	0	0
0	0	1	2	0	0.3333333333333333	0	0	0	0	0	0
2	0	1.683402372118283	1.198478431712229	1	0.5841332403063837	1.188070085396952	0	-1.188070085396952	1	0.3412116424308355	-2.565814263517093
0	0	0.8110777558150637	2.188922244184936	0	0.2703592519383546	0	0	0	0	0	0
0	0	1	2	0	0.3333333333333333	0	0	0	0	0	0
0	0	1	2	0	0.3333333333333333	0	0	0	0	0	0
0	0	0	3	0	0	0	0	0	0	0	0
0	0	1	2	0	0.3333333333333333	0	0	0	0	0	0
0	0	0.8110777558150637	2.188922244184936	0	0.2703592519383546	0	0	0	0	0	0
0	1	0.8118316314849049	2.187010112243452	0	0.2707150629681387	0	0.4572452566184947	0.4572452566184947	0.7292849370318613	0.2707150629681387	0.987489219514589
2	0	0.833558758235691	2.103195192165571	1	0.2838367709088458	2.399350951855147	0	-2.399350951855147	0.9999999999999999	0.08056331251996074	-5.181755665025723
0	2	0.8331411773606795	1.458668621191636	0	0.3635298085761549	0	1.371113336465778	1.371113336465778	0.405094304571106	0.594905695428894	2.961123420952882
0	0	0.8110777558150637	2.188922244184936	0	0.2703592519383546	0	0	0	0	0	0
0	0	0.8110777558150637	2.188922244184936	0	0.2703592519383546	0	0	0	0	0	0
0	0	0.8331411773606797	2.070941007720916	0	0.2868862257550989	0	0	0	0	0	0
0	0	1.684585656617588	1.19943329923534	0	0.584110466125346	0	0	0	0	0	0
0	0	0.8110777558150637	2	0	0.2885291074347725	0	0	0	0	0	0
0	0	0.9270587999621355	2.072941200037865	0	0.3090195999873785	0	0	0	0	0	0
0	0	0	1.252984198394952	0	0	0	0	0	0	0	0
2	0	0.9999999999999999	1.997817442845958	1	0.3335760162402207	2	0	-2	1	0.1112729586106959	-4.319297817619601
0	0	1	2	0	0.3333333333333333	0	0	0	0	0	0
0	0	0.8110777558150637	2.188922244184936	0	0.2703592519383546	0	0	0	0	0	0
0	0	0.8110777558150637	2.188922244184936	0	0.2703592519383546	0	0	0	0	0	0
2	0	1	2	1	0.3333333333333333	2	0	-2	1	0.1111111111111109	-4.3192978176196
0	0	1	2	0	0.3333333333333333	0	0	0	0	0	0
0	0	1	2	0	0.3333333333333333	0	0	0	0	0	0
0	0	0.8110777558150637	2.188922244184936	0	0.2703592519383546	0	0	0	0	0	0
0	2	0.8601323799595992	2.063323392799837	0	0.2942176816814726	0	0.9693100010299839	0.9693100010299839	0.4981286808510752	0.5018713191489248	2.093369286022831
0	0	0.8110777558150637	2.188922244184936	0	0.2703592519383546	0	0	0	0	0	0
0	0	0.8331411773606797	1.355781066824256	0	0.3806170728878069	0	0	0	0	0	0
0	1	0.9271844137090404	2.07281558629096	0	0.3090614712363468	0	0.4824355850147638	0.4824355850147638	0.6909385287636532	0.3090614712363468	1.041891484748152
0	2	0.811635550487264	2.187806654840535	0	0.2705954957377026	0	0.9141575630437855	0.9141575630437855	0.5320309308381278	0.4679690691618722	1.974259383507737
1	0	1.811077755815063	1.188922244184936	1	0.6036925852716879	0.5521574083659134	0	-0.5521574083659134	1	0.6036925852716879	-1.192466144468692
0	0	0.8110777558150637	2	0	0.2885291074347725	0	0	0	0	0	0
1	0	1	2	1	0.3333333333333333	1	0	-1	1	0.3333333333333333	-2.1596489088098
0	2	0.8433922666461444	1.347995847437203	0	0.3848666793553973	0	1.483684095765118	1.483684095765118	0.3783890021672556	0.6216109978327444	3.204236738437591
1	1	0.9999999999999998	1.884519096042398	0.5	0.3466782387996719	1	0.5306393562686945	-0.4693606437313057	0.8798141987427577	0.5731706763421014	-1.01365420207258
0	1	1	1.813029607980245	0	0.3554886152506584	0	0.5515629726058483	0.5515629726058483	0.6445113847493416	0.3554886152506584	1.19118237192811
0	0	1	1.936753950401262	0	0.3405120132258153	0	0	0	0	0	0
0	0	0.9040821850815962	2	0	0.3113142560929949	0	0	0	0	0	0
1	0	0.9231257412920227	2.076874258707977	1	0.3077085804306742	1.08327604276356	0	-1.08327604276356	1	0.3077085804306743	-2.33949592369412
0	0	1	2	0	0.3333333333333333	0	0	0	0	0	0
1	0	0.9999999999999997	1.999999999999999	1	0.3333333333333333	1	0	-1	1	0.3333333333333333	-2.159648908809801
1	0	1	2	1	0.3333333333333333	1	0	-1	1	0.3333333333333333	-2.1596489088098
0	0	1	2	0	0.3333333333333333	0	0	0	0	0	0
0	1	0.8333856039215682	2.070696581160028	0	0.286970392299057	0	0.4829292756352495	0.4829292756352495	0.713029607700943	0.286970392299057	1.042957683157974
0	1	0.9042473781239159	1.999891075423718	0	0.3113651062397892	0	0.5000272326272218	0.5000272326272218	0.6886348937602108	0.3113651062397892	1.079883267318564
0	0	0.8110777558150637	2.188922244184936	0	0.2703592519383546	0	0	0	0	0	0
0	0	0.8331411773606797	1.355781066824256	0	0.3806170728878069	0	0	0	0	0	0
0	0	0.8331411773606797	1.355781066824256	0	0.3806170728878069	0	0	0	0	0	0
0	2	0.9999999999999999	2	0	0.3333333333333334	0	1	1	0.4444444444444444	0.5555555555555556	2.159648908809801
1	1	1	2	0.5	0.3333333333333333	0.9999999999999998	0.4999999999999999	-0.4999999999999999	0.8888888888888891	0.5555555555555555	-1.0798244544049
1	1	0.9274358401965306	2.072564159803469	0.5	0.3091452800655102	1.07824170326229	0.4824941101436517	-0.5957475931186382	0.9044291958132171	0.5227197559442378	-1.286605639404732
1	0	0.9999999999999996	1.999999999999999	1	0.3333333333333333	1	0	-1	1	0.3333333333333333	-2.159648908809801
0	0	0.8110777558150637	2.188922244184936	0	0.2703592519383546	0	0	0	0	0	0
0	0	0.9270587999621355	2.072941200037865	0	0.3090195999873785	0	0	0	0	0	0
1	0	1	1.937081016543972	1	0.3404740946426764	0.9999999999999998	0	-0.9999999999999998	1	0.3404740946426763	-2.1596489088098
0	0	1	2	0	0.3333333333333333	0	0	0	0	0	0
0	0	0.9040821850815962	2	0	0.3113142560929949	0	0	0	0	0	0
0	0	1	2	0	0.3333333333333333	0	0	0	0	0	0
1	0	0.9052378515142031	2.001590382528981	1	0.3114177304708107	1.104682043870887	0	-1.104682043870887	1	0.3114177304708108	-2.38572537062754
0	1	0.4761978159046752	2.523802184095325	0	0.1587326053015584	0	0.396227567398852	0.396227567398852	0.8412673946984416	0.1587326053015584	0.8557124335732921
0	0	0.9444489085234405	2.055551091476559	0	0.3148163028411469	0	0	0	0	0	0
0	3	0.8110777558150634	2.188922244184935	0	0.2703592519383546	0	1.370537490753618	1.370537490753618	0.3884429465254686	0.6115570534745314	2.959879796388973
2	0	0.9231179338784663	2.076882066121534	1	0.3077059779594888	2.166570409478483	0	-2.166570409478483	1	0.09468296887200545	-4.679031420689808
1	0	0.9999999999999997	1.999999999999999	1	0.3333333333333333	1	0	-1	1	0.3333333333333333	-2.159648908809801
0	0	0.8110777558150637	2.188922244184936	0	0.2703592519383546	0	0	0	0	0	0
0	0	0.9040821850815962	2	0	0.3113142560929949	0	0	0	0	0	0
0	1	0.2358780716486277	2.764121928351372	0	0.07862602388287591	0	0.3617785415842485	0.3617785415842485	0.9213739761171241	0.07862602388287587	0.7813146325632232
0	0	0.8110777558150637	2.188922244184936	0	0.2703592519383546	0	0	0	0	0	0
1	0	0.9270587999621356	2.072941200037865	1	0.3090195999873784	1.078680230467413	0	-1.078680230467413	1	0.3090195999873784	-2.329570582683652
0	0	0.8110777558150637	2	0	0.2885291074347725	0	0	0	0	0	0
0	0	0	1.252984198394952	0	0	0	0	0	0	0	0
0	0	1	2	0	0.3333333333333333	0	0	0	0	0	0
0	0	0.1668588226393202	2.83314117736068	0	0.05561960754644007	0	0	0	0	0	0
1	0	1	2	1	0.3333333333333333	1	0	-1	1	0.3333333333333333	-2.1596489088098
0	0	0.8331411773606797	2.070941007720916	0	0.2868862257550989	0	0	0	0	0	0
2	0	1	2	1	0.3333333333333333	2	0	-2	1	0.1111111111111109	-4.3192978176196
0	0	1	1.936753950401262	0	0.3405120132258153	0	0	0	0	0	0
0	0	0.8110777558150637	2.188922244184936	0	0.2703592519383546	0	0	0	0	0	0
0	0	0.1668588226393202	2.83314117736068	0	0.05561960754644007	0	0	0	0	0	0
0	0	1	2	0	0.3333333333333333	0	0	0	0	0	0
0	0	1.684585656617588	1.19943329923534	0	0.584110466125346	0	0	0	0	0	0
0	0	0.9270587999621355	2.072941200037865	0	0.3090195999873785	0	0	0	0	0	0
0	0	0.8110777558150637	2.188922244184936	0	0.2703592519383546	0	0	0	0	0	0
0	0	0.8110777558150637	2.188922244184936	0	0.2703592519383546	0	0	0	0	0	0
0	0	1	2	0	0.3333333333333333	0	0	0	0	0	0
1	0	0.9999999999999999	1.999563261857908	1	0.3333818668590464	1	0	-1	1	0.3333818668590465	-2.159648908809801
1	0	0.8110777558150637	2.188922244184936	1	0.2703592519383546	1.232927413963025	0	-1.232927413963025	1	0.2703592519383546	-2.662690344206935
0	0	1.811077755815064	1.188922244184936	0	0.6036925852716879	0	0	0	0	0	0
0	0	0.9270587999621355	2.072941200037865	0	0.3090195999873785	0	0	0	0	0	0
0	0	1	2	0	0.3333333333333333	0	0	0	0	0	0
0	0	1	2	0	0.3333333333333333	0	0	0	0	0	0
1	0	0.9493597339348513	2.050640266065148	1	0.3164532446449505	1.053341493487677	0	-1.053341493487677	1	0.3164532446449505	-2.274847807014747
0	0	1	2	0	0.3333333333333333	0	0	0	0	0	0
0	0	0.8110777558150637	2	0	0.2885291074347725	0	0	0	0	0	0
1	0	0.8110777558150637	2.188922244184936	1	0.2703592519383546	1.232927413963025	0	-1.232927413963025	1	0.2703592519383546	-2.662690344206935
0	0	0.8331411773606797	2.070941007720916	0	0.2868862257550989	0	0	0	0	0	0
0	0	0.1668588226393202	2.83314117736068	0	0.05561960754644007	0	0	0	0	0	0
1	1	1.116920467148952	1.079730255597217	0.5	0.5084652082296546	0.8953188963871325	0.9261572460492765	0.03083834966214405	0.741463132019974	0.7583935484792832	0.06660000819734446
1	0	0.8110777558150635	2.188922244184936	1	0.2703592519383546	1.232927413963025	0	-1.232927413963025	1	0.2703592519383546	-2.662690344206935
2	0	1	1.99912622977089	1	0.3334304471994139	2	0	-2	1	0.1111758631196011	-4.319297817619599
0	0	0.8331411773606797	2.070941007720916	0	0.2868862257550989	0	0	0	0	0	0
0	0	0.8110777558150637	2.188922244184936	0	0.2703592519383546	0	0	0	0	0	0
0	0	1	1.811077755815064	0	0.3557354462826137	0	0	0	0	0	0
0	0	0.1668588226393202	2.83314117736068	0	0.05561960754644007	0	0	0	0	0	0
0	0	0	3	0	0	0	0	0	0	0	0
0	0	0.9040821850815962	2	0	0.3113142560929949	0	0	0	0	0	0
0	0	1	1.811077755815064	0	0.3557354462826137	0	0	0	0	0	0
0	0	0.8110777558150637	2.188922244184936	0	0.2703592519383546	0	0	0	0	0	0
0	0	1	2	0	0.3333333333333333	0	0	0	0	0	0
0	0	1	2	0	0.3333333333333333	0	0	0	0	0	0
0	0	0.9270587999621355	2.072941200037865	0	0.3090195999873785	0	0	0	0	0	0
0	0	1	2	0	0.3333333333333333	0	0	0	0	0	0
0	0	0.8331411773606797	2.070941007720916	0	0.2868862257550989	0	0	0	0	0	0
0	0	0.8110777558150637	2.072941200037865	0	0.281231770050968	0	0	0	0	0	0
1	1	0.8483711573879262	2.094010475912478	0.5	0.2883280495590666	1.178729370148471	0.47755252970463	-0.7011768404438413	0.9168669358374645	0.4935230349555976	-1.514295798347245
0	0	1	2	0	0.3333333333333333	0	0	0	0	0	0
1	1	0.8471729754678214	2.094820416896852	0.5	0.2879588301137864	1.180396482132572	0.477367888881541	-0.703028593251031	0.9170797121594996	0.4929973723870723	-1.518294934276678
1	0	0.8110777558150638	2.072941200037865	1	0.2812317700509681	1.232927413963024	0	-1.232927413963024	1	0.2812317700509681	-2.662690344206934
1	0	0.9231266089772417	2.076873391022759	1	0.3077088696590805	1.083275024547205	0	-1.083275024547205	1	0.3077088696590805	-2.339493724704282
0	0	1	2	0	0.3333333333333333	0	0	0	0	0	0
0	0	1	2	0	0.3333333333333333	0	0	0	0	0	0
1	0	0.8110777558150636	2.188922244184936	1	0.2703592519383546	1.232927413963025	0	-1.232927413963025	1	0.2703592519383546	-2.662690344206935
0	0	1	1.936753950401262	0	0.3405120132258153	0	0	0	0	0	0
1	0	0.8110777558150638	2.188922244184936	1	0.2703592519383546	1.232927413963024	0	-1.232927413963024	1	0.2703592519383546	-2.662690344206934
0	0	0.9270587999621355	2.072941200037865	0	0.3090195999873785	0	0	0	0	0	0
1	0	1	2	1	0.3333333333333333	1	0	-1	1	0.3333333333333333	-2.1596489088098
0	0	0.8110777558150637	2.188922244184936	0	0.2703592519383546	0	0	0	0	0	0
0	0	0.8110777558150637	2.188922244184936	0	0.2703592519383546	0	0	0	0	0	0
1	0	0.8334935503082493	2.070588634773347	1	0.2870075628678638	1.199769331904454	0	-1.199769331904454	1	0.2870075628678638	-2.591080528470917
0	0	1	2	0	0.3333333333333333	0	0	0	0	0	0
1	0	0.8110777558150635	2.188922244184936	1	0.2703592519383546	1.232927413963025	0	-1.232927413963025	1	0.2703592519383546	-2.662690344206935
0	0	0.8331411773606797	1.355781066824256	0	0.3806170728878069	0	0	0	0	0	0
0	0	0.8110777558150637	2.188922244184936	0	0.2703592519383546	0	0	0	0	0	0
0	0	1	2	0	0.3333333333333333	0	0	0	0	0	0
0	0	0.8110777558150637	2.188922244184936	0	0.2703592519383546	0	0	0	0	0	0
0	0	0.9444489085234405	2.055551091476559	0	0.3148163028411469	0	0	0	0	0	0
0	0	0.9270587999621355	2.072941200037865	0	0.3090195999873785	0	0	0	0	0	0
0	0	1	2	0	0.3333333333333333	0	0	0	0	0	0
1	0	0.8110777558150637	2	1	0.2885291074347725	1.232927413963025	0	-1.232927413963025	1	0.2885291074347724	-2.662690344206935
0	0	1	2	0	0.3333333333333333	0	0	0	0	0	0
0	2	1	2	0	0.3333333333333333	0	1	1	0.4444444444444445	0.5555555555555555	2.1596489088098
0	0	0.8110777558150637	2.072941200037865	0	0.281231770050968	0	0	0	0	0	0
0	0	1	2	0	0.3333333333333333	0	0	0	0	0	0
0	0	0.9040821850815962	2	0	0.3113142560929949	0	0	0	0	0	0
0	0	0.8110777558150637	2	0	0.2885291074347725	0	0	0	0	0	0
1	1	0.9996218738359561	2.000378126164044	0.5	0.3332072912786521	1.000378269197524	0.4999054863280352	-0.5004727828694893	0.8889729010387435	0.5553874835960477	-1.080845499413096
1	0	0.8732291531509285	2.030853031930667	1	0.3006902344695157	1.14517477616458	0	-1.14517477616458	1	0.3006902344695157	-2.473175455740341
0	1	0.827699397913001	1.561269165150371	0	0.3464672623618132	0	0.640504547403706	0.640504547403706	0.6535327376381868	0.3464672623618132	1.383264946888128
0	2	0.8110777558150635	2.188922244184936	0	0.2703592519383546	0	0.913691660502412	0.913691660502412	0.5323756212319575	0.4676243787680425	1.973253197592648
0	0	1	2	0	0.3333333333333333	0	0	0	0	0	0
1	0	1.811077755815064	1.188922244184936	1	0.6036925852716879	0.5521574083659133	0	-0.5521574083659133	1	0.6036925852716879	-1.192466144468692
0	0	0.8331411773606797	2.070941007720916	0	0.2868862257550989	0	0	0	0	0	0
0	0	1.684585656617588	1.19943329923534	0	0.584110466125346	0	0	0	0	0	0
0	0	1	2	0	0.3333333333333333	0	0	0	0	0	0
0	0	1	2	0	0.3333333333333333	0	0	0	0	0	0
1	0	0.9999999999999997	1.949199963040288	1	0.3390750076400768	1	0	-1	1	0.3390750076400768	-2.159648908809801
0	0	0	3	0	0	0	0	0	0	0	0
1	0	1.098426876238867	1.149740791631159	1	0.4885876137875189	0.9103928733281803	0	-0.9103928733281803	1	0.4885876137875189	-1.966128975471423
1	0	0.8110777558150636	2.188922244184936	1	0.2703592519383546	1.232927413963025	0	-1.232927413963025	1	0.2703592519383546	-2.662690344206935
0	0	1	2	0	0.3333333333333333	0	0	0	0	0	0
0	0	1	2	0	0.3333333333333333	0	0	0	0	0	0
0	0	0.8735079008025241	2.063246049598738	0	0.2974399338709233	0	0	0	0	0	0
0	1	0.8339963016042403	2.070085883477355	0	0.2871806816930037	0	0.483071744984893	0.483071744984893	0.7128193183069963	0.2871806816930037	1.04326536693347
0	0	0.8331411773606797	1.355781066824256	0	0.3806170728878069	0	0	0	0	0	0
1	0	1	2	1	0.3333333333333333	1	0	-1	1	0.3333333333333333	-2.1596489088098
0	0	0.9040821850815962	2	0	0.3113142560929949	0	0	0	0	0	0
1	0	1	1.999781579879531	1	0.3333576040026752	1	0	-1	1	0.3333576040026752	-2.1596489088098
0	0	0.1668588226393202	2.83314117736068	0	0.05561960754644007	0	0	0	0	0	0
0	0	0.8110777558150637	2.188922244184936	0	0.2703592519383546	0	0	0	0	0	0
2	0	0.9999999999999999	2	1	0.3333333333333334	2	0	-2	1	0.111111111111111	-4.319297817619601
0	0	1	2	0	0.3333333333333333	0	0	0	0	0	0
1	0	0.3348268664812206	2.665173133518778	1	0.1116089554937402	2.986618160332384	0	-2.986618160332384	1	0.1116089554937403	-6.450046650993366
2	0	1	2	1	0.3333333333333333	2	0	-2	1	0.1111111111111109	-4.3192978176196
0	0	1	2	0	0.3333333333333333	0	0	0	0	0	0
0	0	0.8110777558150637	2.188922244184936	0	0.2703592519383546	0	0	0	0	0	0
0	0	0.1668588226393202	2.83314117736068	0	0.05561960754644007	0	0	0	0	0	0
0	0	0.8331411773606797	2.103612773040582	0	0.2836945796044111	0	0	0	0	0	0
0	0	0.8110777558150637	2.188922244184936	0	0.2703592519383546	0	0	0	0	0	0
0	0	1	2	0	0.3333333333333333	0	0	0	0	0	0
0	0	0	1.252984198394952	0	0	0	0	0	0	0	0
1	0	0.8733685426285335	2.063385407772729	1	0.2973924807385382	1.144992006456232	0	-1.144992006456232	1	0.2973924807385382	-2.472780737339145
1	0	1	1.937409252657823	1	0.3404360489077854	1	0	-1	1	0.3404360489077853	-2.1596489088098
0	0	0	3	0	0	0	0	0	0	0	0
0	5	0.9190411666191951	2.078640066763388	0	0.3065840211376142	0	2.405418850501332	2.405418850501332	0.1603131788824119	0.8396868211175881	5.194860195715725
0	0	0.8110777558150637	2.188922244184936	0	0.2703592519383546	0	0	0	0	0	0
0	0	1	2	0	0.3333333333333333	0	0	0	0	0	0
0	0	0	1.252984198394952	0	0	0	0	0	0	0	0
0	0	0.8110777558150637	2	0	0.2885291074347725	0	0	0	0	0	0
1	0	1	2	1	0.3333333333333333	1	0	-1	1	0.3333333333333333	-2.1596489088098
0	0	0.8110777558150637	2.188922244184936	0	0.2703592519383546	0	0	0	0	0	0
0	0	0.9444489085234405	2.055551091476559	0	0.3148163028411469	0	0	0	0	0	0
1	0	0.8110777558150636	2.188922244184936	1	0.2703592519383546	1.232927413963025	0	-1.232927413963025	1	0.2703592519383546	-2.662690344206935
0	0	0.8331411773606797	1.355781066824256	0	0.3806170728878069	0	0	0	0	0	0
0	0	0.8110777558150637	2.188922244184936	0	0.2703592519383546	0	0	0	0	0	0
0	0	1	2	0	0.3333333333333333	0	0	0	0	0	0
0	0	0.8735079008025241	2.063246049598738	0	0.2974399338709233	0	0	0	0	0	0
1	0	0.9999999999999999	1.938609776226573	1	0.3402969690259744	1	0	-1	1	0.3402969690259745	-2.159648908809801
1	2	0.8120367274129006	2.113735425867789	0.3333333333333333	0.2775461262430698	1.231471393154764	0.9461922128588561	-0.2852791802959079	0.8116642277691311	0.6229227143249738	-0.6161028704322118
0	0	1	1.936753950401262	0	0.3405120132258153	0	0	0	0	0	0
0	0	0.8331411773606797	1.355781066824256	0	0.3806170728878069	0	0	0	0	0	0
0	0	1	2	0	0.3333333333333333	0	0	0	0	0	0
0	0	1	2	0	0.3333333333333333	0	0	0	0	0	0
0	0	0.8110777558150637	2.188922244184936	0	0.2703592519383546	0	0	0	0	0	0
0	0	1	2	0	0.3333333333333333	0	0	0	0	0	0
0	0	0.8331411773606797	2.070941007720916	0	0.2868862257550989	0	0	0	0	0	0
0	0	0.8110777558150637	2.188922244184936	0	0.2703592519383546	0	0	0	0	0	0
1	0	1	2	1	0.3333333333333333	1	0	-1	1	0.3333333333333333	-2.1596489088098
0	0	0.8331411773606797	1.355781066824256	0	0.3806170728878069	0	0	0	0	0	0
0	0	1	2	0	0.3333333333333333	0	0	0	0	0	0
0	0	1	2	0	0.3333333333333333	0	0	0	0	0	0
1	0	0.9270587999621356	2.072941200037865	1	0.3090195999873784	1.078680230467413	0	-1.078680230467413	1	0.3090195999873784	-2.329570582683652
1	1	0.8110777558150637	2.188922244184936	0.5	0.2703592519383546	1.232927413963025	0.4568458302512059	-0.7760815837118187	0.9269058748913332	0.4676243787680425	-1.676063745410611
0	0	0.8331411773606797	1.355781066824256	0	0.3806170728878069	0	0	0	0	0	0
0	0	0.9270587999621355	2.072941200037865	0	0.3090195999873785	0	0	0	0	0	0
0	0	0.8110777558150637	2.188922244184936	0	0.2703592519383546	0	0	0	0	0	0
2	0	1	1.998908881367726	1	0.3334546128470317	2	0	-2	1	0.1111919788289637	-4.3192978176196
0	0	0.8735079008025241	2.030574284279072	0	0.3007862192364164	0	0	0	0	0	0
0	0	1.811077755815064	1.188922244184936	0	0.6036925852716879	0	0	0	0	0	0
0	0	0.8110777558150637	2.188922244184936	0	0.2703592519383546	0	0	0	0	0	0
3	0	1.041227192296879	1.547897696342047	1	0.4021541011272887	2.881215571581642	0	-2.881215571581642	1	0.06503954671845436	-6.222414065212097
0	0	1.684585656617588	1.19943329923534	0	0.584110466125346	0	0	0	0	0	0
1	0	0.9270587999621356	2.072941200037865	1	0.3090195999873784	1.078680230467413	0	-1.078680230467413	1	0.3090195999873784	-2.329570582683652
0	0	1	2	0	0.3333333333333333	0	0	0	0	0	0
0	0	0.8331411773606797	2.070941007720916	0	0.2868862257550989	0	0	0	0	0	0
0	0	1	2	0	0.3333333333333333	0	0	0	0	0	0
0	0	0.8110777558150637	2.188922244184936	0	0.2703592519383546	0	0	0	0	0	0
0	0	0.8735079008025241	2.063246049598738	0	0.2974399338709233	0	0	0	0	0	0
0	0	0.8331411773606797	2.070941007720916	0	0.2868862257550989	0	0	0	0	0	0
0	0	0.8110777558150637	2.188922244184936	0	0.2703592519383546	0	0	0	0	0	0
1	0	0.8110777558150636	2.188922244184936	1	0.2703592519383546	1.232927413963025	0	-1.232927413963025	1	0.2703592519383546	-2.662690344206935
0	0	0.8735079008025241	1.315414343382412	0	0.399058442173117	0	0	0	0	0	0
0	0	0.9270587999621355	2.072941200037865	0	0.3090195999873785	0	0	0	0	0	0
1	0	0.8335583470202736	2.103195603380988	1	0.2838366308850562	1.199676067757832	0	-1.199676067757832	1	0.2838366308850562	-2.590879110658433
1	0	0.8332106995620311	2.070871485519565	1	0.2869101652295768	1.200176618621964	0	-1.200176618621964	1	0.2869101652295768	-2.591960124785961
0	0	0.8331411773606797	2.103612773040582	0	0.2836945796044111	0	0	0	0	0	0
1	0	0.8110777558150636	2.188922244184936	1	0.2703592519383546	1.232927413963025	0	-1.232927413963025	1	0.2703592519383546	-2.662690344206935
0	0	1	1.811077755815064	0	0.3557354462826137	0	0	0	0	0	0
0	0	0.8331411773606797	2.103612773040582	0	0.2836945796044111	0	0	0	0	0	0
2	0	0.9999999999999998	2	1	0.3333333333333334	2	0	-2	1	0.111111111111111	-4.319297817619601
0	0	0.8331411773606797	2.103612773040582	0	0.2836945796044111	0	0	0	0	0	0
1	0	0.9999999999999998	1.983525149110951	1	0.3351739804499339	1	0	-1	1	0.3351739804499339	-2.159648908809801
1	0	0.9041517767055113	2.000095769245965	1	0.3113204926232613	1.10600899734305	0	-1.10600899734305	1	0.3113204926232613	-2.388591124245739
1	1	0.9279396019536832	2.072060398046317	0.5	0.3093132006512277	1.077656345191649	0.4826114146782929	-0.5950449305133563	0.9043253439028933	0.5229517452053487	-1.285088134875973
1	0	0.8730204521400209	1.315901792044916	1	0.3988357532841909	1.145448537372425	0	-1.145448537372425	1	0.3988357532841909	-2.473766683834139
0	0	0.8110777558150637	2.188922244184936	0	0.2703592519383546	0	0	0	0	0	0
1	0	0.9999999999999998	2	1	0.3333333333333334	1	0	-1	1	0.3333333333333334	-2.159648908809801
0	0	0.8735079008025241	2.063246049598738	0	0.2974399338709233	0	0	0	0	0	0
0	0	0.8331411773606797	2.070941007720916	0	0.2868862257550989	0	0	0	0	0	0
0	0	0.8110777558150637	2	0	0.2885291074347725	0	0	0	0	0	0
0	0	1	2	0	0.3333333333333333	0	0	0	0	0	0
1	0	0.873299145276598	2.063454805124664	1	0.2973688501065182	1.145082994079048	0	-1.145082994079048	1	0.2973688501065181	-2.472977238659474
0	0	0.8110777558150637	2.188922244184936	0	0.2703592519383546	0	0	0	0	0	0
3	0	0.9999999999999998	2	1	0.3333333333333334	3.000000000000001	0	-3.000000000000001	0.9999999999999999	0.0370370370370372	-6.478946726429402
0	0	0.8331411773606797	2.070941007720916	0	0.2868862257550989	0	0	0	0	0	0
0	0	0.1668588226393202	2.83314117736068	0	0.05561960754644007	0	0	0	0	0	0
0	0	0.8110777558150637	2.188922244184936	0	0.2703592519383546	0	0	0	0	0	0
0	0	1	2	0	0.3333333333333333	0	0	0	0	0	0
0	0	0	1.252984198394952	0	0	0	0	0	0	0	0
0	0	1	1.811077755815064	0	0.3557354462826137	0	0	0	0	0	0
1	0	0.8110777558150637	2	1	0.2885291074347725	1.232927413963025	0	-1.232927413963025	1	0.2885291074347724	-2.662690344206935
1	0	0.8110777558150638	2.188922244184936	1	0.2703592519383546	1.232927413963024	0	-1.232927413963024	1	0.2703592519383546	-2.662690344206934
3	0	1	2	1	0.3333333333333333	3	0	-3	1	0.03703703703703698	-6.4789467264294
0	0	0.8735079008025241	2.063246049598738	0	0.2974399338709233	0	0	0	0	0	0
0	0	1	2	0	0.3333333333333333	0	0	0	0	0	0
0	0	1	2	0	0.3333333333333333	0	0	0	0	0	0
0	0	1	2	0	0.3333333333333333	0	0	0	0	0	0
0	0	1	2	0	0.3333333333333333	0	0	0	0	0	0
0	0	1.811077755815064	1.188922244184936	0	0.6036925852716879	0	0	0	0	0	0
2	0	0.8733687734441447	2.063385176957117	1	0.2973925593340267	2.289983407711001	0	-2.289983407711001	0.9999999999999999	0.08844233434724269	-4.945560167655612
2	0	0.8110777558150636	2.188922244184936	1	0.2703592519383546	2.46585482792605	0	-2.46585482792605	0.9999999999999999	0.07309412510866675	-5.32538068841387
0	0	0.8331411773606797	1.355781066824256	0	0.3806170728878069	0	0	0	0	0	0
1	0	0.8110777558150637	2.188922244184936	1	0.2703592519383546	1.232927413963025	0	-1.232927413963025	1	0.2703592519383546	-2.662690344206935
0	0	1	2	0	0.3333333333333333	0	0	0	0	0	0
0	0	0.9270587999621355	2.072941200037865	0	0.3090195999873785	0	0	0	0	0	0
0	0	0.8110777558150637	2.188922244184936	0	0.2703592519383546	0	0	0	0	0	0
0	0	1.811077755815064	1.188922244184936	0	0.6036925852716879	0	0	0	0	0	0
0	0	1	2	0	0.3333333333333333	0	0	0	0	0	0
0	0	0.8110777558150637	2.188922244184936	0	0.2703592519383546	0	0	0	0	0	0
0	0	1	1.811077755815064	0	0.3557354462826137	0	0	0	0	0	0
0	0	0.8331411773606797	2.103612773040582	0	0.2836945796044111	0	0	0	0	0	0
0	0	0	3	0	0	0	0	0	0	0	0
0	0	0.8110777558150637	2.188922244184936	0	0.2703592519383546	0	0	0	0	0	0
0	0	0.8331411773606797	2.070941007720916	0	0.2868862257550989	0	0	0	0	0	0
2	0	1.810424572514121	1.18897652145346	1	0.6035953564714174	1.104713242608399	0	-1.104713242608399	1	0.3643273543538574	-2.385792748946965
0	0	0.8110777558150637	2.188922244184936	0	0.2703592519383546	0	0	0	0	0	0
0	0	0.8331411773606797	2.103612773040582	0	0.2836945796044111	0	0	0	0	0	0
1	1	0.8375574030129826	2.066524782068613	0.5	0.2884069215794077	1.193948016461505	0.483904189621665	-0.71004382683984	0.9168214475850894	0.4936352907439048	-1.533445375841795
0	0	1	2	0	0.3333333333333333	0	0	0	0	0	0
0	0	0.8735079008025241	2.030574284279072	0	0.3007862192364164	0	0	0	0	0	0
1	0	0.872602355140776	2.03147982994082	1	0.300474401042565	1.145997365361994	0	-1.145997365361994	1	0.3004744010425651	-2.474951959602935
0	0	0.8331411773606797	1.355781066824256	0	0.3806170728878069	0	0	0	0	0	0
0	0	1.811077755815064	1.188922244184936	0	0.6036925852716879	0	0	0	0	0	0
1	0	0.9434056009055246	2.054115332713415	1	0.3147286113416865	1.059989466927219	0	-1.059989466927219	1	0.3147286113416865	-2.289205095599251
0	0	0.8331411773606797	2.103612773040582	0	0.2836945796044111	0	0	0	0	0	0
0	0	0.8110777558150637	2.188922244184936	0	0.2703592519383546	0	0	0	0	0	0
0	0	1	2	0	0.3333333333333333	0	0	0	0	0	0
0	0	0.8735079008025241	2.063246049598738	0	0.2974399338709233	0	0	0	0	0	0
0	0	0.8110777558150637	2.188922244184936	0	0.2703592519383546	0	0	0	0	0	0
0	0	0	3	0	0	0	0	0	0	0	0
1	0	0.9999999999999998	1.984400830481269	1	0.3350756338714523	1	0	-1	1	0.3350756338714522	-2.159648908809801
0	0	0.8110777558150637	2.188922244184936	0	0.2703592519383546	0	0	0	0	0	0
0	0	1	2	0	0.3333333333333333	0	0	0	0	0	0
0	0	0.8110777558150637	2.072941200037865	0	0.281231770050968	0	0	0	0	0	0
0	0	0.8110777558150637	2.188922244184936	0	0.2703592519383546	0	0	0	0	0	0
0	1	0.8340044521365647	2.070573981383485	0	0.2871344228518	0	0.4829578701321433	0.4829578701321433	0.7128655771482	0.2871344228518	1.043019437231988
0	0	0.1668588226393202	2.83314117736068	0	0.05561960754644007	0	0	0	0	0	0
0	0	0.8110777558150637	2	0	0.2885291074347725	0	0	0	0	0	0
0	0	0.8110777558150637	2.188922244184936	0	0.2703592519383546	0	0	0	0	0	0
0	0	0.8331411773606797	2.070941007720916	0	0.2868862257550989	0	0	0	0	0	0
0	0	0.8110777558150637	2.072941200037865	0	0.281231770050968	0	0	0	0	0	0
0	1	0.8110777558150638	2.188922244184937	0	0.2703592519383546	0	0.4568458302512058	0.4568458302512058	0.7296407480616454	0.2703592519383546	0.9866265987963238
0	0	0.8110777558150637	2.188922244184936	0	0.2703592519383546	0	0	0	0	0	0
1	0	1	2	1	0.3333333333333333	1	0	-1	1	0.3333333333333333	-2.1596489088098
0	0	0.8110777558150637	2.072941200037865	0	0.281231770050968	0	0	0	0	0	0
0	0	0.1668588226393202	2.83314117736068	0	0.05561960754644007	0	0	0	0	0	0
2	0	1	1.940417214075305	1	0.3400877927163399	2	0	-2	1	0.1156597067546722	-4.3192978176196
1	0	1	1.811329074019373	1	0.3557036453830338	1	0	-1	1	0.3557036453830338	-2.1596489088098
1	0	0.7002041106181116	2.299795889381888	1	0.2334013702060373	1.428154997715225	0	-1.428154997715225	1	0.2334013702060372	-3.084313382426947
0	0	0.9040821850815962	2	0	0.3113142560929949	0	0	0	0	0	0
0	0	0.8110777558150637	2.188922244184936	0	0.2703592519383546	0	0	0	0	0	0
0	1	0.9979850950736795	1.938768855327582	0	0.3398259138928953	0	0.5157912441455204	0.5157912441455204	0.6601740861071046	0.3398259138928954	1.113927997592522
0	0	1	2	0	0.3333333333333333	0	0	0	0	0	0
0	0	0.8110777558150637	2	0	0.2885291074347725	0	0	0	0	0	0
1	0	0.8110777558150637	2.188922244184936	1	0.2703592519383546	1.232927413963025	0	-1.232927413963025	1	0.2703592519383546	-2.662690344206935
1	0	0.8110777558150635	2.188922244184936	1	0.2703592519383546	1.232927413963025	0	-1.232927413963025	1	0.2703592519383546	-2.662690344206935
0	2	0.8110777558150635	2.188922244184935	0	0.2703592519383546	0	0.9136916605024122	0.9136916605024122	0.5323756212319575	0.4676243787680425	1.973253197592649
3	0	0.9999999999999998	2	1	0.3333333333333334	3.000000000000001	0	-3.000000000000001	0.9999999999999999	0.0370370370370372	-6.478946726429402
0	0	0.8110777558150637	2	0	0.2885291074347725	0	0	0	0	0	0
1	0	0.9265106349369763	2.030865147412537	1	0.3132880983426806	1.079318425813885	0	-1.079318425813885	1	0.3132880983426807	-2.330948860567267
0	0	0.8110777558150637	2.188922244184936	0	0.2703592519383546	0	0	0	0	0	0
0	0	0.8331411773606797	2.103612773040582	0	0.2836945796044111	0	0	0	0	0	0
1	0	1	2	1	0.3333333333333333	1	0	-1	1	0.3333333333333333	-2.1596489088098
2	0	1.645540085587482	1.167924944549808	1	0.584880234145716	1.215406429486019	0	-1.215406429486019	1	0.3420848882943476	-2.624851169199896
1	0	0.8110777558150638	2.188922244184936	1	0.2703592519383546	1.232927413963024	0	-1.232927413963024	1	0.2703592519383546	-2.662690344206934
0	0	0.8110777558150637	2.188922244184936	0	0.2703592519383546	0	0	0	0	0	0
1	0	1.115981044147071	1.816827489249572	1	0.3805161610241885	0.8960725679388989	0	-0.8960725679388989	1	0.3805161610241885	-1.935202143563638
2	0	0.8110777558150635	2.188922244184936	1	0.2703592519383546	2.46585482792605	0	-2.46585482792605	0.9999999999999999	0.07309412510866675	-5.32538068841387
1	0	0.8734383757249791	1.315483868459957	1	0.3990266799313427	1.144900462119003	0	-1.144900462119003	1	0.3990266799313427	-2.472583033711141
0	0	0.9270587999621355	2.072941200037865	0	0.3090195999873785	0	0	0	0	0	0
1	0	0.8712855655227625	2.032796619558833	1	0.3000209739237397	1.147729331886739	0	-1.147729331886739	1	0.3000209739237396	-2.478692399218197
3	0	0.9999999999999997	1.950612476368356	1	0.3389126860979081	3.000000000000001	0	-3.000000000000001	0.9999999999999999	0.03892812414982827	-6.478946726429402
0	0	1	2	0	0.3333333333333333	0	0	0	0	0	0
0	0	0.8735079008025241	2.063246049598738	0	0.2974399338709233	0	0	0	0	0	0
3	0	1.800847546496743	1.198753029051753	1	0.6003624486461656	1.66588227073192	0	-1.66588227073192	0.9999999999999997	0.2163916810497116	-3.597720828191782
1	1	0.8740494926717723	2.030858914929826	0.5	0.3008871089995642	1.144099971894298	0.4924024966227425	-0.6516974752715554	0.9094669476378844	0.5112411656370127	-1.407437741344316
0	0	1	1.811077755815064	0	0.3557354462826137	0	0	0	0	0	0
1	0	0.9999999999999997	1.990937564823259	1	0.3343433215594696	1	0	-1	1	0.3343433215594696	-2.159648908809801
0	0	0.8110777558150637	2	0	0.2885291074347725	0	0	0	0	0	0
1	0	0.8332802506816539	2.070801934399942	1	0.2869341146618553	1.200076443887832	0	-1.200076443887832	1	0.2869341146618553	-2.5917437825307
0	1	0.8110777558150638	2.188922244184937	0	0.2703592519383546	0	0.4568458302512058	0.4568458302512058	0.7296407480616454	0.2703592519383546	0.9866265987963238
0	0	0	1.252984198394952	0	0	0	0	0	0	0	0
0	1	0.927436002919353	2.072563997080648	0	0.309145334306451	0	0.4824941480256197	0.4824941480256197	0.690854665693549	0.309145334306451	1.042017960290644
0	0	1.811077755815064	1.188922244184936	0	0.6036925852716879	0	0	0	0	0	0
0	0	0	1.252984198394952	0	0	0	0	0	0	0	0
0	0	0.9270587999621355	2.072941200037865	0	0.3090195999873785	0	0	0	0	0	0
0	0	1	2	0	0.3333333333333333	0	0	0	0	0	0
0	0	0.8110777558150637	2.188922244184936	0	0.2703592519383546	0	0	0	0	0	0
0	0	1	2	0	0.3333333333333333	0	0	0	0	0	0
0	0	0.1668588226393202	2.83314117736068	0	0.05561960754644007	0	0	0	0	0	0
0	0	1	1.811077755815064	0	0.3557354462826137	0	0	0	0	0	0
0	0	0.8110777558150637	2.072941200037865	0	0.281231770050968	0	0	0	0	0	0
0	0	0.8110777558150637	2.188922244184936	0	0.2703592519383546	0	0	0	0	0	0
1	0	1.685459132901772	1.199360716383395	1	0.5842510870546782	0.5933101434968343	0	-0.5933101434968343	1	0.5842510870546782	-1.281341603988724
0	0	1	2	0	0.3333333333333333	0	0	0	0	0	0
0	0	0.8110777558150637	2.072941200037865	0	0.281231770050968	0	0	0	0	0	0
0	0	1	2	0	0.3333333333333333	0	0	0	0	0	0
0	0	1	2	0	0.3333333333333333	0	0	0	0	0	0
0	0	1.684585656617588	1.19943329923534	0	0.584110466125346	0	0	0	0	0	0
0	0	1.684585656617588	1.19943329923534	0	0.584110466125346	0	0	0	0	0	0
0	0	1	2	0	0.3333333333333333	0	0	0	0	0	0
0	0	0.8110777558150637	2.188922244184936	0	0.2703592519383546	0	0	0	0	0	0
0	0	0.9270587999621355	2.072941200037865	0	0.3090195999873785	0	0	0	0	0	0
0	0	0	3	0	0	0	0	0	0	0	0
0	0	0	1.252984198394952	0	0	0	0	0	0	0	0
0	0	1	2	0	0.3333333333333333	0	0	0	0	0	0
0	0	0.8110777558150637	2.072941200037865	0	0.281231770050968	0	0	0	0	0	0
0	0	0.8331411773606797	1.355781066824256	0	0.3806170728878069	0	0	0	0	0	0
1	0	0.8581654264665699	2.045916758615026	1	0.2955031475607011	1.165276494670058	0	-1.165276494670058	1	0.2955031475607011	-2.5165881101759
0	0	1	2	0	0.3333333333333333	0	0	0	0	0	0
0	0	0.8110777558150637	2.188922244184936	0	0.2703592519383546	0	0	0	0	0	0
0	0	0.9270587999621355	2.072941200037865	0	0.3090195999873785	0	0	0	0	0	0
2	0	0.9426381974956752	2.053059262431135	1	0.3146640173466334	2.121704812422665	0	-2.121704812422665	1	0.09901344381272215	-4.582137482965109
0	0	0.8110777558150637	2.072941200037865	0	0.281231770050968	0	0	0	0	0	0
0	1	0.8110777558150637	2.188922244184936	0	0.2703592519383546	0	0.4568458302512059	0.4568458302512059	0.7296407480616454	0.2703592519383546	0.986626598796324
1	0	0.9270587999621354	2.072941200037865	1	0.3090195999873784	1.078680230467413	0	-1.078680230467413	1	0.3090195999873784	-2.329570582683653
0	0	0.8110777558150637	2.072941200037865	0	0.281231770050968	0	0	0	0	0	0
0	0	0.9270587999621355	2.072941200037865	0	0.3090195999873785	0	0	0	0	0	0