Observed S Changes	Observed NS Changes	E[S Sites]	E[NS Sites]	Observed S. Prop.	P{S}	dS	dN	dN-dS	P{S leq. observed}	P{S geq. observed}	Scaled dN-dS
0	0	0	2.999999999999996	0	0	0	0	0	0	0	0
0	8	0.8648296981005356	2.03376426674974	0	0.2983617949212171	0	3.933592565664062	3.933592565664062	0.05873619798243133	0.9412638020175687	2.825206473383299
12	1	0.9998280057630596	2.000171994236936	0.9230769230769231	0.3332760019210203	12.00206428588856	0.4999570051382002	-11.50210728075036	0.9999993741755074	1.690145988542113e-05	-8.261106712163823
0	5	0.9220545358373342	2.077945464162661	0	0.3073515119457785	0	2.406222918855488	2.406222918855488	0.1594279467059263	0.8405720532940737	1.728210650511574
0	1	0.9217229150523064	2.078277084947689	0	0.3072409716841026	0	0.4811677938628526	0.4811677938628526	0.6927590283158974	0.3072409716841026	0.3455869776323418
8	1	0.9999999999999987	1.999999999999997	0.8888888888888888	0.3333333333333333	8.000000000000011	0.5000000000000007	-7.50000000000001	0.9999491947365755	0.0009653000050797722	-5.386691223522199
3	2	1.659596719355224	1.216468399660341	0.6	0.57703725426192	1.807668070810323	1.644103538208172	-0.1635645326021513	0.7015535447739987	0.6421751519610511	-0.1174762176330024
0	3	0.7979149971384877	2.202085002861508	0	0.2659716657128296	0	1.362345230134912	1.362345230134912	0.3954927015695147	0.6045072984304853	0.9784710792766738
0	4	0.7975276501730661	2.000719293874884	0	0.2850097457872539	0	1.999280964723951	1.999280964723951	0.2613367515666813	0.7386632484333187	1.435934563471132
1	5	0.921834137792057	2.078165862207939	0.1666666666666667	0.3072780459306861	1.08479384631509	2.405967729008776	1.321173882693687	0.4045859809022983	0.8895021799078664	0.948900767820376
1	2	1.792327047472685	1.205812805233551	0.3333333333333333	0.5978130225829398	0.5579338890243691	1.658632244838887	1.100698355814518	0.3551520962826421	0.9349445009355146	0.7905496230681827
6	4	0.7975274967968473	2.078428466619716	0.6	0.2773086608215672	7.523251579535657	1.924530992642466	-5.598720586893191	0.9933933707045003	0.03265684336232666	-4.021143873116076
7	1	1.795646693907027	1.203800382270044	0.875	0.5986592356200727	3.898316981704886	0.8307025107553704	-3.067614470949515	0.9835017646488793	0.1049814858250644	-2.203238926375124
2	3	0.9999669029581471	2.000033097041848	0.4	0.3333223009860495	2.000066196274607	1.499975177629387	-0.5000910186452192	0.7901398007378447	0.5390728577345212	-0.3591781201464633
7	6	0.7994106350035621	2.200589364996433	0.5384615384615384	0.2664702116678545	8.7564509320905	2.72654230518365	-6.02990862690685	0.991424636977799	0.0340767899594312	-4.330834117226651
4	5	0.9999999999999984	1.999999999999997	0.4444444444444444	0.3333333333333333	4.000000000000006	2.500000000000004	-1.500000000000002	0.8551541939744964	0.3496926281562764	-1.07733824470444
2	0	0.8209490114342025	1.381695240610672	1	0.3727106684032412	2.436204894754656	0	-2.436204894754656	1	0.1389132423415909	-1.749744470036894
2	5	0.8212882062723226	2.07639487810497	0.2857142857142857	0.2834292717172058	2.435198733800934	2.408019810067761	-0.02717892373317277	0.6843199278022589	0.6343961801597797	-0.0195205959917681
3	10	0.9866650520838328	2.013334947916166	0.2307692307692308	0.3288883506946111	3.040545516093847	4.966883434050635	1.926337917956788	0.3347929737759191	0.8537712425704512	1.383545007492779
2	1	0.999999999999999	1.999999999999998	0.6666666666666666	0.3333333333333334	2.000000000000002	0.5000000000000006	-1.500000000000002	0.9629629629629628	0.2592592592592594	-1.07733824470444
4	6	0.9972812238002654	1.934927472599541	0.4	0.3401126342148623	4.010904752380173	3.100891420978744	-0.9100133314014291	0.7727758475491726	0.4592461895429476	-0.6535947767397694
1	3	0.7981727909933091	2.201827209006686	0.25	0.2660575969977701	1.252861549885109	1.362504735943106	0.1096431860579969	0.7109144803575276	0.7098330679586918	0.07874853174101638
0	3	0.7973657284467183	2.202390823177705	0	0.265810146498365	0	1.362156057148599	1.362156057148599	0.395753837515887	0.604246162484113	0.9783352104146601
4	5	0.797398663929518	2.202601336070481	0.4444444444444444	0.2657995546431728	5.01631138969849	2.270043115891403	-2.746268273807088	0.937712966909111	0.196458682549549	-1.972439894393877
1	4	0.7973982751907192	2.202558181724057	0.2	0.2658032830285749	1.254078458798802	1.816070073966896	0.5619916151680941	0.5995064308691719	0.7866649613186844	0.4036367068158712
4	8	0.9934245287062961	2.006575471293699	0.3333333333333333	0.3311415095687658	4.026475977202886	3.986892152549916	-0.03958382465296983	0.637781736662545	0.600633304453335	-0.02843011211354586
1	0	0.9999999999999984	1.999999999999997	1	0.3333333333333333	1.000000000000002	0	-1.000000000000002	1	0.3333333333333333	-0.7182254964696267
4	1	0.9983008062911168	2.001699193708879	0.8	0.3327669354303728	4.006808343530027	0.4995755621738224	-3.507232781356205	0.9959196178805358	0.04498838072611488	-2.518984005624106
5	0	1.796643542840404	1.203014279260776	1	0.5989494967068956	2.782967172272386	0	-2.782967172272386	1	0.07708165337975936	-1.998797978964005
1	0	0.7973557479551212	2.078326816218093	1	0.2772753007891079	1.254145345492994	0	-1.254145345492994	1	0.277275300789108	-0.9007591634117756
1	0	1.001519624517973	1.998480375482023	1	0.3338398748393248	0.9984826812368214	0	-0.9984826812368214	1	0.3338398748393248	-0.717135719447639
7	0	0.9999999999999984	1.999668065035454	1	0.333370219077283	7.000000000000011	0	-7.000000000000011	1	0.0004576016725267307	-5.027578475287386
4	0	0.7973557479551212	2.202644252044875	1	0.2657852493183741	5.016581381971975	0	-5.016581381971975	1	0.004990263731374123	-3.603036653647103
0	0	0.7973557479551212	2.202644252044874	0	0.2657852493183741	0	0	0	0	0	0
0	2	0.9999999999999984	1.99935309445574	0	0.3334052272299932	0	1.000323557427677	1.000323557427677	0.444348591084297	0.555651408915703	0.7184578836637555
4	0	0.9999999999999983	1.999999999999997	1	0.3333333333333333	4.000000000000007	0	-4.000000000000007	1	0.01234567901234551	-2.872901985878507
2	2	0.9999621074396566	1.99978333885305	0.5	0.3333489875534203	2.000075787992488	1.000108342310259	-0.9999674456822285	0.88887497353648	0.4074352371319913	-0.7182021151285819
2	0	0.7973557479551214	2.202644252044875	1	0.2657852493183742	2.508290690985987	0	-2.508290690985987	1	0.07064179875523013	-1.801518326823551
6	0	0.9999999999999984	1.932505306529156	1	0.3410053505354353	6.00000000000001	0	-6.00000000000001	0.9999999999999996	0.001572414934419619	-4.309352978817761
10	1	0.9999999999999986	1.999999999999997	0.9090909090909091	0.3333333333333334	10.00000000000001	0.5000000000000008	-9.500000000000014	0.9999943549707303	0.0001298356731981309	-6.823142216461453
0	3	0.1815254311779956	2.818474568822	0	0.06050847705933194	0	1.064405559371029	1.064405559371029	0.8292368579876107	0.1707631420123893	0.7644832113242865
1	0	0.9999999999999984	1.999999999999997	1	0.3333333333333333	1.000000000000002	0	-1.000000000000002	1	0.3333333333333333	-0.7182254964696267
0	1	0.8209195632602727	2.0765624508399	0	0.283321711494804	0	0.4815650979316964	0.4815650979316964	0.716678288505196	0.283321711494804	0.3458723315444365
1	0	0.9999999999999984	1.999999999999997	1	0.3333333333333333	1.000000000000002	0	-1.000000000000002	1	0.3333333333333333	-0.7182254964696267
2	0	0.9200943373337894	2.079905662666206	1	0.3066981124445969	2.173690152028884	0	-2.173690152028884	1	0.09406373217707853	-1.561199688612081
7	4	0.9987281025795325	2.001271897420466	0.6363636363636364	0.332909367526511	7.008914620425997	1.998728910926991	-5.010185709499005	0.9912523742400571	0.03836424065504307	-3.598443118609946
3	8	0.7973557479551212	2.202644252044874	0.2727272727272727	0.2657852493183741	3.762436036478982	3.631998218765023	-0.1304378177139585	0.6690282993678973	0.5925859597719346	-0.09368376638602234
2	1	0.7973857216651807	2.202527740013251	0.6666666666666666	0.2658029079342338	2.508196404399366	0.4540237935863563	-2.054172610813009	0.9812207093477368	0.174394976294358	-1.475359143235481
2	5	0.9522896566843687	1.252104648823023	0.2857142857142857	0.4319960609157796	2.100201326310204	3.993276444345123	1.893075118034919	0.3523312816038426	0.8793738253102	1.359654816504924
3	1	0.9217894903427334	2.078210509657262	0.75	0.3072631634475783	3.254539166946415	0.4811832080307012	-2.773355958915714	0.991086628862233	0.08929554849627008	-1.991894960479233
4	0	0.8210586967318663	2.110956008674328	1	0.280032257416021	4.871758883891687	0	-4.871758883891687	0.9999999999999999	0.006149392948694099	-3.499021443063416
7	0	0.9999999999999986	1.999999999999997	1	0.3333333333333334	7.00000000000001	0	-7.00000000000001	1	0.0004572473708274183	-5.027578475287386
2	0	0.9999999999999984	1.999999999999997	1	0.3333333333333333	2.000000000000003	0	-2.000000000000003	1	0.1111111111111109	-1.436450992939253
1	1	0.7973986334431544	2.202601366556841	0.5	0.2657995444810519	1.254077895370871	0.4540086168943153	-0.8000692784765561	0.9293506021536653	0.4609496911157691	-0.5746301547439197
4	0	0.9999999999999982	1.999999999999996	1	0.3333333333333333	4.000000000000007	0	-4.000000000000007	1	0.01234567901234551	-2.872901985878507
2	0	0.9999999999999984	1.999999999999997	1	0.3333333333333333	2.000000000000003	0	-2.000000000000003	1	0.1111111111111109	-1.436450992939253
9	0	0.863700509975562	2.068314195430632	1	0.2945757769846885	10.42027866841789	0	-10.42027866841789	0.9999999999999997	1.670218488536435e-05	-7.484109819976286
7	0	1.795489933133511	1.203113320958922	1	0.5987754234185741	3.898657336264489	0	-3.898657336264489	1	0.02759610353926911	-2.80011510090351
2	0	0.9999999999999983	1.999999999999997	1	0.3333333333333333	2.000000000000004	0	-2.000000000000004	1	0.1111111111111109	-1.436450992939254
3	0	0.8639381126691078	1.338706139375767	1	0.3922277107921769	3.47247095134118	0	-3.47247095134118	0.9999999999999998	0.06034132184350771	-2.494017173003372
2	13	0.7975706290774118	2.202429370922586	0.1333333333333333	0.2658568763591375	2.507614908429484	5.902572936790416	3.394958028360932	0.195928676418128	0.9376184826638259	2.438345415413072
2	1	0.9999571239811602	2.000042876018835	0.6666666666666666	0.3333190413270539	2.000085755714543	0.4999892812250805	-1.500096474489463	0.9629677267607976	0.259240203455154	-1.07740753514253
1	0	0.9999999999999984	1.79755478068909	1	0.357455019970576	1.000000000000002	0	-1.000000000000002	1	0.3574550199705759	-0.7182254964696267
1	6	0.6300665200124167	2.369846659730392	0.1428571428571428	0.2100282515730786	1.587134006073348	2.531809379043367	0.9446753729700192	0.5493009774301121	0.808008978202307	0.6784899387540207
3	1	0.9999142627489945	2.000042552831195	0.75	0.3333095521762075	3.000257233807536	0.4999893620185393	-2.500267871788997	0.9876578437450323	0.1110899734358639	-1.795756133522706
1	3	0.8279666916091756	2.104048013797019	0.25	0.2823883147934181	1.207778054521098	1.42582297567731	0.2180449211562121	0.6826124164489964	0.7348094722124277	0.1566054217501008
2	0	0.1821126812622882	2.817887318737707	1	0.06070422708742951	10.982211596344	0	-10.982211596344	0.9999999999999999	0.003685003186282287	-7.887704376118646
4	0	0.7973557479551212	2.078326816218094	1	0.2772753007891079	5.016581381971975	0	-5.016581381971975	0.9999999999999998	0.00591077925421768	-3.603036653647103
0	20	0.7980288848433396	2.201639829028974	0	0.2660390066252194	0	9.084137984922329	9.084137984922329	0.00205806741120712	0.9979419325887929	6.524459514219424
5	6	0.7983005989031317	2.201699401096863	0.4545454545454545	0.2661001996343777	6.263304833880897	2.72516765776966	-3.538137176111238	0.9541811315907939	0.1421326854345758	-2.541180329890133
3	0	0.9999999999999983	1.999999999999997	1	0.3333333333333333	3.000000000000005	0	-3.000000000000005	1	0.03703703703703698	-2.15467648940888
4	1	0.7973557479551211	2.202644252044874	0.8	0.2657852493183742	5.016581381971976	0.453999777345628	-4.562581604626348	0.9986736615099925	0.01964596469684077	-3.27696243816594
0	3	0.8638314309489341	1.351307989187198	0	0.3899670707389817	0	2.220071237649145	2.220071237649145	0.2270177609184457	0.7729822390815543	1.594511766858493
6	2	0.9218726522960859	2.078127347703909	0.75	0.3072908840986958	6.508491151197451	0.9624049277873989	-5.546086223410052	0.9984866942826749	0.01282578765398379	-3.983340531272035
1	1	1.001300232951149	1.998699767048846	0.5	0.3337667443170502	0.9987014554592513	0.50032526970098	-0.4983761857582713	0.8885997603879969	0.5561332490220973	-0.3579464834448727
1	0	0.7973557479551212	2.202644252044874	1	0.2657852493183741	1.254145345492994	0	-1.254145345492994	1	0.2657852493183741	-0.9007591634117756
5	0	0.9999999999999983	1.932173105012629	1	0.3410439848488044	5.000000000000008	0	-5.000000000000008	1	0.004613727820224955	-3.591127482348134
5	5	0.821077396010208	2.108793113605277	0.5	0.28024357845015	6.089559917610785	2.371024434659596	-3.718535482951189	0.9656583991436772	0.1184823998170926	-2.670746993382537
3	0	0.7973557479551211	2.202644252044874	1	0.2657852493183741	3.762436036478982	0	-3.762436036478982	1	0.01877554809445725	-2.702277490235327
1	0	0.797355747955121	2.078326816218093	1	0.2772753007891079	1.254145345492994	0	-1.254145345492994	1	0.2772753007891079	-0.9007591634117759
2	0	0.9999999999999983	1.999999999999997	1	0.3333333333333333	2.000000000000004	0	-2.000000000000004	1	0.1111111111111109	-1.436450992939254
3	0	1.797089927452363	1.202609301972924	1	0.5990900387025361	1.669365541574726	0	-1.669365541574726	0.9999999999999998	0.2150187314984775	-1.198980894886793
0	3	0.1793139702409198	2.820686029759075	0	0.05977132341364003	0	1.063571049152266	1.063571049152266	0.8311903233732881	0.1688096766267119	0.7638838448081069
0	0	0.7973557479551212	2.202644252044874	0	0.2657852493183741	0	0	0	0	0	0
2	1	0.9999999999999984	1.999999999999997	0.6666666666666666	0.3333333333333333	2.000000000000003	0.5000000000000008	-1.500000000000002	0.962962962962963	0.2592592592592592	-1.07733824470444
0	0	1.797355747955119	1.202644252044876	0	0.5991185826517074	0	0	0	0	0	0
1	0	1.661442708665167	1.214292473178905	1	0.5777453776532243	0.6018865379977009	0	-0.6018865379977009	1	0.5777453776532243	-0.4322902575717829
5	0	0.9999999999999983	1.932403418316486	1	0.3410171989821599	5.000000000000008	0	-5.000000000000008	0.9999999999999998	0.004611916275489403	-3.591127482348134
5	0	0.7973557479551212	2.202644252044875	1	0.2657852493183741	6.270726727464969	0	-6.270726727464969	1	0.001326338490007739	-4.503795817058878
0	0	0.9999999999999984	1.999999999999997	0	0.3333333333333333	0	0	0	0	0	0
6	1	0.8633927800651916	1.341288624310338	0.8571428571428571	0.3916179355219561	6.949328438381153	0.7455516895285523	-6.203776748852601	0.9985873388052775	0.01677473630079795	-4.455710635431378
0	0	0.7973557479551212	2.078326816218093	0	0.2772753007891079	0	0	0	0	0	0
2	0	0.7973557479551212	2.202644252044874	1	0.2657852493183741	2.508290690985988	0	-2.508290690985988	1	0.07064179875523013	-1.801518326823551
0	7	0.998282248913128	2.001717751086868	0	0.3327607496377099	0	3.496996515217607	3.496996515217607	0.05888044726893297	0.9411195527310671	2.511632058294716
2	0	0.7973557479551221	2.202644252044877	1	0.2657852493183741	2.508290690985985	0	-2.508290690985985	1	0.07064179875523013	-1.801518326823549
0	1	0.8209675647573013	1.381676687287573	0	0.3727190916077971	0	0.7237583214660308	0.7237583214660308	0.6272809083922029	0.3727190916077971	0.5198216797589629
3	0	0.797355747955121	2.202644252044873	1	0.2657852493183742	3.762436036478983	0	-3.762436036478983	1	0.01877554809445703	-2.702277490235327
2	3	0.8639948960558388	2.033537867841389	0.4	0.298182959937872	2.314828489300176	1.47526143842333	-0.839567050876846	0.8393156083506328	0.4680373296439643	-0.6029984619355622
2	3	0.8234243968564385	2.075036632799366	0.4	0.2840902080212619	2.42888115488846	1.445757608603177	-0.983123546285283	0.8573207087089569	0.4388127215849033	-0.7061043971217262
0	0	0	1.271941178375207	0	0	0	0	0	0	0	0
1	0	0.7973557479551212	2.202644252044875	1	0.2657852493183741	1.254145345492994	0	-1.254145345492994	1	0.2657852493183741	-0.9007591634117756
5	0	0.9999999999999984	1.999999999999997	1	0.3333333333333333	5.000000000000008	0	-5.000000000000008	1	0.004115226337448097	-3.591127482348134
0	0	0.7973557479551212	2.202644252044874	0	0.2657852493183741	0	0	0	0	0	0
2	1	0.9998838097616711	2.000116190238324	0.6666666666666666	0.3332946032538909	2.000232407480138	0.4999709541278424	-1.500261453352296	0.9629758714894827	0.2592076206534714	-1.077526027168195
1	0	0.8209216085179382	2.111093096888256	1	0.27998550177947	1.218143108457534	0	-1.218143108457534	1	0.27998550177947	-0.8749014388429653
7	0	1.094582174899156	1.311370141773059	1	0.4549475761901731	6.39513429007275	0	-6.39513429007275	1	0.004033940509485689	-4.593148500477428
1	0	0.7973557479551211	2.202644252044874	1	0.2657852493183741	1.254145345492994	0	-1.254145345492994	1	0.2657852493183741	-0.9007591634117758
1	4	0.8230371529522923	2.07444486114788	0.2	0.2840525494022405	1.215011979001105	1.928226714971169	0.7132147359700642	0.5612657895109091	0.811892663204283	0.5122490078315524
3	0	0.9999999999999986	1.999999999999997	1	0.3333333333333334	3.000000000000004	0	-3.000000000000004	0.9999999999999999	0.0370370370370372	-2.15467648940888
0	9	0.797355747955121	2.03957103297503	0	0.2810632101311017	0	4.412692597850885	4.412692597850885	0.05131169645636919	0.9486883035436308	3.169308331859294
0	0	0.7973557479551212	2.202644252044874	0	0.2657852493183741	0	0	0	0	0	0
1	5	0.7974106653007006	2.202350244053681	0.1666666666666667	0.2658247405031763	1.254058973017252	2.270301925636006	1.016242952618755	0.4968110903362553	0.8433975787655559	0.7298915991783632
0	0	0.7973557479551212	2.078326816218093	0	0.2772753007891079	0	0	0	0	0	0
1	0	0.7973557479551212	1.999999999999997	1	0.2850390939865237	1.254145345492994	0	-1.254145345492994	1	0.2850390939865237	-0.9007591634117756
3	0	0.9999999999999988	1.999999999999998	1	0.3333333333333333	3.000000000000004	0	-3.000000000000004	1	0.03703703703703698	-2.154676489408879
0	1	0.7973557479551212	2.000301736112857	0	0.2850083516284178	0	0.4999245773506542	0.4999245773506542	0.7149916483715821	0.2850083516284179	0.3590585777650414
1	0	0.7973557479551212	2.202644252044874	1	0.2657852493183741	1.254145345492994	0	-1.254145345492994	1	0.2657852493183741	-0.9007591634117756
0	0	0.9999999999999984	1.999999999999997	0	0.3333333333333333	0	0	0	0	0	0
4	0	0.9999999999999984	1.999999999999997	1	0.3333333333333333	4.000000000000006	0	-4.000000000000006	1	0.01234567901234551	-2.872901985878507
2	3	0.7976997671928511	2.202300232807144	0.4	0.2658999223976174	2.507208955366891	1.362212088665166	-1.144996866701725	0.8790094021772104	0.4006968867081148	-0.8223659430430122
0	1	0.7973557479551212	2.000518784659274	0	0.2849862417561857	0	0.4998703374686475	0.4998703374686475	0.7150137582438143	0.2849862417561857	0.3590196212988586
5	1	0.9999999999999983	1.999999999999997	0.8333333333333334	0.3333333333333333	5.000000000000008	0.5000000000000009	-4.500000000000007	0.9986282578875173	0.01783264746227697	-3.23201473411332
1	0	0.9999999999999984	1.999999999999997	1	0.3333333333333333	1.000000000000002	0	-1.000000000000002	1	0.3333333333333333	-0.7182254964696267
2	0	0.9999999999999984	1.999999999999997	1	0.3333333333333333	2.000000000000003	0	-2.000000000000003	1	0.1111111111111109	-1.436450992939253
7	1	0.940392890277761	2.059129278374511	0.875	0.3135142324019872	7.443697280540298	0.4856421646286366	-6.958055115911661	0.999906662086572	0.001728355211484955	-4.997452590088671
0	0	0.9999999999999984	1.797355747955119	0	0.3574804530067382	0	0	0	0	0	0
5	0	1.796748907599392	1.2025644646926	1	0.5990534114234174	2.782803973806458	0	-2.782803973806458	1	0.0771485429760197	-1.99868076566479
0	7	0.9992992783185023	2.000700721681493	0	0.3330997594395013	0	3.498774166541428	3.498774166541428	0.05867135503674457	0.9413286449632554	2.512908812799318
1	1	0.9999999999999983	1.999999999999997	0.5	0.3333333333333333	1.000000000000002	0.5000000000000009	-0.5000000000000009	0.8888888888888891	0.5555555555555555	-0.3591127482348134
3	0	0.9999999999999986	1.798049460785952	1	0.3573918238454249	3.000000000000004	0	-3.000000000000004	1	0.04564927015824838	-2.15467648940888
12	0	0.9999999999999988	1.999861490501606	1	0.333348723988183	12.00000000000001	0	-12.00000000000001	0.9999999999999999	1.882719256385279e-06	-8.618705957635518
2	0	0.9999999999999984	1.999639516813817	1	0.3333733918341586	2.000000000000003	0	-2.000000000000003	1	0.1111378183830114	-1.436450992939253
1	0	0.9999999999999983	1.999999999999997	1	0.3333333333333333	1.000000000000002	0	-1.000000000000002	1	0.3333333333333333	-0.7182254964696269
7	0	1.79603057168459	1.202757824269596	1	0.5989187413515751	3.89748376801534	0	-3.89748376801534	1	0.02764237297838856	-2.799272214265124
6	0	0.8630967817024864	2.068917923703709	1	0.2943698679652136	6.95171170510543	0	-6.95171170510543	1	0.0006506690035370521	-4.992896590713054
2	0	0.7973557479551212	2.202644252044874	1	0.2657852493183741	2.508290690985988	0	-2.508290690985988	1	0.07064179875523013	-1.801518326823551
1	2	0.797513751202273	2.202486248797722	0.3333333333333333	0.2658379170674247	1.253896874495861	0.9080646932945646	-0.3458321812012966	0.8255640294276989	0.6042910686900032	-0.2483854900384747
2	8	0.7974611275962007	2.202538872403795	0.2	0.2658203758654006	2.50795923561645	3.63217199034903	1.12421275473258	0.4786606420783412	0.7897549050198025	0.8074382639052924
0	0	0.8209033679187575	2.111111337487436	0	0.2799792805967635	0	0	0	0	0	0
4	11	0.7977221038041228	2.201973681231512	0.2666666666666667	0.2659343350027897	5.014277504565904	4.995518381422233	-0.01875912314367145	0.6329053353176199	0.5947691294549337	-0.01347328053319827
0	0	0.7973557479551212	2.202644252044874	0	0.2657852493183741	0	0	0	0	0	0
1	0	0.7973557479551212	2.202644252044874	1	0.2657852493183741	1.254145345492994	0	-1.254145345492994	1	0.2657852493183741	-0.9007591634117756
0	0	0	1.271941178375207	0	0	0	0	0	0	0	0
2	7	0.9993132903418088	2.000686709658188	0.2222222222222222	0.3331044301139366	2.0013743631048	3.498798670580428	1.497424307475628	0.3777411499228305	0.856610570012776	1.075488316662368
1	0	0.9999999999999984	1.932100963767503	1	0.3410523758755849	1.000000000000002	0	-1.000000000000002	1	0.3410523758755849	-0.7182254964696267
1	2	0.9999999999999986	1.999999999999997	0.3333333333333333	0.3333333333333334	1.000000000000002	1.000000000000002	0	0.7407407407407406	0.7037037037037037	0
1	1	0.9999999999999984	1.999999999999997	0.5	0.3333333333333333	1.000000000000002	0.5000000000000008	-0.5000000000000008	0.8888888888888891	0.5555555555555555	-0.3591127482348134
2	0	0.8210134389501168	1.381630813094758	1	0.3727399184811213	2.436013718067185	0	-2.436013718067185	0.9999999999999999	0.138935046829313	-1.749607162065623
8	2	0.7973557479551219	2.202644252044876	0.8	0.2657852493183742	10.03316276394394	0.9079995546912552	-9.125163209252687	0.9999496447754894	0.0006544508923551628	-6.553924876331873
4	0	0.9999999999999984	1.932187629826622	1	0.3410422954615385	4.000000000000006	0	-4.000000000000006	1	0.01352798057747795	-2.872901985878507
1	3	0.9993550247989523	2.000275780326755	0.25	0.3331593418400941	1.000645391462536	1.499793193271547	0.499147801809011	0.5929019107817239	0.8022628429201809	0.3585006777659992
3	0	0.797355747955122	2.202644252044877	1	0.2657852493183741	3.762436036478978	0	-3.762436036478978	1	0.01877554809445725	-2.702277490235324
0	0	0.9999999999999984	1.999999999999997	0	0.3333333333333333	0	0	0	0	0	0
1	17	0.9999999999999989	1.999999999999998	0.05555555555555555	0.3333333333333334	1.000000000000001	8.500000000000009	7.500000000000008	0.006766394845988635	0.9993233605154012	5.386691223522198
2	0	0.7973557479551212	2.078326816218093	1	0.2772753007891079	2.508290690985988	0	-2.508290690985988	0.9999999999999999	0.07688159242769044	-1.801518326823551
0	15	0.2102143699450154	2.782848867919234	0	0.07023385516405507	0	5.390159765023697	5.390159765023697	0.3354331073834557	0.6645668926165442	3.871350173284745
1	0	0.9405898149268974	2.059366820557522	1	0.313534470399108	1.063162692313142	0	-1.063162692313142	1	0.313534470399108	-0.7635905525145901
3	20	0.9220551798744504	1.984174617767543	0.1304347826086956	0.3172685038955184	3.253601373844555	10.0797580116727	6.826156637828142	0.03760328786046995	0.9897807956868206	4.902719740183547
1	2	0.9997851188777084	1.999999999999997	0.3333333333333333	0.3332855785522908	1.000214927306112	1.000000000000002	-0.0002149273061107237	0.7408044115013939	0.7036400261011666	-0.0001543662711362538
3	8	0.7982793220359867	2.19769976397161	0.2727272727272727	0.2664502318338155	3.758083063392639	3.640169658817575	-0.1179134045750638	0.6671316373518565	0.5945473948691697	-0.08468841354134904
2	12	0.7974958753598071	2.202308484548878	0.1428571428571428	0.2658492953800771	2.507849961101877	5.448827938588305	2.940977977486428	0.2378617109905535	0.9198032032453629	2.112285367986425
2	1	0.7973557479551212	2.202644252044874	0.6666666666666666	0.2657852493183741	2.508290690985988	0.4539997773456279	-2.05429091364036	0.9812244519055427	0.1743743000767762	-1.475444111342388
3	0	0.7973557479551211	2.202644252044874	1	0.2657852493183742	3.762436036478982	0	-3.762436036478982	1	0.01877554809445703	-2.702277490235327
4	0	0.7973557479551214	2.202644252044875	1	0.2657852493183741	5.016581381971974	0	-5.016581381971974	1	0.004990263731374123	-3.603036653647101
0	0	0.7973557479551212	2.202644252044874	0	0.2657852493183741	0	0	0	0	0	0
6	3	0.8977796261622328	2.000679774965093	0.6666666666666666	0.3097437300012036	6.683154557258546	1.499490342002554	-5.183664215255992	0.9947555932392707	0.02964079356029936	-3.723039804534067
8	0	1.643192622150547	1.198693566131906	1	0.5782049361883985	4.868571031879337	0	-4.868571031879337	1	0.01249264387157478	-3.496731846469174
3	0	0.7973557479551211	2.202644252044874	1	0.2657852493183741	3.762436036478982	0	-3.762436036478982	1	0.01877554809445725	-2.702277490235327
0	0	0	1.271941178375207	0	0	0	0	0	0	0	0
3	0	1.661360399897752	1.214225262637496	1	0.5777467948678743	1.805749071775536	0	-1.805749071775536	1	0.1928468878053458	-1.29693502357555
2	0	0.9999999999999984	1.999999999999997	1	0.3333333333333333	2.000000000000003	0	-2.000000000000003	1	0.1111111111111109	-1.436450992939253
9	1	0.7973956311439123	2.201253867621635	0.9	0.2659182513568777	11.28674355424917	0.4542865385538013	-10.83245701569537	0.9999982320032491	5.057450550705056e-05	-7.780146818083685
5	13	1.558409177800644	1.240465323408953	0.2777777777777778	0.5567985192359078	3.208399996114252	10.47993825758416	7.271538261469913	0.01581127110368272	0.9958618086147161	5.222604177942106
2	10	0.8034764685990989	2.17471710581705	0.1666666666666667	0.2697865160617083	2.489183041647877	4.598299233151503	2.109116191503627	0.331930484309213	0.875123169041065	1.514821023754818
0	6	0.8048630147214983	2.171446298358465	0	0.2704231751667655	0	2.763135337279943	2.763135337279943	0.1508086250711185	0.8491913749288815	1.984554249430654
5	15	0.8421040220254271	2.067340955532078	0.25	0.2894380297689554	5.937508750966429	7.255697208465259	1.31818845749883	0.4575080529476468	0.7296683626888623	0.9467565593276271
1	0	0.7973557479551212	1.999999999999997	1	0.2850390939865237	1.254145345492994	0	-1.254145345492994	1	0.2850390939865237	-0.9007591634117756
0	2	0.9998101695868599	1.999043588333845	0	0.3333974412543849	0	1.000478434623305	1.000478434623305	0.4443589713262012	0.5556410286737988	0.718569120414477
0	1	0.9999999999999984	1.999482267217101	0	0.3333908691274885	0	0.5001294667103048	0.5001294667103048	0.6666091308725115	0.3333908691274885	0.3592057345270978
8	0	1.658243259812375	1.211706963035087	1	0.5777951292016228	4.824382642692107	0	-4.824382642692107	1	0.01242198531386174	-3.464994618706982
3	0	0.7973557479551211	2.202644252044874	1	0.2657852493183741	3.762436036478982	0	-3.762436036478982	1	0.01877554809445725	-2.702277490235327
4	2	0.998941090152743	2.001058909847253	0.6666666666666666	0.3329803633842482	4.004240129303701	0.9994708252505502	-3.004769304053151	0.9822543442391594	0.09978893103214415	-2.158101925180266
6	0	0.9999999999999984	1.999999999999997	1	0.3333333333333333	6.00000000000001	0	-6.00000000000001	1	0.001371742112482699	-4.309352978817761
0	0	0	2.999999999999996	0	0	0	0	0	0	0	0
2	1	1.000079044250913	1.999413976278422	0.6666666666666666	0.3334160264438369	1.999841923993174	0.5001465488709519	-1.499695375122222	0.9629353917540792	0.2593695235769502	-1.077119455350359
2	0	0.7973557479551212	2.202644252044874	1	0.2657852493183741	2.508290690985988	0	-2.508290690985988	1	0.07064179875523013	-1.801518326823551
2	4	0.797382048185423	2.202617951814573	0.3333333333333333	0.2657940160618081	2.50820795947355	1.81602079321323	-0.6921871662603205	0.8048132253410539	0.5031177209936011	-0.4971464711372219
5	0	0.8212228735912556	2.110791831814938	1	0.280088251971262	6.088481167280093	0	-6.088481167280093	0.9999999999999998	0.001723750740433405	-4.37290240911571
2	8	0.8211589347175993	1.464681995231196	0.2	0.3592371297402544	2.435582096768892	5.461936465421779	3.026354368652887	0.2421058426410972	0.9229206441671858	2.17360486891874
2	0	0.7973557479551213	2.202644252044874	1	0.2657852493183742	2.508290690985987	0	-2.508290690985987	1	0.07064179875523013	-1.801518326823551
0	0	0.7973557479551212	2.202644252044874	0	0.2657852493183741	0	0	0	0	0	0
1	0	0.8209399136719902	2.076542100428183	1	0.2833287349764402	1.218115946546064	0	-1.218115946546064	1	0.2833287349764402	-0.8748819304656145
3	0	1.661355604323214	1.214143223055609	1	0.5777625740983634	1.80575428414804	0	-1.80575428414804	1	0.1928626891492649	-1.29693876723438
2	0	0.7973557479551212	1.999999999999997	1	0.2850390939865237	2.508290690985988	0	-2.508290690985988	1	0.08124728510065826	-1.801518326823551
1	1	0.921706361577308	2.078293638422687	0.5	0.3072354538591032	1.084944231358791	0.4811639613923594	-0.6037802699664313	0.905606375891991	0.5200772836101972	-0.4336503841552047
0	0	0	1.271941178375207	0	0	0	0	0	0	0	0
5	0	0.9999999999999987	1.997911914740433	1	0.3335655044042818	5.000000000000007	0	-5.000000000000007	1	0.004129577863172251	-3.591127482348133
3	2	0.9999336465925943	2.000066353407401	0.6	0.3333112155308653	3.000199073431418	0.9999668243969566	-2.000232249034461	0.9547434317537584	0.2098437771822499	-1.436617800117332
0	2	0.7976566456522602	2.202343354347735	0	0.2658855485507539	0	0.9081236111761227	0.9081236111761227	0.5389240278266276	0.4610759721733724	0.65223753149276
4	0	0.7973557479551212	2.202644252044875	1	0.2657852493183741	5.016581381971975	0	-5.016581381971975	1	0.004990263731374123	-3.603036653647103
8	0	0.9999999999999983	1.999999999999997	1	0.3333333333333333	8.000000000000014	0	-8.000000000000014	1	0.000152415790275473	-5.745803971757015
4	1	0.9999999999999984	1.999999999999997	0.8	0.3333333333333333	4.000000000000006	0.5000000000000008	-3.500000000000005	0.9958847736625519	0.04526748971193373	-2.513789237643693
10	0	0.9999999999999986	1.999999999999997	1	0.3333333333333334	10.00000000000001	0	-10.00000000000001	1	1.693508780831188e-05	-7.182254964696266
2	1	0.7973557479551211	2.202644252044875	0.6666666666666666	0.2657852493183741	2.508290690985988	0.4539997773456279	-2.05429091364036	0.9812244519055427	0.1743743000767762	-1.475444111342388
0	4	0.8482850656058486	2.070865953005142	0	0.2905930731906721	0	1.931559111392695	1.931559111392695	0.2532688035928282	0.7467311964071719	1.387295001740448
1	0	0.7973557479551212	2.202644252044874	1	0.2657852493183741	1.254145345492994	0	-1.254145345492994	1	0.2657852493183741	-0.9007591634117756
2	0	0.8209489847901897	1.381695267254685	1	0.3727106563068653	2.436204973822022	0	-2.436204973822022	1	0.1389132333246943	-1.749744526825093
3	10	0.9225027139811416	2.077497286018855	0.2307692307692308	0.3075009046603809	3.25202295292253	4.813484025850729	1.561461072928199	0.3974917965958966	0.8134182804784239	1.12148115432185
5	8	0.7977609524925044	2.201834064672954	0.3846153846153846	0.2659562200654569	6.267541654399259	3.63333464967001	-2.634207004729249	0.8965342989791546	0.2478117861526716	-1.89195463377543
7	2	1.795542469745262	1.204352302762799	0.7777777777777778	0.5985351506993357	3.898543263637261	1.660643646723617	-2.237899616913644	0.9306292080943308	0.2290414730077439	-1.607316563406987
1	1	0.7973557479551212	2.000214961318063	0.5	0.2850171919916463	1.254145345492994	0.4999462654459095	-0.7541990800470844	0.9187652002691973	0.4887995842524895	-0.541685008703752
3	0	0.9999999999999984	1.999999999999997	1	0.3333333333333333	3.000000000000005	0	-3.000000000000005	1	0.03703703703703698	-2.15467648940888
1	5	0.8219606376112012	1.382266073718791	0.1666666666666667	0.3729020401514163	1.216603270572932	3.617248585540559	2.400645314967627	0.2777968472293639	0.9391847736817761	1.724204673190105
4	3	0.9999999999999992	1.900676813041185	0.5714285714285714	0.3447471278096507	4.000000000000004	1.578385120192969	-2.421614879807034	0.9478131985964078	0.1912773021645384	-1.73926554930764
3	4	0.9999999999999986	1.82004704309648	0.4285714285714285	0.3546040135919061	3.000000000000004	2.19774539079755	-0.8022546092024543	0.7924961589908185	0.4782760113898247	-0.5761997149894782
3	0	0.9999999999999984	1.932201985404237	1	0.3410406257746728	3.000000000000005	0	-3.000000000000005	0.9999999999999999	0.03966599470559529	-2.15467648940888
2	1	0.8974504616455224	2.00022720218622	0.6666666666666666	0.3097136968846906	2.228535262361886	0.4999432059053164	-1.72859205645657	0.9702914649800015	0.228350652073948	-1.241518887941971
4	3	0.9185221799032242	2.081477820096772	0.5714285714285714	0.3061740599677418	4.35482135055404	1.441283674048722	-2.913537676505318	0.9685472810609013	0.1341817554941847	-2.092577044190992
2	0	0.9999999999999986	1.999999999999997	1	0.3333333333333334	2.000000000000003	0	-2.000000000000003	1	0.111111111111111	-1.436450992939253
7	0	0.9999999999999984	1.999999999999997	1	0.3333333333333333	7.000000000000011	0	-7.000000000000011	1	0.0004572473708274183	-5.027578475287386
3	0	0.9999999999999984	1.999947336553108	1	0.3333391849301539	3.000000000000005	0	-3.000000000000005	0.9999999999999998	0.03703898760355218	-2.15467648940888
5	0	0.9999999999999984	1.999999999999997	1	0.3333333333333333	5.000000000000008	0	-5.000000000000008	1	0.004115226337448097	-3.591127482348134
0	1	0.820984500477728	2.076497513622444	0	0.2833441230980993	0	0.4815801576643849	0.4815801576643849	0.7166558769019007	0.2833441230980993	0.3458831478284234
1	3	0.897686129758695	2.000124081454568	0.25	0.3097808566913875	1.113975104270362	1.499906944682294	0.3859318404119318	0.6344104789983926	0.7730406905895176	0.2771860876832961
4	0	0.7973557479551212	2.202644252044875	1	0.2657852493183741	5.016581381971975	0	-5.016581381971975	1	0.004990263731374123	-3.603036653647103
0	0	0.8209033679187575	1.381740884126117	0	0.3726899462573919	0	0	0	0	0	0
2	1	0.8210953725499942	1.38228579397457	0.6666666666666666	0.3726524420852357	2.435770638663812	0.7234393960778831	-1.712331242585929	0.9482498140260651	0.3131091558284008	-1.22983995682673
3	3	0.9999999999999983	1.999999999999997	0.5	0.3333333333333333	3.000000000000005	1.500000000000002	-1.500000000000002	0.8998628257887519	0.3196159122085046	-1.07733824470444
5	1	0.9999999999999989	1.999999999999998	0.8333333333333334	0.3333333333333334	5.000000000000005	0.5000000000000006	-4.500000000000004	0.9986282578875171	0.0178326474622772	-3.232014734113318
3	9	0.9222114869875224	2.077788513012473	0.25	0.3074038289958413	3.253049915697472	4.331528422472307	1.078478506774835	0.4698286355359856	0.7645247733695997	0.7745907609601766
5	0	0.9999999999999997	1.999999999999999	1	0.3333333333333333	5.000000000000002	0	-5.000000000000002	1	0.004115226337448097	-3.591127482348129
2	0	0.7973557479551212	2.202644252044874	1	0.2657852493183741	2.508290690985988	0	-2.508290690985988	1	0.07064179875523013	-1.801518326823551
4	3	0.9207019136129326	2.079298086387063	0.5714285714285714	0.306900637870978	4.344511443778337	1.442794575554449	-2.901716868223889	0.9682233506177492	0.1351588342254508	-2.08408703829439
4	3	0.9996950599379101	1.932389736303118	0.5714285714285714	0.3409502553335199	4.001220132315583	1.552481853758623	-2.448738278556961	0.9501920393133675	0.1851979995035256	-1.758746265840749
2	2	0.9997423012304785	1.999999999999997	0.5	0.3332760620205243	2.00051553039059	1.000000000000002	-1.000515530390589	0.88893979016249	0.4073055917409431	-0.7185957635403513
0	1	0.8974495538232127	2.00003246027696	0	0.3097342966948218	0	0.4999918850624666	0.4999918850624666	0.6902657033051782	0.3097342966948218	0.3591069198797741
2	23	0.9987995876785413	2.001200412321453	0.08	0.3329331958928478	2.002403710086122	11.49310176951208	9.490698059425961	0.003546012831632011	0.9994581953216392	6.816461325574523
6	1	0.8988711538075236	1.996230985172955	0.8571428571428571	0.3104799453203625	6.675038991500207	0.5009440327434649	-6.174094958756742	0.9997218783016572	0.00460172919948032	-4.434392417003673
2	8	0.5674710719439594	2.432528928056038	0.2	0.18915702398132	3.524408730032162	3.288758422451001	-0.2356503075811611	0.7102838072348383	0.5905672421423225	-0.1692500591556994
3	0	0.9401872537207452	2.058812424869717	1	0.3135002849225498	3.190853724221049	0	-3.190853724221049	0.9999999999999999	0.03081156938356422	-2.291752500240617
2	45	0.7973557479551219	2.202644252044876	0.0425531914893617	0.2657852493183741	2.508290690985985	20.42998998055323	17.92169928956725	7.887052765489684e-05	0.9999911019394657	12.87182136982877
10	0	0.9174211079946876	2.082578892005308	1	0.3058070359982297	10.90011981723218	0	-10.90011981723218	0.9999999999999998	7.152777804941834e-06	-7.828743967309989
1	1	0.9999570204069438	2.000042979593053	0.5	0.333319006802315	1.000042981440381	0.4999892553326375	-0.5000537261077436	0.8888984397043183	0.5555364533089482	-0.3591513356952203
1	0	0.7973557479551211	2.202644252044874	1	0.2657852493183741	1.254145345492994	0	-1.254145345492994	1	0.2657852493183741	-0.9007591634117758
1	0	0.8978928137834262	2.000565741480957	1	0.3097828713654058	1.11371868072574	0	-1.11371868072574	1	0.3097828713654058	-0.799901152391741
0	4	0.3246157470818792	2.675384252918116	0	0.1082052490272932	0	1.495112335970838	1.495112335970838	0.6324987145325516	0.3675012854674484	1.073827799780517
0	0	0.7973557479551212	2.202644252044874	0	0.2657852493183741	0	0	0	0	0	0
2	0	0.920569131459124	2.079430868540871	1	0.3068563771530418	2.172569046313721	0	-2.172569046313721	1	0.09416083619948989	-1.560394481903214
2	0	0.7973557479551211	1.999999999999997	1	0.2850390939865237	2.508290690985988	0	-2.508290690985988	1	0.08124728510065826	-1.801518326823552
0	0	0	1.271941178375207	0	0	0	0	0	0	0	0
0	0	0.9999999999999984	1.999999999999997	0	0.3333333333333333	0	0	0	0	0	0
0	1	0.1792702802234827	2.820729719776513	0	0.05975676007449431	0	0.3545181918667593	0.3545181918667593	0.9402432399255057	0.05975676007449426	0.2546240043610171
2	0	0.9999999999999983	1.999999999999997	1	0.3333333333333333	2.000000000000004	0	-2.000000000000004	1	0.1111111111111109	-1.436450992939254
3	1	0.8211081117762737	2.0763739023239	0.75	0.2833867847256586	3.653599272707473	0.4816088272352053	-3.171990445472268	0.9935506139318813	0.07168482449965063	-2.278204412496228
13	1	0.9999999999999984	1.999947241881418	0.9285714285714286	0.3333391954496002	13.00000000000002	0.5000131898775821	-12.49998681012244	0.9999997908733599	6.064518101256411e-06	-8.977809232563958
4	0	0.9999999999999984	1.932562914513682	1	0.3409986517427649	4.000000000000006	0	-4.000000000000006	0.9999999999999998	0.01352105711885032	-2.872901985878507
2	0	0.7973557479551213	2.202644252044875	1	0.2657852493183741	2.508290690985987	0	-2.508290690985987	1	0.07064179875523013	-1.801518326823551
0	4	0.1790265375714767	2.820973462428519	0	0.05967551252382567	0	1.417950240679145	1.417950240679145	0.7818275747688334	0.2181724252311666	1.018408015581004
1	1	0.9999141404785398	2.000085859521455	0.5	0.3333047134928471	1.000085866893951	0.4999785360410788	-0.5001073308528718	0.8889079679634512	0.5555173949491452	-0.3591898359899032
4	0	1.661323757620672	1.214195389890106	1	0.5777474161696379	2.40771853267707	0	-2.40771853267707	0.9999999999999998	0.1114171505950023	-1.729284838491107
3	0	0.9216731837819024	2.078326816218093	1	0.3072243945939679	3.254949859439435	0	-3.254949859439435	1	0.02899793628461145	-2.337787978779626
2	1	0.7974845111384128	2.202515488861583	0.6666666666666666	0.2658281703794713	2.507885698174866	0.4540263190234686	-2.053859379151397	0.9812153543736797	0.1744245572492513	-1.475134172269809
2	1	0.7973557479551212	2.202644252044875	0.6666666666666666	0.2657852493183741	2.508290690985988	0.4539997773456279	-2.05429091364036	0.9812244519055427	0.1743743000767762	-1.475444111342388
2	1	0.9998264379638395	2.000173562036156	0.6666666666666666	0.3332754793212804	2.00034718433034	0.4999566132561069	-1.500390571074234	0.9629822442867543	0.259182123923996	-1.077618762808136
4	0	0.9999999999999983	1.999827121980172	1	0.3333525431091854	4.000000000000007	0	-4.000000000000007	0.9999999999999998	0.01234852515108453	-2.872901985878507
4	0	0.7973557479551212	2.202644252044875	1	0.2657852493183741	5.016581381971975	0	-5.016581381971975	1	0.004990263731374123	-3.603036653647103
1	0	1.797355747955119	1.202644252044876	1	0.5991185826517074	0.5563728834081489	0	-0.5563728834081489	1	0.5991185826517074	-0.3996011904080549
0	0	0.9216731837819023	2.078326816218093	0	0.3072243945939679	0	0	0	0	0	0
3	0	0.9999999999999984	1.999999999999997	1	0.3333333333333333	3.000000000000005	0	-3.000000000000005	1	0.03703703703703698	-2.15467648940888
1	0	0.9999999999999984	1.999999999999997	1	0.3333333333333333	1.000000000000002	0	-1.000000000000002	1	0.3333333333333333	-0.7182254964696267
6	0	0.9423515761478258	2.057038394778488	1	0.3141810785800539	6.367050421379871	0	-6.367050421379871	1.000000000000001	0.0009617897796065922	-4.572977949942697
0	0	0.9999999999999984	1.999999999999997	0	0.3333333333333333	0	0	0	0	0	0
2	0	0.7973557479551213	1.999999999999997	1	0.2850390939865237	2.508290690985987	0	-2.508290690985987	1	0.08124728510065815	-1.801518326823551
3	0	0.7973557479551212	2.202644252044874	1	0.2657852493183741	3.762436036478982	0	-3.762436036478982	1	0.01877554809445725	-2.702277490235327
1	1	0.8210471776356016	2.076434836464571	0.5	0.2833657546932459	1.217956808376998	0.4815946941550277	-0.7363621142219707	0.919703849067127	0.4864353584536192	-0.5288740450684981
0	6	0.1810541128997619	2.818774281177614	0	0.0603548233816377	0	2.128584768232435	2.128584768232435	0.6883088169120812	0.3116911830879188	1.528803851941423
4	15	1.121545294473179	1.090583941965375	0.2105263157894737	0.5069980885379125	3.566507763628853	13.75409945333326	10.18759168970441	0.008157871617699011	0.9981682582489467	7.316988099167782
0	5	0.7974130814086786	2.202586918591317	0	0.2658043604695599	0	2.270057974918779	2.270057974918779	0.2133334733294538	0.7866665266705462	1.630413516050873
6	0	0.9999999999999983	1.999265203723724	1	0.3334149973661727	6.00000000000001	0	-6.00000000000001	1	0.001373759743761416	-4.309352978817761
2	5	0.8212495950507227	2.07623241904945	0.2857142857142857	0.2834356144591171	2.435313225179093	2.408208230506834	-0.02710499467225969	0.6843058221223361	0.6344104448254493	-0.01946749825529027
3	2	0.7975271283224999	2.202472871677495	0.6	0.2658423761075004	3.761627527718249	0.9080702085909085	-2.85355731912734	0.9803382806568537	0.1209248281631332	-2.049497622234768
0	0	0.9999999999999984	1.797355747955119	0	0.3574804530067382	0	0	0	0	0	0
0	1	0.1796184294834331	2.820381570516562	0	0.05987280982781113	0	0.3545619537631735	0.3545619537631735	0.9401271901721888	0.05987280982781118	0.2546554352707957
0	3	0.0003035949930372272	2.999696405006958	0	0.0001011983310124092	0	1.000101208573153	1.000101208573153	0.9996964357292329	0.0003035642707670538	0.7182981870473252
5	1	0.8976517080117059	2.000699735181908	0.8333333333333334	0.3097111325542385	5.570089106246982	0.4998251273867829	-5.070263978860199	0.9991174467917872	0.01268484102783318	-3.641592863448925
0	0	0.9999999999999984	1.797355747955119	0	0.3574804530067382	0	0	0	0	0	0
0	0	0.7973557479551212	2.202644252044874	0	0.2657852493183741	0	0	0	0	0	0
3	0	0.9999999999999984	1.999999999999997	1	0.3333333333333333	3.000000000000005	0	-3.000000000000005	1	0.03703703703703698	-2.15467648940888
3	2	0.9998712127845099	2.000128787215486	0.6	0.3332904042615038	3.00038641141132	0.9999356105385269	-2.000450800872794	0.9547537064170986	0.2098129486805524	-1.436774769619922
2	0	0.921515662881993	2.078484337118002	1	0.3071718876273315	2.170337500010691	0	-2.170337500010691	0.9999999999999999	0.09435456854853808	-1.558791728451825
5	4	0.9983149925315791	2.00079339648677	0.5555555555555556	0.3328705945363788	5.008439257554111	1.999206918127416	-3.009232339426696	0.9578612865033507	0.1441358638861068	-2.161307390977191
2	3	0.8209685777690773	2.076607904629383	0.4	0.2833293901838694	2.436146832117321	1.444663671611814	-0.9914831605055068	0.8582633110668825	0.4372261785350285	-0.7121084851953411
3	0	0.7973557479551212	2.078326816218093	1	0.2772753007891079	3.762436036478982	0	-3.762436036478982	0.9999999999999997	0.02131736666553374	-2.702277490235327
7	3	0.8264340057243107	2.128391513867996	0.7	0.2796896128873079	8.470125807401883	1.409515110567229	-7.060610696834654	0.9990473256142333	0.006957143889560036	-5.071110623112819
2	0	0.9999999999999983	1.999828347016651	1	0.3333524069783877	2.000000000000004	0	-2.000000000000004	1	0.1111238272382846	-1.436450992939254
3	8	0.8534796761194298	2.090549495087157	0.2727272727272727	0.2899019087401358	3.515022189679185	3.826745082477213	0.311722892798028	0.5991771138216639	0.6607095121000174	0.2238873294408115
2	0	0.7973557479551212	2.078326816218093	1	0.2772753007891079	2.508290690985988	0	-2.508290690985988	0.9999999999999999	0.07688159242769044	-1.801518326823551
0	0	0.9216731837819023	2.078326816218093	0	0.3072243945939679	0	0	0	0	0	0
3	0	0.9999999999999984	1.999999999999997	1	0.3333333333333333	3.000000000000005	0	-3.000000000000005	1	0.03703703703703698	-2.15467648940888
1	0	0.9999999999999984	1.999999999999997	1	0.3333333333333333	1.000000000000002	0	-1.000000000000002	1	0.3333333333333333	-0.7182254964696267
2	0	0.7973557479551213	2.202644252044875	1	0.2657852493183741	2.508290690985987	0	-2.508290690985987	1	0.07064179875523013	-1.801518326823551
2	0	0.9999999999999984	1.932115447196223	1	0.3410506912189385	2.000000000000003	0	-2.000000000000003	1	0.1163155739809157	-1.436450992939253
1	0	0.7973557479551211	2.202644252044875	1	0.2657852493183741	1.254145345492994	0	-1.254145345492994	1	0.2657852493183741	-0.9007591634117758
4	0	0.9216731837819022	2.078326816218093	1	0.3072243945939679	4.339933145919248	0	-4.339933145919248	1	0.008908873419514296	-3.117050638372836
1	3	0.9999999999999982	1.999999999999996	0.25	0.3333333333333333	1.000000000000002	1.500000000000003	0.5000000000000009	0.5925925925925928	0.802469135802469	0.3591127482348134
2	0	0.7973557479551211	2.202644252044874	1	0.2657852493183741	2.508290690985988	0	-2.508290690985988	1	0.07064179875523013	-1.801518326823552
0	4	0.7974514058993081	2.202519814500257	0	0.2658196853612135	0	1.816101709354013	1.816101709354013	0.2905433521164653	0.7094566478835347	1.304370551840122
2	0	0.8214511176947198	2.076030896405453	1	0.2835051654150907	2.434715781521732	0	-2.434715781521732	0.9999999999999999	0.08037517881703804	-1.748674950945878
0	0	0.9999999999999984	1.999999999999997	0	0.3333333333333333	0	0	0	0	0	0
5	0	0.7973557479551217	2.202644252044875	1	0.2657852493183741	6.270726727464965	0	-6.270726727464965	1	0.001326338490007739	-4.503795817058875
0	0	0.8209033679187575	1.381740884126117	0	0.3726899462573919	0	0	0	0	0	0
1	0	0.7973557479551212	2.202644252044875	1	0.2657852493183741	1.254145345492994	0	-1.254145345492994	1	0.2657852493183741	-0.9007591634117756
2	2	0.9994778802141666	2.000522119785829	0.5	0.3331592934047227	2.001044785074626	0.999739008241566	-1.00130577683306	0.8890435304678632	0.4070980031109668	-0.7191633386838286
1	1	0.7973557479551212	2.202644252044874	0.5	0.2657852493183741	1.254145345492994	0.4539997773456279	-0.8001455681473659	0.9293582012447699	0.4609286998815179	-0.5746849479306125
7	3	0.9398199790571361	2.058373970250366	0.7	0.3134620357946516	7.448234934335693	1.457461104424626	-5.990773829911067	0.997813175536022	0.01373383516672655	-4.302726508225116
2	3	0.9218889693257182	2.078111030674277	0.4	0.3072963231085733	2.169458651254745	1.4436187266792	-0.7258399245755449	0.8271338357706737	0.4867415115723654	-0.5213167401857464
2	1	0.9994783929640439	2.000521607035951	0.6666666666666666	0.3331594643213485	2.001043758503692	0.4998696322413823	-1.501174126262309	0.9630208890751142	0.2590274641508916	-1.078181532122104
5	0	0.7973557479551214	1.999999999999997	1	0.2850390939865237	6.270726727464967	0	-6.270726727464967	1	0.00188157764497332	-4.503795817058877
3	0	0.9999999999999984	1.999855516526209	1	0.333349387825846	3.000000000000005	0	-3.000000000000005	1	0.03704238879229205	-2.15467648940888
1	3	0.9999999999999984	1.999999999999997	0.25	0.3333333333333333	1.000000000000002	1.500000000000002	0.5000000000000009	0.5925925925925928	0.802469135802469	0.3591127482348134
3	0	0.7973557479551212	2.078326816218093	1	0.2772753007891079	3.762436036478982	0	-3.762436036478982	0.9999999999999997	0.02131736666553374	-2.702277490235327
2	0	0.9999999999999983	1.999999999999997	1	0.3333333333333333	2.000000000000004	0	-2.000000000000004	1	0.1111111111111109	-1.436450992939254
3	0	0.8977632690850276	1.999602207066635	1	0.3098550308804861	3.341638161536177	0	-3.341638161536177	0.9999999999999999	0.02974922494471999	-2.400049727591168
2	0	0.7973557479551212	1.999999999999997	1	0.2850390939865237	2.508290690985988	0	-2.508290690985988	1	0.08124728510065815	-1.801518326823551
6	4	0.9995842879365366	2.000415712063459	0.6	0.3331947626455127	6.002495309711129	1.999584374326844	-4.002910935384286	0.9803856284300639	0.0764216916467263	-2.874992693890072
7	1	0.8638862568175844	2.033833633989254	0.875	0.2981262128055602	8.10291857840968	0.4916823005028953	-7.611236277906785	0.9999375975982595	0.001237706233700786	-5.466583954447225
3	1	0.818171759502391	1.484107515177743	0.75	0.3553746795623061	3.666711745006439	0.673805630503957	-2.992906114502482	0.9840505421799298	0.1316743526914013	-2.149581479975523
1	5	0.7973769526835961	2.202601336069808	0.1666666666666667	0.2657942411359697	1.254111993875005	2.270043115892096	1.015931122017091	0.4968817574951362	0.8433585409138121	0.7296676344896693
5	0	0.9999999999999986	1.999999999999997	1	0.3333333333333334	5.000000000000007	0	-5.000000000000007	1	0.004115226337448541	-3.591127482348133
7	0	1.796808359203079	1.202691165168615	1	0.5990360540495357	3.895796657527039	0	-3.895796657527039	0.9999999999999998	0.02768029624084856	-2.798060488497066
1	0	0.8209216803263302	2.076560333773843	1	0.2833224421519908	1.218143001903036	0	-1.218143001903036	1	0.2833224421519909	-0.8749013623128079
4	0	1.662992714342129	1.21412668075069	1	0.5780061533694117	2.405302179319756	0	-2.405302179319756	0.9999999999999999	0.1116168720080194	-1.727549351901404
0	0	0.9999999999999984	1.999999999999997	0	0.3333333333333333	0	0	0	0	0	0
2	0	0.9999999999999984	1.999999999999997	1	0.3333333333333333	2.000000000000003	0	-2.000000000000003	1	0.1111111111111109	-1.436450992939253
6	0	0.9999999999999983	1.947959507990273	1	0.3392176850765952	6.00000000000001	0	-6.00000000000001	1	0.001523599833113787	-4.309352978817761
0	0	0	2.999999999999996	0	0	0	0	0	0	0	0
4	0	1.086796245998172	1.233992994740924	1	0.4682873510961568	3.680542709573112	0	-3.680542709573112	1	0.04808943879445016	-2.643459614860809
3	0	0.7973557479551212	2.202644252044874	1	0.2657852493183741	3.762436036478982	0	-3.762436036478982	1	0.01877554809445725	-2.702277490235327
5	2	0.9997832498357317	2.000173801696981	0.7142857142857143	0.3332658543644585	5.001083985775436	0.9999131067026106	-4.001170879072825	0.9931490612512783	0.04522862474368827	-2.873742941081888
4	0	0.9999999999999984	1.999999999999997	1	0.3333333333333333	4.000000000000006	0	-4.000000000000006	1	0.01234567901234551	-2.872901985878507
4	0	0.8638921836687734	2.06812252173742	1	0.2946411496763254	4.630207421269652	0	-4.630207421269652	1	0.007536567649286785	-3.325533023898741
3	3	0.8232632156200399	2.074218798480132	0.5	0.2841305697891306	3.644035034093626	1.446327649811209	-2.197707384282417	0.9414208539018425	0.2268796180415238	-1.578449477171201
2	2	0.8211508880931794	1.381957712072363	0.5	0.3727237449989882	2.435605963532797	1.447222286563914	-0.9883836769688825	0.8507792029980134	0.4771975549890872	-0.7098823570934497
4	2	0.9999999999999986	1.999999999999997	0.6666666666666666	0.3333333333333334	4.000000000000006	1.000000000000002	-3.000000000000004	0.9821673525377228	0.1001371742112485	-2.15467648940888
0	0	0.8974820141001756	1.999999999999997	0	0.3097454996209504	0	0	0	0	0	0
3	0	0.9999999999999986	1.999956773017462	1	0.3333381364006002	3.000000000000004	0	-3.000000000000004	1	0.03703863808252872	-2.15467648940888
0	2	0.1806960814011667	2.819175163331407	0	0.06023461230826091	0	0.7094273623057208	0.7094273623057208	0.8831589839034047	0.1168410160965953	0.5095288195011632
1	0	0.7973557479551211	2.202644252044874	1	0.2657852493183742	1.254145345492994	0	-1.254145345492994	1	0.2657852493183741	-0.9007591634117758
15	0	0.9999999999999984	1.999769070316116	1	0.3333589941623802	15.00000000000002	0	-15.00000000000002	0.9999999999999998	6.977223865334281e-08	-10.7733824470444
1	0	0.9999999999999984	1.999999999999997	1	0.3333333333333333	1.000000000000002	0	-1.000000000000002	1	0.3333333333333333	-0.7182254964696267
3	0	0.3636498098468796	2.636350190153116	1	0.1212166032822934	8.249694950378764	0	-8.249694950378764	0.9999999999999998	0.001781091906995158	-5.925141251458751
7	0	0.9999999999999989	1.999999999999998	1	0.3333333333333334	7.000000000000008	0	-7.000000000000008	1	0.0004572473708274183	-5.027578475287385
3	0	0.9999999999999983	1.999999999999997	1	0.3333333333333333	3.000000000000005	0	-3.000000000000005	1	0.03703703703703698	-2.15467648940888
0	0	0.7973557479551212	2.202644252044874	0	0.2657852493183741	0	0	0	0	0	0
1	0	0.1794113344217737	2.820588665578222	1	0.05980377814059131	5.573783859436241	0	-5.573783859436241	1	0.05980377814059135	-4.003233679657979
1	0	0.8209307495104543	2.111083955895739	1	0.2799886194284025	1.218129544539938	0	-1.218129544539938	1	0.2799886194284025	-0.8748916968915162
2	0	0.7973557479551212	2.202644252044875	1	0.2657852493183741	2.508290690985988	0	-2.508290690985988	1	0.07064179875523013	-1.801518326823551
4	0	0.9999999999999987	1.999999999999997	1	0.3333333333333333	4.000000000000005	0	-4.000000000000005	1	0.01234567901234551	-2.872901985878506
0	0	0	1.271941178375207	0	0	0	0	0	0	0	0
6	0	0.8630595853389016	2.068955120067293	1	0.2943571816838263	6.95201131176123	0	-6.95201131176123	0.9999999999999997	0.0006505007727167778	-4.993111775852162
3	0	0.9999999999999983	1.932187473727889	1	0.3410423136173591	3.000000000000005	0	-3.000000000000005	1	0.03966658364091857	-2.15467648940888
0	1	0.000703204460192895	2.999244176449706	0	0.0002344055981340611	0	0.3334173348912623	0.3334173348912623	0.999765594401866	0.0002344055981340354	0.2394688308838563
2	17	0.8950688535411769	2.101413362400917	0.1052631578947368	0.2987065462224902	2.234464971144247	8.089793423877861	5.855328452733614	0.04736014734713933	0.9892652155120822	4.205446184957324
1	0	0.7973557479551213	2.202644252044875	1	0.2657852493183741	1.254145345492994	0	-1.254145345492994	1	0.2657852493183741	-0.9007591634117754
3	0	0.9999999999999984	1.999985611855352	1	0.3333349320237391	3.000000000000005	0	-3.000000000000005	0.9999999999999999	0.03703756993639484	-2.15467648940888
0	0	0	1.271941178375207	0	0	0	0	0	0	0	0
4	0	0.7973557479551213	1.999999999999997	1	0.2850390939865237	5.016581381971974	0	-5.016581381971974	1	0.006601121336227589	-3.603036653647102
3	0	0.9999999999999984	1.999999999999997	1	0.3333333333333333	3.000000000000005	0	-3.000000000000005	1	0.03703703703703698	-2.15467648940888
1	0	0.7973557479551212	2.202644252044874	1	0.2657852493183741	1.254145345492994	0	-1.254145345492994	1	0.2657852493183741	-0.9007591634117756
5	0	0.9403793171524911	2.059076929090983	1	0.3135165976600673	5.317003371724736	0	-5.317003371724736	1	0.003029023810625198	-3.818807386387672
2	0	0.7973557479551211	2.202644252044874	1	0.2657852493183741	2.508290690985988	0	-2.508290690985988	1	0.07064179875523013	-1.801518326823552
1	1	0.8213353725647304	1.381646741064703	0.5	0.3728288883887363	1.217529444613307	0.7237740084193993	-0.4937554361939078	0.8609986199828192	0.6066563967602918	-0.354627743294946
2	0	0.7973557479551211	2.202644252044874	1	0.2657852493183741	2.508290690985988	0	-2.508290690985988	1	0.07064179875523013	-1.801518326823552
3	1	0.9999571126104287	1.999999999999997	0.75	0.3333238026660694	3.000128667686935	0.5000000000000009	-2.500128667686934	0.9876557328778054	0.1111026395885438	-1.795656153587392
7	0	0.8636356674925548	2.068379037913639	1	0.2945536616511986	8.105269691238574	0	-8.105269691238574	1	0.0001923760402787744	-5.821411348010034
1	0	0.9999999999999984	1.932086643681196	1	0.3410540415492334	1.000000000000002	0	-1.000000000000002	1	0.3410540415492334	-0.7182254964696267
6	4	0.8226930644505644	2.103887196765097	0.6	0.2811107131942553	7.293120921114244	1.901242617071075	-5.391878304043169	0.9928266566497412	0.03485115331359112	-3.872584471825208
3	0	0.9999999999999984	1.932288485514204	1	0.3410305653553865	3.000000000000005	0	-3.000000000000005	0.9999999999999999	0.03966248446602627	-2.15467648940888
3	0	0.8217344402378841	1.380909811806991	1	0.3730672529052334	3.650814488354083	0	-3.650814488354083	1	0.05192319254984556	-2.622108048416614
1	1	0.9999999999999984	1.999999999999997	0.5	0.3333333333333333	1.000000000000002	0.5000000000000008	-0.5000000000000008	0.8888888888888891	0.5555555555555555	-0.3591127482348134
4	0	0.9999999999999983	1.999999999999997	1	0.3333333333333333	4.000000000000007	0	-4.000000000000007	1	0.01234567901234551	-2.872901985878507
2	0	0.7973557479551212	2.202644252044875	1	0.2657852493183741	2.508290690985988	0	-2.508290690985988	1	0.07064179875523013	-1.801518326823551
4	3	1.001380479522447	1.998619520477548	0.5714285714285714	0.3337934931741497	3.994485694296315	1.501036074781849	-2.493449619514466	0.9544668482699165	0.1740044522793951	-1.790859090897776
0	0	0.8209033679187575	2.076578646181416	0	0.2833161220411209	0	0	0	0	0	0
0	0	0.7973557479551212	2.202644252044874	0	0.2657852493183741	0	0	0	0	0	0
4	0	0.9999999999999984	1.999999999999997	1	0.3333333333333333	4.000000000000006	0	-4.000000000000006	1	0.01234567901234551	-2.872901985878507
1	0	0.8209307491034686	1.381713502941406	1	0.3727023773091543	1.21812954514384	0	-1.21812954514384	1	0.3727023773091542	-0.8748916973252535
3	2	0.9999999999999984	1.999356028090434	0.6	0.3334049011302795	3.000000000000005	1.000322089663131	-1.999677910336874	0.9546971586802107	0.2099825809566109	-1.436219659931045
2	0	0.9999999999999984	1.999999999999997	1	0.3333333333333333	2.000000000000003	0	-2.000000000000003	1	0.1111111111111109	-1.436450992939253
7	2	0.916569562980571	2.083430437019425	0.7777777777777778	0.3055231876601908	7.637172651944566	0.9599552567069235	-6.677217395237643	0.9995022857570209	0.004812182085935368	-4.795747778730177
7	2	0.7973557479551214	2.202644252044875	0.7777777777777778	0.2657852493183741	8.779017418450954	0.9079995546912555	-7.871017863759698	0.99982882564192	0.001989471406223409	-5.6531657129201
0	1	0.8209033679187574	1.382329837406411	0	0.3725903213217064	0	0.7234163460410035	0.7234163460410035	0.6274096786782937	0.3725903213217063	0.5195760642895422
1	0	0.9216731837819023	2.078326816218093	1	0.3072243945939679	1.084983286479812	0	-1.084983286479812	1	0.3072243945939679	-0.779262659593209
2	0	0.7973557479551211	2.202644252044874	1	0.2657852493183741	2.508290690985988	0	-2.508290690985988	1	0.07064179875523013	-1.801518326823552
7	1	0.9999134998856735	1.997278233214587	0.875	0.3336167949627216	7.000605553180705	0.5006813689600554	-6.499924184220649	0.999846544221627	0.002605618978011481	-4.668411274226802
4	0	0.8639015685337113	2.033580445566462	1	0.2981559727824575	4.630157121706755	0	-4.630157121706755	1	0.007902673783116265	-3.325496897470207
5	0	1.797007652931098	1.202674085001571	1	0.5990661043159752	2.782403286844385	0	-2.782403286844385	0.9999999999999994	0.07715671653488765	-1.998392982072526
3	0	0.7973557479551212	2.202644252044875	1	0.2657852493183741	3.762436036478982	0	-3.762436036478982	1	0.01877554809445725	-2.702277490235327
5	2	1.016427818170254	1.553951477031745	0.7142857142857143	0.3954388444022912	4.919188466329921	1.287041474306693	-3.632146992023229	0.982306656512679	0.0919091506200892	-2.608700576596541
3	0	1.661411877983553	1.214163145081173	1	0.5777668343400952	1.805693121467919	0	-1.805693121467919	0.9999999999999999	0.1928669555093869	-1.296894838638084
6	1	0.9204471249163622	2.079552875083633	0.8571428571428571	0.3068157083054546	6.518571070060324	0.4808726010199588	-6.037698469040365	0.9997440570710889	0.004303680028484802	-4.336428980460415
4	0	0.9999999999999986	1.999740146370601	1	0.333362208459924	4.000000000000006	0	-4.000000000000006	1	0.01234995736475819	-2.872901985878507
0	0	0.8209033679187575	2.076578646181416	0	0.2833161220411209	0	0	0	0	0	0
3	0	0.9999999999999984	1.999999999999997	1	0.3333333333333333	3.000000000000005	0	-3.000000000000005	1	0.03703703703703698	-2.15467648940888
5	0	0.7973557479551212	2.202644252044875	1	0.2657852493183741	6.270726727464969	0	-6.270726727464969	1	0.001326338490007739	-4.503795817058878
2	1	0.8639745525726693	2.06800350149198	0.6666666666666666	0.2946729261410833	2.314882995158332	0.4835581754472567	-1.831324819711075	0.9744129211677877	0.2093222425372199	-1.315304177834134
0	1	0.8209033679187575	2.076593263575976	0	0.283314692757823	0	0.4815579524119039	0.4815579524119039	0.716685307242177	0.283314692757823	0.345867199449936
2	0	0.7973557479551212	2.202644252044874	1	0.2657852493183741	2.508290690985988	0	-2.508290690985988	1	0.07064179875523013	-1.801518326823551
1	0	0.7973557479551213	2.202644252044875	1	0.2657852493183741	1.254145345492994	0	-1.254145345492994	1	0.2657852493183741	-0.9007591634117754
2	0	0.8639379389919835	1.338706313052891	1	0.3922276319428011	2.314981099607154	0	-2.314981099607154	1	0.1538425152594575	-1.662678449583148
1	0	0.9216731837819024	2.078326816218093	1	0.3072243945939679	1.084983286479812	0	-1.084983286479812	1	0.3072243945939679	-0.7792626595932087
2	0	0.8211134047473917	2.110901300658802	1	0.2800509162636129	2.435717147517866	0	-2.435717147517866	1	0.07842851570008913	-1.7493941575356
4	0	0.821186489669265	2.076295524430908	1	0.2834138350723424	4.871000741391898	0	-4.871000741391898	1	0.006451848894461709	-3.49847692579011
1	0	0.8209672649240087	2.111047440482185	1	0.2800010734633318	1.218075363933741	0	-1.218075363933741	1	0.2800010734633318	-0.8748527829987311
2	0	0.7973557479551211	2.202644252044874	1	0.2657852493183741	2.508290690985988	0	-2.508290690985988	1	0.07064179875523013	-1.801518326823552
1	4	1.00078653510513	1.797102128955406	0.2	0.3576934807880107	0.9992140830461436	2.225805609793063	1.22659152674692	0.4137270234136574	0.8906769725552377	0.8809693082632425
2	0	0.8209581747479091	2.111056530658284	1	0.2799979731459689	2.436177702492746	0	-2.436177702492746	1	0.07839886496585069	-1.749724939861085
7	2	0.9997430897807129	2.000256910219286	0.7777777777777778	0.3332476965935711	7.001798833673763	0.9998715613889528	-6.00192727228481	0.9990365779706583	0.008268109575445104	-4.310737194911344
2	0	0.8209860423724263	2.111028663033767	1	0.2800074777451326	2.436095008656352	0	-2.436095008656352	0.9999999999999998	0.07840418759319112	-1.749665547039385
6	0	0.9999999999999996	1.991835760775946	1	0.3342429464579451	6.000000000000003	0	-6.000000000000003	0.9999999999999998	0.001394355475926368	-4.309352978817755
4	2	0.8985255079961298	2.002454875776309	0.6666666666666666	0.3097316731344754	4.451737835379548	0.9987740668686196	-3.452963768510929	0.9873112447701046	0.07846508329193913	-2.480006616930391
4	3	0.9209673104236663	2.07903268957633	0.5714285714285714	0.3069891034745558	4.343259478080614	1.442978754033611	-2.900280724047002	0.9681837464549145	0.1352780646160447	-2.083055562929943
5	0	0.8638188861003728	1.338825365944502	1	0.3921735819565175	5.788250384952821	0	-5.788250384952821	0.9999999999999996	0.009276660745023424	-4.157269006423242
3	1	0.7973557479551212	2.202644252044875	0.75	0.2657852493183741	3.762436036478982	0.4539997773456279	-3.308436259133354	0.9950097362686259	0.06013140118370552	-2.376203274754164
2	2	0.9998505567663927	2.000149443233604	0.5	0.3332835189221312	2.000298931140451	0.9999252839661006	-1.00037364717435	0.8889331634025617	0.4073188484546538	-0.7184938593969278
2	0	0.8639105649783643	2.068104140427829	1	0.2946474188500635	2.315054452482692	0	-2.315054452482692	1	0.08681710143500476	-1.662731133488598
3	1	0.8211818389379634	2.076300175162209	0.75	0.283412229978237	3.653271246085895	0.4816259286410144	-3.17164531744488	0.9935482972626468	0.07170239820322366	-2.277956532747412
0	0	0.7973557479551212	1.999999999999997	0	0.2850390939865237	0	0	0	0	0	0
0	3	0.9995022877545783	2.000497712245417	0	0.3331674292515266	0	1.49962680868688	1.49962680868688	0.2965175567916004	0.7034824432083996	1.077070209188295
5	0	0.8638466872935447	2.068168018112649	1	0.2946256325729682	5.788064101588601	0	-5.788064101588601	1	0.002219998289888503	-4.15713521296149
2	0	0.7973557479551212	2.202644252044874	1	0.2657852493183741	2.508290690985988	0	-2.508290690985988	1	0.07064179875523013	-1.801518326823551
5	1	0.9995253483902362	2.000474651609759	0.8333333333333334	0.3331751161300792	5.002374385054507	0.4998813652526471	-4.50249301980186	0.9986321598523792	0.01779361392420553	-3.233805284498215
2	0	0.8209673807956991	2.076514633304474	1	0.2833382146293165	2.436150384028117	0	-2.436150384028117	0.9999999999999999	0.0802805438693287	-1.749705319043264
0	1	0.1799644652051414	2.820035534794854	0	0.05998815506838057	0	0.3546054606977659	0.3546054606977659	0.9400118449316195	0.05998815506838051	0.2546866830604932
2	0	0.7973557479551213	2.202644252044874	1	0.2657852493183742	2.508290690985987	0	-2.508290690985987	1	0.07064179875523013	-1.801518326823551
5	0	1.000506562482127	1.999493437517868	1	0.3335021874940429	4.997468469967501	0	-4.997468469967501	1	0.004125659999038134	-3.589309272933709
0	0	0	1.271941178375207	0	0	0	0	0	0	0	0
2	0	0.9999999999999984	1.797605234881362	1	0.3574485733482716	2.000000000000003	0	-2.000000000000003	1	0.1277694825887146	-1.436450992939253
1	0	0.7973557479551213	1.999999999999997	1	0.2850390939865237	1.254145345492994	0	-1.254145345492994	1	0.2850390939865237	-0.9007591634117754
6	0	0.7973557479551212	2.202644252044875	1	0.2657852493183741	7.524872072957963	0	-7.524872072957963	0.9999999999999999	0.0003525212062474026	-5.404554980470654
13	0	0.9999999999999989	1.999999999999998	1	0.3333333333333334	13.00000000000001	0	-13.00000000000001	0.9999999999999994	6.272254748918016e-07	-9.336931454105143
2	0	0.8639561717001315	2.068058533706062	1	0.2946629735884771	2.31493224484329	0	-2.31493224484329	0.9999999999999998	0.08682626800400373	-1.662643360846117
2	0	1.001519908958128	1.998480091041867	1	0.33383996965271	1.996964795318528	0	-1.996964795318528	1	0.1114491253377223	-1.434271031550014
2	2	1.000710844965869	1.999289155034126	0.5	0.3335702816552903	1.998579319951522	1.000355548852993	-0.9982237710985284	0.8886781558692555	0.4078286488154603	-0.7169497635850225
2	0	0.9999999999999983	1.999999999999997	1	0.3333333333333333	2.000000000000004	0	-2.000000000000004	1	0.1111111111111109	-1.436450992939254
5	3	0.9999999999999986	1.999999999999997	0.625	0.3333333333333334	5.000000000000007	1.500000000000002	-3.500000000000005	0.9803383630544125	0.08794391098917853	-2.513789237643693
7	1	1.794077891708111	1.205790421574816	0.875	0.5980522157470137	3.901725801512119	0.8293315174074412	-3.072394284104678	0.9836351198125859	0.1043548871827807	-2.206671910051522
7	0	0.8631806163046341	2.06883408910156	1	0.2943984607966184	8.109542623845897	0	-8.109542623845897	0.9999999999999999	0.0001916676178994603	-5.82448027715331
5	0	0.7973557479551212	2.202644252044874	1	0.2657852493183741	6.270726727464969	0	-6.270726727464969	1	0.001326338490007739	-4.503795817058878
0	0	0.8209033679187575	1.381740884126117	0	0.3726899462573919	0	0	0	0	0	0
5	0	0.797355747955121	2.202644252044874	1	0.2657852493183742	6.270726727464971	0	-6.270726727464971	1	0.001326338490007517	-4.503795817058879
1	0	0.9999999999999984	1.999999999999997	1	0.3333333333333333	1.000000000000002	0	-1.000000000000002	1	0.3333333333333333	-0.7182254964696267
1	0	0.9216731837819024	2.078326816218093	1	0.3072243945939679	1.084983286479812	0	-1.084983286479812	1	0.3072243945939679	-0.7792626595932087
2	7	0.7973557479551213	2.202644252044875	0.2222222222222222	0.2657852493183741	2.508290690985987	3.177998441419395	0.6697077504334077	0.5565055900734253	0.7359944890053155	0.4810011815445903
3	0	1.79716601311984	1.202619305714266	1	0.599098209407307	1.669294866528255	0	-1.669294866528255	1	0.2150275292338231	-1.198930134266453
2	0	0.9999999999999984	1.999999999999997	1	0.3333333333333333	2.000000000000003	0	-2.000000000000003	1	0.1111111111111109	-1.436450992939253
3	0	0.7973557479551217	2.202644252044875	1	0.2657852493183741	3.76243603647898	0	-3.76243603647898	1	0.01877554809445725	-2.702277490235325
1	1	0.9999999999999986	1.798495858498242	0.5	0.357334815044761	1.000000000000002	0.5560201850200576	-0.443979814979944	0.8723118299569264	0.5869814600464485	-0.3188776230364628
1	0	0.8209124898453636	2.11110221556083	1	0.2799823917430306	1.218156639556515	0	-1.218156639556515	1	0.2799823917430306	-0.8749111572232487
0	0	0	2.999999999999996	0	0	0	0	0	0	0	0
1	1	0.7973557479551212	2.202644252044875	0.5	0.2657852493183741	1.254145345492994	0.4539997773456279	-0.8001455681473659	0.9293582012447699	0.4609286998815179	-0.5746849479306125
2	0	0.8210226670084447	2.076459347091729	1	0.2833572954078948	2.43598633797455	0	-2.43598633797455	1	0.08029135686087696	-1.749587496984996
11	0	1.790750212357617	1.204138959573944	1	0.597935385770108	6.14267692059515	0	-6.14267692059515	0.999999999999999	0.003492985739948162	-4.411827180946963
2	0	0.7973557479551212	2.202644252044874	1	0.2657852493183741	2.508290690985988	0	-2.508290690985988	1	0.07064179875523013	-1.801518326823551
2	0	0.8209946830927579	2.111020022313435	1	0.2800104247700284	2.436069369494364	0	-2.436069369494364	1	0.07840583797989154	-1.749647132339538
1	1	0.8235041724518909	2.073977841648283	0.5	0.2842137305579217	1.21432293053551	0.4821652285374733	-0.7321577019980365	0.9192225553623492	0.4876500164781924	-0.5258543290116
1	0	0.9999999999999984	1.999999999999997	1	0.3333333333333333	1.000000000000002	0	-1.000000000000002	1	0.3333333333333333	-0.7182254964696267
3	3	0.8638677823012343	2.033796134166652	0.5	0.298125596067831	3.472753656825099	1.475074098923514	-1.997679557901586	0.9310079533267818	0.2522260221046301	-1.434784392261088
6	0	0.8630705687414555	2.034411445358718	1	0.2978691721092481	6.951922840735149	0	-6.951922840735149	0.9999999999999997	0.0006984789946168357	-4.993048233705532
2	0	0.8213051260860553	1.381339125958819	1	0.372872344375892	2.435148565955063	0	-2.435148565955063	1	0.1390337852003738	-1.748985787760372
2	0	1.797355747955119	1.202644252044876	1	0.5991185826517075	1.112745766816298	0	-1.112745766816298	0.9999999999999998	0.358943076078591	-0.7992023808161097
8	0	0.9400677891769548	2.058647901744015	1	0.313490135801517	8.510024587699293	0	-8.510024587699293	1.000000000000001	9.328053749357856e-05	-6.112116634469046
1	0	0.8209216265917821	2.111093078814411	1	0.2799855079437788	1.218143081638252	0	-1.218143081638252	1	0.2799855079437787	-0.8749014195806732
0	0	0.7973557479551212	2.202644252044874	0	0.2657852493183741	0	0	0	0	0	0
1	0	0.9999999999999984	1.999999999999997	1	0.3333333333333333	1.000000000000002	0	-1.000000000000002	1	0.3333333333333333	-0.7182254964696267
2	0	0.8639469285867357	2.068067776819458	1	0.2946598211099514	2.314957011620663	0	-2.314957011620663	1	0.08682441017654852	-1.662661148977091
0	0	0.7973557479551212	2.202644252044874	0	0.2657852493183741	0	0	0	0	0	0
0	4	0.01305794067003882	2.986942059329957	0	0.004352646890012945	0	1.33916223366492	1.33916223366492	0.9827027561556814	0.01729724384431863	0.9618204601273597
4	0	0.9999999999999996	1.993938450637206	1	0.3340082024021461	4.000000000000002	0	-4.000000000000002	1	0.01244596365733752	-2.872901985878503
2	0	0.7973557479551211	2.202644252044874	1	0.2657852493183741	2.508290690985988	0	-2.508290690985988	1	0.07064179875523013	-1.801518326823552
4	0	0.9999999999999986	1.999999999999997	1	0.3333333333333334	4.000000000000006	0	-4.000000000000006	1	0.01234567901234573	-2.872901985878507
1	0	0.7973557479551212	2.078326816218093	1	0.2772753007891079	1.254145345492994	0	-1.254145345492994	1	0.277275300789108	-0.9007591634117756
1	1	0.7974415795993878	2.202558420400608	0.5	0.265813859866463	1.25401035710023	0.4540174692928767	-0.7999928878073537	0.9293429919028924	0.4609707116358184	-0.574575289017606
1	2	0.8224371130322384	2.075870014282201	0.3333333333333333	0.2837646518829443	1.215898436675731	0.9634514619122547	-0.2524469747634761	0.8041316759552142	0.632576227139067	-0.1813138537817527
1	0	0.185716751982003	2.814283248017993	1	0.06190558399400107	5.38454387839448	0	-5.38454387839448	1	0.06190558399400103	-3.867316700322359
4	0	0.7973557479551211	1.999999999999997	1	0.2850390939865237	5.016581381971976	0	-5.016581381971976	0.9999999999999998	0.006601121336227922	-3.603036653647103
0	0	0.7973557479551212	2.202644252044874	0	0.2657852493183741	0	0	0	0	0	0
3	1	0.8209640286166077	2.076691696681713	0.75	0.2833200719633757	3.654240497059595	0.4815351270474437	-3.172705370012151	0.9935566848494415	0.0716387615080093	-2.278717889528824
0	0	0.7973557479551212	2.078326816218093	0	0.2772753007891079	0	0	0	0	0	0
2	2	0.7973557479551213	2.202644252044875	0.5	0.2657852493183741	2.508290690985987	0.9079995546912557	-1.600291136294731	0.9398685988162945	0.2886171989698466	-1.149369895861225
1	0	0.7973557479551212	2.202644252044874	1	0.2657852493183741	1.254145345492994	0	-1.254145345492994	1	0.2657852493183741	-0.9007591634117756
6	2	0.9999999999999984	1.999999999999997	0.75	0.3333333333333333	6.00000000000001	1.000000000000002	-5.000000000000008	0.9974089315653105	0.0196616369455872	-3.591127482348134
4	0	0.7973557479551212	2.078326816218093	1	0.2772753007891079	5.016581381971975	0	-5.016581381971975	0.9999999999999996	0.005910779254217902	-3.603036653647103
0	4	0.1786798367260405	2.821320163273955	0	0.05955994557534693	0	1.417775994397696	1.417775994397696	0.7822119956211213	0.2177880043788787	1.018282867459002
2	3	0.9995449073008862	1.933282080961367	0.4	0.3408127759670995	2.000910599805551	1.551765274991937	-0.4491453248136137	0.7789198955680916	0.5537841471098042	-0.3225876239012689
1	0	0.9999999999999984	1.797621301604609	1	0.3574465205231449	1.000000000000002	0	-1.000000000000002	1	0.3574465205231449	-0.7182254964696267
2	0	0.7959678799989988	2.204032120001	1	0.2653226266663331	2.512664204493422	0	-2.512664204493422	0.9999999999999998	0.07039609622112253	-1.804659495733745
5	0	0.8978275551870674	1.999691594192226	1	0.3098607839673466	5.568998156843406	0	-5.568998156843406	1	0.002856492424747503	-3.999796466037285
1	0	0.7973557479551212	2.202644252044874	1	0.2657852493183741	1.254145345492994	0	-1.254145345492994	1	0.2657852493183741	-0.9007591634117756
4	0	0.9999999999999986	1.932259446518999	1	0.3410339426775958	4.000000000000006	0	-4.000000000000006	0.9999999999999999	0.01352665532076636	-2.872901985878507
1	0	0.9999999999999984	1.999999999999997	1	0.3333333333333333	1.000000000000002	0	-1.000000000000002	1	0.3333333333333333	-0.7182254964696267
0	0	0.7973557479551212	1.999999999999997	0	0.2850390939865237	0	0	0	0	0	0
4	4	0.7973986498560205	2.202601350143977	0.5	0.2657995499520071	5.016311478232684	1.816034481109591	-3.200276997123093	0.9646983073162165	0.1368268311783255	-2.298520535099056
4	0	0.7973557479551214	2.202644252044875	1	0.2657852493183741	5.016581381971974	0	-5.016581381971974	1	0.004990263731374123	-3.603036653647101
4	16	0.797755575388258	2.201327531603546	0.2	0.2659998229220255	5.014067119560083	7.268341385048176	2.254274265488093	0.352358101343363	0.819812028303663	1.619077253508886
5	1	0.9994787997006533	2.000521200299347	0.8333333333333334	0.3331595999002178	5.002607360453783	0.4998697338725356	-4.502737626581247	0.9986325420162973	0.01778978942926923	-3.23398096732378
0	0	0.7973557479551212	1.999999999999997	0	0.2850390939865237	0	0	0	0	0	0
3	0	0.9153916083156257	2.024664576843538	1	0.3113517397852279	3.277285888080377	0	-3.277285888080377	1	0.03018240834639629	-2.353830284039427
3	2	0.7973557479551212	2.202644252044874	0.6	0.2657852493183741	3.762436036478982	0.9079995546912558	-2.854436481787726	0.980354035303159	0.1208595559140028	-2.050129059273001
2	0	0.8210038907740509	2.111010814632143	1	0.2800135651639957	2.436042048612436	0	-2.436042048612436	1	0.07840759667585107	-1.749627509785551
1	1	0.9999999999999986	1.999914117900857	0.5	0.3333428760619765	1.000000000000002	0.5000214714467922	-0.4999785285532093	0.8888825269787297	0.5555682791026828	-0.3590973268942816
4	0	1.61965619225348	1.179636923593983	1	0.578594711316304	2.469659930997251	0	-2.469659930997251	1	0.1120721848323443	-1.773772730051642
3	1	0.7973557479551211	2.202644252044874	0.75	0.2657852493183741	3.762436036478982	0.4539997773456279	-3.308436259133354	0.9950097362686259	0.06013140118370552	-2.376203274754164
1	3	0.7976699999098622	2.200961858532096	0.25	0.2660113136810061	1.253651259434354	1.363040430878167	0.1093891714438127	0.7109940770373688	0.7097598678907484	0.07856609196863333
5	0	1.123811573321563	1.73214023020287	1	0.3934980877249766	4.449144428386592	0	-4.449144428386592	1	0.009434374916049926	-3.195488965943028
7	0	0.7973557479551213	2.202644252044875	1	0.2657852493183741	8.779017418450955	0	-8.779017418450955	0.9999999999999999	9.369493669253437e-05	-6.305314143882428
7	1	0.8636818927447218	1.342645712020787	0.875	0.3914567768083176	8.104835887845789	0.7447981184067699	-7.360037769439019	0.9994485952195176	0.007408941290822701	-5.286166780990535
3	0	0.9212015330864862	2.078798466913509	1	0.3070671776954959	3.256616377904299	0	-3.256616377904299	1	0.02895344144849976	-2.338984914831429
12	2	0.8619368135432381	2.035828810683815	0.8571428571428571	0.297448767539007	13.92213421152133	0.9824008725607041	-12.93973333896063	0.9999985542159902	2.299063415922564e-05	-9.293646401559563
7	2	0.9997341996905433	1.94073960539698	0.7777777777777778	0.3399908538415924	7.001861096846314	1.030534954013523	-5.97132614283279	0.9988787496876605	0.009356429391997101	-4.288758683518135
0	6	0.9987205589420011	2.001279441057994	0	0.3329068529806675	0	2.998082065355174	2.998082065355174	0.08812900670927606	0.911870993290724	2.1532989798464
4	0	0.8639104587687007	2.068104246637493	1	0.2946473826259397	4.630109474193715	0	-4.630109474193715	1	0.007537205395061197	-3.325462675811498
9	2	1.787484120586904	1.211462101287947	0.8181818181818182	0.5960374039216425	5.035009763916074	1.650897702762415	-3.384112061153659	0.971481055438565	0.1137320962971242	-2.430555565230935
4	0	0.8638647903643437	2.033617223735829	1	0.2981432796339967	4.630354245961292	0	-4.630354245961292	1	0.007901328132982832	-3.325638477135787
2	1	0.9999999999999986	1.798633961565466	0.6666666666666666	0.3573171817870141	2.000000000000003	0.555977492568658	-1.444022507431345	0.9543793257161801	0.2917853566330031	-1.037133782313191
6	3	0.9990373645607074	1.991225010205344	0.6666666666666666	0.3340968916277351	6.005781377995102	1.506610244761152	-4.49917113323395	0.9916007589998128	0.0428935161192443	-3.231419420868761
0	0	0.7973557479551212	1.999999999999997	0	0.2850390939865237	0	0	0	0	0	0
1	0	0.8209582715770413	2.076523742523132	1	0.2833350707897297	1.21808870757709	0	-1.21808870757709	1	0.2833350707897297	-0.8748623667436001
1	0	0.7973557479551212	2.202644252044875	1	0.2657852493183741	1.254145345492994	0	-1.254145345492994	1	0.2657852493183741	-0.9007591634117756
0	1	0.002127436233852712	1.273490077092708	0	0.001667769697128707	0	0.7852436528464618	0.7852436528464618	0.9983322303028713	0.001667769697128674	0.5639820124152723
2	3	0.9217245313405316	2.078275468659463	0.4	0.3072415104468444	2.169845688159404	1.443504504210441	-0.7263411839489633	0.8272083379119723	0.4866295359353819	-0.5216767574480798
3	1	1.796356495290303	1.202708079932702	0.75	0.598972262928593	1.67004712475804	0.8314569567504322	-0.838590168007608	0.8712856859479436	0.4734248343063028	-0.6022968397518109
0	1	0.002127436233852712	1.273490077092708	0	0.001667769697128707	0	0.7852436528464618	0.7852436528464618	0.9983322303028713	0.001667769697128674	0.5639820124152723
3	1	0.9210870786321106	2.078912921367885	0.75	0.3070290262107039	3.257021045670562	0.4810206284840535	-2.776000417186508	0.991113766093573	0.0891119016806553	-1.993794277833668
1	0	0.9999999999999984	1.99991404734674	1	0.3333428839017719	1.000000000000002	0	-1.000000000000002	1	0.3333428839017718	-0.7182254964696267
0	0	0.7973557479551212	2.202644252044874	0	0.2657852493183741	0	0	0	0	0	0
0	0	0.9999999999999984	1.999999999999997	0	0.3333333333333333	0	0	0	0	0	0
0	8	0.1815499955738011	2.818450004426195	0	0.06051666519126712	0	2.838439563389989	2.838439563389989	0.6068937228386627	0.3931062771613373	2.038639664614802
0	0	0.9999999999999984	1.797355747955119	0	0.3574804530067382	0	0	0	0	0	0
1	1	0.7973557479551212	2.07837949310955	0.5	0.2772702217398565	1.254145345492994	0.4811440852429978	-0.773001260249996	0.9231212241363306	0.477661667616044	-0.5551892139146997
1	3	0.7976563367284109	2.202343663271585	0.25	0.2658854455761374	1.253672733424901	1.362185225689753	0.1085124922648517	0.7112105220018172	0.7095607292709103	0.07793643863007953
5	0	1.661456025713633	1.214225415393579	1	0.5777608054784847	3.009408568518922	0	-3.009408568518922	0.9999999999999999	0.06437843021217948	-2.161433963204448
1	0	0.9999999999999984	1.999999999999997	1	0.3333333333333333	1.000000000000002	0	-1.000000000000002	1	0.3333333333333333	-0.7182254964696267
1	1	0.7973557479551213	2.078353133427669	0.5	0.27727276328879	1.254145345492994	0.4811501875770151	-0.7729951579159785	0.9231198147381987	0.4776653413157785	-0.5551848310628202
1	4	0.9986555321877949	2.001344467812201	0.2	0.332885177395932	1.001346277839426	1.998656435377493	0.9973101575380665	0.4617908932362502	0.867869538560844	0.7162935830319783
2	8	0.9999999999999987	1.999999999999997	0.2	0.3333333333333333	2.000000000000003	4.000000000000005	2.000000000000003	0.2991413910481129	0.8959508205050042	1.436450992939253
4	0	1.661622557927458	1.213945357002911	1	0.5778415280334959	2.407285566097033	0	-2.407285566097033	1	0.1114897652898044	-1.728973870854205
1	1	1.66131760859139	1.214496811668612	0.5	0.5776859580672074	0.601931861089396	0.8233862702579577	0.2214544091685617	0.6662789338519728	0.8216508499863875	0.1590542029704779
5	0	0.9999999999999984	1.999179447186033	1	0.3334245308123343	5.000000000000008	0	-5.000000000000008	1	0.00412085889266689	-3.591127482348134
1	0	0.7973557479551212	2.202644252044874	1	0.2657852493183741	1.254145345492994	0	-1.254145345492994	1	0.2657852493183741	-0.9007591634117756
4	1	0.9213917122111697	2.078608287788826	0.8	0.307130570737057	4.341258931449188	0.4810911251892372	-3.86016780625995	0.9972671535296151	0.03355859217284629	-2.772470939107119
0	4	0.004369200480987527	2.995630799519008	0	0.001456400160329178	0	1.335278032473914	1.335278032473914	0.9941871136150544	0.005812886384945593	0.959030727798562
0	0	0	1.271941178375207	0	0	0	0	0	0	0	0
3	1	0.9999999999999986	1.999999999999997	0.75	0.3333333333333334	3.000000000000004	0.5000000000000008	-2.500000000000004	0.9876543209876543	0.1111111111111112	-1.795563741174067
1	0	0.7973557479551211	2.078326816218093	1	0.2772753007891079	1.254145345492994	0	-1.254145345492994	1	0.277275300789108	-0.9007591634117758
0	0	0.8209033679187575	1.381740884126117	0	0.3726899462573919	0	0	0	0	0	0
10	5	0.8415412471384027	2.056179578729189	0.6666666666666666	0.2904148804212156	11.88295883773284	2.431694221518445	-9.451264616214397	0.9995067267036671	0.00279878049009008	-6.78813922124639
0	0	0.9999999999999984	1.999999999999997	0	0.3333333333333333	0	0	0	0	0	0
0	0	0.7973557479551212	2.202644252044874	0	0.2657852493183741	0	0	0	0	0	0
0	0	0.9216731837819023	2.078326816218093	0	0.3072243945939679	0	0	0	0	0	0
2	0	0.9405532003073935	2.059316395959093	1	0.3135313619891902	2.126408159949225	0	-2.126408159949225	1	0.09830191495079665	-1.527240556376595
0	0	0.7973557479551212	2.078326816218093	0	0.2772753007891079	0	0	0	0	0	0
2	1	0.7973557479551211	2.202644252044875	0.6666666666666666	0.2657852493183741	2.508290690985988	0.4539997773456279	-2.05429091364036	0.9812244519055427	0.1743743000767762	-1.475444111342388
2	0	0.9216731837819024	2.078326816218093	1	0.3072243945939679	2.169966572959623	0	-2.169966572959623	1	0.09438682863363002	-1.558525319186417
0	0	0.7973557479551212	2.078326816218093	0	0.2772753007891079	0	0	0	0	0	0
1	0	0.9216731837819023	2.078326816218093	1	0.3072243945939679	1.084983286479812	0	-1.084983286479812	1	0.3072243945939679	-0.779262659593209