Observed S Changes	Observed NS Changes	E[S Sites]	E[NS Sites]	Observed S. Prop.	P{S}	dS	dN	dN-dS	P{S leq. observed}	P{S geq. observed}	Scaled dN-dS
0	0	0	2.999999999999998	0	0	0	0	0	0	0	0
0	0	0.8676364190928126	2.032265232886128	0	0.2991951187381556	0	0	0	0	0	0
4	0	0.9999999999999998	2	1	0.3333333333333334	4.000000000000001	0	-4.000000000000001	1	0.01234567901234573	-3.15153528424224
0	2	0.9236952696359633	2.076304730364035	0	0.307898423211988	0	0.9632497440052277	0.9632497440052277	0.4790045925924526	0.5209954074075474	0.7589288889424449
0	0	0.9238028955873437	2.076197104412655	0	0.3079342985291147	0	0	0	0	0	0
3	0	0.9999999999999993	1.999999999999999	1	0.3333333333333333	3.000000000000002	0	-3.000000000000002	1	0.03703703703703698	-2.363651463181681
0	0	1.670327187139531	1.208560685319842	0	0.5801987646405298	0	0	0	0	0	0
0	0	0.8026907680467188	2.197309231953279	0	0.2675635893489064	0	0	0	0	0	0
0	0	0.8026907680467188	1.999999999999999	0	0.2864000471254768	0	0	0	0	0	0
0	0	0.9238028955873437	2.076197104412655	0	0.3079342985291147	0	0	0	0	0	0
0	0	1.802690768046718	1.19730923195328	0	0.6008969226822397	0	0	0	0	0	0
0	0	0.8026907680467188	2.076197104412655	0	0.278819739985565	0	0	0	0	0	0
4	0	1.802375245938068	1.197336052641171	1	0.6008495706875965	2.219293684272805	0	-2.219293684272805	0.9999999999999997	0.1303355895702354	-1.748545588020426
0	2	0.9995761981501176	2.000423801849881	0	0.3331920660500393	0	0.9997881439675487	0.9997881439675487	0.444632820778615	0.555367179221385	0.7877169031201974
3	4	0.8062815210601441	2.193718478939854	0.4285714285714285	0.2687605070200481	3.720784765171639	1.823388022848336	-1.897396742323303	0.9108220559237479	0.2834466981719823	-1.494928195409543
3	0	0.9999999999999997	1.999999999999999	1	0.3333333333333333	3.000000000000001	0	-3.000000000000001	1	0.03703703703703698	-2.363651463181681
0	0	0.8256139184020269	1.371695313551253	0	0.3757386108409075	0	0	0	0	0	0
1	2	0.8257628211722425	2.075621959255374	0.3333333333333333	0.2846098961925824	1.211001481733475	0.9635666028111866	-0.2474348789222881	0.8031000139879413	0.6338755060555892	-0.1949499378689493
1	6	0.9801482212563839	2.019851778743615	0.1428571428571428	0.3267160737521281	1.02025385376731	2.970514996764817	1.950261142997506	0.275755816408274	0.9372826463962319	1.53657920141081
1	0	0.9999999999999997	1.999999999999999	1	0.3333333333333333	1	0	-1	1	0.3333333333333333	-0.7878838210605602
0	1	0.9979175274494125	1.935900682096992	0	0.3401429318975084	0	0.516555425207448	0.516555425207448	0.6598570681024916	0.3401429318975084	0.4069856622020064
0	1	0.8038936463081087	2.196106353691889	0	0.2679645487693697	0	0.455351353234279	0.455351353234279	0.7320354512306303	0.2679645487693697	0.3587639641113204
0	0	0.8026907680467188	2.197309231953279	0	0.2675635893489064	0	0	0	0	0	0
1	1	0.8026907680467195	2.197309231953282	0.5	0.2675635893489064	1.24580976860294	0.4551020791511705	-0.7907076894517699	0.9284097256547299	0.4635369043525425	-0.622985795707227
0	0	0.8026907680467188	2.197309231953279	0	0.2675635893489064	0	0	0	0	0	0
1	0	0.9999999999999993	1.999999999999999	1	0.3333333333333333	1.000000000000001	0	-1.000000000000001	1	0.3333333333333333	-0.7878838210605604
0	0	0.9999999999999994	1.999999999999999	0	0.3333333333333334	0	0	0	0	0	0
2	0	0.9999999999999996	1.999999999999999	1	0.3333333333333333	2.000000000000001	0	-2.000000000000001	1	0.1111111111111109	-1.57576764212112
0	0	1.802690768046718	1.19730923195328	0	0.6008969226822397	0	0	0	0	0	0
1	0	0.8026907680467188	2.076197104412655	1	0.278819739985565	1.245809768602941	0	-1.245809768602941	1	0.278819739985565	-0.9815533608014573
0	0	0.9999999999999994	1.999999999999999	0	0.3333333333333334	0	0	0	0	0	0
1	0	0.9999999999999996	1.999920033351477	1	0.3333422187533482	1	0	-1	1	0.3333422187533481	-0.7878838210605602
0	0	0.8026907680467188	2.197309231953279	0	0.2675635893489064	0	0	0	0	0	0
0	0	0.8026907680467188	2.197309231953279	0	0.2675635893489064	0	0	0	0	0	0
0	0	0.9999999999999994	1.999999999999999	0	0.3333333333333334	0	0	0	0	0	0
1	0	0.9999999999999999	2	1	0.3333333333333334	1	0	-1	1	0.3333333333333334	-0.7878838210605601
0	0	0.9999999999999994	1.999999999999999	0	0.3333333333333334	0	0	0	0	0	0
1	0	0.8026907680467188	2.197309231953279	1	0.2675635893489064	1.245809768602941	0	-1.245809768602941	1	0.2675635893489064	-0.9815533608014573
1	0	0.9999999999999993	1.93402877593984	1	0.3408282864164054	1.000000000000001	0	-1.000000000000001	1	0.3408282864164054	-0.7878838210605604
4	0	0.9999999999999993	1.999999999999999	1	0.3333333333333333	4.000000000000003	0	-4.000000000000003	1	0.01234567901234551	-3.151535284242242
0	0	0.1743860815979726	2.825613918402026	0	0.05812869386599091	0	0	0	0	0	0
0	0	0.9999999999999994	1.999999999999999	0	0.3333333333333334	0	0	0	0	0	0
0	1	0.8257322243166965	2.074169427662245	0	0.2847449063499112	0	0.4821206921013585	0.4821206921013585	0.7152550936500888	0.2847449063499112	0.37985509310518
0	0	0.9999999999999994	1.999999999999999	0	0.3333333333333334	0	0	0	0	0	0
2	0	0.917814700722802	2.082185299277197	1	0.3059382335742674	2.179089088924976	0	-2.179089088924976	1	0.09359820276254305	-1.716869037813584
3	1	0.9992051517030717	2.000794848296926	0.75	0.3330683839010241	3.002386441749946	0.499801366867372	-2.502585074882574	0.9876935259813964	0.1108757409010026	-1.97174629132761
1	1	0.8026907680467187	2.197309231953279	0.5	0.2675635893489064	1.245809768602941	0.455102079151171	-0.7907076894517704	0.9284097256547297	0.4635369043525427	-0.6229857957072275
0	0	0.8026907680467188	2.197309231953279	0	0.2675635893489064	0	0	0	0	0	0
0	2	0.9615882431527903	1.235720988800491	0	0.4376208087461562	0	1.618488330396809	1.618488330396809	0.3162703547553274	0.6837296452446726	1.275180770094964
0	0	0.9238028955873437	2.076197104412655	0	0.3079342985291147	0	0	0	0	0	0
0	0	0.8256139184020269	2.108204291144378	0	0.2814127731962214	0	0	0	0	0	0
1	0	0.9999999999999993	1.999999999999999	1	0.3333333333333333	1.000000000000001	0	-1.000000000000001	1	0.3333333333333333	-0.7878838210605604
0	0	0.9999999999999994	1.999999999999999	0	0.3333333333333334	0	0	0	0	0	0
0	0	0.8026907680467188	2.197309231953279	0	0.2675635893489064	0	0	0	0	0	0
1	0	0.9999999999999996	1.999999999999999	1	0.3333333333333333	1	0	-1	1	0.3333333333333333	-0.7878838210605602
1	0	0.9999999999999994	1.999999999999999	1	0.3333333333333334	1.000000000000001	0	-1.000000000000001	1	0.3333333333333334	-0.7878838210605604
3	0	0.8672349919362347	2.06658321761017	1	0.295599430501291	3.459270010890637	0	-3.459270010890637	1	0.02582918952898949	-2.725502874260719
3	0	1.790682448472644	1.198329988922625	1	0.599088322975701	1.675338920398108	0	-1.675338920398108	1	0.2150168841350062	-1.319972430174734
0	1	0.9998787299769277	2.000121270023071	0	0.3332929099923094	0	0.4999696843324232	0.4999696843324232	0.6667070900076906	0.3332929099923094	0.3939180253062716
1	0	0.8676029842781734	1.329706247675106	1	0.3948479220227574	1.152600922450697	0	-1.152600922450697	1	0.3948479220227574	-0.908115618938381
1	3	0.8026907680467192	2.197309231953281	0.25	0.2675635893489064	1.245809768602941	1.365306237453512	0.1194964688505711	0.7083224579162331	0.7122073470083469	0.09414933448123211
2	0	0.9999999999999993	1.999999999999999	1	0.3333333333333333	2.000000000000001	0	-2.000000000000001	1	0.1111111111111109	-1.575767642121121
1	0	0.9999999999999994	1.802994150188765	1	0.3567613581828757	1.000000000000001	0	-1.000000000000001	1	0.3567613581828757	-0.7878838210605604
0	2	0.6174635803379466	2.382536419662054	0	0.2058211934459822	0	0.8394415226960878	0.8394415226960878	0.6307199767795642	0.3692800232204358	0.6613823944586884
3	0	0.9999999999999997	1.999209904810592	1	0.3334211448141882	3.000000000000001	0	-3.000000000000001	1	0.03706631524218862	-2.363651463181681
0	3	0.8364239644364423	2.097123418972191	0	0.2851237273912924	0	1.430530970595098	1.430530970595098	0.3653361502279281	0.6346638497720719	1.127092207257937
0	0	0.1743860815979726	2.825613918402026	0	0.05812869386599091	0	0	0	0	0	0
2	0	0.8026907680467188	2.076197104412655	1	0.278819739985565	2.491619537205882	0	-2.491619537205882	1	0.07774044740561803	-1.963106721602915
0	7	0.8027638893248986	2.197025001074755	0	0.2676067945627829	0	3.186126692493573	3.186126692493573	0.1130342732211685	0.8869657267788316	2.51029767286488
1	0	0.8026907680467188	2.197309231953279	1	0.2675635893489064	1.245809768602941	0	-1.245809768602941	1	0.2675635893489064	-0.9815533608014573
2	0	0.9999999999999993	1.999999999999999	1	0.3333333333333333	2.000000000000001	0	-2.000000000000001	1	0.1111111111111109	-1.575767642121121
1	0	0.8026907680467189	2.197309231953279	1	0.2675635893489064	1.245809768602941	0	-1.245809768602941	1	0.2675635893489064	-0.9815533608014573
0	2	0.8687111712751917	1.334983914688697	0	0.3942066108910982	0	1.498145391861427	1.498145391861427	0.3669856302880493	0.6330143697119507	1.180364515844051
1	1	0.9239246083203294	2.07607539167967	0.5	0.3079748694401099	1.082339393273628	0.4816780758578039	-0.6006613174158244	0.9051514797933472	0.5211012186735671	-0.4732513339288495
0	0	0.9999999999999994	1.999999999999999	0	0.3333333333333334	0	0	0	0	0	0
0	0	0.8026907680467188	2.197309231953279	0	0.2675635893489064	0	0	0	0	0	0
0	0	0.9999999999999994	1.933818209546405	0	0.3408527483898222	0	0	0	0	0	0
1	2	0.8259817643417375	2.105323841322485	0.3333333333333333	0.2817794783135801	1.210680481302085	0.9499726173925221	-0.2607078639095627	0.8065473744646325	0.6295126105750465	-0.2054075079976027
2	0	0.8026907680467187	2.197309231953279	1	0.2675635893489064	2.491619537205883	0	-2.491619537205883	0.9999999999999999	0.07159027434527032	-1.963106721602915
1	0	0.8026907680467187	2.076197104412655	1	0.2788197399855649	1.245809768602941	0	-1.245809768602941	1	0.278819739985565	-0.9815533608014574
1	0	0.9999999999999993	1.999999999999999	1	0.3333333333333333	1.000000000000001	0	-1.000000000000001	1	0.3333333333333333	-0.7878838210605604
0	0	1.802690768046718	1.19730923195328	0	0.6008969226822397	0	0	0	0	0	0
0	0	0.1743860815979726	2.825613918402026	0	0.05812869386599091	0	0	0	0	0	0
0	0	0.8026907680467188	2.197309231953279	0	0.2675635893489064	0	0	0	0	0	0
0	0	0.9999999999999994	1.999999999999999	0	0.3333333333333334	0	0	0	0	0	0
0	0	1.802690768046718	1.19730923195328	0	0.6008969226822397	0	0	0	0	0	0
0	0	1.670327187139531	1.208560685319842	0	0.5801987646405298	0	0	0	0	0	0
2	0	0.9999999999999994	1.934134254511035	1	0.3408160340524864	2.000000000000001	0	-2.000000000000001	1	0.1161555690672655	-1.575767642121121
2	0	0.8026907680467188	2.197309231953279	1	0.2675635893489064	2.491619537205882	0	-2.491619537205882	0.9999999999999999	0.07159027434527032	-1.963106721602915
0	0	0.9999999999999994	1.999999999999999	0	0.3333333333333334	0	0	0	0	0	0
2	0	0.867502515296153	1.329806716657127	1	0.3948021983801497	2.305468819669334	0	-2.305468819669334	0.9999999999999998	0.1558687758457993	-1.816441582977054
1	0	0.8026907680467189	2.076197104412655	1	0.278819739985565	1.245809768602941	0	-1.245809768602941	1	0.278819739985565	-0.9815533608014573
0	0	0.8026907680467188	2.197309231953279	0	0.2675635893489064	0	0	0	0	0	0
0	1	0.997643654091254	2.002356345908745	0	0.3325478846970847	0	0.4994116067518253	0.4994116067518253	0.6674521153029153	0.3325478846970847	0.3934783250096218
2	0	0.8026907680467192	2.197309231953281	1	0.2675635893489064	2.491619537205881	0	-2.491619537205881	1	0.0715902743452701	-1.963106721602913
0	0	0.8256139184020269	1.371695313551253	0	0.3757386108409075	0	0	0	0	0	0
1	0	0.802690768046719	2.19730923195328	1	0.2675635893489064	1.245809768602941	0	-1.245809768602941	1	0.2675635893489063	-0.9815533608014571
1	0	0.8675361719094802	2.032365480069461	1	0.299160549571555	1.152689688775699	0	-1.152689688775699	1	0.299160549571555	-0.9081855564897052
1	2	0.8277874898305503	2.073076590919086	0.3333333333333333	0.2853589367815658	1.208039517732627	0.964749690754702	-0.2432898269779253	0.8021842298385653	0.6350243410623215	-0.1916841185045303
0	0	0	1.264727161814373	0	0	0	0	0	0	0	0
0	0	0.8026907680467188	2.197309231953279	0	0.2675635893489064	0	0	0	0	0	0
1	0	0.9999999999999994	1.999999999999999	1	0.3333333333333334	1.000000000000001	0	-1.000000000000001	1	0.3333333333333334	-0.7878838210605604
0	0	0.8026907680467188	2.197309231953279	0	0.2675635893489064	0	0	0	0	0	0
1	1	0.9997572871510712	2.000242712848927	0.5	0.3332524290503572	1.000242771772758	0.4999393291505656	-0.500303442622192	0.8889428185320367	0.5554476766327511	-0.3941809880629252
0	0	0.8256139184020269	2.108204291144378	0	0.2814127731962214	0	0	0	0	0	0
3	0	1.090499615848225	1.312354126650299	1	0.4538352029342855	2.751032605973461	0	-2.751032605973461	1	0.09347479904882916	-2.16749408145656
1	0	0.8026907680467188	2.19730923195328	1	0.2675635893489064	1.245809768602941	0	-1.245809768602941	1	0.2675635893489063	-0.9815533608014573
0	2	0.8273876259152566	2.072514026063685	0	0.28531575384656	0	0.9650115631779774	0.9650115631779774	0.5107735716999108	0.4892264283000892	0.7603169977642887
0	0	0.9999999999999994	1.999999999999999	0	0.3333333333333334	0	0	0	0	0	0
0	2	0.802690768046719	2.023717075328124	0	0.2839967947047142	0	0.988280439189219	0.988280439189219	0.5126605899931233	0.4873394100068767	0.7786501687078101
1	0	0.8026907680467188	2.197309231953279	1	0.2675635893489064	1.245809768602941	0	-1.245809768602941	1	0.2675635893489064	-0.9815533608014573
0	0	0.8026907680467188	2.197309231953279	0	0.2675635893489064	0	0	0	0	0	0
0	0	0.8026907680467188	2.076197104412655	0	0.278819739985565	0	0	0	0	0	0
0	0	0.8026907680467188	1.999999999999999	0	0.2864000471254768	0	0	0	0	0	0
1	0	0.9999999999999996	1.999999999999999	1	0.3333333333333333	1	0	-1	1	0.3333333333333333	-0.7878838210605602
0	0	0.8026907680467188	1.999999999999999	0	0.2864000471254768	0	0	0	0	0	0
0	0	0.8026907680467188	2.197309231953279	0	0.2675635893489064	0	0	0	0	0	0
0	0	0.9999999999999994	1.999999999999999	0	0.3333333333333334	0	0	0	0	0	0
1	1	0.9999999999999993	1.999710821800987	0.5	0.3333654673418195	1.000000000000001	0.5000723050042687	-0.499927694995732	0.8888674651839703	0.5555983998676093	-0.3938849425872354
0	0	0.8026907680467188	2.197309231953279	0	0.2675635893489064	0	0	0	0	0	0
0	0	0.8026907680467188	1.999999999999999	0	0.2864000471254768	0	0	0	0	0	0
0	1	0.9999999999999994	1.999999999999999	0	0.3333333333333334	0	0.5000000000000003	0.5000000000000003	0.6666666666666666	0.3333333333333334	0.3939419105302802
0	0	0.9999999999999994	1.999999999999999	0	0.3333333333333334	0	0	0	0	0	0
0	0	0.9999999999999994	1.999999999999999	0	0.3333333333333334	0	0	0	0	0	0
0	0	0.9419241526697277	2.05807584733027	0	0.3139747175565761	0	0	0	0	0	0
0	0	0.9999999999999994	1.802690768046718	0	0.3567999764372616	0	0	0	0	0	0
1	0	1.80102504660559	1.197090271915328	1	0.6007190702371324	0.555239363208585	0	-0.555239363208585	1	0.6007190702371324	-0.437464111088012
0	1	0.9993911490897726	2.000608850910226	0	0.3331303830299243	0	0.4998478335957703	0.4998478335957703	0.6668696169700756	0.3331303830299244	0.3938220210822784
0	0	0.9999999999999994	1.999999999999999	0	0.3333333333333334	0	0	0	0	0	0
0	1	0.9999999999999994	1.804888668114011	0	0.3565203893359494	0	0.5540507941938234	0.5540507941938234	0.6434796106640506	0.3565203893359494	0.4365276567910675
1	0	0.9999999999999994	1.999999999999999	1	0.3333333333333334	1.000000000000001	0	-1.000000000000001	1	0.3333333333333334	-0.7878838210605604
2	0	0.9999999999999992	1.999947218907475	1	0.3333391980023505	2.000000000000002	0	-2.000000000000002	1	0.1111150209248501	-1.575767642121121
0	0	0.9999999999999994	1.999999999999999	0	0.3333333333333334	0	0	0	0	0	0
2	0	1.80163761037069	1.197398754723805	1	0.6007388344268787	1.110101159349408	0	-1.110101159349408	0.9999999999999999	0.3608871471885648	-0.874630743191969
3	0	0.866934032885793	2.066884176660612	1	0.2954968477817952	3.46047090805029	0	-3.46047090805029	1	0.02580230812636342	-2.726449041703568
0	0	0.8026907680467188	2.197309231953279	0	0.2675635893489064	0	0	0	0	0	0
0	1	0.8026907680467188	2.197309231953279	0	0.2675635893489064	0	0.455102079151171	0.455102079151171	0.7324364106510936	0.2675635893489064	0.3585675650942299
0	2	0.8026907680467186	2.197309231953279	0	0.2675635893489064	0	0.910204158302342	0.910204158302342	0.5364630956474573	0.4635369043525427	0.71713513018846
0	0	0.8256139184020269	2.108204291144378	0	0.2814127731962214	0	0	0	0	0	0
0	0	0.8026907680467188	2.197309231953279	0	0.2675635893489064	0	0	0	0	0	0
0	0	0.8026907680467188	2.197309231953279	0	0.2675635893489064	0	0	0	0	0	0
0	0	0.8026907680467188	2.197309231953279	0	0.2675635893489064	0	0	0	0	0	0
0	0	0	1.264727161814373	0	0	0	0	0	0	0	0
0	2	0.9999999999999996	1.999999999999999	0	0.3333333333333333	0	1	1	0.4444444444444445	0.5555555555555555	0.7878838210605602
1	0	0.9999999999999993	1.933923407251212	1	0.3408405268959962	1.000000000000001	0	-1.000000000000001	1	0.3408405268959962	-0.7878838210605604
0	0	0.9999999999999994	1.999999999999999	0	0.3333333333333334	0	0	0	0	0	0
0	0	0.9999999999999994	1.999999999999999	0	0.3333333333333334	0	0	0	0	0	0
0	0	0.8256139184020269	1.371695313551253	0	0.3757386108409075	0	0	0	0	0	0
2	1	0.8026907680467191	2.19730923195328	0.6666666666666666	0.2675635893489064	2.491619537205882	0.4551020791511708	-2.036517458054711	0.9808450492337066	0.1764609215032238	-1.604539156508684
0	0	0.9999999999999994	1.933818209546405	0	0.3408527483898222	0	0	0	0	0	0
0	1	0.9997223797705098	2.000118265044175	0	0.3332584954132681	0	0.4999704354871805	0.4999704354871805	0.666741504586732	0.333258495413268	0.3939186171289519
1	0	0.8026907680467193	2.197309231953281	1	0.2675635893489064	1.245809768602941	0	-1.245809768602941	1	0.2675635893489063	-0.9815533608014567
0	0	0.9999999999999994	1.999999999999999	0	0.3333333333333334	0	0	0	0	0	0
0	3	0.9999999999999997	1.999999999999999	0	0.3333333333333333	0	1.5	1.5	0.2962962962962963	0.7037037037037037	1.18182573159084
0	0	0.8026907680467188	2.076197104412655	0	0.278819739985565	0	0	0	0	0	0
0	4	0.2302037618386004	2.760960541572925	0	0.07696125604870489	0	1.448771157635303	1.448771157635303	0.725904890911428	0.274095109088572	1.141463355520034
1	0	0.941890756596321	2.05802969335969	1	0.3139719110252182	1.06169424956846	0	-1.06169424956846	1	0.3139719110252182	-0.8364917221480218
0	8	0.9167841396534988	1.989338619102776	0	0.3154664189223212	0	4.021437035997486	4.021437035997486	0.04821232383367159	0.9517876761663284	3.168425178076152
1	0	0.9999999999999994	1.999685563055097	1	0.3333682744339134	1.000000000000001	0	-1.000000000000001	1	0.3333682744339134	-0.7878838210605604
0	3	0.8037683846920588	2.191525994818324	0	0.2683437027726952	0	1.368909156037046	1.368909156037046	0.3916709347929528	0.6083290652070472	1.078541376543254
1	3	0.8026907680467193	2.197309231953281	0.25	0.2675635893489064	1.245809768602941	1.365306237453512	0.1194964688505711	0.7083224579162331	0.7122073470083469	0.09414933448123211
0	0	0.8026907680467188	2.197309231953279	0	0.2675635893489064	0	0	0	0	0	0
0	0	0.8026907680467188	2.197309231953279	0	0.2675635893489064	0	0	0	0	0	0
1	0	0.8026907680467187	2.197309231953279	1	0.2675635893489064	1.245809768602941	0	-1.245809768602941	1	0.2675635893489063	-0.9815533608014574
1	0	0.8026907680467188	2.197309231953279	1	0.2675635893489064	1.245809768602941	0	-1.245809768602941	1	0.2675635893489064	-0.9815533608014573
0	0	0.8999016519789421	1.999999999999999	0	0.3103214384407949	0	0	0	0	0	0
4	0	1.653055365991068	1.192050449499522	1	0.5810171829078443	2.419761662127906	0	-2.419761662127906	1	0.1139609091686913	-1.906491064413186
0	0	0.8026907680467188	2.197309231953279	0	0.2675635893489064	0	0	0	0	0	0
0	0	0	1.264727161814373	0	0	0	0	0	0	0	0
0	0	1.670327187139531	1.208560685319842	0	0.5801987646405298	0	0	0	0	0	0
0	0	0.9999999999999994	1.999999999999999	0	0.3333333333333334	0	0	0	0	0	0
1	0	0.8026907680467189	2.19730923195328	1	0.2675635893489064	1.245809768602941	0	-1.245809768602941	1	0.2675635893489063	-0.9815533608014573
1	5	1.572219365836332	1.231256997646027	0.1666666666666667	0.5608106372202077	0.6360435583796897	4.060890626050637	3.424847067670947	0.06215923270495886	0.9928235299384569	2.69838159422464
0	3	0.8082660587308322	2.169980404461203	0	0.2713899164223454	0	1.38250096352593	1.38250096352593	0.3867991687206396	0.6132008312793604	1.089250141762715
0	3	0.8064625459562678	2.151762436042703	0	0.2726170426061761	0	1.39420595403519	1.39420595403519	0.3848481151788974	0.6151518848211026	1.098472314410629
2	2	0.8601971571745937	2.060416291661487	0.5	0.2945261919263566	2.325048372130415	0.9706776286394203	-1.354370743490995	0.9203789413025378	0.3386575111740778	-1.067086796514316
1	0	0.8026907680467188	1.999999999999999	1	0.2864000471254768	1.245809768602941	0	-1.245809768602941	1	0.2864000471254768	-0.9815533608014573
0	1	0.9999999999999994	1.998424471671976	0	0.3335084840214039	0	0.5003941926128201	0.5003941926128201	0.666491515978596	0.333508484021404	0.3942524885123025
0	0	0.9999999999999994	1.999999999999999	0	0.3333333333333334	0	0	0	0	0	0
3	0	1.668652900782901	1.207199079708224	1	0.5802290632836867	1.797857420553103	0	-1.797857420553103	1	0.1953432619756944	-1.416502774227461
1	0	0.8026907680467188	2.197309231953279	1	0.2675635893489064	1.245809768602941	0	-1.245809768602941	1	0.2675635893489064	-0.9815533608014573
1	0	0.9999999999999994	1.999999999999999	1	0.3333333333333334	1.000000000000001	0	-1.000000000000001	1	0.3333333333333334	-0.7878838210605604
0	0	0.9999999999999994	1.999999999999999	0	0.3333333333333334	0	0	0	0	0	0
0	1	0.002387689861319829	2.997612310138679	0	0.0007958966204399434	0	0.3335988435254781	0.3335988435254781	0.99920410337956	0.0007958966204399953	0.2628371315382375
1	0	0.9999999999999994	1.999999999999999	1	0.3333333333333334	1.000000000000001	0	-1.000000000000001	1	0.3333333333333334	-0.7878838210605604
0	0	0.8026907680467188	2.197309231953279	0	0.2675635893489064	0	0	0	0	0	0
0	1	0.8032592728631015	2.195864511531305	0	0.2678313169475592	0	0.4554015034846761	0.4554015034846761	0.7321686830524408	0.2678313169475592	0.3588034766822304
2	0	0.8261485086380375	2.107669700908367	1	0.281594989747428	2.420872251282203	0	-2.420872251282203	1	0.07929573825085412	-1.907366079639702
0	5	0.8253935161690924	1.481261554832416	0	0.357831357859119	0	3.375501094785167	3.375501094785167	0.1092057417829479	0.890794258217052	2.65950270055344
0	0	0.8026907680467188	2.197309231953279	0	0.2675635893489064	0	0	0	0	0	0
0	0	0.8026907680467188	2.197309231953279	0	0.2675635893489064	0	0	0	0	0	0
0	0	0.8256139184020269	2.074287733576914	0	0.2847041098233846	0	0	0	0	0	0
0	0	1.670327187139531	1.208560685319842	0	0.5801987646405298	0	0	0	0	0	0
1	0	0.8026907680467189	1.999999999999999	1	0.2864000471254768	1.245809768602941	0	-1.245809768602941	1	0.2864000471254768	-0.9815533608014573
0	0	0.9238028955873437	2.076197104412655	0	0.3079342985291147	0	0	0	0	0	0
0	0	0	1.264727161814373	0	0	0	0	0	0	0	0
3	0	0.9999999999999993	1.99905070813445	1	0.3334388435939605	3.000000000000002	0	-3.000000000000002	1	0.03707221825750251	-2.363651463181681
2	0	0.9999999999999993	1.999999999999999	1	0.3333333333333333	2.000000000000001	0	-2.000000000000001	1	0.1111111111111109	-1.575767642121121
0	0	0.8026907680467188	2.197309231953279	0	0.2675635893489064	0	0	0	0	0	0
1	0	0.8026907680467188	2.197309231953279	1	0.2675635893489064	1.245809768602941	0	-1.245809768602941	1	0.2675635893489064	-0.9815533608014573
3	0	0.9999999999999997	1.999999999999999	1	0.3333333333333333	3.000000000000001	0	-3.000000000000001	1	0.03703703703703698	-2.363651463181681
0	1	0.9999999999999994	1.999999999999999	0	0.3333333333333334	0	0.5000000000000003	0.5000000000000003	0.6666666666666666	0.3333333333333334	0.3939419105302802
4	0	0.9999999999999997	1.999999999999999	1	0.3333333333333333	4.000000000000002	0	-4.000000000000002	1	0.01234567901234551	-3.151535284242241
0	0	0.8026907680467188	2.197309231953279	0	0.2675635893489064	0	0	0	0	0	0
1	2	0.8515134189231459	2.07014176986376	0.3333333333333333	0.2914489780283418	1.174379613728971	0.9661174075684795	-0.208262206160492	0.7946852932111218	0.644275820499939	-0.1640864227722305
0	0	0.8026907680467188	2.197309231953279	0	0.2675635893489064	0	0	0	0	0	0
1	0	0.8258148471591259	1.371494384794154	1	0.3758300539360246	1.210925189151159	0	-1.210925189151159	1	0.3758300539360246	-0.9540683650468964
1	2	0.9240451691738492	2.07595483082615	0.3333333333333333	0.3080150563912832	1.082198179656151	0.9634120985205047	-0.1187860811356466	0.7738249693847794	0.6686477414206509	-0.09358963149396293
0	2	0.8029487091048463	2.196793349837025	0	0.2676725842848229	0	0.910417905329318	0.910417905329318	0.5363034438080698	0.4636965561919302	0.7173035380128141
2	0	1.802479975753386	1.197327150172493	1	0.6008652890298931	1.109582368128143	0	-1.109582368128143	1	0.361039095560977	-0.8742219959822262
1	0	0.8026907680467187	1.999999999999999	1	0.2864000471254768	1.245809768602941	0	-1.245809768602941	1	0.2864000471254768	-0.9815533608014574
1	1	0.9999999999999996	1.999999999999999	0.5	0.3333333333333333	1	0.5000000000000002	-0.5000000000000002	0.8888888888888891	0.5555555555555555	-0.3939419105302801
1	4	0.8303986395016425	1.368671236591067	0.2	0.3776135758710353	1.204240893988148	2.922542604141191	1.718301710153043	0.3766975230180258	0.9066099613906362	1.353822117130274
2	1	1	1.897082464158966	0.6666666666666666	0.3451748482728482	2	0.527125214055115	-1.472874785944885	0.9588739094056915	0.2751848464519346	-1.16045421429401
0	1	0.9999999999999998	1.812276407382815	0	0.3555838243263678	0	0.5517922078145585	0.5517922078145585	0.6444161756736322	0.3555838243263678	0.4347481531243769
1	0	0.9999999999999994	1.93397614554383	1	0.3408344002792305	1.000000000000001	0	-1.000000000000001	1	0.3408344002792305	-0.7878838210605604
0	0	0.8999016519789421	1.999999999999999	0	0.3103214384407949	0	0	0	0	0	0
2	0	0.9220143017853139	2.077985698214684	1	0.3073381005951048	2.169163749550698	0	-2.169163749550698	1	0.0944567080774068	-1.709049023502055
0	0	0.9999999999999994	1.999999999999999	0	0.3333333333333334	0	0	0	0	0	0
2	0	0.9999999999999999	2	1	0.3333333333333334	2	0	-2	1	0.111111111111111	-1.57576764212112
2	0	0.9999999999999991	1.999807010993014	1	0.3333547779358557	2.000000000000002	0	-2.000000000000002	1	0.1111254079726636	-1.575767642121121
1	0	0.9999999999999994	1.999999999999999	1	0.3333333333333334	1.000000000000001	0	-1.000000000000001	1	0.3333333333333334	-0.7878838210605604
0	0	0.8256139184020269	2.074287733576914	0	0.2847041098233846	0	0	0	0	0	0
2	1	0.9005428818475261	2.000398370714968	0.6666666666666666	0.3104312715922971	2.220882581290145	0.4999004271547107	-1.720982154135435	0.9700844913442029	0.2292717058356377	-1.35593399557726
0	0	0.8026907680467188	2.197309231953279	0	0.2675635893489064	0	0	0	0	0	0
0	0	0.8256139184020269	1.371695313551253	0	0.3757386108409075	0	0	0	0	0	0
2	0	0.8262160484902183	1.371093183463061	1	0.376012641495963	2.420674354673563	0	-2.420674354673563	1	0.1413855065647716	-1.907210160103511
1	3	1	2	0.25	0.3333333333333333	1	1.5	0.5	0.5925925925925928	0.802469135802469	0.3939419105302799
2	1	0.9999999999999998	2	0.6666666666666666	0.3333333333333334	2	0.5000000000000001	-1.5	0.9629629629629628	0.2592592592592594	-1.18182573159084
1	2	0.9245907418311661	2.075409258168833	0.3333333333333333	0.3081969139437221	1.081559607680567	0.9636653552199298	-0.1178942524606369	0.7735923626444993	0.6689089165067648	-0.0928869741097649
2	0	1	2	1	0.3333333333333333	2	0	-2	1	0.1111111111111109	-1.57576764212112
0	0	0.8026907680467188	2.197309231953279	0	0.2675635893489064	0	0	0	0	0	0
0	0	0.9238028955873437	2.076197104412655	0	0.3079342985291147	0	0	0	0	0	0
2	0	0.9999999999999994	1.934186863076008	1	0.3408099233842475	2.000000000000001	0	-2.000000000000001	1	0.1161514038771766	-1.575767642121121
3	2	0.9996859035384152	1.999999999999999	0.6	0.3332635268109874	3.000942585447508	1	-2.000942585447508	0.9547669736215534	0.2097731369696472	-1.576510289945178
0	0	0.8999016519789421	1.999999999999999	0	0.3103214384407949	0	0	0	0	0	0
1	1	0.9999999999999996	1.999999999999999	0.5	0.3333333333333333	1	0.5000000000000002	-0.5000000000000002	0.8888888888888891	0.5555555555555555	-0.3939419105302801
3	0	0.9024041143384138	1.9936406447655	1	0.3115988147288281	3.324452927832019	0	-3.324452927832019	1	0.0302543196471643	-2.619282675716257
0	2	0.530248329666815	2.469751670333185	0	0.1767494432222717	0	0.8097980149276254	0.8097980149276254	0.6777414792348396	0.3222585207651604	0.6380267542884338
1	0	0.9418572608956193	2.057983401702407	1	0.3139690959718905	1.061732007086819	0	-1.061732007086819	1	0.3139690959718905	-0.8365214706858608
1	4	0.802690768046719	2.19730923195328	0.2	0.2675635893489064	1.245809768602941	1.820408316604683	0.5745985480017419	0.5958039938824172	0.7892101822310378	0.452716899575462
1	0	0.9238028955873439	2.076197104412655	1	0.3079342985291148	1.082481993482182	0	-1.082481993482182	1	0.3079342985291148	-0.8528700492539936
1	0	0.9999999999999997	1.999999999999999	1	0.3333333333333333	1	0	-1	1	0.3333333333333333	-0.7878838210605602
1	0	0.8026907680467188	2.197309231953279	1	0.2675635893489064	1.245809768602941	0	-1.245809768602941	1	0.2675635893489064	-0.9815533608014573
1	0	0.9002029563537242	2.000416408033365	1	0.310348530181567	1.110860604202528	0	-1.110860604202528	1	0.3103485301815669	-0.87522909750473
0	1	0.279563465347422	2.720436534652578	0	0.09318782178247403	0	0.3675880643647172	0.3675880643647172	0.906812178217526	0.09318782178247398	0.2896166887279285
0	0	0.8026907680467188	2.197309231953279	0	0.2675635893489064	0	0	0	0	0	0
0	0	0.9238028955873437	2.076197104412655	0	0.3079342985291147	0	0	0	0	0	0
0	0	0.8026907680467188	1.999999999999999	0	0.2864000471254768	0	0	0	0	0	0
0	0	0	1.264727161814373	0	0	0	0	0	0	0	0
0	0	0.9999999999999994	1.999999999999999	0	0.3333333333333334	0	0	0	0	0	0
0	0	0.1743860815979726	2.825613918402026	0	0.05812869386599091	0	0	0	0	0	0
0	0	0.9999999999999994	1.999999999999999	0	0.3333333333333334	0	0	0	0	0	0
0	0	0.8256139184020269	2.074287733576914	0	0.2847041098233846	0	0	0	0	0	0
5	0	0.9999999999999996	1.999999999999999	1	0.3333333333333333	5.000000000000003	0	-5.000000000000003	1	0.004115226337448097	-3.939419105302802
1	0	0.9999999999999994	1.934028794230334	1	0.3408282842917101	1.000000000000001	0	-1.000000000000001	1	0.3408282842917101	-0.7878838210605604
0	0	0.8026907680467188	2.197309231953279	0	0.2675635893489064	0	0	0	0	0	0
0	0	0.1743860815979726	2.825613918402026	0	0.05812869386599091	0	0	0	0	0	0
0	0	0.9999999999999994	1.999999999999999	0	0.3333333333333334	0	0	0	0	0	0
0	0	1.670327187139531	1.208560685319842	0	0.5801987646405298	0	0	0	0	0	0
0	0	0.9238028955873437	2.076197104412655	0	0.3079342985291147	0	0	0	0	0	0
0	0	0.8026907680467188	2.197309231953279	0	0.2675635893489064	0	0	0	0	0	0
0	0	0.8026907680467188	2.197309231953279	0	0.2675635893489064	0	0	0	0	0	0
0	0	0.9999999999999994	1.999999999999999	0	0.3333333333333334	0	0	0	0	0	0
1	0	0.9999999999999994	1.99994737884416	1	0.3333391802309834	1.000000000000001	0	-1.000000000000001	1	0.3333391802309833	-0.7878838210605604
1	0	0.8026907680467188	2.197309231953279	1	0.2675635893489064	1.245809768602941	0	-1.245809768602941	1	0.2675635893489064	-0.9815533608014573
0	0	1.802690768046718	1.19730923195328	0	0.6008969226822397	0	0	0	0	0	0
0	0	0.9238028955873437	2.076197104412655	0	0.3079342985291147	0	0	0	0	0	0
0	0	0.9999999999999994	1.999999999999999	0	0.3333333333333334	0	0	0	0	0	0
0	0	0.9999999999999994	1.999999999999999	0	0.3333333333333334	0	0	0	0	0	0
1	0	0.9453503260604872	2.054649673939512	1	0.3151167753534958	1.05780891213869	0	-1.05780891213869	1	0.3151167753534958	-0.8334305276477453
0	0	0.9999999999999994	1.999999999999999	0	0.3333333333333334	0	0	0	0	0	0
1	0	0.8026907680467189	1.999999999999999	1	0.2864000471254768	1.245809768602941	0	-1.245809768602941	1	0.2864000471254768	-0.9815533608014573
2	0	0.8026907680467187	2.197309231953279	1	0.2675635893489064	2.491619537205883	0	-2.491619537205883	1	0.0715902743452701	-1.963106721602915
0	0	0.8256139184020269	2.074287733576914	0	0.2847041098233846	0	0	0	0	0	0
0	1	0.1729935962649211	2.827006403735078	0	0.05766453208830705	0	0.3537310699681426	0.3537310699681426	0.942335467911693	0.05766453208830702	0.2786989870343405
1	4	1.119158939884513	1.08613323871772	0.2	0.5074878289342425	0.8935281347108671	3.682789419760663	2.789261285049796	0.1782803671638535	0.971020903790029	2.19761383920132
0	0	0.8026907680467188	2.197309231953279	0	0.2675635893489064	0	0	0	0	0	0
3	0	0.9999999999999993	1.999683834152035	1	0.3333684665746396	3.000000000000002	0	-3.000000000000002	0.9999999999999999	0.03704874935186053	-2.363651463181681
0	1	0.8256729452302436	2.074228706748697	0	0.2847244645923735	0	0.482106913642843	0.482106913642843	0.7152755354076265	0.2847244645923735	0.3798442372806365
0	0	0.8026907680467188	2.197309231953279	0	0.2675635893489064	0	0	0	0	0	0
0	0	0.9999999999999994	1.802690768046718	0	0.3567999764372616	0	0	0	0	0	0
0	0	0.1743860815979726	2.825613918402026	0	0.05812869386599091	0	0	0	0	0	0
0	0	0	2.999999999999998	0	0	0	0	0	0	0	0
1	0	0.899968471291716	2.000092345485003	1	0.3103274476471112	1.111150036805967	0	-1.111150036805967	1	0.3103274476471112	-0.875457136770267
0	0	0.9999999999999994	1.802690768046718	0	0.3567999764372616	0	0	0	0	0	0
0	0	0.8026907680467188	2.197309231953279	0	0.2675635893489064	0	0	0	0	0	0
0	0	0.9999999999999994	1.999999999999999	0	0.3333333333333334	0	0	0	0	0	0
0	0	0.9999999999999994	1.999999999999999	0	0.3333333333333334	0	0	0	0	0	0
1	0	0.9214148399677767	2.078585160032222	1	0.3071382799892591	1.085287491174954	0	-1.085287491174954	1	0.307138279989259	-0.8550804554961513
3	0	0.9999999999999996	1.997992406460733	1	0.3335565486573548	3.000000000000001	0	-3.000000000000001	0.9999999999999997	0.03711149198124708	-2.363651463181681
0	0	0.8256139184020269	2.074287733576914	0	0.2847041098233846	0	0	0	0	0	0
1	0	0.8026907680467189	2.076197104412655	1	0.278819739985565	1.245809768602941	0	-1.245809768602941	1	0.278819739985565	-0.9815533608014573
2	1	0.8324817856752251	2.121139074132742	0.6666666666666666	0.2818512683883705	2.402454965879886	0.4714448063283471	-1.931010159551539	0.9776096964868961	0.1935398054501909	-1.521411663014228
0	0	0.9999999999999994	1.999999999999999	0	0.3333333333333334	0	0	0	0	0	0
1	2	0.8479966205638542	2.094171543793216	0.3333333333333333	0.2882216695962246	1.179249982547189	0.9550315999315695	-0.2242183826156192	0.7986709534346588	0.6393928892687502	-0.1766580360472127
1	0	0.8026907680467187	2.076197104412655	1	0.2788197399855649	1.245809768602941	0	-1.245809768602941	1	0.278819739985565	-0.9815533608014574
0	0	0.9238028955873437	2.076197104412655	0	0.3079342985291147	0	0	0	0	0	0
2	0	0.9999999999999997	1.999999999999999	1	0.3333333333333333	2.000000000000001	0	-2.000000000000001	1	0.1111111111111109	-1.57576764212112
0	0	0.9999999999999994	1.999999999999999	0	0.3333333333333334	0	0	0	0	0	0
2	0	0.8026907680467188	2.197309231953279	1	0.2675635893489064	2.491619537205882	0	-2.491619537205882	0.9999999999999999	0.07159027434527032	-1.963106721602915
2	0	0.9999999999999994	1.933976384487986	1	0.340834372521547	2.000000000000001	0	-2.000000000000001	0.9999999999999999	0.1161680694921567	-1.575767642121121
1	0	0.8026907680467188	2.19730923195328	1	0.2675635893489064	1.245809768602941	0	-1.245809768602941	1	0.2675635893489063	-0.9815533608014573
0	0	0.9238028955873437	2.076197104412655	0	0.3079342985291147	0	0	0	0	0	0
1	0	0.9999999999999992	1.999999999999998	1	0.3333333333333333	1.000000000000001	0	-1.000000000000001	1	0.3333333333333333	-0.7878838210605605
0	0	0.8026907680467188	2.197309231953279	0	0.2675635893489064	0	0	0	0	0	0
0	1	0.8028469648500178	2.19715303514998	0	0.2676156549500061	0	0.4551344326053004	0.4551344326053004	0.7323843450499938	0.2676156549500062	0.358593055857294
1	0	0.8261818154235292	2.073719836555412	1	0.2848999430238364	1.210387327984659	0	-1.210387327984659	1	0.2848999430238364	-0.953644592935834
0	0	0.9999999999999994	1.999999999999999	0	0.3333333333333334	0	0	0	0	0	0
2	0	0.8026907680467189	2.19730923195328	1	0.2675635893489064	2.491619537205882	0	-2.491619537205882	1	0.0715902743452701	-1.963106721602915
0	0	0.8256139184020269	1.371695313551253	0	0.3757386108409075	0	0	0	0	0	0
1	0	0.8026907680467188	2.197309231953279	1	0.2675635893489064	1.245809768602941	0	-1.245809768602941	1	0.2675635893489064	-0.9815533608014573
1	0	0.9999999999999994	1.999999999999999	1	0.3333333333333334	1.000000000000001	0	-1.000000000000001	1	0.3333333333333334	-0.7878838210605604
0	0	0.8026907680467188	2.197309231953279	0	0.2675635893489064	0	0	0	0	0	0
2	0	0.94125442176172	2.057150267240404	1	0.3139184064159704	2.124824015441707	0	-2.124824015441707	1	0.09854476588674221	-1.674114464367454
1	2	0.9239847389477472	2.076015261052252	0.3333333333333333	0.3079949129825825	1.082268957319382	0.9633840547907521	-0.1188849025286302	0.7738507293294541	0.6686188039777519	-0.09366749127066934
0	0	0.9999999999999994	1.999999999999999	0	0.3333333333333334	0	0	0	0	0	0
3	0	0.8026907680467189	1.999999999999999	1	0.2864000471254768	3.737429305808824	0	-3.737429305808824	0.9999999999999999	0.02349196014039812	-2.944660082404372
0	0	0.9999999999999994	1.999999999999999	0	0.3333333333333334	0	0	0	0	0	0
0	0	0.9999999999999994	1.999999999999999	0	0.3333333333333334	0	0	0	0	0	0
0	0	0.8026907680467188	2.076197104412655	0	0.278819739985565	0	0	0	0	0	0
1	0	0.9999999999999996	1.999999999999999	1	0.3333333333333333	1	0	-1	1	0.3333333333333333	-0.7878838210605602
1	0	0.8999755817842316	2.000102172312797	1	0.3103280870703582	1.111141257874427	0	-1.111141257874427	1	0.3103280870703582	-0.8754502199921401
0	0	0.8026907680467188	1.999999999999999	0	0.2864000471254768	0	0	0	0	0	0
3	0	0.9999999999999998	2	1	0.3333333333333334	3.000000000000001	0	-3.000000000000001	0.9999999999999999	0.0370370370370372	-2.363651463181681
1	0	0.8675695340271584	2.032332117951782	1	0.2991720541402205	1.152645362450794	0	-1.152645362450794	1	0.2991720541402205	-0.9081506324954651
0	1	0.8207057978398642	1.54846912458977	0	0.3464099632618999	0	0.6457991212869203	0.6457991212869203	0.6535900367381	0.3464099632619	0.5088146793170907
0	4	0.802690768046719	2.19730923195328	0	0.2675635893489064	0	1.820408316604683	1.820408316604683	0.2877926529916531	0.7122073470083469	1.434270260376919
0	0	0.9999999999999994	1.999999999999999	0	0.3333333333333334	0	0	0	0	0	0
1	0	1.802690768046718	1.19730923195328	1	0.6008969226822398	0.5547263112039658	0	-0.5547263112039658	1	0.6008969226822398	-0.4370598857142098
0	0	0.8256139184020269	2.074287733576914	0	0.2847041098233846	0	0	0	0	0	0
0	0	1.670327187139531	1.208560685319842	0	0.5801987646405298	0	0	0	0	0	0
0	0	0.9999999999999994	1.999999999999999	0	0.3333333333333334	0	0	0	0	0	0
1	0	0.9999999999999993	1.999999999999999	1	0.3333333333333333	1.000000000000001	0	-1.000000000000001	1	0.3333333333333333	-0.7878838210605604
1	0	0.9999999999999999	1.950258191427497	1	0.3389533847938052	1	0	-1	1	0.3389533847938051	-0.7878838210605601
0	0	0	2.999999999999998	0	0	0	0	0	0	0	0
3	0	1.092937408645228	1.196583198065105	1	0.4773651765535319	2.744896438048277	0	-2.744896438048277	1	0.1087807886462961	-2.162659494024997
2	0	0.8026907680467187	2.197309231953279	1	0.2675635893489064	2.491619537205883	0	-2.491619537205883	1	0.0715902743452701	-1.963106721602915
0	1	0.9993434616781037	2.000656538321895	0	0.3331144872260347	0	0.4998359192821659	0.4998359192821659	0.6668855127739652	0.3331144872260348	0.3938126339873504
0	0	0.9999999999999994	1.999999999999999	0	0.3333333333333334	0	0	0	0	0	0
0	0	0.8676364190928126	2.066181790453592	0	0.295736258050889	0	0	0	0	0	0
0	1	0.8263822799836176	2.073519371995324	0	0.284969071078559	0	0.4822718386458631	0.4822718386458631	0.7150309289214409	0.2849690710785591	0.3799741790222044
0	0	0.8256139184020269	1.371695313551253	0	0.3757386108409075	0	0	0	0	0	0
1	0	0.9999999999999994	1.999999999999999	1	0.3333333333333334	1.000000000000001	0	-1.000000000000001	1	0.3333333333333334	-0.7878838210605604
0	0	0.8999016519789421	1.999999999999999	0	0.3103214384407949	0	0	0	0	0	0
1	0	0.9999999999999996	1.999999999999999	1	0.3333333333333333	1	0	-1	1	0.3333333333333333	-0.7878838210605602
0	0	0.1743860815979726	2.825613918402026	0	0.05812869386599091	0	0	0	0	0	0
1	0	0.8026907680467189	2.19730923195328	1	0.2675635893489064	1.245809768602941	0	-1.245809768602941	1	0.2675635893489063	-0.9815533608014573
4	0	0.9999999999999996	1.999999999999999	1	0.3333333333333333	4.000000000000002	0	-4.000000000000002	1	0.01234567901234551	-3.151535284242241
0	0	0.9999999999999994	1.999999999999999	0	0.3333333333333334	0	0	0	0	0	0
1	0	0.3724806331546603	2.62751936684534	1	0.1241602110515534	2.684703340226505	0	-2.684703340226505	1	0.1241602110515534	-2.115234326111707
4	0	0.9999999999999998	2	1	0.3333333333333334	4.000000000000001	0	-4.000000000000001	1	0.01234567901234573	-3.15153528424224
2	0	0.9999999999999994	1.999999999999999	1	0.3333333333333334	2.000000000000001	0	-2.000000000000001	1	0.111111111111111	-1.575767642121121
0	0	0.8026907680467188	2.197309231953279	0	0.2675635893489064	0	0	0	0	0	0
0	0	0.1743860815979726	2.825613918402026	0	0.05812869386599091	0	0	0	0	0	0
0	0	0.8256139184020269	2.108204291144378	0	0.2814127731962214	0	0	0	0	0	0
0	0	0.8026907680467188	2.197309231953279	0	0.2675635893489064	0	0	0	0	0	0
1	0	0.9999999999999996	1.999999999999999	1	0.3333333333333333	1	0	-1	1	0.3333333333333333	-0.7878838210605602
0	0	0	1.264727161814373	0	0	0	0	0	0	0	0
2	0	0.8673355841218172	2.066482625424587	1	0.2956337176242134	2.305912540213616	0	-2.305912540213616	1	0.08739929499631316	-1.816791183214966
1	0	0.9999999999999994	1.933976290607771	1	0.3408343834274306	1.000000000000001	0	-1.000000000000001	1	0.3408343834274306	-0.7878838210605604
0	0	0	2.999999999999998	0	0	0	0	0	0	0	0
0	6	0.9340121091375775	2.061206144811633	0	0.311834407361159	0	2.91091699639209	2.91091699639209	0.106208121633655	0.893791878366345	2.293464405907528
0	0	0.8026907680467188	2.197309231953279	0	0.2675635893489064	0	0	0	0	0	0
0	0	0.9999999999999994	1.999999999999999	0	0.3333333333333334	0	0	0	0	0	0
0	0	0	1.264727161814373	0	0	0	0	0	0	0	0
2	0	0.8026907680467188	1.999999999999999	1	0.2864000471254768	2.491619537205882	0	-2.491619537205882	1	0.08202498699347538	-1.963106721602915
1	0	0.9999999999999996	1.999999999999999	1	0.3333333333333333	1	0	-1	1	0.3333333333333333	-0.7878838210605602
0	0	0.8026907680467188	2.197309231953279	0	0.2675635893489064	0	0	0	0	0	0
0	0	0.9419241526697277	2.05807584733027	0	0.3139747175565761	0	0	0	0	0	0
1	0	0.8026907680467188	2.197309231953279	1	0.2675635893489064	1.245809768602941	0	-1.245809768602941	1	0.2675635893489064	-0.9815533608014573
1	0	0.825647306736613	1.371661925216667	1	0.3757538059413972	1.211170910194717	0	-1.211170910194717	1	0.3757538059413972	-0.9542619646816095
0	0	0.8026907680467188	2.197309231953279	0	0.2675635893489064	0	0	0	0	0	0
0	0	0.9999999999999994	1.999999999999999	0	0.3333333333333334	0	0	0	0	0	0
4	0	0.8674024224525215	2.066415787093884	1	0.2956564996529317	4.611469712858619	0	-4.611469712858619	0.9999999999999997	0.007640991622537396	-3.633302378072091
1	0	0.9999999999999996	1.934713388547435	1	0.3407487776838608	1	0	-1	1	0.3407487776838608	-0.7878838210605602
1	2	0.7941297206324469	2.133813225175636	0.3333333333333333	0.2712244518867409	1.259240114075566	0.9372891574591201	-0.3219509566164461	0.819215897860595	0.6129372496386255	-0.2536599498930681
0	0	0.9999999999999994	1.933818209546405	0	0.3408527483898222	0	0	0	0	0	0
2	0	0.8270858160783247	1.370223415874956	1	0.3764084745336884	2.41812876139397	0	-2.41812876139397	0.9999999999999999	0.1416833397007784	-1.90520452834352
0	0	0.9999999999999994	1.999999999999999	0	0.3333333333333334	0	0	0	0	0	0
0	0	0.9999999999999994	1.999999999999999	0	0.3333333333333334	0	0	0	0	0	0
0	0	0.8026907680467188	2.197309231953279	0	0.2675635893489064	0	0	0	0	0	0
1	0	1.000638814850262	1.999361185149736	1	0.3335462716167542	0.9993615929736271	0	-0.9993615929736271	1	0.3335462716167541	-0.7873808304932293
0	0	0.8256139184020269	2.074287733576914	0	0.2847041098233846	0	0	0	0	0	0
0	0	0.8026907680467188	2.197309231953279	0	0.2675635893489064	0	0	0	0	0	0
1	0	0.9999999999999996	1.999999999999999	1	0.3333333333333333	1	0	-1	1	0.3333333333333333	-0.7878838210605602
0	0	0.8256139184020269	1.371695313551253	0	0.3757386108409075	0	0	0	0	0	0
1	0	0.9999999999999994	1.999999999999999	1	0.3333333333333334	1.000000000000001	0	-1.000000000000001	1	0.3333333333333334	-0.7878838210605604
1	0	0.9999999999999996	1.999999999999999	1	0.3333333333333333	1	0	-1	1	0.3333333333333333	-0.7878838210605602
2	0	0.9208179281601642	2.079182071839833	1	0.3069393093867216	2.171982037747778	0	-2.171982037747778	1	0.09421173964679763	-1.71126950717562
1	1	0.802690768046719	2.19730923195328	0.5	0.2675635893489064	1.245809768602941	0.4551020791511707	-0.7907076894517703	0.9284097256547299	0.4635369043525425	-0.6229857957072273
0	0	0.8256139184020269	1.371695313551253	0	0.3757386108409075	0	0	0	0	0	0
0	0	0.9238028955873437	2.076197104412655	0	0.3079342985291147	0	0	0	0	0	0
1	0	0.8026907680467188	2.197309231953279	1	0.2675635893489064	1.245809768602941	0	-1.245809768602941	1	0.2675635893489064	-0.9815533608014573
5	0	0.9999999999999997	1.997998748809779	1	0.3335558430092757	5.000000000000002	0	-5.000000000000002	0.9999999999999997	0.004128979852118131	-3.939419105302801
1	0	0.8674021192908772	2.032499532688063	1	0.2991143229629693	1.15286783114794	0	-1.15286783114794	1	0.2991143229629694	-0.908325911982639
0	0	1.802690768046718	1.19730923195328	0	0.6008969226822397	0	0	0	0	0	0
1	0	0.8026907680467187	2.197309231953279	1	0.2675635893489064	1.245809768602941	0	-1.245809768602941	1	0.2675635893489063	-0.9815533608014574
5	0	1.022181231138185	1.599757598089184	1	0.3898570095319123	4.891500496866456	0	-4.891500496866456	1	0.009005892023504991	-3.853934102190771
1	0	1.670960077837601	1.208506886985537	1	0.5803018747048673	0.5984583433579727	0	-0.5984583433579727	1	0.5803018747048673	-0.471515646310452
0	0	0.9238028955873437	2.076197104412655	0	0.3079342985291147	0	0	0	0	0	0
2	1	0.9995782622614747	1.999629586539019	0.6666666666666666	0.3332807570043027	2.000843831352577	0.5000926205191887	-1.500751210833388	0.9629804856418482	0.2591891602517793	-1.182417598452672
0	0	0.8256139184020269	2.074287733576914	0	0.2847041098233846	0	0	0	0	0	0
0	0	0.9999999999999994	1.999999999999999	0	0.3333333333333334	0	0	0	0	0	0
1	0	0.8026907680467189	2.197309231953279	1	0.2675635893489064	1.245809768602941	0	-1.245809768602941	1	0.2675635893489064	-0.9815533608014573
0	0	0.8676364190928126	2.066181790453592	0	0.295736258050889	0	0	0	0	0	0
1	0	0.8259494710753473	2.073952180903594	1	0.2848198215659161	1.210727816918445	0	-1.210727816918445	1	0.2848198215659161	-0.9539128586580148
0	0	0.8026907680467188	2.197309231953279	0	0.2675635893489064	0	0	0	0	0	0
1	0	0.8026907680467188	2.197309231953279	1	0.2675635893489064	1.245809768602941	0	-1.245809768602941	1	0.2675635893489064	-0.9815533608014573
0	0	0.8676364190928126	1.329672812860467	0	0.3948631382764157	0	0	0	0	0	0
0	0	0.9238028955873437	2.076197104412655	0	0.3079342985291147	0	0	0	0	0	0
1	0	0.8257476731861055	2.108070536360299	1	0.2814583638819849	1.211023697035138	0	-1.211023697035138	1	0.281458363881985	-0.95414597781493
2	0	0.8259818533753539	2.073919798603587	1	0.2848309882549603	2.421360701602645	0	-2.421360701602645	1	0.08112869187029736	-1.90775092174457
0	0	0.8256139184020269	2.108204291144378	0	0.2814127731962214	0	0	0	0	0	0
1	0	0.8026907680467188	2.197309231953279	1	0.2675635893489064	1.245809768602941	0	-1.245809768602941	1	0.2675635893489064	-0.9815533608014573
3	0	0.9999999999999993	1.804226241137486	1	0.3566046081910875	3.000000000000002	0	-3.000000000000002	1	0.04534828350066922	-2.363651463181681
0	0	0.8256139184020269	2.108204291144378	0	0.2814127731962214	0	0	0	0	0	0
2	0	0.9999999999999998	2	1	0.3333333333333334	2	0	-2	1	0.111111111111111	-1.57576764212112
2	0	0.8258480339161227	2.107970175630282	1	0.2814925721126417	2.421753056087229	0	-2.421753056087229	1	0.07923806815459078	-1.908060051495095
3	0	0.9999999999999996	1.985777147432951	1	0.3349211781796103	3.000000000000001	0	-3.000000000000001	1	0.03756884390707427	-2.363651463181681
1	0	0.900603711460396	2.000970258756414	1	0.3103845432529509	1.110366287940814	0	-1.110366287940814	1	0.3103845432529508	-0.8748396337196386
1	1	0.9244698905308893	2.075530109469109	0.5	0.3081566301769633	1.081700994529672	0.4818046220759407	-0.5998963724537314	0.9050394912779783	0.5213527516319048	-0.4726486461692147
3	0	0.8670591149168191	1.33025011703646	1	0.3946004059456184	3.459971700185406	0	-3.459971700185406	0.9999999999999999	0.06144302416454894	-2.726055723903479
0	0	0.8026907680467188	2.197309231953279	0	0.2675635893489064	0	0	0	0	0	0
1	0	0.9999999999999996	1.999999999999999	1	0.3333333333333333	1	0	-1	1	0.3333333333333333	-0.7878838210605602
0	0	0.8676364190928126	2.066181790453592	0	0.295736258050889	0	0	0	0	0	0
0	0	0.8256139184020269	2.074287733576914	0	0.2847041098233846	0	0	0	0	0	0
0	0	0.8026907680467188	1.999999999999999	0	0.2864000471254768	0	0	0	0	0	0
0	1	0.999696595238361	2.000303404761637	0	0.3332321984127872	0	0.4999241603146515	0.4999241603146515	0.6667678015872128	0.3332321984127872	0.3938821576691995
1	0	0.8675027187750524	2.066315490771352	1	0.2956906859301198	1.152734139452657	0	-1.152734139452657	1	0.2956906859301198	-0.9082205784589155
0	0	0.8026907680467188	2.197309231953279	0	0.2675635893489064	0	0	0	0	0	0
4	1	0.9999999999999998	2	0.8	0.3333333333333334	4.000000000000001	0.5000000000000001	-3.500000000000001	0.9958847736625515	0.04526748971193417	-2.75759337371196
0	0	0.8256139184020269	2.074287733576914	0	0.2847041098233846	0	0	0	0	0	0
1	1	0.1774309696688659	2.822569030331132	0.5	0.05914365655628867	5.635994673682221	0.3542871721662318	-5.28170750151599	0.9965020278891519	0.114789341001729	-4.161371888018641
1	0	0.8026907680467188	2.197309231953279	1	0.2675635893489064	1.245809768602941	0	-1.245809768602941	1	0.2675635893489064	-0.9815533608014573
1	0	0.9999999999999994	1.999999999999999	1	0.3333333333333334	1.000000000000001	0	-1.000000000000001	1	0.3333333333333334	-0.7878838210605604
0	0	0	1.264727161814373	0	0	0	0	0	0	0	0
1	0	0.9999999999999994	1.80275125479677	1	0.3567922762637424	1.000000000000001	0	-1.000000000000001	1	0.3567922762637423	-0.7878838210605604
1	0	0.8026907680467188	1.999999999999999	1	0.2864000471254768	1.245809768602941	0	-1.245809768602941	1	0.2864000471254768	-0.9815533608014573
1	0	0.8026907680467188	2.19730923195328	1	0.2675635893489064	1.245809768602941	0	-1.245809768602941	1	0.2675635893489063	-0.9815533608014573
3	0	0.9999999999999994	1.999999999999999	1	0.3333333333333334	3.000000000000002	0	-3.000000000000002	0.9999999999999999	0.0370370370370372	-2.363651463181681
0	0	0.8676364190928126	2.066181790453592	0	0.295736258050889	0	0	0	0	0	0
0	1	0.9998429768155722	2.000157023184426	0	0.3332809922718576	0	0.4999607472856866	0.4999607472856866	0.6667190077281424	0.3332809922718576	0.3939109839517397
0	0	0.9999999999999994	1.999999999999999	0	0.3333333333333334	0	0	0	0	0	0
0	0	0.9999999999999994	1.999999999999999	0	0.3333333333333334	0	0	0	0	0	0
1	0	0.9999999999999994	1.999999999999999	1	0.3333333333333334	1.000000000000001	0	-1.000000000000001	1	0.3333333333333334	-0.7878838210605604
0	0	1.802690768046718	1.19730923195328	0	0.6008969226822397	0	0	0	0	0	0
2	0	0.866306676040326	2.067511533506079	1	0.2952830114767965	2.30865126093857	0	-2.30865126093857	0.9999999999999999	0.08719205686680609	-1.81894897696456
2	0	0.8026907680467189	2.19730923195328	1	0.2675635893489064	2.491619537205882	0	-2.491619537205882	1	0.0715902743452701	-1.963106721602915
0	0	0.8256139184020269	1.371695313551253	0	0.3757386108409075	0	0	0	0	0	0
1	0	0.802690768046719	2.19730923195328	1	0.2675635893489064	1.245809768602941	0	-1.245809768602941	1	0.2675635893489063	-0.9815533608014571
0	0	0.9999999999999994	1.999999999999999	0	0.3333333333333334	0	0	0	0	0	0
0	0	0.9238028955873437	2.076197104412655	0	0.3079342985291147	0	0	0	0	0	0
0	0	0.8026907680467188	2.197309231953279	0	0.2675635893489064	0	0	0	0	0	0
3	0	1.802690768046718	1.19730923195328	1	0.6008969226822397	1.664178933611898	0	-1.664178933611898	0.9999999999999998	0.216970125264903	-1.31117965714263
1	0	0.9999999999999993	1.999999999999999	1	0.3333333333333333	1.000000000000001	0	-1.000000000000001	1	0.3333333333333333	-0.7878838210605604
3	0	0.8026907680467189	2.19730923195328	1	0.2675635893489064	3.737429305808824	0	-3.737429305808824	1	0.01915495076629337	-2.944660082404372
0	1	0.9999999999999993	1.803946544937235	0	0.3566401798228233	0	0.5543401509354553	0.5543401509354553	0.6433598201771767	0.3566401798228233	0.436755636286314
0	0	0.8256139184020269	2.108204291144378	0	0.2814127731962214	0	0	0	0	0	0
0	0	0	2.999999999999998	0	0	0	0	0	0	0	0
0	0	0.8026907680467188	2.197309231953279	0	0.2675635893489064	0	0	0	0	0	0
1	0	0.8256472976358743	2.074254354343067	1	0.2847156202943775	1.211170923544909	0	-1.211170923544909	1	0.2847156202943775	-0.9542619752000099
3	0	1.802375227428094	1.197336054214595	1	0.6008495679094439	1.664470280298327	0	-1.664470280298327	1	0.2169188331335271	-1.311409204483187
1	0	0.8026907680467187	2.19730923195328	1	0.2675635893489063	1.245809768602941	0	-1.245809768602941	1	0.2675635893489063	-0.9815533608014574
1	0	0.8256806726269075	2.108137536919497	1	0.2814355265572386	1.211121966581214	0	-1.211121966581214	1	0.2814355265572386	-0.9542234028003869
1	1	0.8306614195993907	2.069240232379551	0.5	0.2864446865060176	1.203859931862825	0.4832691653448263	-0.7205907665179988	0.9179494415724694	0.4908388145845045	-0.5677418065451586
0	0	0.9999999999999994	1.999999999999999	0	0.3333333333333334	0	0	0	0	0	0
1	0	0.8675694787439219	2.032332173235019	1	0.299172035076389	1.152645435899627	0	-1.152645435899627	1	0.2991720350763889	-0.9081506903646127
2	0	0.8671681590798548	2.032733492899085	1	0.2990336442920694	2.306357745102385	0	-2.306357745102385	1	0.08942112041859573	-1.817141952943884
1	0	0.8256809419370652	1.371628290016214	1	0.3757691133910556	1.211121571552782	0	-1.211121571552782	1	0.3757691133910557	-0.9542230915638764
0	0	1.802690768046718	1.19730923195328	0	0.6008969226822397	0	0	0	0	0	0
2	0	0.9412545366257149	2.057150425984499	1	0.3139184160789011	2.124823756143329	0	-2.124823756143329	1	0.09854477195348588	-1.674114260070457
0	0	0.8256139184020269	2.108204291144378	0	0.2814127731962214	0	0	0	0	0	0
0	0	0.8026907680467188	2.197309231953279	0	0.2675635893489064	0	0	0	0	0	0
0	0	0.9999999999999994	1.999999999999999	0	0.3333333333333334	0	0	0	0	0	0
1	0	0.8674017116424662	2.066416497903939	1	0.2956562573713707	1.152868372955424	0	-1.152868372955424	1	0.2956562573713708	-0.9083263388639902
0	0	0.8026907680467188	2.197309231953279	0	0.2675635893489064	0	0	0	0	0	0
0	1	0.001433605601475192	2.998566394398523	0	0.0004778685338250642	0	0.3334926990004463	0.3334926990004463	0.999522131466175	0.0004778685338250321	0.2627535019842708
2	0	0.9999999999999996	1.987041311547031	1	0.3347794341291133	2.000000000000001	0	-2.000000000000001	1	0.1120772695158091	-1.57576764212112
0	0	0.8026907680467188	2.197309231953279	0	0.2675635893489064	0	0	0	0	0	0
2	0	0.9999999999999997	1.999999999999999	1	0.3333333333333333	2.000000000000001	0	-2.000000000000001	1	0.1111111111111109	-1.57576764212112
0	0	0.8026907680467188	2.076197104412655	0	0.278819739985565	0	0	0	0	0	0
0	0	0.8026907680467188	2.197309231953279	0	0.2675635893489064	0	0	0	0	0	0
0	1	0.8261689595714864	2.074051288385055	0	0.2848642133829645	0	0.4821481540018438	0.4821481540018438	0.7151357866170355	0.2848642133829645	0.379876729892268
1	0	0.1815915981453012	2.818408401854697	1	0.06053053271510041	5.506862708481956	0	-5.506862708481956	1	0.06053053271510045	-4.338768032814667
0	0	0.8026907680467188	1.999999999999999	0	0.2864000471254768	0	0	0	0	0	0
0	0	0.8026907680467188	2.197309231953279	0	0.2675635893489064	0	0	0	0	0	0
0	0	0.8256139184020269	2.074287733576914	0	0.2847041098233846	0	0	0	0	0	0
0	0	0.8026907680467188	2.076197104412655	0	0.278819739985565	0	0	0	0	0	0
1	0	0.8026907680467188	2.19730923195328	1	0.2675635893489063	1.245809768602941	0	-1.245809768602941	1	0.2675635893489063	-0.9815533608014573
0	0	0.8026907680467188	2.197309231953279	0	0.2675635893489064	0	0	0	0	0	0
2	1	0.9999999999999996	1.999999999999999	0.6666666666666666	0.3333333333333333	2.000000000000001	0.5000000000000002	-1.500000000000001	0.962962962962963	0.2592592592592592	-1.18182573159084
0	0	0.8026907680467188	2.076197104412655	0	0.278819739985565	0	0	0	0	0	0
0	1	0.1739689960356837	2.826031003964315	0	0.05798966534522795	0	0.3538531596423446	0.3538531596423446	0.942010334654772	0.05798966534522798	0.2787951795133627
3	0	0.9999999999999997	1.93582086298603	1	0.340620237633606	3.000000000000001	0	-3.000000000000001	0.9999999999999996	0.03951949103855368	-2.363651463181681
0	0	0.9999999999999994	1.802690768046718	0	0.3567999764372616	0	0	0	0	0	0
1	0	0.7454237012217922	2.254576298778207	1	0.2484745670739308	1.3415189218708	0	-1.3415189218708	1	0.2484745670739308	-1.056961054188609
1	0	0.9002374316387181	2.000464053493656	1	0.3103516291672583	1.110818062941109	0	-1.110818062941109	1	0.3103516291672583	-0.8751955799331307
0	0	0.8026907680467188	2.197309231953279	0	0.2675635893489064	0	0	0	0	0	0
0	1	0.9984735032184334	1.935344706327971	0	0.3403324377664173	0	0.5167038185654024	0.5167038185654024	0.6596675622335828	0.3403324377664172	0.4071025789278915
0	0	0.9999999999999994	1.999999999999999	0	0.3333333333333334	0	0	0	0	0	0
0	0	0.8026907680467188	1.999999999999999	0	0.2864000471254768	0	0	0	0	0	0
2	2	0.8026907680467189	2.19730923195328	0.5	0.2675635893489064	2.491619537205882	0.9102041583023417	-1.581415378903541	0.9387556990773196	0.2916775420837669	-1.245971591414455
1	0	0.8026907680467189	2.19730923195328	1	0.2675635893489064	1.245809768602941	0	-1.245809768602941	1	0.2675635893489063	-0.9815533608014573
1	4	0.802794508375768	2.19599880813624	0.2	0.2677058482008103	1.245648780063559	1.821494613375874	0.5758458333123151	0.5955048810931338	0.78941480798995	0.4536996154919091
5	0	1	2	1	0.3333333333333333	5	0	-5	1	0.004115226337448097	-3.939419105302799
0	0	0.8026907680467188	1.999999999999999	0	0.2864000471254768	0	0	0	0	0	0
1	0	0.9185705331462736	2.025800727578753	1	0.3119751049737129	1.088648028556735	0	-1.088648028556735	1	0.3119751049737129	-0.8577281685293261
1	1	0.8026907680467188	2.197309231953279	0.5	0.2675635893489064	1.245809768602941	0.455102079151171	-0.7907076894517703	0.9284097256547297	0.4635369043525427	-0.6229857957072273
1	0	0.8257477738935232	2.108070435652882	1	0.281458398208385	1.211023549339833	0	-1.211023549339833	1	0.2814583982083849	-0.9541458614481888
1	0	0.9999999999999993	1.999999999999999	1	0.3333333333333333	1.000000000000001	0	-1.000000000000001	1	0.3333333333333333	-0.7878838210605604
4	0	1.628889984054698	1.174862072160503	1	0.5809679142076296	2.455660013356483	0	-2.455660013356483	0.9999999999999999	0.1139222597661778	-1.934774794548931
1	1	0.8026907680467188	2.197309231953279	0.5	0.2675635893489064	1.245809768602941	0.455102079151171	-0.7907076894517703	0.9284097256547297	0.4635369043525427	-0.6229857957072273
0	1	0.8029462017397301	2.195938397876682	0	0.2677482827590082	0	0.4553861806719759	0.4553861806719759	0.7322517172409918	0.2677482827590082	0.3587914040860109
2	0	1.120969499333441	1.7767733644177	1	0.3868422948619881	1.784169864736957	0	-1.784169864736957	1	0.1496469610940891	-1.405718570450056
4	0	0.802690768046719	2.19730923195328	1	0.2675635893489064	4.983239074411764	0	-4.983239074411764	1	0.005125167380830908	-3.926213443205828
1	1	0.8676030064458204	1.331385054685036	0.5	0.3945464833490933	1.152600893001225	0.7510975104317725	-0.4015033825694523	0.8443330724768636	0.6334260391750501	-0.3163380192275598
0	0	0.9238028955873437	2.076197104412655	0	0.3079342985291147	0	0	0	0	0	0
5	0	0.864850487786385	2.035051164192557	1	0.2982344201901456	5.781346106189608	0	-5.781346106189608	0.9999999999999999	0.0023593307423041	-4.555029061018258
3	0	1	1.946876276145615	1	0.3393423769076441	3	0	-3	1	0.03907637714466394	-2.36365146318168
0	1	0.9991509322464316	2.000849067753567	0	0.3330503107488108	0	0.4997878231378741	0.4997878231378741	0.6669496892511892	0.3330503107488108	0.3937747398134075
0	0	0.8676364190928126	2.066181790453592	0	0.295736258050889	0	0	0	0	0	0
4	0	1.799500326998363	1.19992189857564	1	0.599948987393394	2.222839273762265	0	-2.222839273762265	1	0.1295559307285116	-1.751339100615293
1	1	0.8675951416984655	2.032386041890546	0.5	0.2991726796739872	1.15261134132486	0.4920325073034796	-0.66057883402138	0.910495707736686	0.5088410670846601	-0.5204593758604942
1	0	0.9999999999999996	1.803117607021384	1	0.3567456454538874	1	0	-1	1	0.3567456454538873	-0.7878838210605602
3	0	0.9999999999999999	1.989627677927321	1	0.3344898120201008	3	0	-3	1	0.03742386892230321	-2.36365146318168
0	0	0.8026907680467188	1.999999999999999	0	0.2864000471254768	0	0	0	0	0	0
1	0	0.8256808865139775	2.074220765464963	1	0.2847272030589448	1.21112165284823	0	-1.21112165284823	1	0.2847272030589448	-0.9542231556152441
1	0	0.8026907680467189	2.197309231953279	1	0.2675635893489064	1.245809768602941	0	-1.245809768602941	1	0.2675635893489064	-0.9815533608014573
0	0	0	1.264727161814373	0	0	0	0	0	0	0	0
0	1	0.923984859802583	2.076015140197415	0	0.3079949532675278	0	0.4816920554369881	0.4816920554369881	0.6920050467324721	0.3079949532675279	0.3795173772122092
0	0	1.802690768046718	1.19730923195328	0	0.6008969226822397	0	0	0	0	0	0
0	0	0	1.264727161814373	0	0	0	0	0	0	0	0
1	0	0.9238028955873437	2.076197104412655	1	0.3079342985291147	1.082481993482182	0	-1.082481993482182	1	0.3079342985291147	-0.8528700492539937
0	0	0.9999999999999994	1.999999999999999	0	0.3333333333333334	0	0	0	0	0	0
0	0	0.8026907680467188	2.197309231953279	0	0.2675635893489064	0	0	0	0	0	0
0	0	0.9999999999999994	1.999999999999999	0	0.3333333333333334	0	0	0	0	0	0
0	1	0.1789929365841548	2.821007063415844	0	0.0596643121947183	0	0.3544833378719515	0.3544833378719515	0.9403356878052817	0.05966431219471835	0.2792916867448546
0	0	0.9999999999999994	1.802690768046718	0	0.3567999764372616	0	0	0	0	0	0
0	0	0.8026907680467188	2.076197104412655	0	0.278819739985565	0	0	0	0	0	0
0	0	0.8026907680467188	2.197309231953279	0	0.2675635893489064	0	0	0	0	0	0
0	0	1.670327187139531	1.208560685319842	0	0.5801987646405298	0	0	0	0	0	0
0	0	0.9999999999999994	1.999999999999999	0	0.3333333333333334	0	0	0	0	0	0
1	0	0.8026907680467188	2.076197104412655	1	0.2788197399855649	1.245809768602941	0	-1.245809768602941	1	0.278819739985565	-0.9815533608014573
0	4	0.9986605967849969	2.001339403215001	0	0.3328868655949991	0	1.998661493185165	1.998661493185165	0.1980605429398736	0.8019394570601264	1.574713054257332
0	2	0.9999999999999997	1.999999999999999	0	0.3333333333333333	0	1	1	0.4444444444444445	0.5555555555555555	0.7878838210605602
0	0	1.670327187139531	1.208560685319842	0	0.5801987646405298	0	0	0	0	0	0
0	0	1.670327187139531	1.208560685319842	0	0.5801987646405298	0	0	0	0	0	0
1	0	0.9999999999999994	1.9998420079068	1	0.3333508889349042	1.000000000000001	0	-1.000000000000001	1	0.3333508889349042	-0.7878838210605604
0	0	0.8026907680467188	2.197309231953279	0	0.2675635893489064	0	0	0	0	0	0
0	1	0.924045675317817	2.075954324682181	0	0.3080152251059392	0	0.4817061667062908	0.4817061667062908	0.6919847748940609	0.3080152251059391	0.3795284952529874
0	0	0	2.999999999999998	0	0	0	0	0	0	0	0
0	0	0	1.264727161814373	0	0	0	0	0	0	0	0
2	0	0.9999999999999996	1.999999999999999	1	0.3333333333333333	2.000000000000001	0	-2.000000000000001	1	0.1111111111111109	-1.57576764212112
0	0	0.8026907680467188	2.076197104412655	0	0.278819739985565	0	0	0	0	0	0
1	0	0.8257141989487763	1.371595033004503	1	0.3757842487262317	1.211072791618587	0	-1.211072791618587	1	0.3757842487262317	-0.9541846586429317
4	0	0.8469548577415015	2.052946794237442	1	0.2920633039963699	4.72280188659221	0	-4.72280188659221	0.9999999999999999	0.007276256087089594	-3.721019196520291
0	0	0.9999999999999994	1.999999999999999	0	0.3333333333333334	0	0	0	0	0	0
0	0	0.8026907680467188	2.197309231953279	0	0.2675635893489064	0	0	0	0	0	0
0	0	0.9238028955873437	2.076197104412655	0	0.3079342985291147	0	0	0	0	0	0
1	0	0.9410542823336989	2.056873670972322	1	0.3139015670126207	1.062637956994492	0	-1.062637956994492	1	0.3139015670126207	-0.8372352539608076
0	0	0.8026907680467188	2.076197104412655	0	0.278819739985565	0	0	0	0	0	0
0	1	0.8026907680467189	2.19730923195328	0	0.2675635893489064	0	0.4551020791511708	0.4551020791511708	0.7324364106510937	0.2675635893489063	0.3585675650942298
2	0	0.9238028955873439	2.076197104412655	1	0.3079342985291147	2.164963986964364	0	-2.164963986964364	1	0.0948235322106179	-1.705740098507987
0	0	0.8026907680467188	2.076197104412655	0	0.278819739985565	0	0	0	0	0	0
0	0	0.9238028955873437	2.076197104412655	0	0.3079342985291147	0	0	0	0	0	0