Observed S Changes	Observed NS Changes	E[S Sites]	E[NS Sites]	Observed S. Prop.	P{S}	dS	dN	dN-dS	P{S leq. observed}	P{S geq. observed}	Scaled dN-dS
0	0	0	2.999999999999999	0	0	0	0	0	0	0	0
0	0	0.8657452057967194	2.03281308939451	0	0.2986813158917692	0	0	0	0	0	0
3	0	0.9999999999999996	1.999999999999999	1	0.3333333333333333	3.000000000000001	0	-3.000000000000001	1	0.03703703703703698	-2.570282907400188
0	0	0.9228028681257439	2.077197131874255	0	0.3076009560419147	0	0	0	0	0	0
0	0	0.9228028681257439	2.077197131874255	0	0.3076009560419147	0	0	0	0	0	0
3	0	0.9999999999999999	2	1	0.3333333333333334	3	0	-3	0.9999999999999999	0.0370370370370372	-2.570282907400187
1	0	1.665698559712452	1.211304642889664	1	0.5789700053882125	0.6003487210630889	0	-0.6003487210630889	1	0.5789700053882125	-0.5143553520760066
0	0	0.8001330268845636	2.199866973115436	0	0.2667110089615212	0	0	0	0	0	0
0	0	0.8001330268845636	2	0	0.2857482195318392	0	0	0	0	0	0
0	0	0.9228028681257439	2.077197131874255	0	0.3076009560419147	0	0	0	0	0	0
0	0	1.800133026884563	1.199866973115436	0	0.6000443422948546	0	0	0	0	0	0
2	0	0.8001330268845636	2.077197131874255	1	0.2780817573016068	2.49958436009984	0	-2.49958436009984	1	0.07732946374394967	-2.141546318789818
4	0	1.799451208655611	1.199925807752649	1	0.5999416541540501	2.222899949028594	0	-2.222899949028594	0.9999999999999998	0.1295495965417763	-1.904493914616314
0	1	0.9991500853718113	2.000849914628188	0	0.3330500284572706	0	0.4997876115989576	0.4997876115989576	0.6669499715427294	0.3330500284572706	0.428198518474388
2	2	0.8018239543836541	2.198176045616345	0.5	0.2672746514612181	2.494313108339797	0.9098452346382573	-1.58446787370154	0.9389373452461004	0.2911799318206028	-1.357510231033262
3	1	0.9999999999999997	1.999999999999999	0.75	0.3333333333333333	3.000000000000001	0.5000000000000002	-2.500000000000001	0.9876543209876545	0.1111111111111109	-2.14190242283349
0	0	0.8233228883553231	1.376544084760112	0	0.3742603068354353	0	0	0	0	0	0
1	1	0.8236095541538215	2.076516211049457	0.5	0.2839909786105749	1.214167556649343	0.4815758214064734	-0.7325917352428692	0.919349124067808	0.4873310812889579	-0.6276560050657966
2	5	0.9781219108141004	2.021878089185898	0.2857142857142857	0.3260406369380336	2.044734892336049	2.472948308180753	0.428213415844704	0.5874468889934005	0.722959975142317	0.3668765411550303
1	0	0.9999999999999994	1.999999999999999	1	0.3333333333333334	1.000000000000001	0	-1.000000000000001	1	0.3333333333333334	-0.8567609691333962
0	1	0.997460786773403	1.935411816124956	0	0.3400968680970595	0	0.5166859020227439	0.5166859020227439	0.6599031319029405	0.3400968680970595	0.4426763141545687
0	1	0.8015910700180472	2.198408929981952	0	0.2671970233393491	0	0.4548744259368568	0.4548744259368568	0.7328029766606509	0.2671970233393491	0.3897186539996584
0	0	0.8001330268845636	2.199866973115436	0	0.2667110089615212	0	0	0	0	0	0
1	1	0.8001330268845632	2.199866973115435	0.5	0.2667110089615212	1.249792180049921	0.4545729411009828	-0.7952192389489376	0.9288652376987274	0.4622872556217698	-0.6813128058354131
0	0	0.8001330268845636	2.199866973115436	0	0.2667110089615212	0	0	0	0	0	0
0	1	0.9957602307880232	2.004239769211976	0	0.3319200769293412	0	0.4989422998991675	0.4989422998991675	0.6680799230706589	0.3319200769293411	0.427474288403256
0	0	0.9999999999999998	2	0	0.3333333333333334	0	0	0	0	0	0
0	0	0.9999999999999998	2	0	0.3333333333333334	0	0	0	0	0	0
0	0	1.800133026884563	1.199866973115436	0	0.6000443422948546	0	0	0	0	0	0
1	0	0.8001330268845637	2.077197131874255	1	0.2780817573016068	1.24979218004992	0	-1.24979218004992	1	0.2780817573016068	-1.070773159394909
1	0	1.003389148563344	1.996610851436655	1	0.3344630495211149	0.9966222989672582	0	-0.9966222989672582	1	0.3344630495211149	-0.8538670867231408
0	0	0.9999999999999998	2	0	0.3333333333333334	0	0	0	0	0	0
0	0	0.8001330268845636	2.199866973115436	0	0.2667110089615212	0	0	0	0	0	0
0	0	0.8001330268845636	2.199866973115436	0	0.2667110089615212	0	0	0	0	0	0
0	0	0.9999999999999998	2	0	0.3333333333333334	0	0	0	0	0	0
1	0	0.9999999999999997	1.999999999999999	1	0.3333333333333333	1	0	-1	1	0.3333333333333333	-0.8567609691333959
0	0	0.9999999999999998	2	0	0.3333333333333334	0	0	0	0	0	0
2	0	0.8001330268845637	2.199866973115436	1	0.2667110089615213	2.49958436009984	0	-2.49958436009984	1	0.07113476230127258	-2.141546318789817
2	0	0.9999999999999996	1.933269624351405	1	0.340916495264603	2.000000000000001	0	-2.000000000000001	0.9999999999999999	0.1162240567435002	-1.713521938266792
2	0	0.9999999999999998	2	1	0.3333333333333334	2	0	-2	1	0.111111111111111	-1.713521938266791
0	1	0.1773725237528685	2.822627476247131	0	0.05912417458428953	0	0.3542798362218049	0.3542798362218049	0.9408758254157105	0.05912417458428953	0.3035331358258143
0	0	0.9999999999999998	2	0	0.3333333333333334	0	0	0	0	0	0
0	0	0.8233228883553231	2.075235406835906	0	0.2840456546005073	0	0	0	0	0	0
0	0	0.9999999999999998	2	0	0.3333333333333334	0	0	0	0	0	0
1	0	0.9228028681257439	2.077197131874255	1	0.3076009560419147	1.083655062788272	0	-1.083655062788272	1	0.3076009560419147	-0.9284333618007902
5	0	0.9999999999999996	1.999999999999999	1	0.3333333333333333	5.000000000000003	0	-5.000000000000003	1	0.004115226337448097	-4.28380484566698
1	1	0.8001330268845637	2.199866973115436	0.5	0.2667110089615213	1.24979218004992	0.4545729411009826	-0.7952192389489372	0.9288652376987274	0.4622872556217698	-0.6813128058354126
0	1	0.8003505058262129	2.199019960647001	0	0.2668394967452282	0	0.4547480322578688	0.4547480322578688	0.7331605032547718	0.2668394967452282	0.3896103648287563
3	3	0.978282212495503	1.228937799194209	0.5	0.4432191658803376	3.06659976199229	2.441132498298159	-0.625467263694131	0.7558347861744719	0.5447302256025726	-0.5358759390037967
0	0	0.9228028681257439	2.077197131874255	0	0.3076009560419147	0	0	0	0	0	0
2	0	0.8235022379500794	2.10937036494828	1	0.2807835011777422	2.428651566240479	0	-2.428651566240479	1	0.0788393745336311	-2.080773869579532
1	0	0.9999999999999998	2	1	0.3333333333333334	1	0	-1	1	0.3333333333333334	-0.8567609691333957
1	0	0.9999999999999998	2	1	0.3333333333333334	1	0	-1	1	0.3333333333333334	-0.8567609691333957
0	0	0.8001330268845636	2.199866973115436	0	0.2667110089615212	0	0	0	0	0	0
1	0	0.9999999999999998	2	1	0.3333333333333334	1	0	-1	1	0.3333333333333334	-0.8567609691333957
0	0	0.9999999999999998	2	0	0.3333333333333334	0	0	0	0	0	0
3	0	0.8654943005320007	2.067378302366358	1	0.2951012259027861	3.46622733177557	0	-3.46622733177557	1	0.02569881162192189	-2.969728288008701
3	0	1.787414862111568	1.200964433668213	1	0.5981218196216834	1.678401619899222	0	-1.678401619899222	1	0.2139779081767815	-1.437988998459919
0	0	0.9999999999999998	2	0	0.3333333333333334	0	0	0	0	0	0
1	0	0.8657093490968134	1.334157624018622	1	0.3935280449575558	1.155122098477152	0	-1.155122098477152	1	0.3935280449575558	-0.9896635285586859
0	1	0.8001330268845634	2.199866973115435	0	0.2667110089615212	0	0.4545729411009827	0.4545729411009827	0.7332889910384788	0.2667110089615212	0.3894603535594959
0	0	0.9999999999999998	2	0	0.3333333333333334	0	0	0	0	0	0
0	0	0.9999999999999998	1.800133026884563	0	0.3571258902340804	0	0	0	0	0	0
0	3	0.5583905684426805	2.441609431557318	0	0.1861301894808936	0	1.228697743883848	1.228697743883848	0.5390943963001397	0.4609056036998603	1.052700269821942
2	0	0.9999999999999997	1.999489557511988	1	0.3333900588170335	2.000000000000001	0	-2.000000000000001	1	0.1111489313180251	-1.713521938266792
0	2	0.8333342585873191	2.09953834431104	0	0.2841358529394668	0	0.952590366077023	0.952590366077023	0.5124614770467046	0.4875385229532954	0.8161422452272863
0	0	0.1766771116446766	2.823322888355323	0	0.05889237054822555	0	0	0	0	0	0
2	0	0.8001330268845636	2.077197131874255	1	0.2780817573016067	2.49958436009984	0	-2.49958436009984	0.9999999999999999	0.07732946374394978	-2.141546318789818
0	5	0.8001330268845634	2.199866973115435	0	0.2667110089615212	0	2.272864705504914	2.272864705504914	0.2120195090997414	0.7879804909002586	1.94730176779748
1	0	0.8001330268845636	2.199866973115436	1	0.2667110089615212	1.24979218004992	0	-1.24979218004992	1	0.2667110089615212	-1.070773159394909
1	0	0.9999999999999998	2	1	0.3333333333333334	1	0	-1	1	0.3333333333333334	-0.8567609691333957
0	0	0.8001330268845636	2.199866973115436	0	0.2667110089615212	0	0	0	0	0	0
0	2	0.8658466783113874	1.339432999535189	0	0.3926244308190761	0	1.493169125065637	1.493169125065637	0.3689050820378513	0.6310949179621487	1.2792890266713
1	1	0.9229333212023548	2.077066678797645	0.5	0.307644440400785	1.083501892311404	0.4814481933622236	-0.60205369894918	0.905354898290488	0.5206437790920577	-0.515816110582045
0	0	0.9999999999999998	2	0	0.3333333333333334	0	0	0	0	0	0
0	0	0.8001330268845636	2.199866973115436	0	0.2667110089615212	0	0	0	0	0	0
0	0	0.9999999999999998	1.932872602898359	0	0.3409626449549045	0	0	0	0	0	0
2	2	0.8235382924440434	2.107332582542935	0.5	0.2809875724899352	2.428545239911711	0.9490670891571298	-1.479478150754581	0.9299608208199615	0.3149445271253737	-1.267559134252179
2	0	0.8001330268845637	2.199866973115436	1	0.2667110089615212	2.49958436009984	0	-2.49958436009984	1	0.07113476230127258	-2.141546318789817
1	0	0.8001330268845634	2.077197131874255	1	0.2780817573016068	1.24979218004992	0	-1.24979218004992	1	0.2780817573016068	-1.070773159394909
1	0	0.9999999999999998	2	1	0.3333333333333334	1	0	-1	1	0.3333333333333334	-0.8567609691333957
0	0	1.800133026884563	1.199866973115436	0	0.6000443422948546	0	0	0	0	0	0
0	0	0.1766771116446766	2.823322888355323	0	0.05889237054822555	0	0	0	0	0	0
0	0	0.8001330268845636	2.199866973115436	0	0.2667110089615212	0	0	0	0	0	0
0	0	0.9999999999999998	2	0	0.3333333333333334	0	0	0	0	0	0
0	0	1.800133026884563	1.199866973115436	0	0.6000443422948546	0	0	0	0	0	0
0	0	1.665878232681283	1.211451926077536	0	0.5789666603292704	0	0	0	0	0	0
0	0	0.9999999999999998	1.932872602898359	0	0.3409626449549045	0	0	0	0	0	0
3	0	0.8001330268845637	2.199866973115436	1	0.2667110089615213	3.74937654014976	0	-3.74937654014976	1	0.01897242422561041	-3.212319478184726
0	0	0.9999999999999998	2	0	0.3333333333333334	0	0	0	0	0	0
2	0	0.8654584340468641	1.334408539068571	1	0.3934139857653339	2.310913986530867	0	-2.310913986530867	1	0.1547745641957663	-1.979900906684104
0	0	0.8001330268845636	2.077197131874255	0	0.2780817573016067	0	0	0	0	0	0
1	0	0.8001330268845634	2.199866973115435	1	0.2667110089615212	1.24979218004992	0	-1.24979218004992	1	0.2667110089615212	-1.070773159394909
0	3	0.9969549703328187	2.00304502966718	0	0.332318323444273	0	1.497719699540889	1.497719699540889	0.2976517043509022	0.7023482956490978	1.28318778126883
1	0	0.8001330268845634	2.199866973115435	1	0.2667110089615212	1.24979218004992	0	-1.24979218004992	1	0.2667110089615212	-1.070773159394909
0	0	0.8233228883553231	1.376544084760112	0	0.3742603068354353	0	0	0	0	0	0
2	0	0.8001330268845636	2.199866973115436	1	0.2667110089615212	2.49958436009984	0	-2.49958436009984	1	0.07113476230127258	-2.141546318789818
2	0	0.8656735308064677	2.032884764384761	1	0.2986565880847175	2.310339786104798	0	-2.310339786104798	1	0.08919575760640441	-1.979408954170589
1	2	0.8246176617487854	2.074804916584313	0.3333333333333333	0.2844075464925381	1.212683218401213	0.9639460481386067	-0.2487371702626063	0.8033471600735	0.6335647407615066	-0.213108299053689
0	0	0	1.26850958840656	0	0	0	0	0	0	0	0
0	0	0.8001330268845636	2.199866973115436	0	0.2667110089615212	0	0	0	0	0	0
0	0	0.9999999999999998	2	0	0.3333333333333334	0	0	0	0	0	0
0	0	0.8001330268845636	2.199866973115436	0	0.2667110089615212	0	0	0	0	0	0
0	0	0.9999999999999998	2	0	0.3333333333333334	0	0	0	0	0	0
0	0	0.8233228883553231	2.109549714543036	0	0.2807223496655425	0	0	0	0	0	0
3	0	1.098845471289683	1.262112982502936	1	0.465423467966795	2.730138202671016	0	-2.730138202671016	0.9999999999999998	0.1008195683178402	-2.339075852388526
0	0	0.8001330268845636	2.199866973115436	0	0.2667110089615212	0	0	0	0	0	0
0	2	0.824721501768213	2.073836793423015	0	0.2845281749676879	0	0.9643960442513211	0.9643960442513211	0.5118999324150675	0.4881000675849325	0.8262568895011749
0	0	0.9999999999999998	2	0	0.3333333333333334	0	0	0	0	0	0
0	2	0.8001330268845637	2.026187751239342	0	0.283100571271916	0	0.9870753580346521	0.9870753580346521	0.5139447909106534	0.4860552090893466	0.8456876403574619
0	0	0.8001330268845636	2.199866973115436	0	0.2667110089615212	0	0	0	0	0	0
0	1	0.8001526240749874	2.199761649996525	0	0.2667251631124154	0	0.4545947057498614	0.4545947057498614	0.7332748368875845	0.2667251631124155	0.3894790006611621
0	0	0.8001330268845636	2.077197131874255	0	0.2780817573016067	0	0	0	0	0	0
0	0	0.8001330268845636	2	0	0.2857482195318392	0	0	0	0	0	0
2	0	0.9999999999999997	1.999999999999999	1	0.3333333333333333	2.000000000000001	0	-2.000000000000001	1	0.1111111111111109	-1.713521938266792
0	0	0.8001330268845636	2	0	0.2857482195318392	0	0	0	0	0	0
0	0	0.8001330268845636	2.199866973115436	0	0.2667110089615212	0	0	0	0	0	0
0	0	0.9999999999999998	2	0	0.3333333333333334	0	0	0	0	0	0
0	0	0.9999999999999998	2	0	0.3333333333333334	0	0	0	0	0	0
0	0	0.8001330268845636	2.199866973115436	0	0.2667110089615212	0	0	0	0	0	0
0	0	0.8001330268845636	2	0	0.2857482195318392	0	0	0	0	0	0
0	2	0.9999999999999997	1.999999999999999	0	0.3333333333333333	0	1	1	0.4444444444444445	0.5555555555555555	0.8567609691333959
0	0	0.9999999999999998	2	0	0.3333333333333334	0	0	0	0	0	0
0	0	0.9999999999999998	2	0	0.3333333333333334	0	0	0	0	0	0
0	0	0.9409806126326259	2.059019387367373	0	0.3136602042108754	0	0	0	0	0	0
0	0	0.9999999999999998	1.800133026884563	0	0.3571258902340804	0	0	0	0	0	0
0	0	1.800133026884563	1.199866973115436	0	0.6000443422948546	0	0	0	0	0	0
0	2	0.9998043499005066	2.000195650099492	0	0.3332681166335024	0	0.9999021845190582	0.9999021845190582	0.4445314042974371	0.5554685957025629	0.8566771646471476
0	0	0.9999999999999998	2	0	0.3333333333333334	0	0	0	0	0	0
1	1	0.9999999999999999	1.805200899412374	0.5	0.3564807070358053	1	0.5539549644172671	-0.4460450355827331	0.8729215055112522	0.585882919582863	-0.3821539769630024
2	0	0.9999999999999996	1.999999999999999	1	0.3333333333333333	2.000000000000001	0	-2.000000000000001	1	0.1111111111111109	-1.713521938266792
3	0	0.9999999999999998	1.999772814335653	1	0.3333585780966769	3.000000000000001	0	-3.000000000000001	1	0.03704545259546554	-2.570282907400188
0	0	0.9999999999999998	2	0	0.3333333333333334	0	0	0	0	0	0
0	0	1.800133026884563	1.199866973115436	0	0.6000443422948546	0	0	0	0	0	0
1	0	0.8656376825837936	2.067234920314565	1	0.2951501138264044	1.155217731528456	0	-1.155217731528456	1	0.2951501138264043	-0.989745463224403
0	0	0.8001330268845636	2.199866973115436	0	0.2667110089615212	0	0	0	0	0	0
0	1	0.8001330268845636	2.199866973115436	0	0.2667110089615212	0	0.4545729411009826	0.4545729411009826	0.7332889910384788	0.2667110089615212	0.3894603535594958
0	2	0.8001330268845634	2.199866973115435	0	0.2667110089615212	0	0.9091458822019655	0.9091458822019655	0.5377127443782302	0.4622872556217698	0.7789207071189919
0	0	0.8233228883553231	2.109549714543036	0	0.2807223496655425	0	0	0	0	0	0
0	0	0.8001330268845636	2.199866973115436	0	0.2667110089615212	0	0	0	0	0	0
0	0	0.8001330268845636	2.199866973115436	0	0.2667110089615212	0	0	0	0	0	0
0	0	0.8001330268845636	2.199866973115436	0	0.2667110089615212	0	0	0	0	0	0
0	0	0	1.26850958840656	0	0	0	0	0	0	0	0
1	2	0.9999999999999994	1.999999999999999	0.3333333333333333	0.3333333333333334	1.000000000000001	1.000000000000001	0	0.7407407407407406	0.7037037037037037	0
1	0	0.9999999999999998	1.932985945489576	1	0.3409494687616306	1	0	-1	1	0.3409494687616306	-0.8567609691333957
0	0	0.9999999999999998	2	0	0.3333333333333334	0	0	0	0	0	0
1	1	0.999492727563027	2.000507272436972	0.5	0.3331642425210091	1.000507529892899	0.4998732140482663	-0.5006343158446325	0.8890015875054023	0.5553300725474204	-0.4289239416244818
0	0	0.8233228883553231	1.376544084760112	0	0.3742603068354353	0	0	0	0	0	0
2	1	0.8001330268845633	2.199866973115435	0.6666666666666666	0.2667110089615212	2.499584360099841	0.4545729411009827	-2.045011418998858	0.9810275757743894	0.1754594384525973	-1.752085965230322
0	0	0.9999999999999998	1.932872602898359	0	0.3409626449549045	0	0	0	0	0	0
0	0	0.9999999999999998	2	0	0.3333333333333334	0	0	0	0	0	0
1	0	0.8001330268845634	2.199866973115435	1	0.2667110089615212	1.24979218004992	0	-1.24979218004992	1	0.2667110089615212	-1.070773159394909
0	0	0.9999999999999998	2	0	0.3333333333333334	0	0	0	0	0	0
0	2	0.9999999999999996	1.999999999999999	0	0.3333333333333333	0	1	1	0.4444444444444445	0.5555555555555555	0.8567609691333959
0	0	0.8001330268845636	2.077197131874255	0	0.2780817573016067	0	0	0	0	0	0
0	3	0.2196882159624172	2.773447390250518	0	0.07339734808753876	0	1.081686283484547	1.081686283484547	0.7955740638126977	0.2044259361873023	0.9267465885365216
0	0	0.9409806126326259	2.059019387367373	0	0.3136602042108754	0	0	0	0	0	0
0	8	0.91615846853886	1.989193155323848	0	0.3153347983817578	0	4.021731111726839	4.021731111726839	0.04828653499809231	0.9517134650019077	3.445662244877015
1	0	0.9999999999999996	1.998817305802364	1	0.3334647956263009	1	0	-1	1	0.3334647956263009	-0.8567609691333959
0	4	0.8006818409434663	2.196917427433863	0	0.2671076982804624	0	1.820732973415506	1.820732973415506	0.288509846431831	0.711490153568169	1.559932946836598
1	4	0.8002312438493244	2.199339115966793	0.2	0.2667819546991327	1.249638785896105	1.818728167457553	0.5690893815614477	0.5974477242219891	0.7880830355335579	0.4875735700701107
1	1	0.8003018940059096	2.199698105994089	0.5	0.26676729800197	1.249528468556412	0.4546078379005919	-0.7949206306558199	0.9288352087167282	0.462369804720668	-0.6810569699048102
0	0	0.8001330268845636	2.199866973115436	0	0.2667110089615212	0	0	0	0	0	0
1	0	0.8001330268845637	2.199866973115436	1	0.2667110089615213	1.24979218004992	0	-1.24979218004992	1	0.2667110089615212	-1.070773159394909
0	0	0.8001330268845636	2.199866973115436	0	0.2667110089615212	0	0	0	0	0	0
1	0	0.8987379847320677	2.000249990270598	1	0.3100178381151241	1.112671342469319	0	-1.112671342469319	1	0.3100178381151241	-0.9532933777009699
2	0	1.644044694350391	1.192730705144434	1	0.5795470077198088	1.216511939652746	0	-1.216511939652746	1	0.335874734156984	-1.042259948379234
0	0	0.8001330268845636	2.199866973115436	0	0.2667110089615212	0	0	0	0	0	0
0	0	0	1.26850958840656	0	0	0	0	0	0	0	0
0	0	1.665878232681283	1.211451926077536	0	0.5789666603292704	0	0	0	0	0	0
0	0	0.9999999999999998	2	0	0.3333333333333334	0	0	0	0	0	0
1	0	0.8001330268845636	2.199866973115435	1	0.2667110089615213	1.24979218004992	0	-1.24979218004992	1	0.2667110089615212	-1.070773159394909
0	4	1.567485380624382	1.23264764626018	0	0.559789611984389	0	3.245047367863714	3.245047367863714	0.03755269820331589	0.9624473017966841	2.78022992777469
0	3	0.8041382619545899	2.178341242109041	0	0.2696207168763275	0	1.377194693837518	1.377194693837518	0.3896236750283337	0.6103763249716663	1.179926660577602
0	4	0.8040173250479663	2.150195491236274	0	0.2721595819421181	0	1.860295966717038	1.860295966717038	0.2806368362739161	0.7193631637260839	1.593828975319436
1	2	0.8620763325505161	2.058863228006652	0.3333333333333333	0.2951366554075755	1.15999008700474	0.9714098405343601	-0.1885802464703796	0.7900992015848795	0.6498010989674112	-0.1615681947253771
1	0	0.8001330268845637	2	1	0.2857482195318392	1.24979218004992	0	-1.24979218004992	1	0.2857482195318393	-1.070773159394909
0	0	0.9999999999999998	2	0	0.3333333333333334	0	0	0	0	0	0
0	0	0.9999999999999998	2	0	0.3333333333333334	0	0	0	0	0	0
3	0	1.664476980172964	1.210303278410711	1	0.5789927683004913	1.802367972483618	0	-1.802367972483618	0.9999999999999999	0.1940972660043154	-1.544198530840058
0	0	0.8001330268845636	2.199866973115436	0	0.2667110089615212	0	0	0	0	0	0
0	0	0.9999999999999998	2	0	0.3333333333333334	0	0	0	0	0	0
1	0	0.9999999999999998	2	1	0.3333333333333334	1	0	-1	1	0.3333333333333334	-0.8567609691333957
0	1	0.0008443562576291526	2.99915564374237	0	0.0002814520858763843	0	0.3334271771078183	0.3334271771078183	0.9997185479141236	0.0002814520858763769	0.2856673913943067
0	0	0.9999999999999998	2	0	0.3333333333333334	0	0	0	0	0	0
0	0	0.8001330268845636	2.199866973115436	0	0.2667110089615212	0	0	0	0	0	0
0	1	0.8004107728451935	2.1991598095647	0	0.2668417864673593	0	0.4547191139319425	0.4547191139319425	0.7331582135326407	0.2668417864673593	0.38958558873581
2	0	0.824039797969418	2.108832804928941	1	0.2809667890637579	2.427067242296257	0	-2.427067242296257	1	0.07894233655679828	-2.079416482661659
0	6	0.8230270938126883	1.468144880025866	0	0.3592166381268255	0	4.086790126526404	4.086790126526404	0.06922570061802354	0.9307742993819764	3.501402269447554
0	0	0.8001330268845636	2.199866973115436	0	0.2667110089615212	0	0	0	0	0	0
0	0	0.8001330268845636	2.199866973115436	0	0.2667110089615212	0	0	0	0	0	0
0	0	0.8233228883553231	2.075235406835906	0	0.2840456546005073	0	0	0	0	0	0
1	0	1.666446556140037	1.211402884994303	1	0.5790596729352131	0.6000792502558762	0	-0.6000792502558762	1	0.5790596729352131	-0.5141244800060659
1	0	0.8001330268845634	1.999999999999999	1	0.2857482195318392	1.24979218004992	0	-1.24979218004992	1	0.2857482195318393	-1.070773159394909
0	0	0.9228028681257439	2.077197131874255	0	0.3076009560419147	0	0	0	0	0	0
0	0	0	1.26850958840656	0	0	0	0	0	0	0	0
3	0	0.9999999999999998	1.998069301119306	1	0.333547993579287	3.000000000000001	0	-3.000000000000001	0.9999999999999999	0.03710863654126761	-2.570282907400188
2	0	0.9999999999999998	2	1	0.3333333333333334	2	0	-2	1	0.111111111111111	-1.713521938266791
0	0	0.8001330268845636	2.199866973115436	0	0.2667110089615212	0	0	0	0	0	0
1	0	0.8001330268845636	2.199866973115436	1	0.2667110089615212	1.24979218004992	0	-1.24979218004992	1	0.2667110089615212	-1.070773159394909
1	0	0.9999999999999998	2	1	0.3333333333333334	1	0	-1	1	0.3333333333333334	-0.8567609691333957
1	1	0.9999999999999996	1.999999999999999	0.5	0.3333333333333333	1	0.5000000000000002	-0.5000000000000002	0.8888888888888891	0.5555555555555555	-0.428380484566698
3	0	0.9999999999999996	1.999999999999999	1	0.3333333333333333	3.000000000000001	0	-3.000000000000001	1	0.03703703703703698	-2.570282907400188
0	0	0.8001330268845636	2.199866973115436	0	0.2667110089615212	0	0	0	0	0	0
0	2	0.8535626088178745	2.062001374958799	0	0.2927607192184522	0	0.9699314579942812	0.9699314579942812	0.5001874002804009	0.4998125997195991	0.8309994159441477
0	0	0.8001330268845636	2.199866973115436	0	0.2667110089615212	0	0	0	0	0	0
0	0	0.8233228883553231	1.376544084760112	0	0.3742603068354353	0	0	0	0	0	0
0	2	0.9231938832467491	2.07680611675325	0	0.3077312944155832	0	0.9630171944633312	0.9630171944633312	0.4792359607315239	0.520764039268476	0.8250755448205274
0	3	0.8006141326904512	2.199073586371672	0	0.2668991600701588	0	1.364210828865352	1.364210828865352	0.3939953999171713	0.6060046000828287	1.168802591840951
2	1	1.798104299713996	1.201895700286002	0.6666666666666666	0.5993680999046658	1.112282530172536	0.8320189511968809	-0.2802635789756552	0.7846817336193623	0.647089824788713	-0.2401188955359763
1	0	0.8001330268845636	2	1	0.2857482195318392	1.24979218004992	0	-1.24979218004992	1	0.2857482195318393	-1.070773159394909
1	0	0.9999999999999997	1.999999999999999	1	0.3333333333333333	1	0	-1	1	0.3333333333333333	-0.8567609691333959
1	3	0.8315159553572374	1.369027994073087	0.25	0.3778683700330093	1.202622744106429	2.191335760107066	0.988713016000637	0.5137607104845328	0.8501940276043365	0.8470907217835082
1	2	0.9999999999999993	1.887028641564151	0.3333333333333333	0.3463768892359217	1.000000000000001	1.059867325777423	0.05986732577742249	0.7231836368338642	0.7207570620295666	0.0512919880524892
0	1	0.9999999999999997	1.811614328402564	0	0.3556675572101512	0	0.55199386774655	0.55199386774655	0.6443324427898488	0.3556675572101512	0.4729268010862256
0	0	0.9999999999999998	1.932872602898359	0	0.3409626449549045	0	0	0	0	0	0
0	0	0.8985582951912295	1.999999999999999	0	0.3100018021655653	0	0	0	0	0	0
1	0	0.9221716774473362	2.077828322552663	1	0.3073905591491122	1.084396782568838	0	-1.084396782568838	1	0.3073905591491122	-0.9290688383588139
0	0	0.9999999999999998	2	0	0.3333333333333334	0	0	0	0	0	0
1	0	0.9999999999999996	1.999999999999999	1	0.3333333333333333	1	0	-1	1	0.3333333333333333	-0.8567609691333959
1	0	0.9999999999999998	2	1	0.3333333333333334	1	0	-1	1	0.3333333333333334	-0.8567609691333957
0	0	0.9999999999999998	2	0	0.3333333333333334	0	0	0	0	0	0
0	0	0.8233228883553231	2.075235406835906	0	0.2840456546005073	0	0	0	0	0	0
0	1	0.8989866452982282	1.999716546288479	0	0.3101340792349755	0	0.5000708734725546	0.5000708734725546	0.6898659207650245	0.3101340792349755	0.4284412061917295
0	0	0.8001330268845636	2.199866973115436	0	0.2667110089615212	0	0	0	0	0	0
0	0	0.8233228883553231	1.376544084760112	0	0.3742603068354353	0	0	0	0	0	0
2	0	0.8238615715722639	1.376005401543171	1	0.3745051776496818	2.427592291000033	0	-2.427592291000033	1	0.1402541280864196	-2.079866323897948
0	3	0.9999999999999996	1.999999999999999	0	0.3333333333333333	0	1.500000000000001	1.500000000000001	0.2962962962962963	0.7037037037037037	1.285141453700094
1	1	0.9999999999999996	1.999999999999999	0.5	0.3333333333333333	1	0.5000000000000002	-0.5000000000000002	0.8888888888888891	0.5555555555555555	-0.428380484566698
1	1	0.9231301891790117	2.076869810820987	0.5	0.3077100630596707	1.083270823251217	0.4814938301812476	-0.6017769930699697	0.9053145170918134	0.520734643211155	-0.5155790397848079
2	0	0.9999999999999998	2	1	0.3333333333333334	2	0	-2	1	0.111111111111111	-1.713521938266791
1	0	0.8001330268845637	2.199866973115435	1	0.2667110089615213	1.24979218004992	0	-1.24979218004992	1	0.2667110089615212	-1.070773159394909
0	0	0.9228028681257439	2.077197131874255	0	0.3076009560419147	0	0	0	0	0	0
1	0	0.9999999999999998	1.933042853356556	1	0.3409428535473342	1	0	-1	1	0.3409428535473342	-0.8567609691333957
1	1	0.9988165492208997	1.999999999999999	0.5	0.3330702404854992	1.001184852994299	0.5000000000000002	-0.5011848529942993	0.8890642149029317	0.5552046958739302	-0.4293956203663742
0	0	0.8985582951912295	1.999999999999999	0	0.3100018021655653	0	0	0	0	0	0
0	0	0.9999999999999998	2	0	0.3333333333333334	0	0	0	0	0	0
3	1	0.8993220682799669	2.001367065305713	0.75	0.3100373831401478	3.335846084304109	0.4996584671224456	-2.836187617181663	0.9907603344696247	0.09148811884499808	-2.429934851540698
0	5	0.4831412023182768	2.516858797681721	0	0.1610470674394257	0	1.98660330273812	1.98660330273812	0.4156119079663242	0.5843880920336757	1.702044170937516
1	0	0.940944938075079	2.058969755695697	1	0.3136572316635937	1.062761442816975	0	-1.062761442816975	1	0.3136572316635937	-0.9105325237054772
0	5	0.8001330268845633	2.199866973115435	0	0.2667110089615213	0	2.272864705504914	2.272864705504914	0.2120195090997414	0.7879804909002586	1.94730176779748
1	0	0.922802868125744	2.077197131874255	1	0.3076009560419147	1.083655062788271	0	-1.083655062788271	1	0.3076009560419146	-0.9284333618007899
1	0	0.9999999999999996	1.999999999999999	1	0.3333333333333333	1	0	-1	1	0.3333333333333333	-0.8567609691333959
0	0	0.8001330268845636	2.199866973115436	0	0.2667110089615212	0	0	0	0	0	0
1	0	0.8987734081570661	2.000299272558034	1	0.3100209988303467	1.112627488668694	0	-1.112627488668694	1	0.3100209988303466	-0.9532558054762468
0	1	0.2831633845914536	2.716836615408546	0	0.09438779486381789	0	0.3680751335315851	0.3680751335315851	0.9056122051361821	0.09438779486381788	0.3153524081184248
0	0	0.8001330268845636	2.199866973115436	0	0.2667110089615212	0	0	0	0	0	0
0	0	0.9228028681257439	2.077197131874255	0	0.3076009560419147	0	0	0	0	0	0
0	0	0.8001330268845636	2	0	0.2857482195318392	0	0	0	0	0	0
0	0	0	1.26850958840656	0	0	0	0	0	0	0	0
0	0	0.9999999999999998	2	0	0.3333333333333334	0	0	0	0	0	0
0	0	0.1766771116446766	2.823322888355323	0	0.05889237054822555	0	0	0	0	0	0
2	0	0.9999999999999997	1.999999999999999	1	0.3333333333333333	2.000000000000001	0	-2.000000000000001	1	0.1111111111111109	-1.713521938266792
0	0	0.8233228883553231	2.075235406835906	0	0.2840456546005073	0	0	0	0	0	0
3	0	0.9999999999999997	1.999999999999999	1	0.3333333333333333	3.000000000000001	0	-3.000000000000001	1	0.03703703703703698	-2.570282907400188
1	0	0.9999999999999998	1.933099497785263	1	0.3409362692111481	1	0	-1	1	0.3409362692111482	-0.8567609691333957
0	0	0.8001330268845636	2.199866973115436	0	0.2667110089615212	0	0	0	0	0	0
0	0	0.1766771116446766	2.823322888355323	0	0.05889237054822555	0	0	0	0	0	0
0	0	0.9999999999999998	2	0	0.3333333333333334	0	0	0	0	0	0
0	0	1.665878232681283	1.211451926077536	0	0.5789666603292704	0	0	0	0	0	0
0	0	0.9228028681257439	2.077197131874255	0	0.3076009560419147	0	0	0	0	0	0
0	0	0.8001330268845636	2.199866973115436	0	0.2667110089615212	0	0	0	0	0	0
1	0	0.8001330268845636	2.199866973115436	1	0.2667110089615212	1.24979218004992	0	-1.24979218004992	1	0.2667110089615212	-1.070773159394909
0	0	0.9999999999999998	2	0	0.3333333333333334	0	0	0	0	0	0
1	0	0.9999999999999998	1.999602279513963	1	0.3333775303578025	1	0	-1	1	0.3333775303578025	-0.8567609691333957
1	0	0.8001330268845637	2.199866973115436	1	0.2667110089615213	1.24979218004992	0	-1.24979218004992	1	0.2667110089615212	-1.070773159394909
0	0	1.800133026884563	1.199866973115436	0	0.6000443422948546	0	0	0	0	0	0
0	0	0.9228028681257439	2.077197131874255	0	0.3076009560419147	0	0	0	0	0	0
1	0	0.9999999999999998	2	1	0.3333333333333334	1	0	-1	1	0.3333333333333334	-0.8567609691333957
0	0	0.9999999999999998	2	0	0.3333333333333334	0	0	0	0	0	0
1	0	0.9429517129996665	2.057048287000332	1	0.3143172376665557	1.060499690719957	0	-1.060499690719957	1	0.3143172376665557	-0.9085947427868967
0	0	0.9999999999999998	2	0	0.3333333333333334	0	0	0	0	0	0
0	0	0.8001330268845636	2	0	0.2857482195318392	0	0	0	0	0	0
0	0	0.8001330268845636	2.199866973115436	0	0.2667110089615212	0	0	0	0	0	0
0	0	0.8233228883553231	2.075235406835906	0	0.2840456546005073	0	0	0	0	0	0
0	0	0.1766771116446766	2.823322888355323	0	0.05889237054822555	0	0	0	0	0	0
1	3	1.121093029266316	1.083337412748019	0.25	0.5085635762868065	0.8919866361620646	2.769220341417113	1.877233705255048	0.2997658777109979	0.9416730365241481	1.60834056860419
0	2	0.8007307770490621	2.199269222950937	0	0.2669102590163541	0	0.9093929834185733	0.9093929834185733	0.537420568335469	0.462579431664531	0.7791324137968069
4	0	0.9999999999999996	1.999261882590515	1	0.3334153665622164	4.000000000000002	0	-4.000000000000002	1	0.01235783657032752	-3.427043876533584
0	0	0.8233228883553231	2.075235406835906	0	0.2840456546005073	0	0	0	0	0	0
0	0	0.8001330268845636	2.199866973115436	0	0.2667110089615212	0	0	0	0	0	0
0	0	0.9999999999999998	1.800133026884563	0	0.3571258902340804	0	0	0	0	0	0
0	0	0.1766771116446766	2.823322888355323	0	0.05889237054822555	0	0	0	0	0	0
0	0	0	2.999999999999999	0	0	0	0	0	0	0	0
0	1	0.8982401832819857	2.000318111909244	0	0.3098920538435213	0	0.4999204846700758	0.4999204846700758	0.6901079461564787	0.3098920538435213	0.428312358935571
0	0	0.9999999999999998	1.800133026884563	0	0.3571258902340804	0	0	0	0	0	0
0	0	0.8001330268845636	2.199866973115436	0	0.2667110089615212	0	0	0	0	0	0
0	0	0.9999999999999998	2	0	0.3333333333333334	0	0	0	0	0	0
1	0	0.9999999999999997	1.999999999999999	1	0.3333333333333333	1	0	-1	1	0.3333333333333333	-0.8567609691333959
1	0	0.9202773499610556	2.079722650038944	1	0.3067591166536852	1.086628938593695	0	-1.086628938593695	1	0.3067591166536852	-0.9309812625179269
1	1	0.9996637798892626	1.997956187095048	0.5	0.3334858290575614	1.000336333192721	0.5005114759067675	-0.4998248572859532	0.8887872018177908	0.5557588599329137	-0.4282304291252744
1	0	0.8235024692657831	2.075055825925446	1	0.2841076098527988	1.214325442025181	0	-1.214325442025181	1	0.2841076098527988	-1.040386642552833
1	0	0.8001330268845636	2.077197131874255	1	0.2780817573016067	1.24979218004992	0	-1.24979218004992	1	0.2780817573016068	-1.070773159394909
3	1	0.8337449032244146	2.11367901277027	0.75	0.2828724089195178	3.59822289575365	0.4731087331417277	-3.125114162611923	0.9935973117613001	0.07133011485618246	-2.677475838611891
1	0	0.9999999999999998	1.999662406137765	1	0.3333708479840424	1	0	-1	1	0.3333708479840425	-0.8567609691333957
1	2	0.8464248561601466	2.095071738475707	0.3333333333333333	0.2877531314174209	1.181439784904895	0.9546212491296946	-0.2268185357751999	0.7992473977534342	0.6386802961681826	-0.1943292685281781
1	0	0.8001330268845637	2.077197131874255	1	0.2780817573016068	1.24979218004992	0	-1.24979218004992	1	0.2780817573016068	-1.070773159394909
0	0	0.9228028681257439	2.077197131874255	0	0.3076009560419147	0	0	0	0	0	0
0	0	0.9999999999999998	2	0	0.3333333333333334	0	0	0	0	0	0
0	0	0.9999999999999998	2	0	0.3333333333333334	0	0	0	0	0	0
2	0	0.8001330268845636	2.199866973115435	1	0.2667110089615213	2.49958436009984	0	-2.49958436009984	1	0.07113476230127258	-2.141546318789818
0	0	0.9999999999999998	1.932872602898359	0	0.3409626449549045	0	0	0	0	0	0
1	0	0.8001330268845637	2.199866973115436	1	0.2667110089615213	1.24979218004992	0	-1.24979218004992	1	0.2667110089615212	-1.070773159394909
0	0	0.9228028681257439	2.077197131874255	0	0.3076009560419147	0	0	0	0	0	0
1	0	0.9999999999999998	2	1	0.3333333333333334	1	0	-1	1	0.3333333333333334	-0.8567609691333957
0	0	0.8001330268845636	2.199866973115436	0	0.2667110089615212	0	0	0	0	0	0
0	0	0.8001330268845636	2.199866973115436	0	0.2667110089615212	0	0	0	0	0	0
1	0	0.8239335776607853	2.074624717530444	1	0.2842563418606102	1.213690068123066	0	-1.213690068123066	1	0.2842563418606101	-1.039842278992695
0	0	0.9999999999999998	2	0	0.3333333333333334	0	0	0	0	0	0
2	0	0.8001330268845634	2.199866973115435	1	0.2667110089615212	2.499584360099841	0	-2.499584360099841	1	0.07113476230127258	-2.141546318789818
0	0	0.8233228883553231	1.376544084760112	0	0.3742603068354353	0	0	0	0	0	0
1	0	0.8001330268845636	2.199866973115436	1	0.2667110089615212	1.24979218004992	0	-1.24979218004992	1	0.2667110089615212	-1.070773159394909
0	0	0.9999999999999998	2	0	0.3333333333333334	0	0	0	0	0	0
0	0	0.8001330268845636	2.199866973115436	0	0.2667110089615212	0	0	0	0	0	0
1	1	0.9408811781598986	2.058947380118607	0.5	0.3136449833319264	1.06283346209106	0.4856850688153062	-0.5771483932757534	0.9016268244307157	0.5289167910945684	-0.4944782167567166
1	1	0.9229333803028629	2.077066619697136	0.5	0.3076444601009544	1.083501822928809	0.4814482070612705	-0.6020536158675389	0.9053548861691924	0.520643806371101	-0.5158160394009377
0	0	0.9999999999999998	2	0	0.3333333333333334	0	0	0	0	0	0
2	0	0.8001330268845632	1.999999999999999	1	0.2857482195318392	2.499584360099841	0	-2.499584360099841	0.9999999999999998	0.0816520449656164	-2.141546318789818
0	0	0.9999999999999998	2	0	0.3333333333333334	0	0	0	0	0	0
0	2	0.9999999999999998	2	0	0.3333333333333334	0	1	1	0.4444444444444444	0.5555555555555556	0.8567609691333957
0	0	0.8001330268845636	2.077197131874255	0	0.2780817573016067	0	0	0	0	0	0
1	0	0.9999999999999996	1.999999999999999	1	0.3333333333333333	1	0	-1	1	0.3333333333333333	-0.8567609691333959
1	0	0.899062523190761	2.000701499338571	1	0.3100467887061202	1.112269696718103	0	-1.112269696718103	1	0.3100467887061202	-0.9529492632979099
1	0	0.8001330268845636	1.999999999999999	1	0.2857482195318393	1.24979218004992	0	-1.24979218004992	1	0.2857482195318393	-1.070773159394909
2	0	0.9999999999999998	2	1	0.3333333333333334	2	0	-2	1	0.111111111111111	-1.713521938266791
1	0	0.8656734815215036	2.032884813669726	1	0.2986565710814492	1.15516995881912	0	-1.15516995881912	1	0.2986565710814493	-0.9897045334316543
0	1	0.8178334036310629	1.571440394272739	0	0.3422937146628312	0	0.6363588486363169	0.6363588486363169	0.6577062853371688	0.3422937146628312	0.5452074238742626
1	5	0.8001330268845632	2.199866973115435	0.1666666666666667	0.2667110089615213	1.249792180049921	2.272864705504915	1.023072525454994	0.4947591950573337	0.8445284280917771	0.8765286084025713
0	0	0.9999999999999998	2	0	0.3333333333333334	0	0	0	0	0	0
2	0	1.800133026884563	1.199866973115436	1	0.6000443422948546	1.11102900181846	0	-1.11102900181846	0.9999999999999998	0.3600532127200647	-0.9518862843332931
0	0	0.8233228883553231	2.075235406835906	0	0.2840456546005073	0	0	0	0	0	0
1	0	1.665991189572615	1.211442178937551	1	0.578985149684007	0.6002432703479873	0	-0.6002432703479873	1	0.578985149684007	-0.5142650060191404
0	0	0.9999999999999998	2	0	0.3333333333333334	0	0	0	0	0	0
1	0	0.9999999999999998	2	1	0.3333333333333334	1	0	-1	1	0.3333333333333334	-0.8567609691333957
1	0	0.9999999999999996	1.945146857862243	1	0.3395416419831292	1	0	-1	1	0.3395416419831292	-0.8567609691333959
0	0	0	2.999999999999999	0	0	0	0	0	0	0	0
2	0	1.091400958632827	1.208658744635611	1	0.4745098386280675	1.83250709483099	0	-1.83250709483099	1	0.2251595869548346	-1.570020554511222
1	0	0.8001330268845636	2.199866973115436	1	0.2667110089615212	1.24979218004992	0	-1.24979218004992	1	0.2667110089615212	-1.070773159394909
0	0	0.9999999999999998	2	0	0.3333333333333334	0	0	0	0	0	0
0	0	0.9999999999999998	2	0	0.3333333333333334	0	0	0	0	0	0
0	0	0.8657452057967194	2.06712739710164	0	0.2951867752254776	0	0	0	0	0	0
0	1	0.823894360493107	2.074663934698122	0	0.284242811973099	0	0.4820057761044113	0.4820057761044113	0.7157571880269009	0.2842428119730991	0.4129637358631099
0	0	0.8233228883553231	1.376544084760112	0	0.3742603068354353	0	0	0	0	0	0
1	0	0.9999999999999998	2	1	0.3333333333333334	1	0	-1	1	0.3333333333333334	-0.8567609691333957
0	0	0.8985582951912295	1.999999999999999	0	0.3100018021655653	0	0	0	0	0	0
1	0	0.9999999999999997	1.999999999999999	1	0.3333333333333333	1	0	-1	1	0.3333333333333333	-0.8567609691333959
0	0	0.1766771116446766	2.823322888355323	0	0.05889237054822555	0	0	0	0	0	0
0	0	0.8001330268845636	2.199866973115436	0	0.2667110089615212	0	0	0	0	0	0
3	0	0.9999999999999998	2	1	0.3333333333333334	3.000000000000001	0	-3.000000000000001	0.9999999999999999	0.0370370370370372	-2.570282907400188
0	0	0.9999999999999998	2	0	0.3333333333333334	0	0	0	0	0	0
1	0	0.3225708200325688	2.67742917996743	1	0.107523606677523	3.100094422362921	0	-3.100094422362921	1	0.1075236066775229	-2.65603990170869
5	0	0.9999999999999996	1.999999999999999	1	0.3333333333333333	5.000000000000003	0	-5.000000000000003	1	0.004115226337448097	-4.28380484566698
0	0	0.9999999999999998	2	0	0.3333333333333334	0	0	0	0	0	0
0	0	0.8001330268845636	2.199866973115436	0	0.2667110089615212	0	0	0	0	0	0
0	0	0.1766771116446766	2.823322888355323	0	0.05889237054822555	0	0	0	0	0	0
0	0	0.8233228883553231	2.109549714543036	0	0.2807223496655425	0	0	0	0	0	0
0	0	0.8001330268845636	2.199866973115436	0	0.2667110089615212	0	0	0	0	0	0
1	0	0.9999999999999997	1.999999999999999	1	0.3333333333333333	1	0	-1	1	0.3333333333333333	-0.8567609691333959
0	0	0	1.26850958840656	0	0	0	0	0	0	0	0
1	0	0.8656376425614146	2.067234960336944	1	0.2951501001802682	1.155217784939444	0	-1.155217784939444	1	0.2951501001802682	-0.989745508984853
2	0	0.9999999999999998	1.933099716450704	1	0.3409362437940172	2	0	-2	1	0.1162375223323735	-1.713521938266791
0	0	0	2.999999999999999	0	0	0	0	0	0	0	0
0.5	9.5	0.9262939376556594	2.07010237024448	0.05	0.3091359895262992	0.5397854608283856	4.589145028068367	4.049359567239982	0.0801882180396136	0.9752300178555304	3.469333227198114
0	0	0.8001330268845636	2.199866973115436	0	0.2667110089615212	0	0	0	0	0	0
0	0	0.9999999999999998	2	0	0.3333333333333334	0	0	0	0	0	0
0	0	0	1.26850958840656	0	0	0	0	0	0	0	0
3	0	0.8001330268845633	1.999999999999999	1	0.2857482195318392	3.749376540149761	0	-3.749376540149761	0.9999999999999999	0.02333192647005855	-3.212319478184727
1	0	0.9999999999999997	1.999999999999999	1	0.3333333333333333	1	0	-1	1	0.3333333333333333	-0.8567609691333959
0	0	0.8001330268845636	2.199866973115436	0	0.2667110089615212	0	0	0	0	0	0
0	0	0.9409806126326259	2.059019387367373	0	0.3136602042108754	0	0	0	0	0	0
1	0	0.8001330268845636	2.199866973115435	1	0.2667110089615213	1.24979218004992	0	-1.24979218004992	1	0.2667110089615212	-1.070773159394909
0	0	0.8233228883553231	1.376544084760112	0	0.3742603068354353	0	0	0	0	0	0
0	0	0.8001330268845636	2.199866973115436	0	0.2667110089615212	0	0	0	0	0	0
0	1	0.9998312823978124	2.000168717602187	0	0.3332770941326042	0	0.4999578241573568	0.4999578241573568	0.6667229058673958	0.3332770941326042	0.4283443499508808
3	0	0.8651712964844769	2.067701306413882	1	0.2949910935884112	3.467521417076771	0	-3.467521417076771	0.9999999999999999	0.02567004982879573	-2.970837009785499
1	0	0.9999999999999999	1.934633470210408	1	0.340758057233056	1	0	-1	1	0.340758057233056	-0.8567609691333957
1	3	0.8113921615518898	2.114291045773972	0.25	0.2773342511999171	1.232449667849113	1.41891534091126	0.1864656730621475	0.691414585372179	0.727259340583694	0.1597565107628363
0	0	0.9999999999999998	1.932872602898359	0	0.3409626449549045	0	0	0	0	0	0
2	0	0.824973918489897	1.374893054625538	1	0.3750108204595549	2.424319066548154	0	-2.424319066548154	1	0.1406331154617484	-2.077061952944366
0	0	0.9999999999999998	2	0	0.3333333333333334	0	0	0	0	0	0
0	0	0.9999999999999998	2	0	0.3333333333333334	0	0	0	0	0	0
0	0	0.8001330268845636	2.199866973115436	0	0.2667110089615212	0	0	0	0	0	0
0	0	0.9999999999999998	2	0	0.3333333333333334	0	0	0	0	0	0
0	0	0.8233228883553231	2.075235406835906	0	0.2840456546005073	0	0	0	0	0	0
0	0	0.8001330268845636	2.199866973115436	0	0.2667110089615212	0	0	0	0	0	0
1	0	0.9999999999999998	2	1	0.3333333333333334	1	0	-1	1	0.3333333333333334	-0.8567609691333957
0	0	0.8233228883553231	1.376544084760112	0	0.3742603068354353	0	0	0	0	0	0
1	0	0.9999999999999998	2	1	0.3333333333333334	1	0	-1	1	0.3333333333333334	-0.8567609691333957
1	0	0.9999999999999997	1.999999999999999	1	0.3333333333333333	1	0	-1	1	0.3333333333333333	-0.8567609691333959
3	0	0.9190194509518586	2.08098054904814	1	0.306339816983953	3.264348754417332	0	-3.264348754417332	0.9999999999999999	0.02874817935515372	-2.796766602423986
2	1	0.8001330268845633	2.199866973115435	0.6666666666666666	0.2667110089615212	2.499584360099841	0.4545729411009827	-2.045011418998858	0.9810275757743894	0.1754594384525973	-1.752085965230322
0	0	0.8233228883553231	1.376544084760112	0	0.3742603068354353	0	0	0	0	0	0
0	0	0.9228028681257439	2.077197131874255	0	0.3076009560419147	0	0	0	0	0	0
1	0	0.8001330268845637	2.199866973115436	1	0.2667110089615213	1.24979218004992	0	-1.24979218004992	1	0.2667110089615212	-1.070773159394909
3	0	0.9999999999999996	1.998362458887588	1	0.333515381716394	3.000000000000001	0	-3.000000000000001	0.9999999999999998	0.03709775297903795	-2.570282907400188
1	0	0.8657094108909652	2.032848884300264	1	0.2986689666815382	1.155122016024784	0	-1.155122016024784	1	0.2986689666815382	-0.9896634579167157
1	0	1.800133026884563	1.199866973115436	1	0.6000443422948546	0.5555145009092303	0	-0.5555145009092303	1	0.6000443422948546	-0.4759431421666467
0	0	0.8001330268845636	2.199866973115436	0	0.2667110089615212	0	0	0	0	0	0
7	0	1.030760043550259	1.568094315606939	1	0.3966209341121107	6.791105305061902	0	-6.791105305061902	0.9999999999999994	0.001543936488804909	-5.818353962651779
0	0	1.665878232681283	1.211451926077536	0	0.5789666603292704	0	0	0	0	0	0
1	0	0.922802868125744	2.077197131874255	1	0.3076009560419147	1.083655062788271	0	-1.083655062788271	1	0.3076009560419146	-0.9284333618007899
2	0	0.9999999999999996	1.999715838270622	1	0.3333649098497655	2.000000000000001	0	-2.000000000000001	1	0.1111321631191423	-1.713521938266792
0	1	0.8236421836884553	2.074916111502774	0	0.2841558112027264	0	0.4819471950968381	0.4819471950968381	0.7158441887972736	0.2841558112027264	0.4129135459422887
0	0	0.9999999999999998	2	0	0.3333333333333334	0	0	0	0	0	0
2	0	0.8001330268845634	2.199866973115435	1	0.2667110089615212	2.499584360099841	0	-2.499584360099841	1	0.07113476230127258	-2.141546318789818
0	0	0.8657452057967194	2.06712739710164	0	0.2951867752254776	0	0	0	0	0	0
0	0	0.8233228883553231	2.075235406835906	0	0.2840456546005073	0	0	0	0	0	0
1	0	0.8001330268845634	2.199866973115436	1	0.2667110089615212	1.24979218004992	0	-1.24979218004992	1	0.2667110089615212	-1.070773159394909
1	0	0.8001330268845636	2.199866973115435	1	0.2667110089615213	1.24979218004992	0	-1.24979218004992	1	0.2667110089615212	-1.070773159394909
0	0	0.8657452057967194	1.334121767318716	0	0.3935443444430903	0	0	0	0	0	0
0	0	0.9228028681257439	2.077197131874255	0	0.3076009560419147	0	0	0	0	0	0
1	0	0.8234663049944424	2.109406297903917	1	0.2807712493821472	1.214378771705479	0	-1.214378771705479	1	0.2807712493821473	-1.040432333341408
2	0	0.8237175116049351	2.074840783586294	1	0.2841817992660353	2.428016852650359	0	-2.428016852650359	1	0.08075929503408119	-2.080230071748938
0	0	0.8233228883553231	2.109549714543036	0	0.2807223496655425	0	0	0	0	0	0
1	0	0.8001330268845636	2.199866973115435	1	0.2667110089615213	1.24979218004992	0	-1.24979218004992	1	0.2667110089615212	-1.070773159394909
1	0	0.9999999999999997	1.800976719979321	1	0.3570183189553187	1	0	-1	1	0.3570183189553187	-0.8567609691333959
0	0	0.8233228883553231	2.109549714543036	0	0.2807223496655425	0	0	0	0	0	0
3	0	0.9999999999999994	1.999999999999999	1	0.3333333333333334	3.000000000000002	0	-3.000000000000002	0.9999999999999999	0.0370370370370372	-2.570282907400188
1	0	0.8234304099510992	2.10944219294726	1	0.2807590105132281	1.214431709000627	0	-1.214431709000627	1	0.280759010513228	-1.040477687949703
3	0	0.9999999999999996	1.98399530512681	1	0.3351211706941687	3.000000000000001	0	-3.000000000000001	1	0.03763618490098708	-2.570282907400188
1	0	0.8991684699134949	2.000848896063844	1	0.3100562363737657	1.112138640822454	0	-1.112138640822454	1	0.3100562363737657	-0.9528369797217433
1	1	0.9231296548885944	2.076870345111405	0.5	0.3077098849628648	1.083271450228389	0.4814937063133612	-0.6017777439150279	0.9053146266961407	0.52073439662187	-0.5155796830795477
3	0	0.8653503929713569	1.334516580144079	1	0.3933648732158809	3.466803764540845	0	-3.466803764540845	1	0.0608676769217098	-2.970222153103319
0	0	0.8001330268845636	2.199866973115436	0	0.2667110089615212	0	0	0	0	0	0
2	0	0.9999999999999996	1.999999999999999	1	0.3333333333333333	2.000000000000001	0	-2.000000000000001	1	0.1111111111111109	-1.713521938266792
0	0	0.8657452057967194	2.06712739710164	0	0.2951867752254776	0	0	0	0	0	0
1	0	0.8235025778961611	2.075055717295068	1	0.2841076473301812	1.214325281840337	0	-1.214325281840337	1	0.2841076473301812	-1.040386505312711
1	0	0.8001330268845637	2	1	0.2857482195318392	1.24979218004992	0	-1.24979218004992	1	0.2857482195318393	-1.070773159394909
0	1	0.9999347957033832	2.000065204296616	0	0.3333115985677945	0	0.4999836994572787	0.4999836994572787	0.6666884014322055	0.3333115985677945	0.4283665188979184
2	0	0.8654942359748887	2.06737836692347	1	0.2951012038912224	2.310818393547369	0	-2.310818393547369	0.9999999999999999	0.08708472053804894	-1.97981900634692
0	0	0.8001330268845636	2.199866973115436	0	0.2667110089615212	0	0	0	0	0	0
3	1	0.9999999999999998	2	0.75	0.3333333333333334	3.000000000000001	0.5000000000000001	-2.500000000000001	0.9876543209876543	0.1111111111111112	-2.14190242283349
0	0	0.8233228883553231	2.075235406835906	0	0.2840456546005073	0	0	0	0	0	0
0	1	0.1773719210956768	2.822628078904322	0	0.05912397369855896	0	0.3542797605797844	0.3542797605797844	0.9408760263014411	0.05912397369855893	0.3035330710186834
0	0	0.8001330268845636	2.199866973115436	0	0.2667110089615212	0	0	0	0	0	0
1	0	0.9999999999999998	2	1	0.3333333333333334	1	0	-1	1	0.3333333333333334	-0.8567609691333957
0	0	0	1.26850958840656	0	0	0	0	0	0	0	0
0	0	0.9999999999999998	1.800133026884563	0	0.3571258902340804	0	0	0	0	0	0
1	0	0.8001330268845634	1.999999999999999	1	0.2857482195318392	1.24979218004992	0	-1.24979218004992	1	0.2857482195318393	-1.070773159394909
1	0	0.8001330268845637	2.199866973115436	1	0.2667110089615213	1.24979218004992	0	-1.24979218004992	1	0.2667110089615212	-1.070773159394909
4	0	0.9999999999999999	2	1	0.3333333333333334	4.000000000000001	0	-4.000000000000001	1	0.01234567901234573	-3.427043876533583
0	0	0.8657452057967194	2.06712739710164	0	0.2951867752254776	0	0	0	0	0	0
0	0	0.9999999999999998	2	0	0.3333333333333334	0	0	0	0	0	0
0	0	0.9999999999999998	2	0	0.3333333333333334	0	0	0	0	0	0
0	0	0.9999999999999998	2	0	0.3333333333333334	0	0	0	0	0	0
1	0	0.9999999999999998	2	1	0.3333333333333334	1	0	-1	1	0.3333333333333334	-0.8567609691333957
1	0	1.796745927213369	1.20325407278663	1	0.5989153090711231	0.5565617179669539	0	-0.5565617179669539	1	0.5989153090711231	-0.476840356867915
2	0	0.8641335388206941	2.068739064077665	1	0.2946372569905455	2.314457095056689	0	-2.314457095056689	1	0.0868111132069127	-1.982936503778432
3	0	0.8001330268845637	2.199866973115436	1	0.2667110089615212	3.74937654014976	0	-3.74937654014976	0.9999999999999998	0.01897242422561063	-3.212319478184726
0	0	0.8233228883553231	1.376544084760112	0	0.3742603068354353	0	0	0	0	0	0
2	0	0.8001330268845633	2.199866973115435	1	0.2667110089615212	2.499584360099841	0	-2.499584360099841	1	0.07113476230127258	-2.141546318789818
0	0	0.9999999999999998	2	0	0.3333333333333334	0	0	0	0	0	0
0	0	0.9228028681257439	2.077197131874255	0	0.3076009560419147	0	0	0	0	0	0
0	0	0.8001330268845636	2.199866973115436	0	0.2667110089615212	0	0	0	0	0	0
3	0	1.800133026884563	1.199866973115436	1	0.6000443422948546	1.666543502727691	0	-1.666543502727691	0.9999999999999996	0.2160478932177609	-1.42782942649994
1	0	0.9999999999999997	1.999999999999999	1	0.3333333333333333	1	0	-1	1	0.3333333333333333	-0.8567609691333959
2	0	0.8001330268845636	2.199866973115435	1	0.2667110089615213	2.49958436009984	0	-2.49958436009984	1	0.07113476230127258	-2.141546318789818
0	1	0.9999999999999998	1.801148059133089	0	0.3569964810462335	0	0.5552014421742264	0.5552014421742264	0.6430035189537664	0.3569964810462336	0.4756749256614491
0	0	0.8233228883553231	2.109549714543036	0	0.2807223496655425	0	0	0	0	0	0
0	0	0	2.999999999999999	0	0	0	0	0	0	0	0
0	0	0.8001330268845636	2.199866973115436	0	0.2667110089615212	0	0	0	0	0	0
0	1	0.8232640313197761	2.075551728023768	0	0.2840001226936235	0	0.4817996036900259	0.4817996036900259	0.7159998773063765	0.2840001226936235	0.4127870953855525
2	0	1.799340198361332	1.199935386919227	1	0.5999249309372875	1.111518545420933	0	-1.111518545420933	0.9999999999999999	0.3599099227601092	-0.9523057061845804
0	0	0.8001330268845636	2.199866973115436	0	0.2667110089615212	0	0	0	0	0	0
0	0	0.8233228883553231	2.109549714543036	0	0.2807223496655425	0	0	0	0	0	0
1	2	0.82668270161105	2.071875593580179	0.3333333333333333	0.2852047871462632	1.20965395556383	0.9653089240479064	-0.2443450315159238	0.8023728129130678	0.6347881119786056	-0.209345286004513
0	0	0.9999999999999998	2	0	0.3333333333333334	0	0	0	0	0	0
0	0	0.8657452057967194	2.03281308939451	0	0.2986813158917692	0	0	0	0	0	0
2	0	0.8650996190733078	2.033458676117922	1	0.2984585890539193	2.311872477926177	0	-2.311872477926177	0.9999999999999999	0.08907752938005631	-1.980722104700856
1	0	0.8233945273916445	1.376472445723791	1	0.3742928720028735	1.214484632497872	0	-1.214484632497872	1	0.3742928720028735	-1.040523030736492
3	0	1.800133026884563	1.199866973115436	1	0.6000443422948546	1.666543502727691	0	-1.666543502727691	0.9999999999999996	0.2160478932177609	-1.42782942649994
2	0	0.9402236393126563	2.057966260044478	1	0.3135970938712911	2.127153494526138	0	-2.127153494526138	1	0.09834313728451938	-1.822462089465703
0	0	0.8233228883553231	2.109549714543036	0	0.2807223496655425	0	0	0	0	0	0
0	0	0.8001330268845636	2.199866973115436	0	0.2667110089615212	0	0	0	0	0	0
0	0	0.9999999999999998	2	0	0.3333333333333334	0	0	0	0	0	0
1	0	0.8654926706714755	2.067379932226883	1	0.2951006701812305	1.155411286411206	0	-1.155411286411206	1	0.2951006701812304	-0.9899112934933284
0	0	0.8001330268845636	2.199866973115436	0	0.2667110089615212	0	0	0	0	0	0
0	1	0.007624176724358323	2.992375823275641	0	0.002541392241452775	0	0.3341826224572746	0.3341826224572746	0.9974586077585472	0.002541392241452778	0.2863146274840342
2	0	0.9999999999999997	1.985074092347818	1	0.3350000599862768	2.000000000000001	0	-2.000000000000001	0.9999999999999999	0.1122250401908091	-1.713521938266792
1	0	0.8001330268845636	2.199866973115436	1	0.2667110089615212	1.24979218004992	0	-1.24979218004992	1	0.2667110089615212	-1.070773159394909
2	0	0.9999999999999996	1.999999999999999	1	0.3333333333333333	2.000000000000001	0	-2.000000000000001	1	0.1111111111111109	-1.713521938266792
0	0	0.8001330268845636	2.077197131874255	0	0.2780817573016067	0	0	0	0	0	0
1	0	0.8001330268845637	2.199866973115436	1	0.2667110089615213	1.24979218004992	0	-1.24979218004992	1	0.2667110089615212	-1.070773159394909
0	1	0.8237710515459881	2.075044562987121	0	0.2841750428747662	0	0.4819173611194426	0.4819173611194426	0.7158249571252338	0.2841750428747662	0.4128879853549022
1	0	0.1830341017431504	2.816965898256849	1	0.0610113672477168	5.463462767191266	0	-5.463462767191266	1	0.06101136724771683	-4.680881655243012
0	0	0.8001330268845636	2	0	0.2857482195318392	0	0	0	0	0	0
1	0	0.8001330268845636	2.199866973115436	1	0.2667110089615212	1.24979218004992	0	-1.24979218004992	1	0.2667110089615212	-1.070773159394909
0	0	0.8233228883553231	2.075235406835906	0	0.2840456546005073	0	0	0	0	0	0
0	0	0.8001330268845636	2.077197131874255	0	0.2780817573016067	0	0	0	0	0	0
1	2	0.8001330268845636	2.199866973115436	0.3333333333333333	0.2667110089615212	1.24979218004992	0.9091458822019652	-0.3406462978479549	0.8245405615474027	0.6057011642063561	-0.2918524522759171
1	0	0.8001330268845636	2.199866973115435	1	0.2667110089615213	1.24979218004992	0	-1.24979218004992	1	0.2667110089615212	-1.070773159394909
2	0	0.9999999999999998	2	1	0.3333333333333334	2	0	-2	1	0.111111111111111	-1.713521938266791
0	0	0.8001330268845636	2.077197131874255	0	0.2780817573016067	0	0	0	0	0	0
0	0	0.1766771116446766	2.823322888355323	0	0.05889237054822555	0	0	0	0	0	0
3	0	0.9999999999999996	1.93433833702469	1	0.3407923303806754	3.000000000000001	0	-3.000000000000001	0.9999999999999997	0.03957942101661438	-2.570282907400188
0	0	0.9999999999999998	1.800133026884563	0	0.3571258902340804	0	0	0	0	0	0
1	0	0.7278716515386007	2.272128348461399	1	0.2426238838462003	1.373868590549123	0	-1.373868590549123	1	0.2426238838462003	-1.177076985100799
0	0	0.8985582951912295	1.999999999999999	0	0.3100018021655653	0	0	0	0	0	0
0	0	0.8001330268845636	2.199866973115436	0	0.2667110089615212	0	0	0	0	0	0
0	1	0.9992520999163772	1.933620502981982	0	0.3407076389642306	0	0.5171645617419885	0.5171645617419885	0.6592923610357695	0.3407076389642305	0.4430864111195139
0	0	0.9999999999999998	2	0	0.3333333333333334	0	0	0	0	0	0
0	0	0.8001330268845636	2	0	0.2857482195318392	0	0	0	0	0	0
2	2	0.8001330268845636	2.199866973115436	0.5	0.2667110089615212	2.49958436009984	0.9091458822019652	-1.590438477897875	0.9392907663205341	0.2902096432257283	-1.362625611670826
1	0	0.8001330268845634	2.199866973115435	1	0.2667110089615212	1.24979218004992	0	-1.24979218004992	1	0.2667110089615212	-1.070773159394909
0	3	0.8001330268845636	2.199866973115435	0	0.2667110089615213	0	1.363718823302948	1.363718823302948	0.3942988357936438	0.6057011642063561	1.168381060678488
5	0	0.9999999999999993	1.999999999999999	1	0.3333333333333333	5.000000000000004	0	-5.000000000000004	1	0.004115226337448097	-4.283804845666981
0	0	0.8001330268845636	2	0	0.2857482195318392	0	0	0	0	0	0
1	0	0.9193832351177218	2.028972372811122	1	0.3118291540699084	1.087685702548139	0	-1.087685702548139	1	0.3118291540699084	-0.9318866566276817
0	1	0.8001330268845637	2.199866973115436	0	0.2667110089615213	0	0.4545729411009826	0.4545729411009826	0.7332889910384788	0.2667110089615212	0.3894603535594958
0	0	0.8233228883553231	2.109549714543036	0	0.2807223496655425	0	0	0	0	0	0
1	0	0.9999999999999998	2	1	0.3333333333333334	1	0	-1	1	0.3333333333333334	-0.8567609691333957
3	0	1.624282601914847	1.177354770892207	1	0.5797618984099372	1.846969238273769	0	-1.846969238273769	0.9999999999999996	0.1948718065065294	-1.582411154543004
1	1	0.8001330268845636	2.199866973115436	0.5	0.2667110089615212	1.24979218004992	0.4545729411009826	-0.7952192389489374	0.9288652376987274	0.4622872556217698	-0.6813128058354129
0	0	0.8001330268845636	2.199866973115436	0	0.2667110089615212	0	0	0	0	0	0
3	0	1.12266984124118	1.760263280735346	1	0.3894193148925641	2.672201469920415	0	-2.672201469920415	1	0.05905442770804969	-2.289437921088699
3	0	0.8001330268845634	2.199866973115436	1	0.2667110089615212	3.749376540149761	0	-3.749376540149761	0.9999999999999998	0.01897242422561063	-3.212319478184727
1	1	0.8656375714182099	1.338361480773679	0.5	0.3927576876937984	1.15521787988206	0.7471822929496749	-0.4080355869323854	0.8457413987574209	0.6312567741450175	-0.3495889649011044
0	0	0.9228028681257439	2.077197131874255	0	0.3076009560419147	0	0	0	0	0	0
6	0	0.8637402720051467	2.034818023186082	1	0.297989615540288	6.946532649301141	0	-6.946532649301141	1	0.0007001752888784463	-5.95151804473202
5	0	0.9999999999999991	1.944012496742112	1	0.3396724711958982	5.000000000000004	0	-5.000000000000004	1	0.004521700096216885	-4.283804845666982
0	0	0.9999999999999998	2	0	0.3333333333333334	0	0	0	0	0	0
0	0	0.8657452057967194	2.06712739710164	0	0.2951867752254776	0	0	0	0	0	0
3	0	1.791898034629531	1.207998417010751	1	0.5973199620439424	1.674202405506985	0	-1.674202405506985	0.9999999999999998	0.2131184684440108	-1.434391275467626
0	1	0.8658764984675531	2.032858821782999	0	0.2987083685835488	0	0.4919180758076012	0.4919180758076012	0.7012916314164512	0.2987083685835488	0.4214562073631556
1	0	0.9999999999999997	1.80085699630368	1	0.3570335798363537	1	0	-1	1	0.3570335798363538	-0.8567609691333959
2	0	0.9999999999999994	1.991416396834649	1	0.3342898036723153	2.000000000000001	0	-2.000000000000001	1	0.1117496728392751	-1.713521938266792
0	0	0.8001330268845636	2	0	0.2857482195318392	0	0	0	0	0	0
1	0	0.8236814425930988	2.07487685259813	1	0.2841693554894529	1.214061587756328	0	-1.214061587756328	1	0.2841693554894529	-1.04016058251374
1	0	0.8001330268845636	2.199866973115436	1	0.2667110089615212	1.24979218004992	0	-1.24979218004992	1	0.2667110089615212	-1.070773159394909
0	0	0	1.26850958840656	0	0	0	0	0	0	0	0
1	1	0.9229986577383394	2.07700134226166	0.5	0.3076662192461132	1.083425194192958	0.4814633383486857	-0.6019618558442723	0.9053414975348024	0.5206739360270292	-0.5157374229944761
0	0	1.800133026884563	1.199866973115436	0	0.6000443422948546	0	0	0	0	0	0
0	0	0	1.26850958840656	0	0	0	0	0	0	0	0
0	0	0.9228028681257439	2.077197131874255	0	0.3076009560419147	0	0	0	0	0	0
0	0	0.9999999999999998	2	0	0.3333333333333334	0	0	0	0	0	0
0	0	0.8001330268845636	2.199866973115436	0	0.2667110089615212	0	0	0	0	0	0
0	0	0.9999999999999998	2	0	0.3333333333333334	0	0	0	0	0	0
0	1	0.1801658253842223	2.819834174615777	0	0.06005527512807411	0	0.3546307825481466	0.3546307825481466	0.9399447248719259	0.06005527512807407	0.3038338129404846
0	0	0.9999999999999998	1.800133026884563	0	0.3571258902340804	0	0	0	0	0	0
1	0	0.8001330268845636	2.077197131874255	1	0.2780817573016068	1.24979218004992	0	-1.24979218004992	1	0.2780817573016068	-1.070773159394909
0	0	0.8001330268845636	2.199866973115436	0	0.2667110089615212	0	0	0	0	0	0
0	0	1.665878232681283	1.211451926077536	0	0.5789666603292704	0	0	0	0	0	0
0	0	0.9999999999999998	2	0	0.3333333333333334	0	0	0	0	0	0
2	0	0.8001330268845636	2.077197131874255	1	0.2780817573016067	2.49958436009984	0	-2.49958436009984	0.9999999999999999	0.07732946374394978	-2.141546318789818
0	2	0.9990809804435653	2.000919019556433	0	0.3330269934811886	0	0.9995407012740389	0.9995407012740389	0.4448529914247424	0.5551470085752576	0.8563674599118194
0	1	0.9999999999999998	2	0	0.3333333333333334	0	0.5000000000000001	0.5000000000000001	0.6666666666666666	0.3333333333333334	0.4283804845666979
0	0	1.665878232681283	1.211451926077536	0	0.5789666603292704	0	0	0	0	0	0
0	0	1.665878232681283	1.211451926077536	0	0.5789666603292704	0	0	0	0	0	0
1	0	0.9999999999999997	1.999829831914539	1	0.3333522419709334	1	0	-1	1	0.3333522419709334	-0.8567609691333959
0	0	0.8001330268845636	2.199866973115436	0	0.2667110089615212	0	0	0	0	0	0
0	1	0.9232602503889523	2.076739749611047	0	0.3077534167963175	0	0.4815239849804436	0.4815239849804436	0.6922465832036825	0.3077534167963175	0.4125509560328195
0	0	0	2.999999999999999	0	0	0	0	0	0	0	0
0	0	0	1.26850958840656	0	0	0	0	0	0	0	0
1	0	0.9999999999999997	1.999999999999999	1	0.3333333333333333	1	0	-1	1	0.3333333333333333	-0.8567609691333959
0	0	0.8001330268845636	2.077197131874255	0	0.2780817573016067	0	0	0	0	0	0
1	0	0.8233945160317314	1.376472457083704	1	0.3742928668389644	1.214484649253436	0	-1.214484649253436	1	0.3742928668389645	-1.040523045092006
4	0	0.847034563286206	2.051523731905022	1	0.2922261610854799	4.722357473207895	0	-4.722357473207895	0.9999999999999998	0.007292498886229959	-4.045931565339929
0	0	0.9999999999999998	2	0	0.3333333333333334	0	0	0	0	0	0
0	0	0.8001330268845636	2.199866973115436	0	0.2667110089615212	0	0	0	0	0	0
0	0	0.9228028681257439	2.077197131874255	0	0.3076009560419147	0	0	0	0	0	0
2	0	0.9400474880036577	2.057721192283732	1	0.3135823968624348	2.127552092338784	0	-2.127552092338784	1	0.09833391962198945	-1.82280359251396
0	0	0.8001330268845636	2.077197131874255	0	0.2780817573016067	0	0	0	0	0	0
1	0	0.8001330268845637	2.199866973115435	1	0.2667110089615213	1.24979218004992	0	-1.24979218004992	1	0.2667110089615212	-1.070773159394909
1	0	0.9228028681257441	2.077197131874256	1	0.3076009560419147	1.083655062788271	0	-1.083655062788271	1	0.3076009560419146	-0.9284333618007899
0	0	0.8001330268845636	2.077197131874255	0	0.2780817573016067	0	0	0	0	0	0
0	0	0.9228028681257439	2.077197131874255	0	0.3076009560419147	0	0	0	0	0	0