Observed S Changes	Observed NS Changes	E[S Sites]	E[NS Sites]	Observed S. Prop.	P{S}	dS	dN	dN-dS	P{S leq. observed}	P{S geq. observed}	Scaled dN-dS
0	0	0	3.000000000000001	0	0	0	0	0	0	0	0
1	4	0.8666016967700128	2.032301763526034	0.2	0.2989412060936698	1.153932658714133	1.968211646414172	0.8142789877000385	0.5304000898246082	0.8306550669122118	0.6851288849545422
7	2	0.9995991003577421	2.00040089964226	0.7777777777777778	0.3331997001192472	7.002807422990678	0.9997995903509485	-6.00300783263973	0.9990376291411565	0.008260747750653108	-5.050890572980024
0	4	0.9235470489840341	2.076452951015967	0	0.3078490163280113	0	1.926361971285157	1.926361971285157	0.2295109241884746	0.7704890758115255	1.620828056896416
1	0	0.9231447639410572	2.076855236058945	1	0.3077149213136856	1.083253720392493	0	-1.083253720392493	1	0.3077149213136856	-0.9114424230344575
4	0	1	2	1	0.3333333333333333	3.999999999999999	0	-3.999999999999999	1	0.01234567901234551	-3.365573201832037
1	1	1.664357966516172	1.21360214293281	0.5	0.5783116871744384	0.6008322849520144	0.8239932714549965	0.2231609865029821	0.6655555924774545	0.8221789668263313	0.1877661589672094
0	2	0.801764375004582	2.198235624995419	0	0.2672547916681939	0	0.9098205748549669	0.9098205748549669	0.536915540333222	0.463084459666778	0.765516936301824
0	4	0.8009990227348848	2.000846397413766	0	0.2858826603975847	0	1.999153960629002	1.999153960629002	0.2600628475420489	0.739937152457951	1.682074749057337
0	3	0.9231460813402858	2.076853918659715	0	0.3077153604467618	0	1.444492543768332	1.444492543768332	0.3317829671249727	0.6682170328750272	1.215386348888222
1	1	1.799759268081857	1.199681942146264	0.5	0.6000315198526519	0.5556298654684952	0.8335542654005214	0.2779243999320261	0.6399621751833167	0.8400252148886204	0.2338437281366192
2	1	0.801486178074472	2.076667094075241	0.6666666666666666	0.2784723752657676	2.495364305351957	0.4815408318709403	-2.013823473481017	0.9784053406470573	0.1894512726525907	-1.694417578892006
8	2	1.796351420059024	1.203307572931786	0.8	0.5988518775822488	4.45347158171152	1.662085442649647	-2.791386139061873	0.9543325202747812	0.1654455648281354	-2.348653596398009
0	6	0.9999464413408768	2.000053558659125	0	0.3333154804469588	0	2.999919664162653	2.999919664162653	0.08780560212760424	0.9121943978723958	2.524112307338698
2	4	0.8037086636641616	2.196152707216463	0.3333333333333333	0.2679152681739519	2.488463905417998	1.82136696908925	-0.6670969363287487	0.8012416358954839	0.508023942468485	-0.5612908929830723
2	6	1.000000000000001	2.000000000000001	0.25	0.3333333333333334	1.999999999999999	2.999999999999998	0.9999999999999996	0.4682213077274805	0.8049077884468832	0.841393300458009
1	1	0.8240330446634118	1.375456578837613	0.5	0.3746473890391727	1.213543566579256	0.7270313111920204	-0.4865122553872356	0.8596393338861308	0.6089341119644762	-0.4093481522735362
1	4	0.8245903344273557	2.075400621645302	0.2	0.2843423813790322	1.212723407308017	1.927338730788731	0.7146153234807142	0.5606615958512533	0.8122731059140332	0.6012725455813062
1	5	0.9745192403516649	2.025480759648334	0.1666666666666667	0.3248397467838884	1.026147005203448	2.468549738713936	1.442402733510488	0.3681553013305522	0.9052801057875901	1.213627996538044
3	1	0.9997224379741567	2.000277562025845	0.75	0.3332408126580521	3.000832917263733	0.4999306191222873	-2.500902298141446	0.9876680220487015	0.1110288876310117	-2.104242438756251
3	3	0.9965618921150842	1.936835422695461	0.5	0.3397295985386991	3.010349907754205	1.548918387616513	-1.461431520137693	0.8934241256112985	0.3323091797954374	-1.229638690122019
0	0	0.8015963008686483	2.198403699131353	0	0.267198766956216	0	0	0	0	0	0
0	3	0.8012766843186436	2.198584487237713	0	0.26710458867766	0	1.364514312465281	1.364514312465281	0.3936642780151647	0.6063357219848353	1.148093200887354
0	1	0.8009990227348844	2.199000977265116	0	0.2669996742449614	0	0.4547519579748863	0.4547519579748863	0.7330003257550386	0.2669996742449614	0.3826252508102315
2	2	0.8009990227348847	2.199000977265117	0.5	0.2669996742449614	2.496881947709893	0.9095039159497722	-1.587378031760121	0.9391099168301135	0.2907064997842779	-1.335609241217187
2	3	0.9972095681769625	2.002790431823039	0.4	0.3324031893923207	2.005596480242641	1.497910092005608	-0.5076863882370326	0.7914995225401551	0.5372560506936173	-0.4271639257963632
3	0	1	2	1	0.3333333333333333	3	0	-3	1	0.03703703703703698	-2.524179901374028
5	1	0.9997650999532416	2.0000573565618	0.8333333333333334	0.3332747569050103	5.001174776188773	0.4999856612707601	-4.501189114918013	0.998629703583823	0.01781818859389506	-3.787270365386533
2	0	1.800530765584466	1.199041354320328	1	0.6002625353250765	1.110783574614891	0	-1.110783574614891	0.9999999999999998	0.3603151113148888	-0.9346058579397689
2	0	0.8009990227348847	2.076855236058944	1	0.2783320316820355	2.496881947709893	0	-2.496881947709893	1	0.0774687198602495	-2.10085974283765
1	0	1.001958085949165	1.998041914050836	1	0.3339860286497215	0.9980457406585924	0	-0.9980457406585924	1	0.3339860286497216	-0.8397489997407915
7	0	1	1.999673686608847	1	0.3333695943209435	6.999999999999997	0	-6.999999999999997	1	0.0004575956695441752	-5.889753103206063
2	0	0.8009990227348848	2.199000977265117	1	0.2669996742449614	2.496881947709893	0	-2.496881947709893	1	0.07128882604691544	-2.100859742837649
1	0	0.8009990227348847	2.199000977265117	1	0.2669996742449615	1.248440973854947	0	-1.248440973854947	1	0.2669996742449614	-1.050429871418825
1	1	1	2.000000000000001	0.5	0.3333333333333333	0.9999999999999996	0.4999999999999998	-0.4999999999999998	0.8888888888888891	0.5555555555555555	-0.4206966502290045
0	0	1	2.000000000000001	0	0.3333333333333333	0	0	0	0	0	0
1	0	1	2	1	0.3333333333333333	0.9999999999999998	0	-0.9999999999999998	1	0.3333333333333333	-0.8413933004580092
3	0	0.8009990227348848	2.199000977265118	1	0.2669996742449614	3.74532292156484	0	-3.74532292156484	0.9999999999999999	0.01903409333183226	-3.151289614256475
3	0	1.000000000000001	1.933677634087347	1	0.3408690813130515	2.999999999999998	0	-2.999999999999998	1	0.03960616846416065	-2.524179901374027
8	0	1	2	1	0.3333333333333333	7.999999999999998	0	-7.999999999999998	1	0.000152415790275473	-6.731146403664074
0	4	0.1776589361935201	2.822341063806481	0	0.05921964539784001	0	1.417263154795762	1.417263154795762	0.7833447904014853	0.2166552095985147	1.192475723431137
0	0	1	2.000000000000001	0	0.3333333333333333	0	0	0	0	0	0
1	2	0.8241375759425479	2.074829644680569	0.3333333333333333	0.2842866142396064	1.213389644145666	0.9639345597011223	-0.2494550844445437	0.8034948138680102	0.633378931099096	-0.209889836816826
1	0	1	2.000000000000001	1	0.3333333333333333	0.9999999999999996	0	-0.9999999999999996	1	0.3333333333333333	-0.841393300458009
1	0	0.9231447639410572	2.076855236058944	1	0.3077149213136856	1.083253720392493	0	-1.083253720392493	1	0.3077149213136856	-0.9114424230344575
2	2	0.9996517248289871	2.000348275171012	0.5	0.3332172416096625	2.000696793017733	0.9998258927331131	-1.00087090028462	0.888992054577576	0.4072010221271403	-0.8421260701228557
1	3	0.8009990227348845	2.198723086234035	0.25	0.2670244088077239	1.248440973854947	1.364428298762437	0.1159873249074903	0.7092509197888398	0.7113589805183491	0.09759095811520875
1	3	0.8012230407881046	2.198730306742199	0.25	0.2670785002199142	1.248091915849516	1.364423818055713	0.1163319022061973	0.7091577979619537	0.7114441744721078	0.0978808831458307
5	2	0.9902779163042119	1.212840499869962	0.7142857142857143	0.4494891917901895	5.04908765274738	1.649021450235571	-3.400066202511808	0.9645110286679224	0.1522632682991946	-2.860792923907141
2	1	0.9234131193575025	2.076586880642499	0.6666666666666666	0.3078043731191674	2.165877826591387	0.4815594326063539	-1.684318393985033	0.970837526491391	0.2259056493166318	-1.4171742125372
2	0	0.8241366327010173	2.109027333847384	1	0.2809718931842803	2.426782065790741	0	-2.426782065790741	0.9999999999999999	0.07894520475955868	-2.041878171827978
3	0	1	2.000000000000001	1	0.3333333333333333	2.999999999999999	0	-2.999999999999999	1	0.03703703703703698	-2.524179901374027
2	0	1	2	1	0.3333333333333333	2	0	-2	1	0.1111111111111109	-1.682786600916018
0	1	0.8010683580993647	2.198931641900637	0	0.2670227860331214	0	0.4547662969348398	0.4547662969348398	0.7329772139668786	0.2670227860331214	0.382637315515072
1	0	1	2.000000000000001	1	0.3333333333333333	0.9999999999999996	0	-0.9999999999999996	1	0.3333333333333333	-0.841393300458009
3	0	1	2.000000000000001	1	0.3333333333333333	2.999999999999999	0	-2.999999999999999	1	0.03703703703703698	-2.524179901374027
5	0	0.8658112506426847	2.067352715905718	1	0.2951799696562913	5.77493073263779	0	-5.77493073263779	1	0.002240961621039261	-4.8589880290505
4	0	1.788245653442682	1.200355858344254	1	0.5983553332185326	2.236829147214371	0	-2.236829147214371	1	0.1281848398774887	-1.882053058735374
0	2	0.9998387231386193	2.000161276861382	0	0.3332795743795396	0	0.9999193680713412	0.9999193680713412	0.4445161259395279	0.5554838740604722	0.8413254572934329
2	0	0.8661359054898907	1.332865071775226	1	0.3938769988938788	2.309106443138147	0	-2.309106443138147	0.9999999999999999	0.1551390902576487	-1.942866691300861
3	7	0.8015547734590951	2.198445226540906	0.3	0.2671849244863649	3.742726135924005	3.184068411389986	-0.5586577245340187	0.7344384800015812	0.5253248612491987	-0.4700508666720395
3	0	1	2	1	0.3333333333333333	3	0	-3	1	0.03703703703703698	-2.524179901374028
0	2	1	1.801620457091892	0	0.3569362857372942	0	1.110111728653617	1.110111728653617	0.413530940601347	0.586469059398653	0.9340405712490132
0	4	0.5214614432205872	2.47843237953232	0	0.1738266332179912	0	1.613923394898028	1.613923394898028	0.4658914735503424	0.5341085264496576	1.357944331919647
1	1	0.9997918439993538	1.999532636019353	0.5	0.3333390070530542	1.000208199338588	0.5001168683051799	-0.500091331033408	0.8888851063768839	0.5555631204829923	-0.4207734955486381
1	3	0.8341252513491244	2.098967323628272	0.25	0.284384222463743	1.198860720716209	1.429274275129831	0.2304135544136225	0.6791268801637571	0.7377475051322586	0.193868421018339
1	2	0.1822185870263958	2.817781412973606	0.3333333333333333	0.06073952900879855	5.487914357798979	0.7097782641306442	-4.778136093668334	0.9893803003679953	0.1713748016340773	-4.020291697889141
1	0	0.8009990227348848	2.076855236058944	1	0.2783320316820355	1.248440973854946	0	-1.248440973854946	1	0.2783320316820355	-1.050429871418825
0	12	0.8010843568119073	2.198869106433246	0	0.2670322612089278	0	5.457350764941634	5.457350764941634	0.02404464213428295	0.9759553578657171	4.591778371871284
4	2	0.8015546171362714	2.19844538286373	0.6666666666666666	0.267184872378757	4.990302487796617	0.9097337671381076	-4.080568720658509	0.9936492515380966	0.04740211063047695	-3.43336318362058
1	0	1	2.000000000000001	1	0.3333333333333333	0.9999999999999996	0	-0.9999999999999996	1	0.3333333333333333	-0.841393300458009
3	0	0.8009990227348847	2.199000977265117	1	0.2669996742449614	3.74532292156484	0	-3.74532292156484	0.9999999999999999	0.01903409333183226	-3.151289614256475
0	5	0.867988204056838	1.346061306033951	0	0.3920364924546089	0	3.714541067027661	3.714541067027661	0.08305916477529895	0.916940835224701	3.12538996807322
5	4	0.9217721654726919	2.07822783452731	0.5555555555555556	0.3072573884908971	5.424333894304523	1.924716786843438	-3.499617107461085	0.9715170657042573	0.107946825885064	-2.944554388385995
1	2	1.000625463543501	1.9993745364565	0.3333333333333333	0.3335418211811668	0.9993749274166122	1.000312829603506	0.0009379021868938242	0.7404627134945714	0.703981600575512	0.0007891446165373795
1	0	0.8009990227348847	2.199000977265117	1	0.2669996742449615	1.248440973854947	0	-1.248440973854947	1	0.2669996742449614	-1.050429871418825
0	0	1	1.933163966548402	0	0.3409287756854416	0	0	0	0	0	0
5	3	0.8247304206897959	2.106357227984942	0.625	0.2813735102949547	6.062587088539856	1.424259835958579	-4.638327252581277	0.9919822790895185	0.0446710761705964	-3.902657475653692
1	0	0.8009990227348845	2.199000977265116	1	0.2669996742449615	1.248440973854947	0	-1.248440973854947	1	0.2669996742449614	-1.050429871418825
0	0	0.8009990227348848	2.076855236058945	0	0.2783320316820355	0	0	0	0	0	0
1	1	1.000000000000001	1.9998611682779	0.5	0.3333487597941275	0.9999999999999993	0.5000347103399732	-0.4999652896600262	0.8888786043437169	0.5555761239319722	-0.4206674451814941
3	1	1.798424242846095	1.201228119880277	0.75	0.5995442222549798	1.668126979456389	0.8324813442592963	-0.8356456351970926	0.8707933434948447	0.4744125659274665	-0.7031066390118114
0	1	0.1758124712840038	2.824187528715997	0	0.05860415709466792	0	0.354084135643303	0.354084135643303	0.9413958429053321	0.05860415709466793	0.2979240195287402
1	0	0.8009990227348847	2.199000977265117	1	0.2669996742449615	1.248440973854947	0	-1.248440973854947	1	0.2669996742449614	-1.050429871418825
1	0	1	2.000000000000001	1	0.3333333333333333	0.9999999999999996	0	-0.9999999999999996	1	0.3333333333333333	-0.841393300458009
0	0	1.800999022734885	1.199000977265116	0	0.6003330075782949	0	0	0	0	0	0
3	0	1.667375858342611	1.210483133629302	1	0.5793806656246639	1.799234398764794	0	-1.799234398764794	0.9999999999999998	0.1944876349314689	-1.513863769074292
1	0	1	1.933326891715502	1	0.340909839549171	0.9999999999999996	0	-0.9999999999999996	1	0.340909839549171	-0.841393300458009
4	0	0.8009990227348847	2.199000977265117	1	0.2669996742449615	4.993763895419787	0	-4.993763895419787	1	0.005082096719147056	-4.2017194856753
1	0	1	2.000000000000001	1	0.3333333333333333	0.9999999999999996	0	-0.9999999999999996	1	0.3333333333333333	-0.841393300458009
5	1	0.8655082158529162	1.339380912455308	0.8333333333333334	0.3925404705120056	5.776952671757996	0.7466135964016641	-5.030339075356332	0.9963414699025016	0.0376281582799658	-4.232493597036955
0	0	0.8009990227348847	2.076855236058944	0	0.2783320316820355	0	0	0	0	0	0
0	0	0.8009990227348847	2.199000977265117	0	0.2669996742449615	0	0	0	0	0	0
2	6	0.9980504209332441	2.001856336665194	0.25	0.3326938140344831	2.003906774699685	2.997218077094952	0.9933113023952678	0.4697941007968809	0.8038577488139672	0.8357654751045982
2	0	0.8011376945521428	2.198862305447859	1	0.2670458981840475	2.496449753394831	0	-2.496449753394831	0.9999999999999999	0.0713135117369248	-2.10049609743646
0	0	0.8240035484672044	1.374997428797912	0	0.3747172270437152	0	0	0	0	0	0
0	1	0.8009990227348849	2.199000977265117	0	0.2669996742449615	0	0.4547519579748861	0.4547519579748861	0.7330003257550386	0.2669996742449614	0.3826252508102314
5	1	0.8659642009437464	2.033108764700583	0.8333333333333334	0.2987038309162677	5.773910739671331	0.4918576012077104	-5.28205313846362	0.9992896951907626	0.01071621682057844	-4.444284123366493
1	1	0.8264015259090045	2.073552294136557	0.5	0.2849705813232642	1.210065529465286	0.4822641815341376	-0.7278013479311487	0.9187917677802808	0.4887329304268093	-0.6123671782135772
0	0	0	1.267344133806396	0	0	0	0	0	0	0	0
0	0	0.8009990227348847	2.199000977265117	0	0.2669996742449615	0	0	0	0	0	0
5	0	1	2.000000000000001	1	0.3333333333333333	4.999999999999998	0	-4.999999999999998	1	0.004115226337448097	-4.206966502290046
0	0	0.8009990227348847	2.199000977265117	0	0.2669996742449615	0	0	0	0	0	0
1	4	0.9995704770885726	2.000429522911429	0.2	0.333190159029524	1.000429707480636	1.99957056931373	0.9991408618330948	0.4611881935895273	0.868171289731363	0.8406704273602076
1	0	0.824033020817846	2.109130945730556	1	0.2809365689118042	1.213543601696335	0	-1.213543601696335	1	0.2809365689118042	-1.021067456280979
5	0	1.094496150876073	1.299360991228023	1	0.4572103036666835	4.568312091365352	0	-4.568312091365352	1	0.01997928975266861	-3.843747188076125
0	2	0.8009990227348847	2.199000977265117	0	0.2669996742449615	0	0.9095039159497724	0.9095039159497724	0.5372894775569927	0.4627105224430073	0.7652505016204629
0	3	0.8252058453737263	2.073761375249389	0	0.2846551142431867	0	1.446646675844863	1.446646675844863	0.3660550728436707	0.6339449271563293	1.217198821185717
1	0	1	2	1	0.3333333333333333	0.9999999999999998	0	-0.9999999999999998	1	0.3333333333333333	-0.8413933004580092
0	3	0.8010070514197751	2.025538394495197	0	0.2833872890943325	0	1.481087699030093	1.481087699030093	0.3680048323868648	0.6319951676131352	1.246177267354689
0	0	0.8009990227348847	2.199000977265117	0	0.2669996742449615	0	0	0	0	0	0
0	1	0.8010150632382589	2.198914489030832	0	0.2670112911926169	0	0.4547698443884229	0.4547698443884229	0.7329887088073832	0.2670112911926168	0.3826403003187505
0	0	0.8009990227348847	2.076855236058944	0	0.2783320316820355	0	0	0	0	0	0
0	0	0.8009990227348847	2.000000000000001	0	0.2859690475553226	0	0	0	0	0	0
1	0	1	2	1	0.3333333333333333	0.9999999999999998	0	-0.9999999999999998	1	0.3333333333333333	-0.8413933004580092
0	0	0.8009990227348847	2.000000000000001	0	0.2859690475553226	0	0	0	0	0	0
1	1	0.8009990227348847	2.198931540646067	0.5	0.2670058542395564	1.248440973854947	0.4547663178755399	-0.7936746559794068	0.928707873801805	0.4627195822809175	-0.6677925382843882
4	0	1	2.000000000000001	1	0.3333333333333333	3.999999999999998	0	-3.999999999999998	1	0.01234567901234551	-3.365573201832036
3	1	1	1.999872180493157	0.75	0.3333475361058909	2.999999999999999	0.5000319569190695	-2.499968043080929	0.9876522167387183	0.1111237362012665	-2.103456362807414
1	4	0.8012070169713053	2.198792983028696	0.2	0.2670690056571017	1.248116877183833	1.819179900460778	0.5710630232769447	0.5968440211670334	0.7884975326718466	0.4804886019245175
0	0	0.8009990227348847	2.000000000000001	0	0.2859690475553226	0	0	0	0	0	0
4	2	1.000000000000001	2.000000000000001	0.6666666666666666	0.3333333333333334	3.999999999999997	0.9999999999999993	-2.999999999999998	0.9821673525377228	0.1001371742112485	-2.524179901374027
1	0	1	1.999791371144614	1	0.3333565159294514	0.9999999999999996	0	-0.9999999999999996	1	0.3333565159294514	-0.841393300458009
1	0	1	2.000000000000001	1	0.3333333333333333	0.9999999999999996	0	-0.9999999999999996	1	0.3333333333333333	-0.841393300458009
5	0	0.9408911281270714	2.058152890647577	1	0.3137303494836669	5.314111112890341	0	-5.314111112890341	0.9999999999999997	0.003039363659139815	-4.471257488275389
4	0	1	1.801352051425173	1	0.3569704848382965	3.999999999999998	0	-3.999999999999998	1	0.01623787659116105	-3.365573201832036
3	0	1.80087634850766	1.198984942496277	1	0.6003198727581757	1.665855627725925	0	-1.665855627725925	0.9999999999999999	0.2163456467850053	-1.401639764698865
1	2	0.9986500263919736	2.001349973608028	0.3333333333333333	0.3328833421306577	1.001351798500325	0.9993254684958502	-0.00202633000447483	0.741340526336653	0.703103310358185	-0.00170494049028217
2	1	1	2	0.6666666666666666	0.3333333333333333	2	0.4999999999999999	-1.5	0.962962962962963	0.2592592592592592	-1.262089950687014
1	1	1	1.805481170143975	0.5	0.356445094211301	0.9999999999999996	0.5538689721811147	-0.4461310278188848	0.8729468948126967	0.5858370832352988	-0.3753716579332555
5	0	1.000000000000001	2.000000000000001	1	0.3333333333333334	4.999999999999996	0	-4.999999999999996	1	0.004115226337448541	-4.206966502290044
0	0	1	1.999392359323298	0	0.3334008626419296	0	0	0	0	0	0
1	0	1	2.000000000000001	1	0.3333333333333333	0.9999999999999996	0	-0.9999999999999996	1	0.3333333333333333	-0.841393300458009
1	0	1.800392658716361	1.199053263051746	1	0.6002417465339963	0.5554343910249986	0	-0.5554343910249986	1	0.6002417465339963	-0.4673387754524081
5	0	0.8658401508143199	2.067323815734083	1	0.2951898225564241	5.774737975938764	0	-5.774737975938764	1	0.00224133565463569	-4.858825844855322
0	0	0.8009990227348847	2.199000977265117	0	0.2669996742449615	0	0	0	0	0	0
3	4	0.8012363619245332	2.198658020546331	0.4285714285714285	0.2670881903730872	3.7442134962449	1.819291569048135	-1.924921927196765	0.9125887084529101	0.2798263157768134	-1.619616413448078
0	2	0.8009990227348845	2.199000977265117	0	0.2669996742449614	0	0.9095039159497724	0.9095039159497724	0.5372894775569927	0.4627105224430073	0.7652505016204629
1	0	0.8240478993570315	2.10911606719137	1	0.2809416414339527	1.21352169064475	0	-1.21352169064475	1	0.2809416414339527	-1.02104902046897
3	7	0.8018325332935105	2.197567175881469	0.3	0.2673310032139945	3.741429632042445	3.185340624316625	-0.5560890077258196	0.7340759325519293	0.5257508601941864	-0.4678895655588468
0	0	0.8009990227348847	2.199000977265117	0	0.2669996742449615	0	0	0	0	0	0
0	1	0.8010445536562089	2.198885031645254	0	0.2670211186225932	0	0.4547759367172453	0.4547759367172453	0.7329788813774067	0.2670211186225933	0.3826454263634058
0	0	0	1.267344133806396	0	0	0	0	0	0	0	0
1	4	0.9999464163974432	2.00005358360256	0.2	0.3333154721324807	1.000053586473913	1.999946417833002	0.9998928313590894	0.4609406316512397	0.8682951155641687	0.841303129481528
2	0	1	1.933629558499382	1	0.3408746673903582	2	0	-2	0.9999999999999999	0.1161955388684874	-1.682786600916018
2	0	1	2.000000000000001	1	0.3333333333333333	1.999999999999999	0	-1.999999999999999	1	0.1111111111111109	-1.682786600916018
5.5	2.5	0.9993568792039829	2.000454714703099	0.6875	0.3331398815958232	5.503539440665993	1.249715867910082	-4.25382357275591	0.9889082794078873	0.05367408939424678	-3.579138655447176
2	0	0.8240773199457331	1.374923657319383	1	0.3747507747680188	2.426956732812042	0	-2.426956732812042	1	0.1404381431892302	-2.042025135489511
5	0	0.8009990227348848	2.199000977265117	1	0.2669996742449614	6.242204869274732	0	-6.242204869274732	0.9999999999999998	0.001356918168493926	-5.252149357094124
5	0	1	1.93356054125135	1	0.3408826870753575	4.999999999999998	0	-4.999999999999998	1	0.004602827753628524	-4.206966502290046
1	5	0.9988327297288974	2.000497185398673	0.1666666666666667	0.3330186268243231	1.001168634383276	2.499378672709087	1.498210038325811	0.3517879166424673	0.9119595541691504	1.260583888926275
1	0	0.8009990227348844	2.199000977265116	1	0.2669996742449614	1.248440973854947	0	-1.248440973854947	1	0.2669996742449614	-1.050429871418825
0	0	1	2.000000000000001	0	0.3333333333333333	0	0	0	0	0	0
1	7	1.000000000000001	2.000000000000001	0.125	0.3333333333333334	0.9999999999999993	3.499999999999998	2.499999999999998	0.1950922115531168	0.9609815576893767	2.103483251145022
0	0	0.8009990227348847	2.076855236058944	0	0.2783320316820355	0	0	0	0	0	0
0	6	0.2226204973634658	2.770089789732856	0	0.07438758717251692	0	2.16599477108597	2.16599477108597	0.6288904796092506	0.3711095203907494	1.822453489218815
1	0	0.9412768671133063	2.058687951390255	1	0.3137626352507804	1.06238667382402	0	-1.06238667382402	1	0.3137626352507803	-0.8938850298513992
0	9	0.9135506992880057	1.992034667696847	0	0.3144119287178281	0	4.517993660424411	4.517993660424411	0.03346333901465569	0.9665366609853443	3.801409597392858
2	1	0.9996525858851869	1.999652875461202	0.6666666666666666	0.3332946906436275	2.000695069706653	0.5000867961992449	-1.500608273507408	0.9629758423663316	0.2592077371663578	-1.262601747940994
2	5	0.8019782245196496	2.194175272322198	0.2857142857142857	0.2676692717395787	2.493833297279255	2.278760527051363	-0.2150727702278914	0.7189170818864568	0.5980050844863473	-0.1809607879806927
1	7	0.8010391658906615	2.198784530774583	0.125	0.2670287479831355	1.248378409672538	3.18357706361253	1.935198653939992	0.326114117105983	0.9166903074882888	1.628263182480467
2	0	0.8009990227348847	2.199000977265117	1	0.2669996742449614	2.496881947709893	0	-2.496881947709893	1	0.07128882604691544	-2.10085974283765
0	0	0.8009990227348847	2.199000977265117	0	0.2669996742449615	0	0	0	0	0	0
2	0	0.8009990227348847	2.199000977265117	1	0.2669996742449615	2.496881947709893	0	-2.496881947709893	1	0.07128882604691533	-2.10085974283765
2	0	0.8009990227348845	2.199000977265116	1	0.2669996742449615	2.496881947709894	0	-2.496881947709894	1	0.07128882604691533	-2.10085974283765
5	1	0.8992432020934094	2.000570156489049	0.8333333333333334	0.3101038207965889	5.560231079156518	0.4998575015009597	-5.060373577655558	0.9991107114444143	0.01275983130088887	-4.257764426054115
2	0	1.644847828361132	1.190712007838729	1	0.5800786875883782	1.215917950290106	0	-1.215917950290106	1	0.3364912837942553	-1.02306521728073
0	0	0.8009990227348847	2.199000977265117	0	0.2669996742449615	0	0	0	0	0	0
0	0	0	1.267344133806396	0	0	0	0	0	0	0	0
4	0	1.66709011741059	1.210334075525918	1	0.5793689097015856	2.399390385813699	0	-2.399390385813699	1	0.1126732301340043	-2.018830995807005
3	0	1	2.000000000000001	1	0.3333333333333333	2.999999999999999	0	-2.999999999999999	1	0.03703703703703698	-2.524179901374027
6	2	0.8014977101719323	2.197943134303049	0.75	0.2672157084372256	7.485985204764861	0.9099416489836463	-6.576043555781215	0.999403709023318	0.006070006744123391	-5.53303899135438
2	4	1.579853201162487	1.221391946877426	0.3333333333333333	0.5639824855271741	1.265940404164362	3.274952000646705	2.009011596482343	0.2326368419331094	0.939803244923292	1.690368897822693
2	5	0.805717983180776	2.173556977965323	0.2857142857142857	0.2704409608674803	2.482258112329196	2.300376779025377	-0.1818813333038194	0.7129032608120373	0.6045402463938405	-0.1530337353202039
0	1	0.8062011822610829	2.132803686845195	0	0.274310937942148	0	0.4688664063025801	0.4688664063025801	0.725689062057852	0.274310937942148	0.3945010530728139
0	16	0.8748460249612386	2.054069433716053	0	0.2986928224129494	0	7.789415361219859	7.789415361219859	0.003423990412308125	0.9965760095876919	6.553961899415095
0	0	0.8009990227348847	2.000000000000001	0	0.2859690475553226	0	0	0	0	0	0
0	0	1	1.998327691291792	0	0.3335192490481796	0	0	0	0	0	0
4	0	1	2	1	0.3333333333333333	3.999999999999999	0	-3.999999999999999	1	0.01234567901234551	-3.365573201832037
5	0	1.665382867629051	1.208604204890869	1	0.5794677657227033	3.002312619631023	0	-3.002312619631023	0.9999999999999998	0.06533507763979718	-2.526125724038079
1	0	0.8009990227348847	2.199000977265117	1	0.2669996742449615	1.248440973854947	0	-1.248440973854947	1	0.2669996742449614	-1.050429871418825
3	0	1	2.000000000000001	1	0.3333333333333333	2.999999999999999	0	-2.999999999999999	1	0.03703703703703698	-2.524179901374027
3	0	1	2.000000000000001	1	0.3333333333333333	2.999999999999999	0	-2.999999999999999	1	0.03703703703703698	-2.524179901374027
0	0	0	3.000000000000001	0	0	0	0	0	0	0	0
1	1	1	1.999861246976467	0.5	0.3333487510490331	0.9999999999999996	0.5000346906626004	-0.4999653093373991	0.8888786101740497	0.555576112272116	-0.4206674617379039
1	0	0.8009990227348847	2.199000977265117	1	0.2669996742449615	1.248440973854947	0	-1.248440973854947	1	0.2669996742449614	-1.050429871418825
1	0	0.8010900769466631	2.198769105457591	1	0.2670425604126607	1.248299072448229	0	-1.248299072448229	1	0.2670425604126607	-1.050310476525887
0	2	0.8252865613553511	2.107877405193051	0	0.2813639369525279	0	0.9488217839769619	0.9488217839769619	0.5164377911123704	0.4835622088876296	0.7983322923668325
1	3	0.8240174742676669	1.46449303400794	0.25	0.360067157781401	1.213566497347323	2.048490453921637	0.8349239565743147	0.5451406875728669	0.8322982489543778	0.7024994234535223
2	1	0.8009990227348845	2.198723193008366	0.6666666666666666	0.2670243993030597	2.496881947709894	0.4548094108343702	-2.042072536875524	0.9809606183173819	0.1758273261042433	-1.718186151576357
0	0	0.8009990227348847	2.199000977265117	0	0.2669996742449615	0	0	0	0	0	0
1	0	0.8240626893172688	2.074904531305847	1	0.284260782065739	1.213499910824132	0	-1.213499910824132	1	0.284260782065739	-1.021030695073816
4	0	1.66797795211879	1.210337975538575	1	0.5794978709916467	2.398113233402697	0	-2.398113233402697	0.9999999999999999	0.1127735830323713	-2.017756408324724
1	0	0.8009990227348845	2.000000000000001	1	0.2859690475553226	1.248440973854947	0	-1.248440973854947	1	0.2859690475553226	-1.050429871418825
1	0	0.923144763941057	2.076855236058944	1	0.3077149213136856	1.083253720392493	0	-1.083253720392493	1	0.3077149213136856	-0.9114424230344575
0	0	0	1.267344133806396	0	0	0	0	0	0	0	0
1	0	1	1.997946012745881	1	0.3335617105006102	0.9999999999999996	0	-0.9999999999999996	1	0.3335617105006102	-0.841393300458009
4	1	0.999946408865461	2.00005359113454	0.8	0.3333154696218202	4.00021437602681	0.4999866025753565	-3.500227773451454	0.99588587624261	0.04525866871693718	-2.945068198659108
4	0	0.8009990227348848	2.199000977265117	1	0.2669996742449615	4.993763895419786	0	-4.993763895419786	1	0.005082096719147056	-4.201719485675299
3	0	0.8009990227348847	2.199000977265117	1	0.2669996742449615	3.74532292156484	0	-3.74532292156484	1	0.01903409333183204	-3.151289614256475
3	0	1	2.000000000000001	1	0.3333333333333333	2.999999999999999	0	-2.999999999999999	1	0.03703703703703698	-2.524179901374027
3	3	0.9993787119900058	2.000621288009996	0.5	0.3331262373300017	3.001865022746253	1.499534178697098	-1.502330844049155	0.9000672379801051	0.3192068972880909	-1.264051107254386
6	0	1	2	1	0.3333333333333333	5.999999999999999	0	-5.999999999999999	1	0.001371742112482699	-5.048359802748055
1	2	0.8009990227348845	2.198582639025938	0.3333333333333333	0.2670369114954117	1.248440973854947	0.9096769730184362	-0.3387640008365107	0.8241579801813127	0.6062266564253787	-0.2850337607401916
2	1	0.8517184116990936	2.067692060616964	0.6666666666666666	0.2917432885083129	2.348193924809256	0.4836310101716098	-1.864562914637646	0.9751685190337069	0.2056794772363484	-1.568830744658575
1	0	0.8009990227348848	2.199000977265117	1	0.2669996742449614	1.248440973854946	0	-1.248440973854946	1	0.2669996742449614	-1.050429871418825
1	0	0.8240330123835463	1.37496796488157	1	0.3747306258173614	1.213543614117428	0	-1.213543614117428	1	0.3747306258173614	-1.021067466732004
1	4	0.9239489273198911	2.07605107268011	0.2	0.3079829757732969	1.08231090532321	1.926734873066556	0.844423967743346	0.5118563017156583	0.8412974543470351	0.7104926692054215
1	2	0.8017627368470999	2.198237263152901	0.3333333333333333	0.2672542456156999	1.247251779164071	0.909819896843814	-0.3374318823202567	0.8239026836828192	0.606576830989084	-0.2839129251451994
2	3	1.798531094969071	1.20125557405016	0.4	0.5995529993994854	1.112018583161829	2.497386954788633	1.385368371626804	0.3182127043703169	0.912616255822658	1.165639666553214
1	0	0.8009990227348848	2.000000000000001	1	0.2859690475553227	1.248440973854946	0	-1.248440973854946	1	0.2859690475553227	-1.050429871418825
3	2	1	2	0.6	0.3333333333333333	3	0.9999999999999998	-2	0.9547325102880663	0.2098765432098761	-1.682786600916019
1	3	0.8397424717568439	1.367395023601252	0.25	0.3804667690721282	1.190841280074685	2.193952697077268	1.003111417002583	0.5092038511152962	0.8526811143067157	0.8440112258789136
1	3	1.000217726765551	1.878943700865772	0.25	0.3473989742869078	0.9997823206290748	1.596641771979475	0.5968594513504006	0.5675980223629744	0.8186193273330763	0.5021935436812702
0	4	1.000000000000001	1.813849234745859	0	0.3553850674200455	0	2.205254948083073	2.205254948083073	0.1726638606017065	0.8273361393982934	1.855486739118972
2	0	1	1.933303938943086	1	0.3409125071302074	1.999999999999999	0	-1.999999999999999	0.9999999999999999	0.1162213375178038	-1.682786600916018
1	0	0.8989819624104932	2.000020448417154	1	0.3101004535397539	1.112369370925576	0	-1.112369370925576	1	0.3101004535397539	-0.9359401363314699
3	4	0.9181745218248363	2.081825478175166	0.4285714285714285	0.3060581739416119	3.267352696781018	1.921390645822156	-1.345962050958862	0.8659737257803403	0.366713344179899	-1.132483452347508
2	0	1	2.000000000000001	1	0.3333333333333333	1.999999999999999	0	-1.999999999999999	1	0.1111111111111109	-1.682786600916018
1	0	1.000000000000001	2.000000000000001	1	0.3333333333333334	0.9999999999999993	0	-0.9999999999999993	1	0.3333333333333334	-0.8413933004580089
3	0	1	2	1	0.3333333333333333	3	0	-3	1	0.03703703703703698	-2.524179901374028
0	0	1	2.000000000000001	0	0.3333333333333333	0	0	0	0	0	0
0	4	0.8241080264478587	2.0746152278584	0	0.2843003467901214	0	1.928068369636499	1.928068369636499	0.2623754685243637	0.7376245314756363	1.622263809037147
3	0	0.8994221065515043	2.001303358498277	1	0.3100679872633409	3.335475054646334	0	-3.335475054646334	0.9999999999999999	0.0298106050270448	-2.806446364824239
0	1	0.8009990227348847	2.199000977265117	0	0.2669996742449615	0	0.4547519579748862	0.4547519579748862	0.7330003257550386	0.2669996742449614	0.3826252508102315
2	0	0.8240773407952314	1.374923636469885	1	0.374750784249369	2.42695667140903	0	-2.42695667140903	1	0.1404381502955171	-2.042025083825429
1	0	0.8240477975998381	1.374953179665278	1	0.3747373494234192	1.213521840495962	0	-1.213521840495962	1	0.3747373494234192	-1.021049146552776
0	0	1.000000000000001	2.000000000000002	0	0.3333333333333333	0	0	0	0	0	0
4	0	1.000000000000001	2.000000000000001	1	0.3333333333333334	3.999999999999997	0	-3.999999999999997	1	0.01234567901234573	-3.365573201832035
1	6	0.9239480392182042	2.076051960781797	0.1428571428571428	0.3079826797394013	1.082311945643769	2.890101073260482	1.807789127616713	0.3127706005232024	0.9239990972742239	1.521061660617532
2	0	1	2	1	0.3333333333333333	2	0	-2	1	0.1111111111111109	-1.682786600916018
1	1	0.8009990227348848	2.199000977265117	0.5	0.2669996742449614	1.248440973854946	0.4547519579748861	-0.7936890158800604	0.9287111739530846	0.4627105224430073	-0.6678046206085934
2	1	0.9232250947005347	2.076774905299467	0.6666666666666666	0.3077416982335114	2.166318930757333	0.4815158337324968	-1.684803097024836	0.9708553369844648	0.2258255324638664	-1.417582038427603
7	1	0.9996106119202863	1.934264546843943	0.875	0.3407134107033136	7.002726778332975	0.5169923636514235	-6.485734414681551	0.9998184008446701	0.002992780258865957	-5.457053485063006
2	3	0.9987497976437331	2.000278239005362	0.4	0.3330244950826357	2.002503534637436	1.499791349773294	-0.502712184864142	0.7905807828832367	0.5384844581659016	-0.4229786644032974
1	1	0.8990002463259806	2.00010809892614	0.5	0.3100954290991836	1.112346747497327	0.4999729767290582	-0.6123737707682684	0.9038408248517932	0.5240316830501605	-0.5152471881006297
1	7	0.9997917464778515	2.00020825352215	0.125	0.333263915492617	1.000208296900712	3.499635594280625	2.499427297379913	0.1952059954378701	0.9609490429292692	2.103001382997328
4	0	0.9041606278431877	1.989251057441829	1	0.3124894505823229	4.42399268097055	0	-4.42399268097055	1	0.009535455458557496	-3.722317803043889
0	4	0.4832718436785191	2.516728156321482	0	0.1610906145595063	0	1.589365140590515	1.589365140590515	0.4952907448089236	0.5047092551910763	1.337281181274361
2	0	0.9411433505938352	2.058502749866382	1	0.3137514623639907	2.125074781368912	0	-2.125074781368912	0.9999999999999998	0.09843998013554289	-1.788023684016072
3	21	0.800999022734884	2.199000977265115	0.125	0.2669996742449614	3.745322921564843	9.549791117472617	5.804468195907774	0.08344766724725693	0.97316716479787	4.883840652758389
3	3	0.9223802214719186	2.077619778528083	0.5	0.3074600738239727	3.252454823036699	1.443960069597233	-1.808494753439466	0.9234496940441064	0.2696273432073213	-1.521655369457426
4	0	1	2.000000000000001	1	0.3333333333333333	3.999999999999998	0	-3.999999999999998	1	0.01234567901234551	-3.365573201832036
1	0	0.8009990227348847	2.199000977265117	1	0.2669996742449615	1.248440973854947	0	-1.248440973854947	1	0.2669996742449614	-1.050429871418825
3	0	0.8991739879237337	2.000286808099203	1	0.3101176567577983	3.336395447701112	0	-3.336395447701112	0.9999999999999999	0.02982493331899683	-2.807220777374317
0	0	0.2656708544348715	2.73432914556513	0	0.08855695147829049	0	0	0	0	0	0
2	0	0.8009990227348847	2.199000977265117	1	0.2669996742449615	2.496881947709893	0	-2.496881947709893	1	0.07128882604691533	-2.10085974283765
3	0	0.9226237817603128	2.077376218239689	1	0.3075412605867708	3.2515962186409	0	-3.2515962186409	1	0.02908775278464093	-2.73587127415905
0	0	0.8009990227348848	2.000000000000001	0	0.2859690475553227	0	0	0	0	0	0
0	0	0	1.267344133806396	0	0	0	0	0	0	0	0
0	0	1	2.000000000000001	0	0.3333333333333333	0	0	0	0	0	0
0	0	0.1759964515327959	2.824003548467205	0	0.05866548384426528	0	0	0	0	0	0
2	0	1	2.000000000000001	1	0.3333333333333333	1.999999999999999	0	-1.999999999999999	1	0.1111111111111109	-1.682786600916018
3	1	0.8244055884015791	2.074561632221537	0.75	0.2843790652535829	3.638985521455077	0.4820295451666834	-3.156955976288394	0.9934598081293763	0.07237201694822715	-2.656241608289929
7	1	1.000000000000001	1.999914839779469	0.875	0.3333427958486691	6.999999999999996	0.5000212909617043	-6.499978709038292	0.9998475495926028	0.002591553064070329	-5.46903853890452
1	0	1	1.933396928849026	1	0.3409017000615628	0.9999999999999996	0	-0.9999999999999996	1	0.3409017000615628	-0.841393300458009
0	0	0.8009990227348847	2.199000977265117	0	0.2669996742449615	0	0	0	0	0	0
0	4	0.1760579376234237	2.823942062376577	0	0.05868597920780788	0	1.416459655207541	1.416459655207541	0.7851237411275694	0.2148762588724306	1.191799664260687
1	1	1.000786287421119	1.999213712578882	0.5	0.3335954291403729	0.9992143303410507	0.5001966491666625	-0.4990176811743882	0.8887140896566506	0.5559049479373962	-0.4198701337502211
2	0	1.667488797970802	1.210406814307093	1	0.5794125370137941	1.199408357305811	0	-1.199408357305811	1	0.3357188880487614	-1.009174156350455
2	0	0.923144763941057	2.076855236058944	1	0.3077149213136856	2.166507440784986	0	-2.166507440784986	1	0.09468847279908776	-1.822884846068915
1	3	0.8009990227348847	2.199000977265117	0.25	0.2669996742449615	1.248440973854947	1.364255873924659	0.115814900069712	0.7092935002157222	0.7113200173065338	0.09744588101186949
0	1	0.8009990227348848	2.198873157758273	0	0.2670110506519002	0	0.4547783925014978	0.4547783925014978	0.7329889493480999	0.2670110506519001	0.3826474926438233
2	0	1	2.000000000000001	1	0.3333333333333333	1.999999999999999	0	-1.999999999999999	1	0.1111111111111109	-1.682786600916018
3	0	1	1.999416880044876	1	0.333398137035569	2.999999999999999	0	-2.999999999999999	0.9999999999999999	0.03705864247090762	-2.524179901374027
1	0	0.8009990227348847	2.199000977265117	1	0.2669996742449614	1.248440973854947	0	-1.248440973854947	1	0.2669996742449614	-1.050429871418825
3	0	1.800937750732726	1.198992968391425	1	0.6003264472915966	1.665798831069772	0	-1.665798831069772	1	0.2163527549318145	-1.40159197637289
0	0	0.9231447639410572	2.076855236058944	0	0.3077149213136856	0	0	0	0	0	0
0	0	1	2.000000000000001	0	0.3333333333333333	0	0	0	0	0	0
1	0	1	2.000000000000001	1	0.3333333333333333	0.9999999999999996	0	-0.9999999999999996	1	0.3333333333333333	-0.841393300458009
1	0	0.9491448224474923	2.050819967005725	1	0.3163853208492112	1.053579997856777	0	-1.053579997856777	1	0.3163853208492111	-0.8864751516932561
4	0	1	2.000000000000001	1	0.3333333333333333	3.999999999999998	0	-3.999999999999998	1	0.01234567901234551	-3.365573201832036
2	0	0.8009990227348845	2	1	0.2859690475553226	2.496881947709894	0	-2.496881947709894	0.9999999999999999	0.08177829615969845	-2.10085974283765
0	0	0.8009990227348845	2.199000977265116	0	0.2669996742449615	0	0	0	0	0	0
1	0	0.8240182791962513	2.074948941426865	1	0.2842454627752339	1.213565311895024	0	-1.213565311895024	1	0.284245462775234	-1.021085723096708
0	2	0.1741492474274333	2.825850752572567	0	0.05804974914247777	0	0.7077514614596195	0.7077514614596195	0.8872702750905491	0.1127297249094509	0.5954973380614889
1	4	1.125914485610324	1.087476770065654	0.2	0.5086829916414689	0.8881669192291551	3.678239489895963	2.790072570666808	0.1768347180836702	0.9713708144178844	2.347548368750708
0	3	0.8012445100305375	2.198755489969463	0	0.2670815033435124	0	1.364408190763251	1.364408190763251	0.3937014790571675	0.6062985209428325	1.148003910798233
1	0	1	1.999394261818877	1	0.333400651168008	0.9999999999999996	0	-0.9999999999999996	1	0.3334006511680081	-0.841393300458009
2	3	0.8241061846718307	2.07517936644077	0.4	0.284244573410708	2.426871727453938	1.445658167440933	-0.9812135600130052	0.8571290879221412	0.4391345234789747	-0.8255865157134955
2	1	0.8011376279912117	2.19886237200879	0.6666666666666666	0.2670458759970705	2.496449960807408	0.4547806232576718	-2.041669337549736	0.9809560239522478	0.1758525475656235	-1.71784690236489
1	0	1	1.80113315518267	1	0.3569983805124706	0.9999999999999996	0	-0.9999999999999996	1	0.3569983805124706	-0.841393300458009
0	1	0.1774339176726935	2.822566082327307	0	0.05914463922423116	0	0.3542875421982907	0.3542875421982907	0.9408553607757688	0.05914463922423119	0.2980951644413761
0	1	6.133331149486924e-05	2.999938666688506	0	2.04444371649564e-05	0	0.3333401482850494	0.3333401482850494	0.999979555562835	2.044443716497923e-05	0.28047016754072
2	4	0.8972518563059659	2.00220919419954	0.3333333333333333	0.3094547023315022	2.22902854526722	1.997793243377425	-0.2312353018897948	0.7266068431022394	0.6000216902989226	-0.1945598338394586
0	0	1	1.800999022734885	0	0.3570154762223387	0	0	0	0	0	0
1	0	0.8009990227348847	2.199000977265117	1	0.2669996742449615	1.248440973854947	0	-1.248440973854947	1	0.2669996742449614	-1.050429871418825
0	2	1	2.000000000000001	0	0.3333333333333333	0	0.9999999999999996	0.9999999999999996	0.4444444444444445	0.5555555555555555	0.841393300458009
0	2	1	2.000000000000001	0	0.3333333333333333	0	0.9999999999999996	0.9999999999999996	0.4444444444444445	0.5555555555555555	0.841393300458009
3	0	0.9223613967466067	2.077638603253395	1	0.3074537989155354	3.25252120327426	0	-3.25252120327426	0.9999999999999999	0.02906294304013612	-2.736649550032586
1	2	0.9984614133458253	2.001258429994568	0.3333333333333333	0.3328515546418395	1.001540957550897	0.999371180665272	-0.002169776885625141	0.7413828799950395	0.7030608677818042	-0.001825635735053638
1	2	0.8241260694522634	2.074352907221113	0.3333333333333333	0.2843305320082481	1.213406585553867	0.9641560956372082	-0.2492504899166588	0.8034411962782855	0.633446417015747	-0.2097176923517533
2	0	0.8009990227348845	2.076855236058944	1	0.2783320316820355	2.496881947709894	0	-2.496881947709894	1	0.0774687198602495	-2.10085974283765
1	1	0.837839843818611	2.104454932463392	0.5	0.2847572753663172	1.193545529468155	0.4751824258975408	-0.7183631035706137	0.9189132941259515	0.4884278448585858	-0.6044259026405375
0	1	0.999791817545009	1.999235896782735	0	0.3333719834493494	0	0.5001910988139254	0.5001910988139254	0.6666280165506506	0.3333719834493494	0.420857439490767
0	3	0.8440641439584678	2.096265359420089	0	0.2870644745728682	0	1.43111652659753	1.43111652659753	0.3623687752690888	0.6376312247309113	1.204131857653898
1	0	0.8009990227348847	2.076855236058944	1	0.2783320316820355	1.248440973854947	0	-1.248440973854947	1	0.2783320316820355	-1.050429871418825
1	0	0.921048708079431	2.07895129192057	1	0.3070162360264769	1.085718910659131	0	-1.085718910659131	1	0.3070162360264769	-0.9135166176091611
4	0	1	2.000000000000001	1	0.3333333333333333	3.999999999999998	0	-3.999999999999998	1	0.01234567901234551	-3.365573201832036
1	0	1	2.000000000000001	1	0.3333333333333333	0.9999999999999996	0	-0.9999999999999996	1	0.3333333333333333	-0.841393300458009
0	0	0.8009990227348847	2.199000977265117	0	0.2669996742449615	0	0	0	0	0	0
3	0	1	1.933397259083946	1	0.3409016616836563	3	0	-3	1	0.03961752625860493	-2.524179901374028
0	0	0.8009990227348847	2.199000977265117	0	0.2669996742449615	0	0	0	0	0	0
5	1	0.9231715404581429	2.076828459541859	0.8333333333333334	0.3077238468193808	5.416111503522571	0.4815034171000317	-4.934608086422539	0.9991508842096758	0.01231048192764495	-4.151946184301842
1	0	1	2.000000000000001	1	0.3333333333333333	0.9999999999999996	0	-0.9999999999999996	1	0.3333333333333333	-0.841393300458009
1	2	0.80116952749629	2.198830472503711	0.3333333333333333	0.2670565091654299	1.248175280861054	0.9095744419635446	-0.3386008388975098	0.8241349647444944	0.6062582412370991	-0.2848964773778265
0	3	0.8010923889401782	2.198837731628657	0	0.2670370164449957	0	1.364357158714904	1.364357158714904	0.3937731744269109	0.6062268255730892	1.147960972774645
0	1	0.824675255449178	2.074291965173939	0	0.2844720870186033	0	0.4820922111204077	0.4820922111204077	0.7155279129813967	0.2844720870186033	0.4056291566396993
0	0	1	2.000000000000001	0	0.3333333333333333	0	0	0	0	0	0
2	0	0.8009990227348847	2.199000977265117	1	0.2669996742449615	2.496881947709893	0	-2.496881947709893	1	0.07128882604691533	-2.10085974283765
0	0	0.8240035484672044	1.374997428797912	0	0.3747172270437152	0	0	0	0	0	0
1	0	0.8009990227348847	2.199000977265116	1	0.2669996742449615	1.248440973854947	0	-1.248440973854947	1	0.2669996742449614	-1.050429871418825
3	0	1	2.000000000000001	1	0.3333333333333333	2.999999999999999	0	-2.999999999999999	1	0.03703703703703698	-2.524179901374027
2	0	0.8009990227348847	2.199000977265117	1	0.2669996742449615	2.496881947709893	0	-2.496881947709893	1	0.07128882604691533	-2.10085974283765
3	1	0.9403919734874908	2.057487676491908	0.75	0.3136856989886012	3.190159087464719	0.4860296425711947	-2.704129444893524	0.9903176923451622	0.09441815926340924	-2.275236398504647
1	1	0.9210826593946545	2.078917340605347	0.5	0.3070275531315514	1.085678890814437	0.481019605959329	-0.6046592848551076	0.9057340816180524	0.5197891878811551	-0.5087562713368186
0	0	1	2.000000000000001	0	0.3333333333333333	0	0	0	0	0	0
2	0	0.8009990227348848	2.000000000000001	1	0.2859690475553227	2.496881947709893	0	-2.496881947709893	1	0.08177829615969845	-2.100859742837649
2	0	1.000000000000001	1.999672849554773	1	0.3333696873472138	1.999999999999999	0	-1.999999999999999	0.9999999999999998	0.1111353484419793	-1.682786600916018
1	1	0.9999306453288462	2.000069354671155	0.5	0.3333102151096153	1.000069359481558	0.4999826619334492	-0.5000866975481085	0.8889043005035822	0.5555247307228124	-0.4207695969651493
3	0	0.8009990227348848	2.076855236058944	1	0.2783320316820355	3.74532292156484	0	-3.74532292156484	1	0.02156202619050962	-3.151289614256475
0	0	1	2.000000000000001	0	0.3333333333333333	0	0	0	0	0	0
2	0	0.8990705293931543	2.000143300182752	1	0.3101083887712653	2.224519583964052	0	-2.224519583964052	1	0.09616721278631024	-1.871695874684992
0	1	0.8009990227348847	2.000208303116364	0	0.2859477823518372	0	0.4999479296441178	0.4999479296441178	0.7140522176481627	0.2859477823518373	0.4206528385804129
3	2	0.9997855280941841	2.000214471905818	0.6	0.3332618426980611	3.000643553741645	0.9998927755454077	-2.000750778196237	0.9547678048416465	0.209770642516419	-1.683418300660463
2	0	0.8661802327555472	2.032786987867569	1	0.2987892469406283	2.308988273303668	0	-2.308988273303668	1	0.08927501408734773	-1.942767263993813
2	0	0.8170663689907643	1.626052553216963	1	0.3344357745190814	2.447781570633471	0	-2.447781570633471	1	0.1118472872781778	-2.059547014515586
5	3	0.8011016009080221	2.198792612130916	0.625	0.2670432835351531	6.241405577435703	1.364385155493409	-4.877020421942293	0.9939511560534093	0.03599432613817932	-4.10349230921914
0	1	1	2.000000000000001	0	0.3333333333333333	0	0.4999999999999998	0.4999999999999998	0.6666666666666667	0.3333333333333333	0.4206966502290045
4	0	1.798758926231543	1.201241073768458	1	0.5995863087438473	2.223755469211279	0	-2.223755469211279	1	0.1292429402481787	-1.871052953651227
3	1	0.824113805362193	2.074888644065502	0.75	0.2842749600038748	3.640273928770697	0.4819535751280689	-3.158320353642628	0.9934693797836178	0.07229973917791133	-2.657389586255078
1	0	1.668448161189529	1.210430623241186	1	0.5795479025420158	0.5993593467639085	0	-0.5993593467639085	1	0.5795479025420158	-0.5042969389340415
0	0	1	2.000000000000001	0	0.3333333333333333	0	0	0	0	0	0
1	0	1	2	1	0.3333333333333333	0.9999999999999998	0	-0.9999999999999998	1	0.3333333333333333	-0.8413933004580092
2	0	1.000000000000001	1.948087761594218	1	0.3392029277511187	1.999999999999999	0	-1.999999999999999	1	0.1150586261949305	-1.682786600916018
0	0	0	3.000000000000001	0	0	0	0	0	0	0	0
3	0	1.09582411253844	1.192441157244216	1	0.4788885829843162	2.737665621402143	0	-2.737665621402143	1	0.1098255659426911	-2.303453512741976
0	0	0.8009990227348848	2.199000977265117	0	0.2669996742449614	0	0	0	0	0	0
0	1	0.9997128889459672	2.000287111054034	0	0.3332376296486556	0	0.4999282325391071	0.4999282325391071	0.6667623703513443	0.3332376296486557	0.4206362655682185
4	1	0.9999386541176429	1.999782147117899	0.8	0.3333439077749444	4.000245398583621	0.5000544691536564	-3.500190929429964	0.9958841208778262	0.04527271186548354	-2.945037198346265
2	0	0.8662098868237633	2.066954079724639	1	0.2953158762014504	2.308909226762168	0	-2.308909226762168	0.9999999999999998	0.08721146673663061	-1.942700754763371
2	0	0.8255474180179294	2.073419802605186	1	0.2847729398749403	2.422634916358691	0	-2.422634916358691	1	0.0810956272850164	-2.038388788079853
2	0	0.8240625763123058	1.37493840095281	1	0.3747440700718502	2.427000154466466	0	-2.427000154466466	1	0.1404331180540158	-2.042061670178638
1	0	1	2.000000000000001	1	0.3333333333333333	0.9999999999999996	0	-0.9999999999999996	1	0.3333333333333333	-0.841393300458009
0	0	0.8989672206231156	2	0	0.3100991326248552	0	0	0	0	0	0
1	0	1	1.999906858851451	1	0.3333436826711553	0.9999999999999996	0	-0.9999999999999996	1	0.3333436826711553	-0.841393300458009
0	2	0.1794567612102794	2.820265655313908	0	0.05982445583022247	0	0.7091530530932879	0.7091530530932879	0.8839300538549374	0.1160699461450626	0.5966766278720355
1	0	0.8009990227348847	2.199000977265117	1	0.2669996742449615	1.248440973854947	0	-1.248440973854947	1	0.2669996742449614	-1.050429871418825
5	0	1	1.999976696931524	1	0.3333359225832766	4.999999999999998	0	-4.999999999999998	1	0.004115386170174817	-4.206966502290046
1	0	1	2.000000000000001	1	0.3333333333333333	0.9999999999999996	0	-0.9999999999999996	1	0.3333333333333333	-0.841393300458009
1	0	0.3509256877785909	2.649074312221412	1	0.1169752292595302	2.849606155451717	0	-2.849606155451717	1	0.1169752292595302	-2.397639528140979
6	0	1.000000000000001	2.000000000000002	1	0.3333333333333333	5.999999999999994	0	-5.999999999999994	1	0.001371742112482699	-5.048359802748051
2	0	1	2.000000000000001	1	0.3333333333333333	1.999999999999999	0	-1.999999999999999	1	0.1111111111111109	-1.682786600916018
1	0	0.8009990227348848	2.199000977265117	1	0.2669996742449614	1.248440973854946	0	-1.248440973854946	1	0.2669996742449614	-1.050429871418825
1	0	0.177039792212618	2.822960207787383	1	0.05901326407087263	5.648447659716176	0	-5.648447659716176	1	0.0590132640708726	-4.752566018872912
0	0	0.8240035484672044	2.109160418081198	0	0.2809265209393833	0	0	0	0	0	0
1	0	0.8009990227348848	2.199000977265117	1	0.2669996742449614	1.248440973854946	0	-1.248440973854946	1	0.2669996742449614	-1.050429871418825
4	0	1.000000000000001	1.999976689759999	1	0.3333359233801251	3.999999999999997	0	-3.999999999999997	0.9999999999999998	0.01234606272745398	-3.365573201832035
0	0	0	1.267344133806396	0	0	0	0	0	0	0	0
5	0	0.8653521116438964	2.067811854904507	1	0.295023435959565	5.777994798558445	0	-5.777994798558445	1	0.002235026019085207	-4.861566113588301
2	0	1	1.933582216117675	1	0.3408801684526871	1.999999999999999	0	-1.999999999999999	0.9999999999999997	0.1161992892443326	-1.682786600916018
0	0	0	3.000000000000001	0	0	0	0	0	0	0	0
1.5	5.5	0.9403987802609671	2.05607862267479	0.2142857142857143	0.3138347645604216	1.595067998263183	2.674994982849902	1.079926984586719	0.4581994941698586	0.8137441303594228	0.9086433298150849
2	0	0.8009990227348848	2.199000977265117	1	0.2669996742449615	2.496881947709893	0	-2.496881947709893	1	0.07128882604691533	-2.100859742837649
2	0	1	2.000000000000001	1	0.3333333333333333	1.999999999999999	0	-1.999999999999999	1	0.1111111111111109	-1.682786600916018
0	0	0	1.267344133806396	0	0	0	0	0	0	0	0
2	0	0.8009990227348845	2.000000000000001	1	0.2859690475553226	2.496881947709894	0	-2.496881947709894	0.9999999999999999	0.08177829615969845	-2.10085974283765
2	0	1	2.000000000000001	1	0.3333333333333333	1.999999999999999	0	-1.999999999999999	1	0.1111111111111109	-1.682786600916018
1	1	0.8009990227348847	2.198931668365036	0.5	0.2670058428720563	1.248440973854947	0.4547662914616744	-0.7936746823932723	0.9287078798721828	0.4627195656162953	-0.6677925605088377
3	0	0.9410699802695748	2.058400977472119	1	0.3137453216010158	3.187860693569923	0	-3.187860693569923	1	0.03088387426834616	-2.682244630363156
2	0	0.8009990227348845	2.199000977265116	1	0.2669996742449615	2.496881947709894	0	-2.496881947709894	1	0.07128882604691533	-2.10085974283765
0	0	0.8240035484672044	1.374997428797912	0	0.3747172270437152	0	0	0	0	0	0
3	0	0.8009990227348845	2.199000977265117	1	0.2669996742449614	3.745322921564841	0	-3.745322921564841	0.9999999999999999	0.01903409333183226	-3.151289614256476
1	0	1	2.000000000000001	1	0.3333333333333333	0.9999999999999996	0	-0.9999999999999996	1	0.3333333333333333	-0.841393300458009
7	0	0.8657667561680285	2.067397210380374	1	0.295164800209522	8.085318534269796	0	-8.085318534269796	1	0.0001951874777451623	-6.802932846803578
1	0	1	1.935988239847461	1	0.3406008193179804	0.9999999999999996	0	-0.9999999999999996	1	0.3406008193179804	-0.841393300458009
2	1	0.826896359801412	2.093970596508632	0.6666666666666666	0.2830996317771479	2.41868279657238	0.4775616246318565	-1.941121171940523	0.97731086634322	0.1950579372235106	-1.633246349447956
2	0	1	1.93325719364944	1	0.3409179400173364	2	0	-2	1	0.1162250418256641	-1.682786600916018
0	0	0.8243279682372914	1.374673009027825	0	0.3748647575693681	0	0	0	0	0	0
0	0	1	2.000000000000001	0	0.3333333333333333	0	0	0	0	0	0
3	0	1	2.000000000000001	1	0.3333333333333333	2.999999999999999	0	-2.999999999999999	1	0.03703703703703698	-2.524179901374027
2	0	0.8009990227348847	2.199000977265117	1	0.2669996742449615	2.496881947709893	0	-2.496881947709893	1	0.07128882604691533	-2.10085974283765
1	0	1	2.000000000000001	1	0.3333333333333333	0.9999999999999996	0	-0.9999999999999996	1	0.3333333333333333	-0.841393300458009
2	0	0.8240626101112198	2.074904610511896	1	0.2842607547435781	2.427000054923095	0	-2.427000054923095	1	0.0808041766873886	-2.042061586423513
1	0	0.8009990227348845	2.199000977265117	1	0.2669996742449614	1.248440973854947	0	-1.248440973854947	1	0.2669996742449614	-1.050429871418825
1	0	1	2.000000000000001	1	0.3333333333333333	0.9999999999999996	0	-0.9999999999999996	1	0.3333333333333333	-0.841393300458009
0	0	0.8240035484672044	1.374997428797912	0	0.3747172270437152	0	0	0	0	0	0
3	0	1	1.999027613079188	1	0.3334414113557532	2.999999999999999	0	-2.999999999999999	0.9999999999999999	0.03707307472663179	-2.524179901374027
1	0	1	2.000000000000001	1	0.3333333333333333	0.9999999999999996	0	-0.9999999999999996	1	0.3333333333333333	-0.841393300458009
4	3	0.9218213927380413	2.078178607261959	0.5714285714285714	0.3072737975793471	4.339235378470654	1.443571784213754	-2.8956635942569	0.968056053565007	0.1356621536564537	-2.436391948587916
0	0	0.8009990227348847	2.199000977265117	0	0.2669996742449615	0	0	0	0	0	0
1	0	0.8240774901934779	1.374923487071638	1	0.3747508521885142	1.213478115711204	0	-1.213478115711204	1	0.3747508521885142	-1.021012356811817
1	0	0.9231447639410572	2.076855236058945	1	0.3077149213136856	1.083253720392493	0	-1.083253720392493	1	0.3077149213136856	-0.9114424230344575
1	0	0.8009990227348845	2.199000977265117	1	0.2669996742449614	1.248440973854947	0	-1.248440973854947	1	0.2669996742449614	-1.050429871418825
3	0	1	1.997948459402604	1	0.3335614382774507	3	0	-3	0.9999999999999999	0.03711312406214384	-2.524179901374028
2	0	0.8662541281543957	2.03271309246872	1	0.2988147371905087	2.308791306150673	0	-2.308791306150673	1	0.08929024716223277	-1.942601537150873
1	0	1.800999022734885	1.199000977265116	1	0.6003330075782949	0.5552473862431431	0	-0.5552473862431431	1	0.6003330075782949	-0.4671814308818013
0	0	0.8009990227348847	2.199000977265117	0	0.2669996742449615	0	0	0	0	0	0
0	3	1.040935701568806	1.518668772655031	0	0.4066783411466159	0	1.975414293108308	1.975414293108308	0.2088673741388808	0.7911326258611192	1.662100351850325
3	0	1.667392955500179	1.2104550644766	1	0.5793888155058421	1.799215949727982	0	-1.799215949727982	1	0.1944958423510755	-1.513848246178318
2	1	0.9227039194854242	2.077296080514577	0.6666666666666666	0.307567973161808	2.167542542916004	0.4813950256683125	-1.686147517247691	0.9709046670005688	0.2256035083457254	-1.418713224596113
5	1	0.9998975317975303	1.999568878607811	0.8333333333333334	0.3333584694693768	5.000512393516392	0.5001078035862633	-4.500404589930128	0.9986276371251671	0.01783885473470026	-3.786610271317685
0	1	0.8241347216826339	2.074832498940482	0	0.2842856296614112	0	0.4819666168284197	0.4819666168284197	0.7157143703385888	0.2842856296614112	0.4055234824438448
1	0	1	2.000000000000001	1	0.3333333333333333	0.9999999999999996	0	-0.9999999999999996	1	0.3333333333333333	-0.841393300458009
2	0	0.8009990227348847	2.199000977265117	1	0.2669996742449615	2.496881947709893	0	-2.496881947709893	1	0.07128882604691533	-2.10085974283765
0	0	0.8663279330968027	2.0668360334516	0	0.295356121572792	0	0	0	0	0	0
1	1	0.8241260964661197	2.074841124156996	0.5	0.2842826543892341	1.213406545779867	0.481964613269509	-0.7314419325103583	0.9191833724134113	0.4877486811918794	-0.6154303416882749
0	0	0.8009990227348845	2.199000977265117	0	0.2669996742449614	0	0	0	0	0	0
1	0	0.8009990227348847	2.199000977265117	1	0.2669996742449615	1.248440973854947	0	-1.248440973854947	1	0.2669996742449614	-1.050429871418825
4	0	0.8660766616606125	1.332924315604504	1	0.3938500576465166	4.618528794356857	0	-4.618528794356857	0.9999999999999997	0.02406155294437506	-3.885999185544267
0	0	0.9231447639410572	2.076855236058944	0	0.3077149213136856	0	0	0	0	0	0
2	0	0.8245934264778794	2.108570540070523	1	0.2811276273273665	2.425437719704709	0	-2.425437719704709	1	0.07903274284671469	-2.040747048037693
2	0	0.8242841590418952	2.07468306158122	1	0.2843371781432976	2.426347732224644	0	-2.426347732224644	0.9999999999999999	0.08084763087449343	-2.041512726475299
1	0	0.8240773921764315	2.10908657437197	1	0.2809516963847623	1.213478260044178	0	-1.213478260044178	1	0.2809516963847623	-1.021012478252614
2	0	0.8009990227348848	2.199000977265117	1	0.2669996742449615	2.496881947709893	0	-2.496881947709893	1	0.07128882604691533	-2.100859742837649
1	1	1.000217703393419	1.800989370107339	0.5	0.3570666777388273	0.9997823439910332	0.5552503621608827	-0.4445319818301504	0.8725033876485563	0.5866367431262112	-0.3740262313512101
3	0	0.8241067214299885	2.109057245118414	1	0.2809616955712692	3.640305220171491	0	-3.640305220171491	1	0.02217896856882695	-3.062928423874611
0	1	0.9991385377379192	2.000861462262083	0	0.3330461792459729	0	0.4997847271591935	0.4997847271591935	0.6669538207540271	0.3330461792459729	0.4205155211029795
1	0	0.82419544478218	2.108968521766222	1	0.2809919439151065	1.2133044490003	0	-1.2133044490003	1	0.2809919439151065	-1.020866234804749
3	1	0.9999590172742332	1.979344987570222	0.75	0.3356351066048526	3.000122953216259	0.5052176382994086	-2.49490531491685	0.9873097691449376	0.1131677280330815	-2.099196617248118
1	0	0.9000756350209829	2.001537487918208	1	0.3101983610100477	1.111017742388602	0	-1.111017742388602	1	0.3101983610100476	-0.9348028851357525
3	2	0.9217284792507681	2.078271520749233	0.6	0.3072428264169225	3.254754591545838	0.9623381642062746	-2.292416427339563	0.9663963197447853	0.17279345059979	-1.928823823823393
0	0	0.8660028729362068	1.33299810432891	0	0.3938165020796166	0	0	0	0	0	0
1	1	0.8009990227348847	2.199000977265117	0.5	0.2669996742449615	1.248440973854947	0.4547519579748862	-0.7936890158800605	0.9287111739530847	0.4627105224430073	-0.6678046206085935
1	1	0.9999195435239508	2.00008045647605	0.5	0.3333065145079835	1.000080462949815	0.4999798866901104	-0.5001005762597042	0.8889067673865395	0.5555197964025063	-0.4207812744201049
1	0	0.8662836346722905	2.066880331876112	1	0.2953410189651582	1.154356333163668	0	-1.154356333163668	1	0.2953410189651582	-0.9712676850651842
3	1	0.8242627384377953	2.074704482185321	0.75	0.2843297890966235	3.639616180740895	0.4819963559083284	-3.157619824832567	0.99346433999274	0.07233780041118876	-2.656800166007515
0	0	0.8009990227348847	2.000000000000001	0	0.2859690475553226	0	0	0	0	0	0
2	1	0.9999464211347925	2.000053578865209	0.6666666666666666	0.3333154737115974	2.000107163472112	0.4999866056425251	-1.500120557829587	0.962968915851248	0.2592354467492555	-1.262191387237146
3	0	0.8661066353624176	2.067057331185985	1	0.2952806748071461	3.463776719300466	0	-3.463776719300466	0.9999999999999998	0.02574572191622437	-2.914398525901835
2	0	0.8009990227348847	2.199000977265117	1	0.2669996742449615	2.496881947709893	0	-2.496881947709893	1	0.07128882604691533	-2.10085974283765
2	0	1.000000000000001	2.000000000000002	1	0.3333333333333333	1.999999999999998	0	-1.999999999999998	1	0.1111111111111109	-1.682786600916017
2	0	0.8240921366793046	2.074875083943811	1	0.2842709399460443	2.426913097434759	0	-2.426913097434759	0.9999999999999999	0.08080996729780765	-2.041988420975402
1	3	0.1785551971769365	2.821444802823065	0.25	0.05951839905897881	5.600509062802947	1.063285022268831	-4.537224040534116	0.980394437178872	0.2176497697856822	-3.817589910382424
2	0	0.8009990227348848	2.199000977265117	1	0.2669996742449614	2.496881947709893	0	-2.496881947709893	1	0.07128882604691544	-2.100859742837649
0	0	1	2.000000000000001	0	0.3333333333333333	0	0	0	0	0	0
0	0	0	1.267344133806396	0	0	0	0	0	0	0	0
3	0	1	1.801563442690494	1	0.356943549720097	2.999999999999999	0	-2.999999999999999	0.9999999999999999	0.04547771281753521	-2.524179901374027
1	0	0.8009990227348847	2.000000000000001	1	0.2859690475553226	1.248440973854947	0	-1.248440973854947	1	0.2859690475553226	-1.050429871418825
1	0	0.8009990227348847	2.199000977265117	1	0.2669996742449615	1.248440973854947	0	-1.248440973854947	1	0.2669996742449614	-1.050429871418825
7	0	1	2.000000000000001	1	0.3333333333333333	6.999999999999997	0	-6.999999999999997	1	0.0004572473708274183	-5.889753103206063
1	1	0.8662756625818828	2.066911611899805	0.5	0.295335954208706	1.154366956379174	0.4838136252381148	-0.6705533311410588	0.9127766741516332	0.503448582569045	-0.5641990804218879
2	1	1.001344393599685	1.998655606400317	0.6666666666666666	0.3337814645332281	1.997314822735758	0.5003363244761574	-1.496978498259601	0.9628133849847644	0.2598569681673693	-1.25954767936532
0	0	1	2.000000000000001	0	0.3333333333333333	0	0	0	0	0	0
1	0	1	2.000000000000001	1	0.3333333333333333	0.9999999999999996	0	-0.9999999999999996	1	0.3333333333333333	-0.841393300458009
2	0	1	2.000000000000001	1	0.3333333333333333	1.999999999999999	0	-1.999999999999999	1	0.1111111111111109	-1.682786600916018
6	1	1.799810066965408	1.199677077874422	0.8571428571428571	0.6000392667332188	3.333685098292829	0.833557645172142	-2.500127453120687	0.9719935732809677	0.1586817026788435	-2.103590489346892
3	0	0.865796107150501	2.067367859397901	1	0.2951748068040416	3.465019044580332	0	-3.465019044580332	0.9999999999999999	0.02571803973502251	-2.915443810069304
1	0	0.8009990227348847	2.199000977265117	1	0.2669996742449615	1.248440973854947	0	-1.248440973854947	1	0.2669996742449614	-1.050429871418825
0	0	0.8240035484672044	1.374997428797912	0	0.3747172270437152	0	0	0	0	0	0
3	0	0.8009990227348848	2.199000977265117	1	0.2669996742449614	3.74532292156484	0	-3.74532292156484	0.9999999999999999	0.01903409333183226	-3.151289614256475
0	0	1	2.000000000000001	0	0.3333333333333333	0	0	0	0	0	0
0	0	0.9231447639410572	2.076855236058944	0	0.3077149213136856	0	0	0	0	0	0
3	2	0.8009990227348849	2.199000977265117	0.6	0.2669996742449615	3.745322921564839	0.9095039159497722	-2.835819005615067	0.9800171890782381	0.1222509915420733	-2.386039112636011
4	0	1.800876294736194	1.198984935467799	1	0.6003198670005588	2.221140903287836	0	-2.221140903287836	1	0.1298765861672182	-1.868853075399636
2	1	1	2	0.6666666666666666	0.3333333333333333	2	0.4999999999999999	-1.5	0.962962962962963	0.2592592592592592	-1.262089950687014
3	0	0.8009990227348847	2.199000977265117	1	0.2669996742449615	3.74532292156484	0	-3.74532292156484	1	0.01903409333183204	-3.151289614256475
0	0	1	1.801693283824168	0	0.3569270075970098	0	0	0	0	0	0
1	0	0.8240478205015668	2.109116146046835	1	0.2809416145498557	1.21352180677007	0	-1.21352180677007	1	0.2809416145498557	-1.021049118176036
0	0	0	3.000000000000001	0	0	0	0	0	0	0	0
0	1	0.8009990227348847	2.199000977265117	0	0.2669996742449615	0	0.4547519579748862	0.4547519579748862	0.7330003257550386	0.2669996742449614	0.3826252508102315
0	1	0.8239794689470873	2.075093505685991	0	0.2842217067858991	0	0.4819059947225929	0.4819059947225929	0.7157782932141008	0.2842217067858992	0.4054724754101425
7	0	1.79651454459747	1.199387666547257	1	0.5996572711600711	3.896433803472731	0	-3.896433803472731	1.000000000000001	0.02788185913267793	-3.278433297920075
1	0	0.8009990227348847	2.199000977265117	1	0.2669996742449615	1.248440973854947	0	-1.248440973854947	1	0.2669996742449614	-1.050429871418825
0	0	0.8240035484672044	2.109160418081198	0	0.2809265209393833	0	0	0	0	0	0
0	1	0.8291481179809377	2.069819102642178	0	0.2860150028887588	0	0.4831340085341148	0.4831340085341148	0.7139849971112412	0.2860150028887588	0.4065057180040269
0	0	1	2.000000000000001	0	0.3333333333333333	0	0	0	0	0	0
3	3	0.866168889314859	2.033044824068085	0.5	0.2987599311208317	3.463527768092669	1.475619211384162	-1.987908556708508	0.9305100105462073	0.2533965485445722	-1.672612941537689
3	0	0.8655453887859758	2.033421831837141	1	0.2985702572380006	3.466022739960334	0	-3.466022739960334	0.9999999999999999	0.02661580627956006	-2.916288312637738
1	0	0.824401847821428	1.374599129443689	1	0.3748983544549085	1.213000677573212	0	-1.213000677573212	1	0.3748983544549085	-1.020610643561126
3	0	1.800952463061724	1.199004992030277	1	0.6003260012920729	1.665785222836934	0	-1.665785222836934	1	0.2163522727284015	-1.401580526496949
3	0	0.9403761529801984	2.057438565691118	1	0.3136872159320738	3.190212757408334	0	-3.190212757408334	0.9999999999999999	0.03086671835502397	-2.684223641119045
0	0	0.8240035484672044	2.109160418081198	0	0.2809265209393833	0	0	0	0	0	0
0	0	0.8009990227348847	2.199000977265117	0	0.2669996742449615	0	0	0	0	0	0
0	0	1	2.000000000000001	0	0.3333333333333333	0	0	0	0	0	0
1	0	0.8662244683982886	2.066939498150114	1	0.2953208474798009	1.154435179889425	0	-1.154435179889425	1	0.2953208474798008	-0.9713340261719993
0	0	0.8009990227348847	2.199000977265117	0	0.2669996742449615	0	0	0	0	0	0
0	2	0.006529913792569949	2.993470086207431	0	0.002176637930856649	0	0.6681209240122706	0.6681209240122706	0.9956514618909688	0.004348538109031241	0.5621524693597393
2	0	0.9999999999999996	1.981169237079785	1	0.3354388565271636	2.000000000000001	0	-2.000000000000001	1	0.1125192264682509	-1.68278660091602
2	0	0.8009990227348848	2.199000977265117	1	0.2669996742449615	2.496881947709893	0	-2.496881947709893	1	0.07128882604691533	-2.100859742837649
1	0	1	2.000000000000001	1	0.3333333333333333	0.9999999999999996	0	-0.9999999999999996	1	0.3333333333333333	-0.841393300458009
4	0	0.8009990227348847	2.076855236058944	1	0.2783320316820355	4.993763895419787	0	-4.993763895419787	0.9999999999999997	0.006001402556786162	-4.2017194856753
1	1	0.8012071935001056	2.198792806499896	0.5	0.267069064500035	1.248116602188081	0.4547950116281441	-0.7933215905599367	0.9286741147870758	0.4628122437871464	-0.6674954714058227
0	1	0.8256774388860655	2.074205571844612	0	0.2847278444788093	0	0.4821122908809323	0.4821122908809323	0.7152721555211907	0.2847278444788093	0.4056460516156795
0	0	0.1817307614011761	2.818269238598825	0	0.06057692046705867	0	0	0	0	0	0
4	0	0.8009990227348847	2.000000000000001	1	0.2859690475553226	4.993763895419787	0	-4.993763895419787	0.9999999999999999	0.006687689722783441	-4.2017194856753
0	0	0.8009990227348847	2.199000977265117	0	0.2669996742449615	0	0	0	0	0	0
1	0	0.8240922125338772	2.074875008089239	1	0.2842709661121119	1.213456437023292	0	-1.213456437023292	1	0.2842709661121119	-1.020994116509044
0	0	0.8009990227348847	2.076855236058944	0	0.2783320316820355	0	0	0	0	0	0
1	3	0.8009990227348847	2.199000977265116	0.25	0.2669996742449615	1.248440973854947	1.364255873924659	0.1158149000697122	0.7092935002157222	0.7113200173065338	0.09744588101186967
0	0	0.8009990227348848	2.199000977265117	0	0.2669996742449614	0	0	0	0	0	0
5	4	0.9999282508967487	2.000071749103252	0.5555555555555556	0.3333094169655828	5.000358771257773	1.999928253470623	-3.00043051778715	0.9575923007703147	0.1448090647224008	-2.524542136155864
1	0	0.8009990227348847	2.076855236058944	1	0.2783320316820355	1.248440973854947	0	-1.248440973854947	1	0.2783320316820355	-1.050429871418825
0	3	0.1767069761744395	2.823223729775293	0	0.05890368594980488	0	1.062615041224089	1.062615041224089	0.8334934999726026	0.1665065000273974	0.8940771766518603
4	1	0.9997545051917903	1.937318953147229	0.8	0.3403913859741097	4.000982220362839	0.516177265687445	-3.484804954675393	0.9954302461652603	0.04884597699394744	-2.932091542266753
1	0	1	1.801052594959842	1	0.3570086480344497	0.9999999999999996	0	-0.9999999999999996	1	0.3570086480344496	-0.841393300458009
1	0	0.6722306857202581	2.327769314279742	1	0.224076895240086	1.487584576607887	0	-1.487584576607887	1	0.224076895240086	-1.251643696622541
4	0	0.8992775464224332	2.000430454682001	1	0.3101269321186542	4.448014982596942	0	-4.448014982596942	0.9999999999999998	0.009250345031566076	-3.742530006693916
0	0	0.8009990227348847	2.199000977265117	0	0.2669996742449615	0	0	0	0	0	0
1	1	0.9995706108966398	1.933663214165682	0.5	0.3407742684391695	1.000429573557565	0.5171531384959764	-0.4832764350615886	0.883872897969749	0.5654214348480877	-0.4066255547300509
1	0	1	2.000000000000001	1	0.3333333333333333	0.9999999999999996	0	-0.9999999999999996	1	0.3333333333333333	-0.841393300458009
2	0	0.8009990227348847	2.000000000000001	1	0.2859690475553226	2.496881947709893	0	-2.496881947709893	0.9999999999999999	0.08177829615969845	-2.10085974283765
4	1	0.8009990227348848	2.199000977265117	0.8	0.2669996742449614	4.993763895419786	0.4547519579748861	-4.5390119374449	0.9986430818315061	0.01998281092176213	-3.819094234865068
1	0	0.8009990227348848	2.199000977265117	1	0.2669996742449614	1.248440973854946	0	-1.248440973854946	1	0.2669996742449614	-1.050429871418825
1	7	0.8011591167965144	2.196594002434128	0.125	0.2672532009580988	1.248191500333371	3.186751849564843	1.938560349231472	0.3255939096906393	0.9168941799231494	1.6310916903769
3	0	1	2	1	0.3333333333333333	3	0	-3	1	0.03703703703703698	-2.524179901374028
0	0	0.8009990227348847	2.000000000000001	0	0.2859690475553226	0	0	0	0	0	0
3	0	0.9227152576951425	2.032337984928658	1	0.312249960300499	3.251273862636371	0	-3.251273862636371	1	0.03044438290351481	-2.735600045976477
1	1	0.8009990227348845	2.199000977265117	0.5	0.2669996742449613	1.248440973854947	0.4547519579748861	-0.7936890158800608	0.9287111739530844	0.4627105224430073	-0.6678046206085938
1	0	0.8241806461338165	2.108983320414585	1	0.2809868986300382	1.213326234595464	0	-1.213326234595464	1	0.2809868986300381	-1.020884565058566
2	0	1	2	1	0.3333333333333333	2	0	-2	1	0.1111111111111109	-1.682786600916018
2	0	1.62648804414916	1.17704015431755	1	0.5801575475640692	1.229643222521337	0	-1.229643222521337	1	0.3365827799955553	-1.03461356938305
1	3	0.8009990227348847	2.199000977265117	0.25	0.2669996742449615	1.248440973854947	1.364255873924659	0.115814900069712	0.7092935002157222	0.7113200173065338	0.09744588101186949
1	0	0.8010793303622792	2.198567969351906	1	0.2670578405796602	1.248315818544165	0	-1.248315818544165	1	0.2670578405796602	-1.050324566578817
4	0	1.121997511897542	1.785798546404606	1	0.3858583921984791	3.565070294349521	0	-3.565070294349521	1	0.02216724908849377	-2.99962626132755
2	0	0.8009990227348847	2.199000977265117	1	0.2669996742449615	2.496881947709893	0	-2.496881947709893	1	0.07128882604691533	-2.10085974283765
4	0	0.8658021843004774	1.333198792964639	1	0.3937252385295754	4.619992964364937	0	-4.619992964364937	1	0.02403106505383168	-3.887231128379797
3	0	0.923144763941057	2.076855236058944	1	0.3077149213136856	3.24976116117748	0	-3.24976116117748	1	0.02913705595668425	-2.734327269103372
8	0	0.8630678742927279	2.035899346330388	1	0.2977156375390877	9.269259392322867	0	-9.269259392322867	1	6.171818882205748e-05	-7.799092752907939
5	0	1	1.945560144879739	1	0.3394940014171152	4.999999999999998	0	-4.999999999999998	0.9999999999999998	0.004509833676061059	-4.206966502290046
0	4	0.9992756883444714	2.00072431165553	0	0.3330918961148236	0	1.999275950563193	1.999275950563193	0.1978171674947424	0.8021828325052576	1.682177390570689
1	0	0.8662983967648816	2.066865569783521	1	0.2953460517873119	1.154336662441505	0	-1.154336662441505	1	0.2953460517873119	-0.9712511342513408
7	2	1.783522540614224	1.214384439457367	0.7777777777777778	0.5949225751399507	3.924817231403917	1.646924923456427	-2.277892307947491	0.9334553892931501	0.22235690609669	-1.916603327071851
3	3	0.8664712751557092	2.032080333173113	0.5	0.2989324987921393	3.462319047403949	1.476319587875481	-1.985999459528468	0.9303741540089165	0.253715295499512	-1.671006639960481
1	2	1	1.802601183159326	0.3333333333333333	0.3568113815154808	0.9999999999999996	1.10950775950047	0.1095077595004701	0.7089113408320101	0.7339182719939683	0.09213909519186246
4	3	0.9978557666778367	1.990726832718002	0.5714285714285714	0.3338893048763517	4.008595363754031	1.506987272535029	-2.501608091219002	0.9544113954153166	0.1741519889855001	-2.104836288323217
0	2	0.8009990227348847	2.00069522185967	0	0.2858980862313192	0	0.9996525098615351	0.9996525098615351	0.5099415432480924	0.4900584567519076	0.8411009245835298
0	0	0.8240035484672044	2.074963672155912	0	0.2842403814038607	0	0	0	0	0	0
1	1	0.8009990227348847	2.199000977265117	0.5	0.2669996742449615	1.248440973854947	0.4547519579748862	-0.7936890158800605	0.9287111739530847	0.4627105224430073	-0.6678046206085935
0	1	0.003854076687940196	1.270167845700575	0	0.003025125879085845	0	0.7872975240122213	0.7872975240122213	0.9969748741209141	0.003025125879085877	0.6624268621710617
1	1	0.9234945128701441	2.076505487129857	0.5	0.3078315042900479	1.08284346692227	0.4815783084600457	-0.6012651584622246	0.9052397649665261	0.5209027735466221	-0.5059004761289392
2	0	1.800201258627057	1.198896701384625	1	0.600247568645622	1.110986891279768	0	-1.110986891279768	1	0.3602971436649807	-0.9347769272194677
0	1	0.003854076687940196	1.270167845700575	0	0.003025125879085845	0	0.7872975240122213	0.7872975240122213	0.9969748741209141	0.003025125879085877	0.6624268621710617
1	0	0.923144763941057	2.076855236058944	1	0.3077149213136856	1.083253720392493	0	-1.083253720392493	1	0.3077149213136856	-0.9114424230344575
1	0	1	2.000000000000001	1	0.3333333333333333	0.9999999999999996	0	-0.9999999999999996	1	0.3333333333333333	-0.841393300458009
1	0	0.8009990227348845	2.199000977265117	1	0.2669996742449614	1.248440973854947	0	-1.248440973854947	1	0.2669996742449614	-1.050429871418825
0	0	1	2.000000000000001	0	0.3333333333333333	0	0	0	0	0	0
0	7	0.1797759992154148	2.820224000784586	0	0.05992533307180492	0	2.482072345335903	2.482072345335903	0.6488382533299865	0.3511617466700135	2.088399042617727
0	0	1	1.800999022734885	0	0.3570154762223387	0	0	0	0	0	0
1	0	0.8009990227348847	2.076855236058944	1	0.2783320316820355	1.248440973854947	0	-1.248440973854947	1	0.2783320316820355	-1.050429871418825
1	0	0.8009990227348847	2.199000977265116	1	0.2669996742449615	1.248440973854947	0	-1.248440973854947	1	0.2669996742449614	-1.050429871418825
3	0	1.667564508282395	1.210426941112292	1	0.5794195492252505	1.799030853139243	0	-1.799030853139243	1	0.1945267951287526	-1.513692507148616
0	1	0.9999731929524485	2.000026807047553	0	0.333324397650816	0	0.4999932983279378	0.4999932983279378	0.666675602349184	0.333324397650816	0.4206910114870297
0	1	0.8009990227348847	2.076897801723837	0	0.2783279149993633	0	0.4814873409611173	0.4814873409611173	0.7216720850006366	0.2783279149993634	0.4051202229400254
0	5	0.9983655703061481	2.001634429693854	0	0.3327885234353825	0	2.49795863111964	2.49795863111964	0.1322262068274055	0.8677737931725944	2.101765657045325
0	3	1	2.000000000000001	0	0.3333333333333333	0	1.499999999999999	1.499999999999999	0.2962962962962963	0.7037037037037037	1.262089950687014
2	0	1.667955726001968	1.210366062460713	1	0.579488969123507	1.199072594566962	0	-1.199072594566962	1	0.3358074653358247	-1.008891647831444
0	1	1.666394789011586	1.211630091103881	0	0.5790063875141795	0	0.8253344047348056	0.8253344047348056	0.4209936124858205	0.5790063875141795	0.6944308387813646
0	0	1	1.999673738950941	0	0.3333695885038899	0	0	0	0	0	0
0	0	0.8009990227348847	2.199000977265117	0	0.2669996742449615	0	0	0	0	0	0
1	0	0.922884627673378	2.077115372326623	1	0.3076282092244592	1.083559060379012	0	-1.083559060379012	1	0.3076282092244592	-0.9116993340534765
0	0	0	3.000000000000001	0	0	0	0	0	0	0	0
0	0	0	1.267344133806396	0	0	0	0	0	0	0	0
1	0	1	2.000000000000001	1	0.3333333333333333	0.9999999999999996	0	-0.9999999999999996	1	0.3333333333333333	-0.841393300458009
0	0	0.8009990227348847	2.076855236058944	0	0.2783320316820355	0	0	0	0	0	0
1	0	0.8240477975998381	1.374953179665278	1	0.3747373494234192	1.213521840495962	0	-1.213521840495962	1	0.3747373494234192	-1.021049146552776
4	0	0.8490818261274079	2.049885394495709	1	0.2928911441588852	4.710971165457244	0	-4.710971165457244	1	0.007359104369641489	-3.963779577266586
0	0	1	2.000000000000001	0	0.3333333333333333	0	0	0	0	0	0
0	0	0.8009990227348847	2.199000977265117	0	0.2669996742449615	0	0	0	0	0	0
0	0	0.9231447639410572	2.076855236058944	0	0.3077149213136856	0	0	0	0	0	0
1	1	0.9408255814288518	2.058116305767486	0.5	0.3137191772356797	1.062896268701877	0.4858811900948876	-0.577015078606989	0.901580277834568	0.5290186323059277	-0.4854966214031722
0	0	0.8009990227348847	2.076855236058944	0	0.2783320316820355	0	0	0	0	0	0
2	1	0.8009990227348847	2.199000977265117	0.6666666666666666	0.2669996742449614	2.496881947709893	0.4547519579748861	-2.042129989735007	0.9809659066681677	0.1757982914770823	-1.718234492027419
0	1	0.9232251614034194	2.076774838596581	0	0.3077417204678063	0	0.4815158491980615	0.4815158491980615	0.6922582795321937	0.3077417204678063	0.4051442095795981
0	0	0.8009990227348847	2.076855236058944	0	0.2783320316820355	0	0	0	0	0	0
4	0	0.923144763941057	2.076855236058944	1	0.3077149213136856	4.333014881569973	0	-4.333014881569973	0.9999999999999999	0.008965906881023722	-3.64576969213783