Observed S Changes	Observed NS Changes	E[S Sites]	E[NS Sites]	Observed S. Prop.	P{S}	dS	dN	dN-dS	P{S leq. observed}	P{S geq. observed}	Scaled dN-dS
0	0	0	3.000000000000004	0	0	0	0	0	0	0	0
2	4	0.8663440703906703	2.032903862081202	0.3333333333333333	0.2988168278702654	2.308551611714867	1.967628708179524	-0.3409229035353432	0.7464983730620103	0.5772646902585141	-0.2820268812373475
9	1	0.9998539625041314	2.000146037495873	0.9	0.3332846541680433	9.001314529433404	0.4999634932917058	-8.501351036141699	0.9999830896275237	0.0003551919192861241	-7.032702978192189
0	6	0.9233707808606592	2.076629219139346	0	0.3077902602868858	0	2.889297687184949	2.889297687184949	0.1100084978161262	0.8899915021838738	2.390158030548912
0	1	0.9230137963662994	2.076986203633706	0	0.3076712654554326	0	0.481466847613379	0.481466847613379	0.6923287345445674	0.3076712654554326	0.3982912032118771
7	0	1.000000000000002	2.000000000000004	1	0.3333333333333333	6.999999999999986	0	-6.999999999999986	1	0.0004572473708274183	-5.79071733869815
3	0	1.666663231658325	1.210915583988897	1	0.5791894291810946	1.800003709816655	0	-1.800003709816655	1	0.1942951146205867	-1.489044670308046
0	2	0.8007353216748723	2.199264678325133	0	0.2669117738916236	0	0.9093948626152245	0.9093948626152245	0.5374183472587261	0.4625816527412739	0.7522926569527163
0	4	0.800540725106701	2.000917238972283	0	0.285758606900921	0	1.999083181498547	1.999083181498547	0.2602436027839571	0.7397563972160429	1.653732234371931
0	4	0.9223822595793483	2.077617740420656	0	0.3074607531931156	0	1.925281981463115	1.925281981463115	0.2300263356589761	0.769973664341024	1.592680535991659
2	3	1.792287814444563	1.206980051564079	0.4	0.597575106497473	1.11589220429968	2.485542322022982	1.369650117723301	0.3216386204873783	0.9110844876372658	1.133036669235757
3	1	0.8007353971464054	2.076967334758358	0.75	0.2782550776592533	3.746555991768507	0.4814712216532493	-3.265084770115257	0.9940052318297582	0.06819228167301972	-2.701026141517961
7	0	1.799854609736474	1.199518227485382	1	0.6000769852285435	3.889203029029608	0	-3.889203029029608	1.000000000000001	0.02801875243993524	-3.217325059131309
1	7	0.9995848997320324	2.000415100267972	0.125	0.3331949665773436	1.000415272647755	3.499273725269466	2.498858452621711	0.1953190576096876	0.9609167243440087	2.067168995507001
7	3	0.802440758646463	2.197559241353542	0.7	0.2674802528821539	8.723385402066844	1.365150910858818	-7.358234491208027	0.9993141053777499	0.005306313316107425	-6.087065150063595
6	6	1.000000000000002	2.000000000000004	0.5	0.3333333333333333	5.999999999999989	2.999999999999995	-2.999999999999995	0.933552360468989	0.1777224564909369	-2.481736002299208
0	1	0.8237235033589893	1.375931007056197	0	0.3744785826404669	0	0.7267806269876124	0.7267806269876124	0.6255214173595331	0.3744785826404669	0.6012258825895841
2	6	0.8243252798824894	2.075184658684829	0.25	0.2842981391158115	2.426226695710591	2.891308961296277	0.4650822655856861	0.5917710109995051	0.7123867789292286	0.3847371341782937
3	14	0.9768183534827005	2.023181646517305	0.1764705882352941	0.3256061178275663	3.071195365344996	6.919793892011394	3.848598526666398	0.1449969298832905	0.9494912075097067	3.183735174007902
1	0	1.000000000000002	2.000000000000003	1	0.3333333333333334	0.9999999999999984	0	-0.9999999999999984	1	0.3333333333333334	-0.8272453340997362
4	6	0.9966986731310613	1.936592373804361	0.4	0.3397885368969334	4.013249046910308	3.098225564223012	-0.9150234826872956	0.7734591159758984	0.4583617651155052	-0.7569489066447572
0	1	0.800540725106701	2.199459274893304	0	0.2668469083688999	0	0.4546572020745918	0.4546572020745918	0.7331530916311001	0.2668469083688999	0.3761130490310475
0	0	0.8005407251067009	2.199459274893304	0	0.2668469083688999	0	0	0	0	0	0
2	4	0.8005407251067007	2.199459274893303	0.3333333333333333	0.2668469083688999	2.498311375393711	1.818628808298368	-0.679682567095343	0.8030436744690328	0.5055551669565419	-0.5622642322985543
2	3	0.8008069220765931	2.199069472657562	0.4	0.2669466393623059	2.497480909397921	1.364213380841724	-1.133267528556197	0.8778099421954436	0.4028986349764221	-0.9374902752848552
3	2	0.9975543276127694	2.002445672387235	0.6	0.332518109204256	3.007355005094559	0.9987786573084303	-2.008576347786129	0.9551338605866797	0.2086702824306607	-1.661585411889167
2	0	1.000000000000002	2.000000000000004	1	0.3333333333333333	1.999999999999996	0	-1.999999999999996	1	0.1111111111111109	-1.654490668199472
3	1	0.9997708287127877	2.000056002808086	0.75	0.3332761805473673	3.00068767145619	0.4999859996900067	-2.500701671766183	0.9876627858896782	0.1110603151675789	-2.068693789943988
5	0	1.799983949672852	1.199507114304072	1	0.6000964534584458	2.777802547022018	0	-2.777802547022018	1	0.0778225219393659	-2.297924196074331
4	0	0.800540725106701	2.07704252818375	1	0.2781989797137236	4.996622750787419	0	-4.996622750787419	0.9999999999999998	0.005989935302553984	-4.133432856845488
1	1	0.9999435856662829	2.000056414333722	0.5	0.3333145285554271	1.000056417516474	0.4999858968143804	-0.5000705207020932	0.8889014250538734	0.5555304821647276	-0.4136810049716328
5	0	1.000000000000002	1.999885718593186	1	0.3333460317511551	4.999999999999992	0	-4.999999999999992	0.9999999999999998	0.004116010250125202	-4.13622667049868
1	0	0.8005407251067012	2.199459274893304	1	0.2668469083689	1.249155687696855	0	-1.249155687696855	1	0.2668469083689	-1.033358214211372
1	0	0.800540725106701	2.199459274893304	1	0.2668469083688999	1.249155687696855	0	-1.249155687696855	1	0.2668469083688999	-1.033358214211372
0	3	1.000000000000002	1.999217299038373	0	0.3334203228024282	0	1.50058725554396	1.50058725554396	0.2961803254711804	0.7038196745288197	1.241353805558271
3	0	1.000000000000001	2.000000000000003	1	0.3333333333333333	2.999999999999996	0	-2.999999999999996	1	0.03703703703703698	-2.481736002299209
2	0	1.000000000000002	2.000000000000004	1	0.3333333333333333	1.999999999999996	0	-1.999999999999996	1	0.1111111111111109	-1.654490668199472
3	0	0.800540725106701	2.199459274893304	1	0.2668469083688999	3.747467063090565	0	-3.747467063090565	1	0.01900144052161856	-3.100074642634116
4	0	1.000000000000002	1.933625808898694	1	0.340875103077788	3.999999999999993	0	-3.999999999999993	1	0.01350147228010279	-3.308981336398944
10	0	1.000000000000002	2.000000000000004	1	0.3333333333333333	9.999999999999982	0	-9.999999999999982	1.000000000000001	1.693508780764574e-05	-8.272453340997361
1	4	0.1791843099546593	2.820815690045346	0.2	0.05972810331821966	5.580845779706045	1.418029548728048	-4.162816230977996	0.9683992132557976	0.2650339481322025	-3.443670303791202
1	0	1.000000000000002	2.000000000000003	1	0.3333333333333334	0.9999999999999984	0	-0.9999999999999984	1	0.3333333333333334	-0.8272453340997362
0	3	0.8238939651308551	2.074909336031306	0	0.2842186514692278	0	1.445846306585194	1.445846306585194	0.3667255197193041	0.6332744802806959	1.19606961094794
2	0	1.000000000000002	2.000000000000004	1	0.3333333333333333	1.999999999999996	0	-1.999999999999996	1	0.1111111111111109	-1.654490668199472
2	0	0.9204034475580621	2.079596552441944	1	0.3068011491860201	2.172960135369151	0	-2.172960135369151	1	0.09412694514186248	-1.797571133168864
8	1	1.000000000000002	2.000000000000004	0.8888888888888888	0.3333333333333333	7.999999999999982	0.4999999999999989	-7.499999999999983	0.9999491947365755	0.0009653000050797722	-6.204340005748017
1	2	0.8005407251067012	2.199459274893305	0.3333333333333333	0.2668469083688998	1.249155687696855	0.9093144041491831	-0.3398412835476717	0.824381063525117	0.605920348110198	-0.2811321161492773
0	0	0.8005407251067009	2.199459274893304	0	0.2668469083688999	0	0	0	0	0	0
5	4	0.9882540553685037	1.213474543333166	0.5555555555555556	0.4488537124654075	5.059427758316238	3.296319664863194	-1.763108093453043	0.8359458789193102	0.3758717969953107	-1.458522943822514
4	0	0.9222270924078646	2.077772907592141	1	0.307409030802621	4.337326492497965	0	-4.337326492497965	1	0.008930309009489323	-3.588033103386122
0	0	0.8237291585439933	2.109308950207702	0	0.2808450241700315	0	0	0	0	0	0
6	0	1.000000000000002	2.000000000000003	1	0.3333333333333334	5.999999999999991	0	-5.999999999999991	0.9999999999999999	0.001371742112482921	-4.963472004598417
2	0	1.000000000000002	2.000000000000004	1	0.3333333333333333	1.999999999999996	0	-1.999999999999996	1	0.1111111111111109	-1.654490668199472
2	0	0.800540725106701	2.199459274893304	1	0.2668469083688999	2.49831137539371	0	-2.49831137539371	1	0.07120727250603998	-2.066716428422744
2	0	1.000000000000002	2.000000000000003	1	0.3333333333333334	1.999999999999997	0	-1.999999999999997	1	0.111111111111111	-1.654490668199472
2	0	1.000000000000002	2.000000000000003	1	0.3333333333333334	1.999999999999997	0	-1.999999999999997	1	0.111111111111111	-1.654490668199472
8	0	0.865549483179276	2.06748862557242	1	0.2951033880523478	9.242683584784729	0	-9.242683584784729	1	5.751664760211828e-05	-7.645966870073402
9	0	1.789495012348493	1.200408347639254	1	0.5985126597388841	5.029351821544672	0	-5.029351821544672	0.9999999999999994	0.009855078076748125	-4.160507827918845
2	2	0.9999247827702253	2.000075217229779	0.5	0.3333082609234079	2.000150445775664	0.9999623927994651	-1.000188052976199	0.8889111742182378	0.4073628342342697	-0.8274009000468613
5	0	0.8658281093992967	1.333631165494007	1	0.3936549856970178	5.774818287510846	0	-5.774818287510846	0.9999999999999997	0.009453198580319455	-4.777191483617184
3	14	0.8008398164153526	2.199160183584651	0.1764705882352941	0.2669466054717839	3.746067488787372	6.366066512344668	2.619999023557296	0.2959437403401407	0.8714274284962372	2.167381967583641
1	0	1.000000000000002	2.000000000000004	1	0.3333333333333333	0.9999999999999982	0	-0.9999999999999982	1	0.3333333333333333	-0.827245334099736
4	1	1.000000000000002	1.801066188762561	0.8	0.3570069154423571	3.999999999999993	0.5552266797518747	-3.444773320248118	0.9942005989384707	0.05802492689649796	-2.849672656206517
0	6	0.5379449683687247	2.46198093194295	0	0.1793194186272519	0	2.437061929340334	2.437061929340334	0.3055237279719109	0.6944762720280891	2.016048109958896
3	3	0.9997080743841655	1.999736845832544	0.5	0.3332976937319245	3.000876032583855	1.500197391597803	-1.500678640986052	0.8998980216316151	0.3195455148779306	-1.241429403738847
2	4	0.8298416498687666	2.103119209770256	0.3333333333333333	0.2829364896369262	2.410098360712897	1.901936885658973	-0.5081614750539238	0.775238648520154	0.5422291442124356	-0.4203742092075986
0	1	0.1761419100873009	2.823858089912704	0	0.05871397002910021	0	0.3541254440413165	0.3541254440413165	0.9412860299708998	0.05871397002910017	0.2929486212691767
4	0	0.8005407251067012	2.077042528183751	1	0.2781989797137236	4.996622750787419	0	-4.996622750787419	0.9999999999999998	0.005989935302553984	-4.133432856845488
1	11	0.8012722845618485	2.198727715438154	0.08333333333333333	0.2670907615206159	1.248015211891198	5.002893229009014	3.754878017117815	0.129070707285208	0.975978376642952	3.106205319774387
4	2	0.7998847225168988	2.200115277483107	0.6666666666666666	0.2666282408389658	5.000720588103861	0.909043276263217	-4.091677311840644	0.9937113793539033	0.04706082688200652	-3.384820964861929
2	0	1.000000000000002	2.000000000000004	1	0.3333333333333333	1.999999999999996	0	-1.999999999999996	1	0.1111111111111109	-1.654490668199472
4	0	0.800540725106701	2.199459274893304	1	0.2668469083688998	4.996622750787419	0	-4.996622750787419	1	0.005070475657749207	-4.133432856845488
1	4	0.8673806899042252	1.339497388923089	0.2	0.3930351650260318	1.152896313740185	2.986194697412488	1.833298383672303	0.3490991867222751	0.9176207842965111	1.516587533905503
4	2	0.923239488843539	2.076760511156466	0.6666666666666666	0.3077464962811792	4.332570311751341	0.9630383422912251	-3.369531969460116	0.9876852995539277	0.07679010157154542	-2.78742959983578
1	0	1.000195399906536	1.999804600093469	1	0.3333984666355115	0.9998046382671283	0	-0.9998046382671283	1	0.3333984666355114	-0.8270837220177577
0	0	0.8005407251067009	2.199459274893304	0	0.2668469083688999	0	0	0	0	0	0
2	0	1.000000000000002	1.93315234511159	1	0.3409301264786356	1.999999999999997	0	-1.999999999999997	1	0.1162333511407385	-1.654490668199472
5	6	0.824149014825398	2.10666576192095	0.4545454545454545	0.2812013305529765	6.066864013735776	2.848102488991389	-3.218761524744387	0.9411874032912146	0.1708524210268472	-2.662705452924551
4	1	0.8005407251067012	2.199459274893304	0.8	0.2668469083689	4.996622750787419	0.4546572020745918	-4.541965548712827	0.9986469592467695	0.01994021527582679	-3.75731980781444
2	0	0.8005407251067014	2.077042528183751	1	0.2781989797137236	2.498311375393709	0	-2.498311375393709	1	0.07739467231375685	-2.066716428422743
2	1	1.000000000000002	2.000000000000003	0.6666666666666666	0.3333333333333334	1.999999999999997	0.4999999999999992	-1.499999999999998	0.9629629629629628	0.2592592592592594	-1.240868001149604
3	0	1.800239662525298	1.19941967010347	1	0.6001480377932277	1.666444786463448	0	-1.666444786463448	0.9999999999999999	0.216159920267269	-1.378558674136721
0	0	0.1762708414560084	2.823729158543996	0	0.0587569471520027	0	0	0	0	0	0
0	0	0.8005407251067009	2.199459274893304	0	0.2668469083688999	0	0	0	0	0	0
4	1	1.000000000000002	2.000000000000003	0.8	0.3333333333333334	3.999999999999994	0.4999999999999992	-3.499999999999995	0.9958847736625515	0.04526748971193417	-2.895358669349076
0	0	1.800540725106703	1.199459274893302	0	0.6001802417022334	0	0	0	0	0	0
1	0	1.666606618673903	1.21095785215175	1	0.5791726425492414	0.6000216180562676	0	-0.6000216180562676	1	0.5791726425492414	-0.4963650838960222
3	0	1.000000000000002	1.933217638641448	1	0.3409225373617902	2.999999999999995	0	-2.999999999999995	1	0.03962480483890507	-2.481736002299208
6	0	0.8005407251067012	2.199459274893304	1	0.2668469083688999	7.494934126181128	0	-7.494934126181128	1	0.000361054741896516	-6.200149285268232
3	0	1.000000000000002	2.000000000000004	1	0.3333333333333333	2.999999999999995	0	-2.999999999999995	1	0.03703703703703698	-2.481736002299208
5	2	0.8654957962278284	1.336511096546145	0.7142857142857143	0.3930486317131923	5.777035569429649	1.496433516465718	-4.280602052963931	0.9828858407635355	0.08968439400855444	-3.541108075452169
1	0	0.800540725106701	2.077042528183751	1	0.2781989797137236	1.249155687696855	0	-1.249155687696855	1	0.2781989797137236	-1.033358214211372
1	0	0.8005407251067012	2.199459274893304	1	0.2668469083688999	1.249155687696855	0	-1.249155687696855	1	0.2668469083688999	-1.033358214211372
1	4	0.9992188795847036	2.000732092021744	0.2	0.3330784032945813	1.000781731041372	1.999268175859563	0.9984864448181912	0.461409011509696	0.8680607818127127	0.8259932526376836
3	4	0.8013196184486335	2.198680381551371	0.4285714285714285	0.2671065394828774	3.743824475192612	1.819273066500749	-1.924551408691864	0.9125694380544493	0.2798659735785889	-1.592076173075421
0	0	0.8237291585439933	1.375730116349311	0	0.3745143944908699	0	0	0	0	0	0
2	1	0.8005407251067008	2.199459274893303	0.6666666666666666	0.2668469083688999	2.498311375393711	0.4546572020745919	-2.043654173319119	0.9809985594783814	0.175618936474883	-1.690603379391697
2	0	0.8660555696305373	2.032747731531624	1	0.2987631376310791	2.309320637304149	0	-2.309320637304149	1	0.08925941240716706	-1.910374722150089
1	2	0.8255402318339089	2.074302386422755	0.3333333333333333	0.2846844951641582	1.211328002486971	0.9641795781998337	-0.2471484242871376	0.8030088735138703	0.6339900295691024	-0.2044523808216368
0	0	0	1.267847564993238	0	0	0	0	0	0	0	0
1	1	0.800638014307669	2.199361985692336	0.5	0.2668793381025559	1.249003897054181	0.4546773139234789	-0.7943265831307024	0.9287754188939417	0.4625340950990535	-0.6571029596462608
4	0	1.000000000000002	2.000000000000004	1	0.3333333333333333	3.999999999999993	0	-3.999999999999993	1	0.01234567901234551	-3.308981336398944
0	0	0.8005407251067009	2.199459274893304	0	0.2668469083688999	0	0	0	0	0	0
1	4	0.9997743719592428	2.000225628040762	0.2	0.3332581239864137	1.000225678960259	1.999774397410373	0.9995487184501144	0.4610539198451952	0.8682384596034518	0.8268720135432293
0	0	0.8237291585439933	2.109308950207702	0	0.2808450241700315	0	0	0	0	0	0
9	0	1.097151175291181	1.282195077903019	1	0.4611145493508096	8.203062807284898	0	-8.203062807284898	0.9999999999999994	0.0009424958137644879	-6.785945432653525
2	3	0.8006380296122247	2.19936197038778	0.4	0.2668793432040745	2.498007746357821	1.364031951262236	-1.133975795095585	0.877887239081337	0.4027571023556752	-0.9380761854748625
0	4	0.8254089680099006	2.073443666359944	0	0.2847364361415111	0	1.929157789476982	1.929157789476982	0.2617365713935892	0.7382634286064108	1.595886780086997
0	1	1.000000000000002	2.000000000000004	0	0.3333333333333333	0	0.4999999999999991	0.4999999999999991	0.6666666666666667	0.3333333333333333	0.413622667049868
0	8	0.8006435899365535	2.027596438390786	0	0.2830889818110895	0	3.945558321432665	3.945558321432665	0.06977856610533256	0.9302214338946675	3.263944711823564
0	0	0.8005407251067009	2.199459274893304	0	0.2668469083688999	0	0	0	0	0	0
0	6	0.8006086705680994	2.198524959848336	0	0.2669466483415523	0	2.729102516267955	2.729102516267955	0.1551720517482826	0.8448279482517174	2.257637322862519
1	0	0.8005407251067009	2.07704252818375	1	0.2781989797137236	1.249155687696855	0	-1.249155687696855	1	0.2781989797137236	-1.033358214211372
0	0	0.8005407251067009	2.000000000000003	0	0.2858521991592174	0	0	0	0	0	0
2	0	1.000000000000002	2.000000000000003	1	0.3333333333333334	1.999999999999997	0	-1.999999999999997	1	0.111111111111111	-1.654490668199472
0	0	0.8005407251067009	2.000000000000003	0	0.2858521991592174	0	0	0	0	0	0
0	0	0.8005407251067009	2.199459274893304	0	0.2668469083688999	0	0	0	0	0	0
3	0	1.000000000000002	2.000000000000004	1	0.3333333333333333	2.999999999999995	0	-2.999999999999995	1	0.03703703703703698	-2.481736002299208
4	2	0.9999346449703002	1.999585118605626	0.6666666666666666	0.3333649129813407	4.000261437205036	1.000207483737758	-3.000053953467277	0.9821595538009145	0.1001683669419676	-2.481780635053276
2	2	0.8006866254528482	2.199313374547157	0.5	0.2668955418176156	2.497856135499766	0.9093747271972118	-1.588481408302554	0.9391751929486236	0.2905272480777776	-1.314063833322468
0	0	0.8005407251067009	2.000000000000003	0	0.2858521991592174	0	0	0	0	0	0
3	6	1.000000000000002	2.000000000000004	0.3333333333333333	0.3333333333333333	2.999999999999995	2.999999999999995	0	0.6503073718437236	0.6228217243306403	0
3	0	1.000000000000002	1.999805170338132	1	0.3333549824795066	2.999999999999995	0	-2.999999999999995	1	0.03704425388779042	-2.481736002299208
2	0	1.000000000000002	2.000000000000003	1	0.3333333333333334	1.999999999999997	0	-1.999999999999997	1	0.111111111111111	-1.654490668199472
5	1	0.9408442902015952	2.058462419664154	0.8333333333333334	0.3136872554936898	5.314375664573197	0.4857994930814205	-4.828576171491776	0.9990472449770343	0.01345988567367562	-3.994417108211746
3	0	1.000000000000002	1.800694577133472	1	0.3570542850922028	2.999999999999995	0	-2.999999999999995	1	0.04552005189840747	-2.481736002299208
4	0	1.799809798884966	1.199363121531235	1	0.6001020436778292	2.222457063228634	0	-2.222457063228634	1	0.1296881882320849	-1.838517235792893
0	3	0.9997554513248357	2.00024454867517	0	0.3332518171082779	0	1.499816610917401	1.499816610917401	0.2964049978867018	0.7035950021132982	1.240716293386702
2	1	1.000000000000002	2.000000000000003	0.6666666666666666	0.3333333333333334	1.999999999999997	0.4999999999999992	-1.499999999999998	0.9629629629629628	0.2592592592592594	-1.240868001149604
1	1	1.000000000000002	1.804532529197043	0.5	0.3565656627581739	0.999999999999998	0.5541601405461872	-0.4458398594538108	0.8728609281418241	0.5859922536581721	-0.3688189434888477
8	1	0.9999513584163907	1.999861616703629	0.8888888888888888	0.3333379002990624	8.000389151597824	0.5000345982180004	-7.500354553379823	0.9999491884715312	0.0009654002447322396	-6.204633308377179
2	0	1.000000000000002	1.999705401687953	1	0.333366069693809	1.999999999999996	0	-1.999999999999996	1	0.1111329364230975	-1.654490668199472
0	0	1.000000000000002	2.000000000000003	0	0.3333333333333334	0	0	0	0	0	0
4	0	1.799658605316125	1.199535068630676	1	0.6000474797440664	2.222643777094249	0	-2.222643777094249	1	0.1296410273684745	-1.838671693967034
4	0	0.8656734501175346	2.067364658634161	1	0.295145653762394	4.620680002900528	0	-4.620680002900528	0.9999999999999999	0.007588318818102069	-3.822435972767423
2	0	0.8005407251067009	2.199459274893303	1	0.2668469083688999	2.49831137539371	0	-2.49831137539371	1	0.07120727250603998	-2.066716428422744
0	6	0.8007837552134675	2.199068094887207	0	0.2669411008368942	0	2.728428471110054	2.728428471110054	0.1551790976253452	0.8448209023746549	2.257079722150672
0	4	0.8005407251067012	2.199459274893305	0	0.2668469083688998	0	1.818628808298367	1.818628808298367	0.2889207151319161	0.7110792848680838	1.50445219612419
2	0	0.8237807838795743	2.109257324872122	1	0.2808626254877323	2.427830363535614	0	-2.427830363535614	1	0.07888381439586212	-2.008411340220506
1	6	0.800690666174163	2.19918567732859	0.1428571428571428	0.266907890356324	1.248921764978442	2.728282591985758	1.479360827007316	0.4037999961352736	0.8862085016114006	1.223794341591731
0	0	0.8005407251067009	2.199459274893304	0	0.2668469083688999	0	0	0	0	0	0
1	0	0.8005407251067012	2.199459274893304	1	0.2668469083689	1.249155687696855	0	-1.249155687696855	1	0.2668469083689	-1.033358214211372
0	0	0	1.267847564993238	0	0	0	0	0	0	0	0
3	7	0.999659329423178	2.000340670576826	0.3	0.3332197764743922	3.001022360018443	3.499403928022646	0.4983815680042034	0.5595744965810718	0.7005926923295102	0.4122838267327883
1	0	1.000000000000002	1.933168623847771	1	0.3409282343570781	0.9999999999999982	0	-0.9999999999999982	1	0.3409282343570781	-0.827245334099736
0	1	0.9999623506452505	2.000037649354755	0	0.3333207835484163	0	0.4999905878384922	0.4999905878384922	0.6666792164515838	0.3333207835484162	0.4136148808831776
3	0	1.000000000000002	2.000000000000004	1	0.3333333333333333	2.999999999999995	0	-2.999999999999995	1	0.03703703703703698	-2.481736002299208
0	0	0.8237291585439933	1.375730116349311	0	0.3745143944908699	0	0	0	0	0	0
7	3	0.8005407251067009	2.199459274893303	0.7	0.2668469083688999	8.744089813877986	1.363971606223776	-7.380118207654211	0.9993260013693667	0.005230174562942169	-6.105168352386463
3	0	1.000000000000002	1.933185278200086	1	0.3409262985983753	2.999999999999996	0	-2.999999999999996	1	0.03962611633838276	-2.481736002299209
1	3	0.999827812569318	2.00007333500891	0.25	0.333286919596155	1.000172217084299	1.499945000760002	0.4997727836757029	0.592675105902732	0.8024141211838829	0.4134347034057627
3	1	0.8006778513338204	2.199322148666183	0.75	0.2668926171112732	3.746825261873309	0.4546855496392229	-3.292139712234086	0.9949260493217152	0.06082297428073424	-2.7234072161501
1	0	1.000000000000002	1.999412650380057	1	0.3333986071817396	0.9999999999999984	0	-0.9999999999999984	1	0.3333986071817396	-0.8272453340997362
1	9	1.000000000000002	2.000000000000003	0.1	0.3333333333333334	0.9999999999999984	4.499999999999993	3.499999999999995	0.1040491794949956	0.9826584700841674	2.895358669349076
0	0	0.8005407251067009	2.07704252818375	0	0.2781989797137236	0	0	0	0	0	0
0	11	0.2156396974264158	2.776105689906664	0	0.07207822508540498	0	3.962385164222561	3.962385164222561	0.4391622763364257	0.5608377236635743	3.277864639009135
4	0	0.9409434785061442	2.058562136829529	1	0.3136995222463831	4.251052365388046	0	-4.251052365388046	0.9999999999999999	0.009684014457313483	-3.516663234280913
2	14	0.9152567786301021	1.990402581913221	0.125	0.3149910794976876	2.185179117704512	7.033752933812453	4.848573816107941	0.07928129812649548	0.9803569579187927	4.010960066413453
5	1	1.000000000000002	1.999951376452898	0.8333333333333334	0.3333387360372446	4.999999999999991	0.5000121561823139	-4.499987843817677	0.9986281244820152	0.01783398150108106	-3.722593947303711
0	8	0.801418768054371	2.194749362579284	0	0.2674812404085214	0	3.645063138598363	3.645063138598363	0.08289913721448285	0.9171008627855172	3.01536147390444
1	6	0.8007845141224132	2.199215485877589	0.1428571428571428	0.2669281713741375	1.248775397581094	2.728245612369232	1.479470214788137	0.4037518590668691	0.8862305361019283	1.223884832123023
4	0	0.800540725106701	2.199459274893304	1	0.2668469083688998	4.996622750787419	0	-4.996622750787419	1	0.005070475657749207	-4.133432856845488
1	0	0.8005407251067012	2.199459274893304	1	0.2668469083688999	1.249155687696855	0	-1.249155687696855	1	0.2668469083688999	-1.033358214211372
1	0	0.8005407251067012	2.199459274893305	1	0.2668469083688998	1.249155687696855	0	-1.249155687696855	1	0.2668469083688998	-1.033358214211372
1	0	0.8005407251067012	2.199459274893304	1	0.2668469083688999	1.249155687696855	0	-1.249155687696855	1	0.2668469083688999	-1.033358214211372
1	3	0.8987140777781206	2.000138607608967	0.25	0.310024059624856	1.112700940962544	1.499896051497301	0.3871951105347569	0.6339797580231988	0.7733604035596584	0.3203053485761097
10	0	1.644866084920628	1.191486644941701	1	0.5799229650116423	6.079522273378593	0	-6.079522273378593	1.000000000000001	0.004302323591629853	-5.029256434207869
0	0	0.8005407251067009	2.199459274893304	0	0.2668469083688999	0	0	0	0	0	0
0	0	0	1.267847564993238	0	0	0	0	0	0	0	0
3	0	1.666702615445291	1.210799438501663	1	0.579218566728438	1.799961176156488	0	-1.799961176156488	1	0.1943244395752135	-1.48900948453613
2	0	1.000000000000002	2.000000000000004	1	0.3333333333333333	1.999999999999996	0	-1.999999999999996	1	0.1111111111111109	-1.654490668199472
6	3	0.8007231110560247	2.196342033698176	0.6666666666666666	0.2671690712020525	7.493226955928582	1.365907474323857	-6.127319481604725	0.9979433426409795	0.0140795159961723	-5.068796451695931
3	9	1.579727935701071	1.22136785340545	0.25	0.5639678378171297	1.899061181486686	7.36878735993089	5.469726178444203	0.02847799696161642	0.9940049074312354	4.524805459921155
4	9	0.8051400239592421	2.177348761646237	0.3076923076923077	0.2699557590443008	4.968079937611559	4.133467342730768	-0.8346125948807908	0.7412462801765227	0.4824295423661241	-0.6904293748960085
0	5	0.8066203405701136	2.142660112335014	0	0.2734973338244482	0	2.333547897408298	2.333547897408298	0.2023886074532247	0.7976113925467754	1.930416610029267
3	13	0.8677191656426346	2.056297829389493	0.1875	0.2967558557685813	3.457339792394921	6.322041396046043	2.864701603651122	0.2547841671403832	0.8957952247310212	2.369811035208426
2	0	0.800540725106701	2.000000000000004	1	0.2858521991592174	2.49831137539371	0	-2.49831137539371	1	0.08171147976416093	-2.066716428422744
1	1	1.000000000000002	1.99931508073973	0.5	0.3334094528519385	0.9999999999999982	0.500171288474455	-0.4998287115255432	0.8888381367489711	0.555657042452848	-0.4134809694585893
1	0	1.000000000000002	2.000000000000003	1	0.3333333333333334	0.9999999999999984	0	-0.9999999999999984	1	0.3333333333333334	-0.8272453340997362
6	0	1.665063720090918	1.209397763253776	1	0.5792610997707532	3.60346569780067	0	-3.60346569780067	0.9999999999999998	0.0377786284475784	-2.980950185094058
6	0	0.800540725106701	2.199459274893304	1	0.2668469083688998	7.494934126181129	0	-7.494934126181129	1	0.000361054741896405	-6.200149285268232
6	1	0.9992677135290727	2.000732286470932	0.8571428571428571	0.3330892378430236	6.004396938644247	0.4998169953881675	-5.504579943256079	0.9995450913387818	0.00683063063741518	-4.553638074237589
2	0	1.000000000000002	2.000000000000003	1	0.3333333333333334	1.999999999999997	0	-1.999999999999997	1	0.111111111111111	-1.654490668199472
0	2	0.001336983796823947	2.998663016203181	0	0.0004456612656079817	0	0.6669639066454159	0.6669639066454159	0.9991088760827477	0.0008911239172523233	0.5517427797853532
2	0	1.000000000000002	2.000000000000004	1	0.3333333333333333	1.999999999999996	0	-1.999999999999996	1	0.1111111111111109	-1.654490668199472
1	0	0.800540725106701	2.199459274893304	1	0.2668469083688998	1.249155687696855	0	-1.249155687696855	1	0.2668469083688998	-1.033358214211372
1	5	0.8007439854337272	2.198910254656354	0.1666666666666667	0.2669454281536396	1.248838602838015	2.273853600624279	1.025014997786263	0.4942169830594978	0.8448263985158129	0.8479388743009389
3	2	0.824867037630327	2.108171071121371	0.6	0.2812329765402846	3.636949790863727	0.9486896141384614	-2.688260176725266	0.975759347149181	0.13915520206403	-2.223850688042112
2	4	0.8237814422468558	1.457916282721151	0.3333333333333333	0.3610388147529081	2.42782842321019	2.743641762841236	0.3158133396310463	0.6246782904204193	0.7012311620934	0.2612551116562388
1	0	0.800540725106701	2.199459274893304	1	0.2668469083688999	1.249155687696855	0	-1.249155687696855	1	0.2668469083688999	-1.033358214211372
1	0	0.8005407251067009	2.199459274893304	1	0.2668469083688999	1.249155687696855	0	-1.249155687696855	1	0.2668469083688999	-1.033358214211372
0	0	0.8237291585439933	2.075074142618167	0	0.2841617981508961	0	0	0	0	0	0
5	0	1.66712871921016	1.21079126389048	1	0.5792825127174013	2.999168535929766	0	-2.999168535929766	1	0.06523070787324681	-2.48104817752664
2	0	0.800540725106701	2.000000000000004	1	0.2858521991592174	2.49831137539371	0	-2.49831137539371	1	0.08171147976416093	-2.066716428422744
0	1	0.9229950391330937	2.077004960866911	0	0.307665013044364	0	0.4814624995323144	0.4814624995323144	0.692334986955636	0.307665013044364	0.3982876062821041
0	0	0	1.267847564993238	0	0	0	0	0	0	0	0
4	0	1.000000000000002	1.99731696084544	1	0.3336317156520996	3.999999999999994	0	-3.999999999999994	1	0.01238994319041176	-3.308981336398945
5	2	0.9998496490434768	2.000150350956528	0.7142857142857143	0.333283216347825	5.000751867826663	0.9999248301726635	-4.000827037654	0.9931470622810428	0.04523862223987019	-3.309665499439346
4	4	0.8011251292310134	2.198874870768992	0.5	0.2670417097436706	4.992977818383419	1.819112152844385	-3.173865665539034	0.9640065562569987	0.1387315332001406	-2.625565562876524
5	0	0.8005407251067009	2.199459274893304	1	0.2668469083688999	6.245778438484275	0	-6.245778438484275	0.9999999999999998	0.001353040753230395	-5.166791071056861
11	0	1.000000000000002	2.000000000000003	1	0.3333333333333334	10.99999999999998	0	-10.99999999999998	0.9999999999999998	5.645029269696344e-06	-9.099698675097097
6	5	1.000000000000002	1.999869201969866	0.5454545454545454	0.3333478670814549	5.999999999999989	2.500163508230945	-3.499836491769045	0.9613619669397541	0.1221068819430794	-2.895223407927936
10	0	1.000000000000002	2.000000000000003	1	0.3333333333333334	9.999999999999984	0	-9.999999999999984	1	1.693508780831188e-05	-8.272453340997361
1	3	0.8006869013132033	2.199117995491872	0.25	0.2669129922969224	1.248927637457169	1.364183279910361	0.1152556424531921	0.709442714303083	0.7111834401101295	0.09534469244807077
4	2	0.8530525010531769	2.063113650120933	0.6666666666666666	0.2925253421207567	4.689043165645266	0.9694085441598268	-3.719634621485439	0.9902809908759029	0.06469423449954603	-3.077050385179672
1	0	0.800540725106701	2.199459274893304	1	0.2668469083688999	1.249155687696855	0	-1.249155687696855	1	0.2668469083688999	-1.033358214211372
0	0	0.8237291585439933	1.375730116349311	0	0.3745143944908699	0	0	0	0	0	0
1	3	0.923728505116543	2.076271494883462	0.25	0.3079095017055138	1.082569168820696	1.444897744535276	0.3623285757145798	0.6377235291675324	0.770569290883935	0.2997346236708895
3	5	0.8011664410595351	2.19864631796891	0.375	0.2670721493027486	3.744540268102753	2.274126565576475	-1.470413702526278	0.8612216190306575	0.3643996074741923	-1.216392874611183
6	2	1.798812008069952	1.200679700983622	0.75	0.5997056110008483	3.335534771328185	1.665723171934662	-1.669811599393523	0.8939316447939002	0.3147795334567041	-1.381343854423912
2	1	0.800540725106701	2.000146017473744	0.6666666666666666	0.2858372958801932	2.49831137539371	0.4999634982965073	-1.998347877097202	0.9766462469293414	0.1984013730069858	-1.653123957236776
1	1	1.000000000000002	2.000000000000003	0.5	0.3333333333333334	0.9999999999999984	0.4999999999999992	-0.4999999999999992	0.888888888888889	0.5555555555555556	-0.4136226670498681
4	6	0.8361311866067729	1.367412354887532	0.4	0.3794484523957994	4.78393829111074	4.387849779588611	-0.3960885115221293	0.6836396534346915	0.564958338621307	-0.3276623730471916
3	7	1.000000000000001	1.883144663286132	0.3	0.3468435048487047	2.999999999999997	3.717186542527664	0.7171865425276671	0.5224090995392587	0.7315142825515202	0.5932892209851356
2	2	1.000000000000002	1.813162583058572	0.5	0.355471811697696	1.999999999999997	1.103045043333211	-0.8969549566667858	0.8682307376352982	0.4467220215518686	-0.7420018028002308
3	1	0.9999140554537269	1.933270968403076	0.75	0.3408970274022995	3.000257855800119	0.5172580648774868	-2.482999790922632	0.9864950538467238	0.1179488038451383	-2.054049991611371
0	1	0.8987666869626249	2.000036614199536	0	0.3100474898046031	0	0.4999908466176878	0.4999908466176878	0.6899525101953969	0.3100474898046031	0.4136150949570598
4	2	0.9162956665636333	2.083704333436372	0.6666666666666666	0.3054318888545439	4.365403161843083	0.9598290735911033	-3.40557408825198	0.9881107267977544	0.07486576315746341	-2.817245274437417
1	2	0.9989942695754739	2.000957118765436	0.3333333333333333	0.333003485809134	1.001006742936527	0.9995216695268179	-0.001485073409709159	0.7411804285685096	0.7032636893701056	-0.001228520048977489
3	0	1.000000000000001	2.000000000000003	1	0.3333333333333333	2.999999999999996	0	-2.999999999999996	1	0.03703703703703698	-2.481736002299209
3	0	1.000000000000002	2.000000000000004	1	0.3333333333333333	2.999999999999994	0	-2.999999999999994	1	0.03703703703703698	-2.481736002299208
2	0	1.000000000000002	2.000000000000004	1	0.3333333333333333	1.999999999999996	0	-1.999999999999996	1	0.1111111111111109	-1.654490668199472
0	2	0.8237657948510716	2.074866935104436	0	0.2841911589343421	0	0.9639172354439839	0.9639172354439839	0.5123822969477603	0.4876177030522397	0.7973960354793538
3	3	0.8998526436659171	1.999521732397088	0.5	0.3103609699716691	3.333879186905842	1.500358786500164	-1.833520400405678	0.920999210729621	0.2751094592172491	-1.516771196212279
1	0	0.800540725106701	2.199459274893304	1	0.2668469083688998	1.249155687696855	0	-1.249155687696855	1	0.2668469083688998	-1.033358214211372
0	0	0.8237291585439933	1.375730116349311	0	0.3745143944908699	0	0	0	0	0	0
3	0	0.823905345465699	1.375553929427605	1	0.3745944991437347	3.64119497040561	0	-3.64119497040561	1	0.05256348924439835	-3.012161549815473
2	5	1.000000000000001	2.000000000000002	0.2857142857142857	0.3333333333333333	1.999999999999998	2.499999999999997	0.4999999999999996	0.5706447187928672	0.736625514403292	0.4136226670498684
5	1	1.000000000000002	2.000000000000004	0.8333333333333334	0.3333333333333333	4.999999999999991	0.4999999999999991	-4.499999999999992	0.9986282578875173	0.01783264746227697	-3.722604003448812
1	7	0.9234172215943725	2.076582778405631	0.125	0.3078057405314571	1.082934102391333	3.370922687404012	2.287988585012679	0.2401849460742676	0.9472983823190545	1.892727881425199
4	0	1.000000000000002	2.000000000000003	1	0.3333333333333334	3.999999999999994	0	-3.999999999999994	1	0.01234567901234573	-3.308981336398945
4	1	0.800540725106701	2.199459274893303	0.8	0.2668469083689	4.996622750787419	0.4546572020745919	-4.541965548712827	0.9986469592467695	0.01994021527582679	-3.75731980781444
5	4	0.9219032891867796	2.078096710813226	0.5555555555555556	0.3073010963955926	5.423562383002833	1.924838232593454	-3.498724150409379	0.9714970056894708	0.1080033542256977	-2.894303228728227
5	0	1.000000000000002	1.93339730233718	1	0.3409016566570279	4.999999999999991	0	-4.999999999999991	0.9999999999999999	0.004604108596549028	-4.13622667049868
6	2	0.9996579463387748	2.000195856966989	0.75	0.3332355547584275	6.0020530242118	0.9999020811055543	-5.002150943106246	0.9974139349352769	0.01963161012176928	-4.138006028147243
2	0	0.8989068965226922	2.000143966306291	1	0.310069377549834	2.224924525261456	0	-2.224924525261456	1	0.09614301889414145	-1.840558432246613
2	6	0.9993152089338287	2.000684791066176	0.25	0.3331050696446091	2.001370520652642	2.998973164984459	0.9976026443318173	0.4687825127514013	0.8045334595114587	0.8252621328090558
5	0	0.9006786488372773	1.998369745944856	1	0.3106807911376603	5.551369521698669	0	-5.551369521698669	1	0.002894489723476168	-4.592344534688715
1	8	0.4878180824822745	2.512181917517729	0.1111111111111111	0.1626060274940913	2.049944509870309	3.184482757484676	1.134538247614368	0.5563224871076472	0.7975263672616307	0.9385414716966783
2	1	0.9409170097251859	2.058563525353821	0.6666666666666666	0.3136933208004305	2.125585975519925	0.4857756331945706	-1.639810342325354	0.9691314794588185	0.2334734574620417	-1.356525454497143
3	18	0.8005917951958792	2.1992355954156	0.1428571428571428	0.2668792870221403	3.747228010581842	8.184661996887357	4.437433986305514	0.1483994103030208	0.9462145159032659	3.670846560546835
5	1	0.9219066873731072	2.078093312626898	0.8333333333333334	0.3073022291243686	5.4235423915267	0.4812103450426438	-4.942332046484056	0.9991578406718693	0.01223215589887749	-4.088521125025542
3	0	1.000000000000001	2.000000000000003	1	0.3333333333333333	2.999999999999996	0	-2.999999999999996	1	0.03703703703703698	-2.481736002299209
3	0	0.8005407251067013	2.199459274893304	1	0.2668469083689	3.747467063090564	0	-3.747467063090564	0.9999999999999998	0.01900144052161878	-3.100074642634115
4	0	0.8990515200490687	2.000344949388809	1	0.310082297997477	4.449133237416346	0	-4.449133237416346	0.9999999999999999	0.00924502086455159	-3.680524711440732
0	1	0.2874461899059001	2.712553810094104	0	0.09581539663529992	0	0.3686562811320997	0.3686562811320997	0.9041846033647001	0.09581539663529992	0.3049691884530906
1	0	0.800540725106701	2.199459274893304	1	0.2668469083688999	1.249155687696855	0	-1.249155687696855	1	0.2668469083688999	-1.033358214211372
1	0	0.9229574718162545	2.077042528183751	1	0.3076524906054176	1.083473540803713	0	-1.083473540803713	1	0.3076524906054177	-0.8962984312503928
3	0	0.8005407251067009	2.000000000000003	1	0.2858521991592174	3.747467063090565	0	-3.747467063090565	1	0.02335740618713933	-3.100074642634116
0	0	0	1.267847564993238	0	0	0	0	0	0	0	0
0	0	1.000000000000002	2.000000000000003	0	0.3333333333333334	0	0	0	0	0	0
0	2	0.1766721549062745	2.82332784509373	0	0.0588907183020914	0	0.7083839035822646	0.7083839035822646	0.8856866800979536	0.1143133199020464	0.5860072789897867
1	0	1.000000000000002	2.000000000000004	1	0.3333333333333333	0.9999999999999982	0	-0.9999999999999982	1	0.3333333333333333	-0.827245334099736
0	0	0.8237291585439933	2.075074142618167	0	0.2841617981508961	0	0	0	0	0	0
6	0	1.000000000000002	2.000000000000004	1	0.3333333333333333	5.999999999999988	0	-5.999999999999988	1	0.001371742112482699	-4.963472004598415
6	0	1.000000000000002	1.933561773294846	1	0.3408825439107238	5.999999999999988	0	-5.999999999999988	0.9999999999999999	0.001569020339033389	-4.963472004598415
1	0	0.800540725106701	2.199459274893304	1	0.2668469083688998	1.249155687696855	0	-1.249155687696855	1	0.2668469083688998	-1.033358214211372
0	4	0.1766667019258304	2.823284663255094	0	0.05888985534109677	0	1.416789476477451	1.416789476477451	0.7844437725153454	0.2155562274846546	1.172032483817581
0	0	1.000000000000002	2.000000000000003	0	0.3333333333333334	0	0	0	0	0	0
1	1	1.666301887006193	1.21112277167372	0.5	0.5790948798536565	0.6001313494259298	0.8256801237566052	0.2255487743306753	0.6646491201272793	0.8228388798345921	0.1865841711769658
2	0	0.9229574718162546	2.077042528183751	1	0.3076524906054177	2.166947081607425	0	-2.166947081607425	1	0.09465005497571655	-1.792596862500785
2	3	0.800540725106701	2.199459274893304	0.4	0.2668469083688999	2.49831137539371	1.363971606223775	-1.134339769169934	0.8779244851306748	0.4026888864813505	-0.9383772813296013
2	1	0.800540725106701	2.199459274893304	0.6666666666666666	0.2668469083688999	2.49831137539371	0.4546572020745918	-2.043654173319118	0.9809985594783814	0.175618936474883	-1.690603379391696
0	2	0.9996702455714094	2.000255616100718	0	0.3332316502695848	0	0.9998722082824513	0.9998722082824513	0.4445800322022211	0.5554199677977789	0.8271396189976586
4	0	1.000000000000002	1.999721854832975	1	0.3333642412175183	3.999999999999994	0	-3.999999999999994	0.9999999999999999	0.01235025859505523	-3.308981336398945
5	0	0.800540725106701	2.199459274893304	1	0.2668469083688999	6.245778438484274	0	-6.245778438484274	0.9999999999999998	0.001353040753230395	-5.16679107105686
0	0	1.800540725106703	1.199459274893302	0	0.6001802417022334	0	0	0	0	0	0
0	0	0.9229574718162545	2.07704252818375	0	0.3076524906054177	0	0	0	0	0	0
2	0	1.000000000000002	2.000000000000004	1	0.3333333333333333	1.999999999999996	0	-1.999999999999996	1	0.1111111111111109	-1.654490668199472
1	0	1.000000000000002	2.000000000000003	1	0.3333333333333334	0.9999999999999984	0	-0.9999999999999984	1	0.3333333333333334	-0.8272453340997362
3	0	0.9443609968292574	2.055366595113129	1	0.3148155850437619	3.176751274218927	0	-3.176751274218927	1	0.03120101141001796	-2.627952669193003
2	0	1.000000000000002	2.000000000000003	1	0.3333333333333334	1.999999999999997	0	-1.999999999999997	1	0.111111111111111	-1.654490668199472
2	0	0.8005407251067009	2.000000000000003	1	0.2858521991592174	2.49831137539371	0	-2.49831137539371	1	0.08171147976416093	-2.066716428422744
2	0	0.800540725106701	2.199459274893304	1	0.2668469083688999	2.49831137539371	0	-2.49831137539371	1	0.07120727250603998	-2.066716428422744
2	1	0.8239068829145799	2.074896418247582	0.6666666666666666	0.2842231077163003	2.42745878384336	0.481951769353663	-1.945507014489697	0.9770396686509477	0.1964276621816294	-1.609411600194912
0	2	0.1767247661307411	2.823129328537382	0	0.05891112052577756	0	0.7084337156584207	0.7084337156584207	0.8856482790700476	0.1143517209299524	0.5860484857973687
1	10	1.122634850961204	1.086176763672384	0.09090909090909091	0.5082528738637738	0.8907615856961831	9.206604610275228	8.315843024579046	0.005029241314317424	0.9995934067771433	6.879242341188863
1	4	0.8012007721465698	2.198799227853435	0.2	0.2670669240488562	1.248126605421022	1.819174733795489	0.5710481283744673	0.5968483988257938	0.7884945291982307	0.4723968997441659
8	0	1.000000000000002	1.999280426083183	1	0.333413305172641	7.999999999999988	0	-7.999999999999988	1	0.0001527085713427523	-6.61796267279789
1	1	0.823760168722353	2.075068186973755	0.5	0.2841700396312495	1.213945560818987	0.4819118746446512	-0.7320336861743356	0.919247388575974	0.4875874678384732	-0.6055714512915507
2	1	0.8005893034590672	2.199410696540938	0.6666666666666666	0.266863101153022	2.498159782248773	0.4546672440816635	-2.043492538167109	0.9809951001364955	0.1756379445440154	-1.690469667466371
1	0	1.000000000000002	1.800686803011794	1	0.357055276200332	0.9999999999999984	0	-0.9999999999999984	1	0.3570552762003321	-0.8272453340997362
0	3	0.1786875122575859	2.821312487742419	0	0.05956250408586185	0	1.063334888649844	1.063334888649844	0.8317442540084785	0.1682557459915215	0.8796388252210474
0	2	0.0004735272466628024	2.999526472753342	0	0.0001578424155542672	0	0.6667719115558093	0.6667719115558093	0.9996843400831196	0.0003156599168804286	0.5515839527433061
3	2	0.8988960479895872	2.000303994161453	0.6	0.3100496809191055	3.337427065910019	0.9998480260188748	-2.337579039891144	0.965255181614304	0.176627538463989	-1.933751353839293
0	0	1.000000000000002	1.800540725106703	0	0.3570739004203912	0	0	0	0	0	0
2	0	0.800540725106701	2.199459274893304	1	0.2668469083688998	2.49831137539371	0	-2.49831137539371	1	0.07120727250603998	-2.066716428422744
0	2	1.000000000000002	1.99995135475848	0	0.3333387384478136	0	1.000024323212364	1.000024323212364	0.4444372376543527	0.5555627623456473	0.8272654553636761
2	2	1.000000000000002	2.000000000000003	0.5	0.3333333333333334	1.999999999999997	0.9999999999999984	-0.9999999999999984	0.8888888888888888	0.4074074074074074	-0.8272453340997362
1	0	0.9222282155042835	2.077771784495722	1	0.307409405168094	1.08433030261733	0	-1.08433030261733	1	0.307409405168094	-0.8970071834631427
3	3	0.9989246665767295	2.000229273232479	0.5	0.3330688209489761	3.0032294730301	1.499828064785712	-1.503401408244388	0.9001238652928257	0.3190935224013761	-1.243681800249145
1	3	0.8239220092825598	2.074881291879601	0.25	0.2842283258585502	1.213707109087621	1.44586584868301	0.2321587395953886	0.6793993125667352	0.7375189040487671	0.1920522341007612
3	0	0.800540725106701	2.077042528183751	1	0.2781989797137236	3.747467063090565	0	-3.747467063090565	0.9999999999999998	0.02153111887296533	-3.100074642634116
2	4	0.8370387032136044	2.10652987314599	0.3333333333333333	0.2843618830340949	2.38937577476584	1.898857476930158	-0.4905182978356826	0.7727092018616617	0.5454231815292204	-0.4057789731751137
1	0	1.000000000000002	1.998781847284705	1	0.3334687386164709	0.9999999999999984	0	-0.9999999999999984	1	0.333468738616471	-0.8272453340997362
2	6	0.8482104521467856	2.093798311207808	0.25	0.2883099679076492	2.357905393570761	2.865605520781464	0.5077001272107022	0.581541312073352	0.7208871394354748	0.4199925613568966
1	0	0.800540725106701	2.077042528183751	1	0.2781989797137235	1.249155687696855	0	-1.249155687696855	1	0.2781989797137235	-1.033358214211372
2	0	0.9216808235590374	2.078319176440968	1	0.3072269411863453	2.169948586189601	0	-2.169948586189601	1	0.09438839339071814	-1.795079843161669
5	0	1.000000000000002	2.000000000000004	1	0.3333333333333333	4.999999999999991	0	-4.999999999999991	1	0.004115226337448097	-4.13622667049868
1	0	1.000000000000002	2.000000000000003	1	0.3333333333333334	0.9999999999999984	0	-0.9999999999999984	1	0.3333333333333334	-0.8272453340997362
2	0	0.8005407251067012	2.199459274893304	1	0.2668469083689	2.49831137539371	0	-2.49831137539371	0.9999999999999999	0.0712072725060402	-2.066716428422744
1	0	1.000000000000002	1.933152579878196	1	0.3409300991909285	0.9999999999999984	0	-0.9999999999999984	1	0.3409300991909285	-0.8272453340997362
2	0	0.8005407251067012	2.199459274893304	1	0.2668469083688999	2.49831137539371	0	-2.49831137539371	1	0.07120727250603998	-2.066716428422744
4	0	0.9229574718162546	2.07704252818375	1	0.3076524906054177	4.33389416321485	0	-4.33389416321485	1	0.008958632906905795	-3.58519372500157
2	2	1.000000000000002	2.000000000000004	0.5	0.3333333333333333	1.999999999999996	0.999999999999998	-0.999999999999998	0.8888888888888891	0.4074074074074072	-0.8272453340997358
1	1	0.800589332242696	2.199410667757309	0.5	0.2668631107475649	1.249079846216154	0.4546672500318816	-0.7944125961842723	0.9287840801221328	0.4625103016172628	-0.6571741135434982
1	2	0.8005893347074856	2.199215634117881	0.3333333333333333	0.2668804615724642	1.249079842370588	0.909415142823051	-0.339664699547537	0.8243416759311013	0.6059744515292461	-0.2809860378590892
1	1	0.8243014324499832	2.074501868712177	0.5	0.2843592154457366	1.213148443801446	0.4820434317664831	-0.731105012034963	0.9191398365910852	0.4878582674825583	-0.6048032099428555
2	0	1.000000000000002	2.000000000000003	1	0.3333333333333334	1.999999999999997	0	-1.999999999999997	1	0.111111111111111	-1.654490668199472
5	0	0.800540725106701	2.199459274893304	1	0.2668469083688999	6.245778438484274	0	-6.245778438484274	0.9999999999999998	0.001353040753230395	-5.16679107105686
1	0	0.8237912195782978	1.375668055315006	1	0.3745426109870845	1.213899804020616	0	-1.213899804020616	1	0.3745426109870845	-1.00419294894064
2	0	0.8005407251067012	2.199459274893304	1	0.2668469083689	2.49831137539371	0	-2.49831137539371	0.9999999999999999	0.0712072725060402	-2.066716428422744
3	1	0.9987882770091516	2.001211722990853	0.75	0.3329294256697167	3.003639579134259	0.4996972526752337	-2.503942326459025	0.9877140504869403	0.1107524083595068	-2.07137460641807
2	0	0.800540725106701	2.199459274893304	1	0.2668469083688999	2.49831137539371	0	-2.49831137539371	1	0.07120727250603998	-2.066716428422744
4	1	0.9406195086204815	2.058169217735752	0.8	0.3136664815208269	4.25251652059229	0.4858686989304636	-3.766647821661826	0.9969637287886606	0.03625459108778406	-3.115941835666686
3	2	0.919769476485112	2.080230523514893	0.6	0.3065898254950368	3.261686842951632	0.9614319073737411	-2.300254935577891	0.9666580112980289	0.171907016867879	-1.902875162696702
1	1	0.9993972573845483	2.000602742615456	0.5	0.3331324191281823	1.00060310613322	0.4998493597447866	-0.5007537463884333	0.8890227913258051	0.5552876295821696	-0.4142462002327947
6	0	0.8005407251067009	2.000000000000003	1	0.2858521991592174	7.49493412618113	0	-7.49493412618113	1	0.0005455684237910541	-6.200149285268233
0	0	1.000000000000002	2.000000000000003	0	0.3333333333333334	0	0	0	0	0	0
5	5	0.9999513619648996	2.000048638035106	0.5	0.3333171206549659	5.000243202004369	2.499939203934618	-2.500303998069751	0.9234530723848218	0.2130948701242101	-2.06836481623412
2	0	0.800540725106701	2.077042528183751	1	0.2781989797137236	2.49831137539371	0	-2.49831137539371	1	0.07739467231375685	-2.066716428422744
2	0	1.000000000000002	2.000000000000004	1	0.3333333333333333	1.999999999999996	0	-1.999999999999996	1	0.1111111111111109	-1.654490668199472
2	0	0.8989227574018559	1.9995638408073	1	0.3101352126165633	2.224885267985174	0	-2.224885267985174	0.9999999999999999	0.09618385010472097	-1.840525956847979
0	1	0.8005407251067009	2.0002437168395	0	0.2858273250584124	0	0.4999390782139577	0.4999390782139577	0.7141726749415875	0.2858273250584125	0.4135722697866202
6	3	0.9997369214759424	2.000263078524063	0.6666666666666666	0.3332456404919802	6.00157888651548	1.499802717057406	-4.501776169458074	0.9917322059035139	0.04236852896709797	-3.72407333134558
3	1	0.8660535833089956	2.032998344378353	0.75	0.2987368301470439	3.463988900707132	0.4918843159735963	-2.972104584733535	0.9920355631372253	0.08274820206151601	-2.458659650177255
3	1	0.818035558442809	1.584791913408039	0.75	0.3404470641467626	3.667322244170805	0.6309976669741679	-3.036324577196638	0.9865662156142414	0.1175356300392381	-2.511785339298277
3	7	0.8008311209532044	2.1990702072764	0.3	0.266952487209243	3.746108163765156	3.183163491933104	-0.5629446718320517	0.7350150255454115	0.5246467560022742	-0.4656933531293727
5	0	1.000000000000002	2.000000000000004	1	0.3333333333333333	4.999999999999991	0	-4.999999999999991	1	0.004115226337448097	-4.13622667049868
7	0	1.800409983571858	1.199470508503138	1	0.6001605691720496	3.888003323616659	0	-3.888003323616659	0.9999999999999999	0.02804608272754583	-3.216332608426153
3	0	0.8238222588983128	2.074981042263848	1	0.2841939149745116	3.641562203007069	0	-3.641562203007069	0.9999999999999999	0.0229532572636153	-3.012465341271559
1	0	1.667239631367252	1.210912807847044	1	0.5792742624231502	0.5997938035937468	0	-0.5997938035937468	1	0.5792742624231502	-0.4961766254448614
1	0	1.000000000000002	2.000000000000004	1	0.3333333333333333	0.9999999999999982	0	-0.9999999999999982	1	0.3333333333333333	-0.827245334099736
2	0	1.000000000000002	2.000000000000004	1	0.3333333333333333	1.999999999999996	0	-1.999999999999996	1	0.1111111111111109	-1.654490668199472
7	0	1.000000000000001	1.946554192677096	1	0.3393794699195569	6.999999999999992	0	-6.999999999999992	0.9999999999999997	0.0005185599466623891	-5.790717338698156
0	0	0	3.000000000000004	0	0	0	0	0	0	0	0
6	0	1.091909302575362	1.209214829991172	1	0.4745112560953037	5.494961885431768	0	-5.494961885431768	1	0.01141508405807456	-4.545681580779326
3	0	0.8005407251067012	2.199459274893304	1	0.2668469083688999	3.747467063090564	0	-3.747467063090564	1	0.01900144052161856	-3.100074642634116
3	0	1.000000000000002	2.000000000000004	1	0.3333333333333333	2.999999999999995	0	-2.999999999999995	1	0.03703703703703698	-2.481736002299208
1	0	1.000000000000002	2.000000000000004	1	0.3333333333333333	0.9999999999999982	0	-0.9999999999999982	1	0.3333333333333333	-0.827245334099736
1	0	0.8660452153060938	2.066992893445602	1	0.295272404651668	1.154674123621318	0	-1.154674123621318	1	0.295272404651668	-0.9551987811714392
4	1	0.8257276779833398	2.073075623178821	0.8	0.284851227281374	4.844212089110456	0.4823750705565752	-4.361837018553881	0.9981246148413996	0.02541713724000016	-3.608309321702208
0	1	0.8239475452707785	1.375511729622525	0	0.3746136855890402	0	0.7270021610607601	0.7270021610607601	0.6253863144109597	0.3746136855890403	0.6014091456179397
3	0	1.000000000000002	2.000000000000003	1	0.3333333333333334	2.999999999999996	0	-2.999999999999996	0.9999999999999999	0.0370370370370372	-2.481736002299209
0	0	0.8988033011621576	2.000000000000003	0	0.310060120602808	0	0	0	0	0	0
3	0	1.000000000000002	1.999755039502161	1	0.3333605533890397	2.999999999999995	0	-2.999999999999995	1	0.03704611112989076	-2.481736002299208
0	1	0.1776839093146338	2.822121443118458	0	0.05923181288096491	0	0.3543433619550388	0.3543433619550388	0.9407681871190351	0.05923181288096491	0.2931288928465203
1	0	0.8005407251067012	2.199459274893304	1	0.2668469083688999	1.249155687696855	0	-1.249155687696855	1	0.2668469083688999	-1.033358214211372
9	0	1.000000000000002	1.999704645675388	1	0.3333661537117264	8.999999999999984	0	-8.999999999999984	0.9999999999999999	5.085030225593368e-05	-7.445208006897624
2	0	1.000000000000002	2.000000000000003	1	0.3333333333333334	1.999999999999997	0	-1.999999999999997	1	0.111111111111111	-1.654490668199472
3	0	0.3311994958532005	2.668800504146803	1	0.1103998319510667	9.057984802397488	0	-9.057984802397488	1	0.001345566719387459	-7.493175664129654
9	0	1.000000000000001	2.000000000000003	1	0.3333333333333333	8.999999999999988	0	-8.999999999999988	1.000000000000001	5.080526342449154e-05	-7.445208006897627
3	0	1.000000000000002	2.000000000000004	1	0.3333333333333333	2.999999999999995	0	-2.999999999999995	1	0.03703703703703698	-2.481736002299208
2	0	0.800540725106701	2.199459274893304	1	0.2668469083688999	2.49831137539371	0	-2.49831137539371	1	0.07120727250603998	-2.066716428422744
1	0	0.1766353275942706	2.823364672405734	1	0.05887844253142344	5.661381636503592	0	-5.661381636503592	1	0.05887844253142349	-4.683351543355533
0	0	0.8237291585439933	2.109308950207702	0	0.2808450241700315	0	0	0	0	0	0
1	0	0.800540725106701	2.199459274893304	1	0.2668469083688999	1.249155687696855	0	-1.249155687696855	1	0.2668469083688999	-1.033358214211372
3	0	1.000000000000002	1.999950956637107	1	0.3333387826849622	2.999999999999995	0	-2.999999999999995	1	0.03703885351727554	-2.481736002299208
0	0	0	1.267847564993238	0	0	0	0	0	0	0	0
5	0	0.8652696538758884	2.067768454875807	1	0.2950079820968123	5.77854542523594	0	-5.77854542523594	0.9999999999999997	0.002234440706822105	-4.780274740909815
4	0	1.000000000000002	1.933610359981415	1	0.3408768981870983	3.999999999999993	0	-3.999999999999993	1	0.01350175668702858	-3.308981336398944
0	0	0	3.000000000000004	0	0	0	0	0	0	0	0
1.5	15.5	0.933840169933782	2.061813673379157	0.08823529411764706	0.3117316682027033	1.606270589223383	7.517653122649377	5.911382533425995	0.03953052042059618	0.9915353441095788	4.89016361885534
3	0	0.800540725106701	2.199459274893304	1	0.2668469083688998	3.747467063090565	0	-3.747467063090565	1	0.01900144052161856	-3.100074642634116
1	0	1.000000000000002	2.000000000000003	1	0.3333333333333334	0.9999999999999984	0	-0.9999999999999984	1	0.3333333333333334	-0.8272453340997362
0	0	0	1.267847564993238	0	0	0	0	0	0	0	0
6	0	0.800540725106701	2.000000000000004	1	0.2858521991592174	7.494934126181129	0	-7.494934126181129	1	0.0005455684237910541	-6.200149285268232
2	0	1.000000000000002	1.999967328545958	1	0.3333369635344286	1.999999999999997	0	-1.999999999999997	1	0.1111135312583529	-1.654490668199472
0	0	0.8005407251067009	2.199459274893304	0	0.2668469083688999	0	0	0	0	0	0
5	1	0.940875719419518	2.058506127990927	0.8333333333333334	0.3136898758762027	5.314198142008379	0.4857891780851709	-4.828408963923208	0.9990471972230752	0.01346040807219262	-3.994278786530822
4	0	0.800540725106701	2.199459274893304	1	0.2668469083688998	4.996622750787419	0	-4.996622750787419	1	0.005070475657749207	-4.133432856845488
0	1	0.8244447337648616	1.375600986995579	0	0.3747398183524541	0	0.7269549887312008	0.7269549887312008	0.6252601816475458	0.3747398183524542	0.601370122528413
3	0	0.800540725106701	2.199459274893304	1	0.2668469083688999	3.747467063090565	0	-3.747467063090565	1	0.01900144052161856	-3.100074642634116
1	0	1.000000000000002	2.000000000000003	1	0.3333333333333334	0.9999999999999984	0	-0.9999999999999984	1	0.3333333333333334	-0.8272453340997362
7	0	0.8656836984497009	2.067354410301995	1	0.295149147863659	8.086094277316143	0	-8.086094277316143	1	0.0001951150348541431	-6.689183762000368
2	0	1.000000000000002	1.935131002528872	1	0.3407002955365243	1.999999999999996	0	-1.999999999999996	0.9999999999999999	0.116076691378675	-1.654490668199472
1	4	0.8287787341350851	2.095385198155575	0.2	0.2834241695491595	1.206594666118698	1.908956884643896	0.7023622185251981	0.5625761332963652	0.8110657133096432	0.5810258681229103
2	0	1.000000000000002	1.933136206498266	1	0.3409320023340663	1.999999999999996	0	-1.999999999999996	0.9999999999999999	0.1162346302155158	-1.654490668199472
2	0	0.8244737729912015	1.374985501902102	1	0.3748529388120618	2.425789716444192	0	-2.425789716444192	1	0.1405147257360394	-2.006723224435583
0	0	1.000000000000002	2.000000000000003	0	0.3333333333333334	0	0	0	0	0	0
0	0	1.000000000000002	2.000000000000003	0	0.3333333333333334	0	0	0	0	0	0
3	0	0.8005407251067012	2.199459274893304	1	0.2668469083688999	3.747467063090564	0	-3.747467063090564	1	0.01900144052161856	-3.100074642634116
3	1	1.000687474787859	1.999312525212146	0.75	0.3335624915959524	2.997938992527099	0.5001719277949757	-2.497767064732123	0.9876203365903602	0.1113149123715607	-2.066266149967646
1	0	0.8237394698009054	2.075063831361255	1	0.2841653552245713	1.213976064837219	0	-1.213976064837219	1	0.2841653552245713	-1.00425603534535
0	0	0.8005407251067009	2.199459274893304	0	0.2668469083688999	0	0	0	0	0	0
1	0	1.000000000000002	2.000000000000003	1	0.3333333333333334	0.9999999999999984	0	-0.9999999999999984	1	0.3333333333333334	-0.8272453340997362
1	0	0.8237601348737027	1.375699140019601	1	0.3745284781022661	1.21394561070052	0	-1.21394561070052	1	0.3745284781022661	-1.004230842302862
3	2	1.000000000000002	1.999658892529588	0.6	0.3333712384732882	2.999999999999996	1.000170582828744	-1.999829417171251	0.9547137890395728	0.2099327021654791	-1.654349554350315
0	1	1.000000000000002	2.000000000000004	0	0.3333333333333333	0	0.4999999999999991	0.4999999999999991	0.6666666666666667	0.3333333333333333	0.413622667049868
8	0	0.9211352389202234	2.078864761079781	1	0.307045079640074	8.684935351488441	0	-8.684935351488441	1	7.899818948653436e-05	-7.184572246476677
6	1	0.8005407251067009	2.199459274893304	0.8571428571428571	0.2668469083688999	7.49493412618113	0.4546572020745918	-7.040276924106538	0.9999036536583731	0.00194930514351388	-5.824036236237185
1	0	0.8238327597350581	1.375626515158246	1	0.374561497518531	1.213838595495519	0	-1.213838595495519	1	0.374561497518531	-1.004142314473846
2	0	0.9229574718162545	2.077042528183751	1	0.3076524906054176	2.166947081607425	0	-2.166947081607425	0.9999999999999999	0.09465005497571666	-1.792596862500786
1	0	0.8005407251067012	2.199459274893304	1	0.2668469083688999	1.249155687696855	0	-1.249155687696855	1	0.2668469083688999	-1.033358214211372
8	1	0.9999018246342208	1.998039046513035	0.8888888888888888	0.3335295349743095	8.000785480041024	0.5004907195108091	-7.500294760530215	0.9999489249639869	0.0009696144602746593	-6.204583845021328
3	0	0.8659935965191129	2.032809704643048	1	0.2987417587705682	3.464228848872081	0	-3.464228848872081	0.9999999999999999	0.02666169772993476	-2.865767151483134
2	1	1.799223012214531	1.200776987785474	0.6666666666666666	0.5997410040715094	1.111590940323927	0.8327941076254671	-0.2787968326984603	0.7842795948781391	0.6476270056503853	-0.2306333790115864
3	0	0.8005407251067009	2.199459274893304	1	0.2668469083688999	3.747467063090565	0	-3.747467063090565	1	0.01900144052161856	-3.100074642634116
11	1	1.037398546431876	1.520756890876592	0.9166666666666666	0.4055260017832858	10.6034465132368	0.657567298231068	-9.945879215005727	0.9999802200827743	0.0003677323471735772	-8.227682174133047
1	0	1.666534152490218	1.210898479711075	1	0.5791739948452891	0.6000477088967845	0	-0.6000477088967845	1	0.5791739948452891	-0.4963866674221025
1	0	0.9229574718162546	2.077042528183751	1	0.3076524906054177	1.083473540803712	0	-1.083473540803712	1	0.3076524906054177	-0.8962984312503925
3	1	0.9998692485011171	1.999623232050007	0.75	0.3333461427172513	3.000392305791219	0.5000942097351027	-2.500298096056116	0.9876524231917583	0.1111224975583099	-2.068359933820879
1	2	0.8239908388661106	2.07481246229605	0.3333333333333333	0.2842520699958372	1.213605725733668	0.9639425424439273	-0.2496631832897406	0.8035369841577208	0.6333258431209948	-0.2065327034729254
2	0	1.000000000000002	2.000000000000003	1	0.3333333333333334	1.999999999999997	0	-1.999999999999997	1	0.111111111111111	-1.654490668199472
4	0	0.800540725106701	2.199459274893304	1	0.2668469083688999	4.996622750787419	0	-4.996622750787419	1	0.005070475657749429	-4.133432856845488
2	0	0.865931178298731	2.067106930452965	1	0.2952335244860737	2.309652372061877	0	-2.309652372061877	1	0.08716283398046909	-1.910649148180578
2	0	0.8238848892885886	2.074918411873572	1	0.2842155205764684	2.427523584911198	0	-2.427523584911198	1	0.08077846213655282	-2.008157559034856
3	1	0.8006380028302279	2.199361997169777	0.75	0.2668793342767422	3.747011744877339	0.4546773115507307	-3.292334433326608	0.9949270593371566	0.06081465099043204	-2.72356829826534
2	0	0.800540725106701	2.199459274893304	1	0.2668469083688999	2.49831137539371	0	-2.49831137539371	1	0.07120727250603998	-2.066716428422744
5	0	0.8658693158340887	1.333589959059215	1	0.3936737204993678	5.774543465815645	0	-5.774543465815645	1	0.009455448274488409	-4.77696413865212
0	0	0.9229574718162545	2.07704252818375	0	0.3076524906054177	0	0	0	0	0	0
3	0	0.8241318858056143	2.108906222946082	1	0.2809823313739233	3.640194065622649	0	-3.640194065622649	0.9999999999999998	0.02218385586601179	-3.01133355600389
5	0	0.8241218000046541	2.074681501157507	1	0.2842972476519035	6.067064358656407	0	-6.067064358656407	1	0.001857219675760802	-5.018950682381329
0	0	0.8237291585439933	2.109308950207702	0	0.2808450241700315	0	0	0	0	0	0
2	0	0.800540725106701	2.199459274893304	1	0.2668469083688998	2.49831137539371	0	-2.49831137539371	1	0.07120727250603998	-2.066716428422744
2	1	1.000000000000002	1.800848052904308	0.6666666666666666	0.357034719881738	1.999999999999997	0.5552939340924713	-1.444706065907526	0.9544874306662765	0.2913962349356469	-1.195126352167588
2	0	0.8238222086823338	2.109215900069362	1	0.2808767490010395	2.42770828331869	0	-2.42770828331869	1	0.07889174812939292	-2.00831034993067
6	1	0.9999623966348752	2.000037603365128	0.8571428571428571	0.3333207988782914	6.000225628675146	0.4999905993354662	-5.50023502933968	0.9995428729738746	0.006857266385261296	-4.550043764473183
1	0	0.8239463654957916	2.109091743255905	1	0.2809190794477825	1.213671231377144	0	-1.213671231377144	1	0.2809190794477825	-1.004003863287825
4	0	1.000000000000002	1.982825901548097	1	0.3352525534530854	3.999999999999993	0	-3.999999999999993	0.9999999999999999	0.01263247296214409	-3.308981336398944
2	0	0.8996608602522213	2.001191748491277	1	0.3101367017202258	2.223059919978398	0	-2.223059919978398	1	0.09618477375390022	-1.839015946226266
3	3	0.9230763556510014	2.076923644349004	0.5	0.3076921185503332	3.250001997813327	1.444444049814998	-1.805557947998329	0.9232554602427531	0.2700646077360422	-1.493639387928314
5	0	0.8656315485876818	1.333827726305622	1	0.3935656179083715	5.776129587880355	0	-5.776129587880355	0.9999999999999993	0.009442473097456494	-4.778276250729463
3	0	0.8005407251067009	2.199459274893304	1	0.2668469083688999	3.747467063090565	0	-3.747467063090565	1	0.01900144052161856	-3.100074642634116
2	1	0.9999247856242628	2.000075214375742	0.6666666666666666	0.3333082618747537	2.00015044006673	0.4999811971131881	-1.500169242953542	0.9629713194872608	0.2592258312764291	-1.241008006593253
0	0	0.866076217503383	2.066961891248312	0	0.2952829746463766	0	0	0	0	0	0
0	0	0.8237291585439933	2.075074142618167	0	0.2841617981508961	0	0	0	0	0	0
1	0	0.800540725106701	2.000000000000003	1	0.2858521991592175	1.249155687696855	0	-1.249155687696855	1	0.2858521991592176	-1.033358214211372
0	1	0.9999060385363265	2.000093961463679	0	0.3333020128454416	0	0.4999765107376231	0.4999765107376231	0.6666979871545584	0.3333020128454416	0.413603235667166
5	0	0.8654565080654557	2.067581600686239	1	0.2950716888004552	5.777297823060385	0	-5.777297823060385	0.9999999999999998	0.002236854376180819	-4.779242667831274
1	0	0.800540725106701	2.199459274893304	1	0.2668469083688998	1.249155687696855	0	-1.249155687696855	1	0.2668469083688998	-1.033358214211372
6	1	1.000000000000001	2.000000000000002	0.8571428571428571	0.3333333333333333	5.999999999999994	0.4999999999999994	-5.499999999999995	0.9995427526291726	0.00685871056241405	-4.549849337548552
1	0	0.8237705338032938	2.075032767358867	1	0.284176071371602	1.213930286366358	0	-1.213930286366358	1	0.2841760713716019	-1.004218165318928
1	1	0.1770371563967047	2.822962843603301	0.5	0.05901238546556812	5.648531756572056	0.3542377478562824	-5.294294008715774	0.9965175383616632	0.1145423092927994	-4.379680016062318
1	0	0.800540725106701	2.199459274893304	1	0.2668469083688999	1.249155687696855	0	-1.249155687696855	1	0.2668469083688999	-1.033358214211372
1	0	1.000000000000002	2.000000000000004	1	0.3333333333333333	0.9999999999999982	0	-0.9999999999999982	1	0.3333333333333333	-0.827245334099736
0	0	0	1.267847564993238	0	0	0	0	0	0	0	0
0	0	1.000000000000002	1.800540725106703	0	0.3570739004203912	0	0	0	0	0	0
2	0	0.800540725106701	2.000000000000003	1	0.2858521991592175	2.49831137539371	0	-2.49831137539371	1	0.08171147976416093	-2.066716428422744
4	0	0.800540725106701	2.199459274893304	1	0.2668469083688999	4.996622750787419	0	-4.996622750787419	1	0.005070475657749429	-4.133432856845488
9	0	1.000000000000002	2.000000000000003	1	0.3333333333333334	8.999999999999986	0	-8.999999999999986	0.9999999999999998	5.080526342549074e-05	-7.445208006897626
1	1	0.8659876362385327	2.067066811376493	0.5	0.2952511287141972	1.154750897303289	0.4837772995513792	-0.67097359775191	0.9128267709929926	0.5033290284213869	-0.5550597780443817
2	1	1.001122230249236	1.998877769750769	0.6666666666666666	0.3337074100830782	1.997758055479485	0.5002807150757825	-1.497477340403703	0.9628381307272876	0.259758168087642	-1.238781142769047
0	1	0.9998302292022838	2.000169770797721	0	0.3332767430674273	0	0.4999575609030293	0.4999575609030293	0.6667232569325727	0.3332767430674273	0.4135875595049163
2	0	1.000000000000002	2.000000000000004	1	0.3333333333333333	1.999999999999996	0	-1.999999999999996	1	0.1111111111111109	-1.654490668199472
5	4	1.000000000000002	2.000000000000003	0.5555555555555556	0.3333333333333334	4.999999999999992	1.999999999999997	-2.999999999999995	0.9575776050398819	0.1448458060255046	-2.481736002299209
5	1	1.797052105408137	1.202798619765207	0.8333333333333334	0.5990471760238323	2.782334460393638	0.8313943694042529	-1.950940090989385	0.9537867883807196	0.2318011096550913	-1.613906087379086
7	0	0.8654275426803099	2.067610566071385	1	0.2950618132434143	8.088487660469353	0	-8.088487660469353	0.9999999999999998	0.0001947112517211025	-6.691163677046574
5	0	0.8005407251067013	2.199459274893304	1	0.2668469083689	6.245778438484272	0	-6.245778438484272	1	0.001353040753230172	-5.166791071056858
1	0	0.8237808427643528	1.375678432128951	1	0.3745378930938899	1.213915094995788	0	-1.213915094995788	1	0.3745378930938899	-1.004205598328505
3	0	0.8005407251067008	2.199459274893303	1	0.2668469083689	3.747467063090566	0	-3.747467063090566	0.9999999999999998	0.01900144052161878	-3.100074642634117
1	0	1.000000000000002	2.000000000000003	1	0.3333333333333334	0.9999999999999984	0	-0.9999999999999984	1	0.3333333333333334	-0.8272453340997362
0	1	0.9229950600063257	2.077004939993679	0	0.3076650200021081	0	0.4814625043708579	0.4814625043708579	0.692334979997892	0.307665020002108	0.3982876102847666
1	1	0.800540725106701	2.199459274893304	0.5	0.2668469083688999	1.249155687696855	0.4546572020745918	-0.794498485622263	0.92879272749396	0.4624865442317597	-0.6572451651803244
4	0	1.800540725106703	1.199459274893302	1	0.6001802417022333	2.221554860839348	0	-2.221554860839348	1	0.1297557990168575	-1.837770893075942
1	0	1.000000000000002	2.000000000000004	1	0.3333333333333333	0.9999999999999982	0	-0.9999999999999982	1	0.3333333333333333	-0.827245334099736
5	0	0.8005407251067008	2.199459274893303	1	0.2668469083688999	6.245778438484276	0	-6.245778438484276	0.9999999999999998	0.001353040753230395	-5.166791071056862
0	1	1.000000000000002	1.801513972202654	0	0.3569498528018277	0	0.5550886728773641	0.5550886728773641	0.6430501471981722	0.3569498528018278	0.4591945146494149
2	0	0.8237911479528751	2.109246960798821	1	0.2808661590501739	2.427799819128925	0	-2.427799819128925	0.9999999999999999	0.07888579929959771	-2.00838607250259
0	0	0	3.000000000000004	0	0	0	0	0	0	0	0
1	1	0.800540725106701	2.199459274893304	0.5	0.2668469083688998	1.249155687696855	0.4546572020745917	-0.7944984856222631	0.92879272749396	0.4624865442317596	-0.6572451651803245
2	0	0.8238117204858322	2.074991580676329	1	0.2841902795389937	2.427739191208067	0	-2.427739191208067	1	0.08076411498445135	-2.008335918337943
4	0	1.797762372718442	1.19969799724541	1	0.5997618486412624	2.224988163453159	0	-2.224988163453159	0.9999999999999998	0.1293943597003477	-1.84061107664377
1	0	0.800540725106701	2.199459274893304	1	0.2668469083688998	1.249155687696855	0	-1.249155687696855	1	0.2668469083688998	-1.033358214211372
1	0	0.8238745732724523	2.109163535479244	1	0.2808946023626996	1.213776990383345	0	-1.213776990383345	1	0.2808946023626997	-1.004091351932244
0	3	0.8280251839227121	2.070778117239449	0	0.2856437977667364	0	1.44873078145103	1.44873078145103	0.3645393872433478	0.6354606127566522	1.198455779322031
1	1	0.9993970044285693	2.000602995571436	0.5	0.3331323348095225	1.000603359394474	0.4998492965438994	-0.5007540628505742	0.8890228475043562	0.5552875171234013	-0.4142464620246242
5	2	0.8661007410828226	2.033098121385142	0.7142857142857143	0.2987379556107952	5.773000486928188	0.9837203521871378	-4.78928013474105	0.9962985001757583	0.02827301766579426	-3.961909645161096
6	0	0.8650844095421985	2.033718891619962	1	0.2984281165939673	6.935739372733803	0	-6.935739372733803	1	0.0007063800552117305	-5.737558034625878
2	1	0.82431950554218	1.375530372257502	0.6666666666666666	0.3747162539866924	2.426243691376124	0.7269923079625011	-1.699251383413623	0.9473852397964342	0.3160072925983259	-1.405697778391443
6	1	1.798749995531226	1.201220155219396	0.8571428571428571	0.5995892976072316	3.335649765062551	0.8324868640065031	-2.503162901056048	0.9721402569879749	0.158094514024636	-2.070729830390178
9	0	0.9403118650794258	2.057684384664015	1	0.3136467782973026	9.571292604331642	0	-9.571292604331642	0.9999999999999997	2.937429677796199e-05	-7.917807148236675
1	0	0.8237498089844879	2.109288299767208	1	0.2808520648015299	1.213960827781911	0	-1.213960827781911	1	0.2808520648015299	-1.004243430562441
1	0	0.800540725106701	2.199459274893304	1	0.2668469083688998	1.249155687696855	0	-1.249155687696855	1	0.2668469083688998	-1.033358214211372
0	0	1.000000000000002	2.000000000000003	0	0.3333333333333334	0	0	0	0	0	0
2	0	0.8659519021029152	2.067086206648781	1	0.2952405901304382	2.309597097879355	0	-2.309597097879355	0.9999999999999998	0.0871670060605696	-1.910603422870991
1	0	0.800540725106701	2.199459274893304	1	0.2668469083688999	1.249155687696855	0	-1.249155687696855	1	0.2668469083688999	-1.033358214211372
0	1	0.009226497642627521	2.990773502357377	0	0.003075499214209169	0	0.3343616623631925	0.3343616623631925	0.9969245007857909	0.003075499214209132	0.2765991250917828
6	0	1.000000000000002	1.983936803054388	1	0.3351277409683714	5.999999999999988	0	-5.999999999999988	0.9999999999999994	0.00141664904856742	-4.963472004598415
0	0	0.8005407251067009	2.199459274893304	0	0.2668469083688999	0	0	0	0	0	0
2	0	1.000000000000002	2.000000000000004	1	0.3333333333333333	1.999999999999996	0	-1.999999999999996	1	0.1111111111111109	-1.654490668199472
1	0	0.800540725106701	2.07704252818375	1	0.2781989797137236	1.249155687696855	0	-1.249155687696855	1	0.2781989797137236	-1.033358214211372
0	0	0.8005407251067009	2.199459274893304	0	0.2668469083688999	0	0	0	0	0	0
0	1	0.8246753732406783	2.074671147678678	0	0.2844349122433221	0	0.4820041003215795	0.4820041003215795	0.7155650877566779	0.2844349122433221	0.3987356430079684
1	0	0.1839395123522218	2.816060487647783	1	0.06131317078407383	5.436569811521093	0	-5.436569811521093	1	0.06131317078407383	-4.497377010088313
2	0	0.800540725106701	2.000000000000003	1	0.2858521991592175	2.49831137539371	0	-2.49831137539371	1	0.08171147976416093	-2.066716428422744
0	0	0.8005407251067009	2.199459274893304	0	0.2668469083688999	0	0	0	0	0	0
1	1	0.8236988883105855	2.075326589113136	0.5	0.2841295789654744	1.214035874263482	0.4818518710480825	-0.7321840032153997	0.9192703823569024	0.4875295402878509	-0.6056958003624066
0	0	0.8005407251067009	2.07704252818375	0	0.2781989797137236	0	0	0	0	0	0
3	1	0.800540725106701	2.199459274893304	0.75	0.2668469083688999	3.747467063090565	0.4546572020745918	-3.292809861015973	0.9949295243422506	0.06079433511322585	-2.723961593603069
1	1	0.800540725106701	2.199459274893304	0.5	0.2668469083688999	1.249155687696855	0.4546572020745918	-0.794498485622263	0.92879272749396	0.4624865442317597	-0.6572451651803244
8	4	0.9999624047628224	2.000037595237182	0.6666666666666666	0.333320801587607	8.00030077320506	1.999962405469506	-6.000338367735555	0.9961455654264519	0.0187539504660843	-4.963751917728873
0	0	0.8005407251067009	2.07704252818375	0	0.2781989797137236	0	0	0	0	0	0
1	3	0.1760004734069811	2.823999526593025	0.25	0.05866682446899357	5.681802898834333	1.062323124260332	-4.619479774574001	0.9809290384271374	0.2148123511905784	-3.82144308948445
6	4	0.9993969351677022	1.935735182710801	0.6	0.3404947017819629	6.003620572433694	2.066398356410718	-3.937222216022976	0.9777726522732867	0.08413646351862902	-3.257048707518836
0	0	1.000000000000002	1.800540725106703	0	0.3570739004203912	0	0	0	0	0	0
2	0	0.7033605712922736	2.296639428707731	1	0.2344535237640908	2.843491775954161	0	-2.843491775954161	1	0.05496845480539914	-2.352265304209055
1	0	0.8988342887957173	2.000043063464633	1	0.3100628897234533	1.112552127200028	0	-1.112552127200028	1	0.3100628897234533	-0.9203535561689612
1	0	0.8005407251067009	2.199459274893303	1	0.2668469083688999	1.249155687696855	0	-1.249155687696855	1	0.2668469083688999	-1.033358214211372
2	1	0.9995267043629587	1.933593039317866	0.6666666666666666	0.3407725533593915	2.000947039503748	0.5171719072555103	-1.483775132248238	0.9604274692584063	0.2692327378860506	-1.227446055005575
1	0	1.000000000000002	2.000000000000003	1	0.3333333333333334	0.9999999999999984	0	-0.9999999999999984	1	0.3333333333333334	-0.8272453340997362
1	0	0.800540725106701	2.000000000000003	1	0.2858521991592175	1.249155687696855	0	-1.249155687696855	1	0.2858521991592176	-1.033358214211372
4	5	0.8005893679052938	2.19941063209471	0.4444444444444444	0.2668631226350976	4.996319162301419	2.273336287020682	-2.722982875280737	0.936736190105658	0.1986112749531392	-2.252574878409477
4	1	0.800784381419544	2.19921561858046	0.8	0.2669281271398476	4.99510241809316	0.4547075746240269	-4.540394843469134	0.9986448989039554	0.01996285347187432	-3.756020449230349
2	12	0.8007167697051634	2.1990059749391	0.1428571428571428	0.2669302591830434	2.497762099745247	5.457011093538449	2.959248993793202	0.2350871889701897	0.9210766687275416	2.448024922554769
10	1	0.9993977268496609	2.000602273150342	0.9090909090909091	0.3331325756165534	10.00602636101883	0.4998494770403831	-9.506176883978444	0.9999943922566594	0.0001290896179892975	-7.86394047239795
0	1	0.800540725106701	2.000341292222672	0	0.2858173675840914	0	0.4999146915018955	0.4999146915018955	0.7141826324159086	0.2858173675840914	0.4135520959928527
2	0	0.92137257131669	2.031364478515205	1	0.3120401701089995	2.170674559089484	0	-2.170674559089484	1	0.09736906776165333	-1.79568040085578
1	3	0.8005634152788303	2.199371061673116	0.25	0.2668603002597026	1.249120283184196	1.364026312921398	0.1149060297372013	0.7095334118080475	0.711100394176359	0.09505547696002548
2	0	0.823832518385722	2.109205590365974	1	0.280880264026418	2.427677902201466	0	-2.427677902201466	0.9999999999999999	0.07889372271955042	-2.008285217293201
5	0	1.000000000000002	2.000000000000004	1	0.3333333333333333	4.999999999999991	0	-4.999999999999991	1	0.004115226337448097	-4.13622667049868
6	1	1.624619493451974	1.178038449707729	0.8571428571428571	0.5796709860427655	3.693172477729703	0.848868727712665	-2.844303750017038	0.9780076851771748	0.1336212519040966	-2.352937005963981
3	1	0.800540725106701	2.199459274893304	0.75	0.2668469083688999	3.747467063090565	0.4546572020745918	-3.292809861015973	0.9949295243422506	0.06079433511322585	-2.723961593603069
1	1	0.8006991140191154	2.198609660542475	0.5	0.2669612148006181	1.248908588121813	0.4548328964193055	-0.7940756917025075	0.9287317097921781	0.4626541393934146	-0.6568954108829209
7	0	1.122164531570599	1.767051314868654	1	0.3883976107058892	6.237944439575799	0	-6.237944439575799	0.9999999999999999	0.001333324462715946	-5.160310432012481
6	0	0.8005407251067008	2.199459274893303	1	0.2668469083689	7.494934126181131	0	-7.494934126181131	0.9999999999999994	0.0003610547418971821	-6.200149285268234
5	2	0.865630376911495	1.335935869782306	0.7142857142857143	0.3931884303783519	5.776137406175173	1.497077850245839	-4.279059555929334	0.9828523847798121	0.08981351419599082	-3.539832051977436
1	0	0.9229574718162546	2.077042528183751	1	0.3076524906054177	1.083473540803712	0	-1.083473540803712	1	0.3076524906054177	-0.8962984312503925
10	0	0.8633013420875573	2.035501959074604	1	0.2978130119216611	11.58344081316833	0	-11.58344081316833	1	5.488285413690619e-06	-9.582347365513966
7	3	0.9996740640614789	1.943974696390597	0.7	0.3396037181786431	7.002282295451758	1.543229963625627	-5.459052331826132	0.9961106372722783	0.02189473726983338	-4.515975570109459
0	5	0.9991354565202795	2.000864543479725	0	0.333045152173426	0	2.498919787595639	2.498919787595639	0.1319721123418322	0.8680278876581677	2.067219734577999
2	0	0.8659622617032949	2.067075847048401	1	0.2952441221678669	2.309569467918986	0	-2.309569467918986	0.9999999999999999	0.08716909167467446	-1.910580566115194
9	0	1.790174369436031	1.208748578884604	1	0.5969391012324973	5.027443222100942	0	-5.027443222100942	1.000000000000001	0.009624324250566252	-4.158928947934355
4	1	0.8660485512406031	2.032828806439094	0.8	0.2987530841711085	4.618678703717076	0.4919253391296142	-4.126753364587461	0.9976200820365273	0.03031117993590182	-3.41383746583537
1	1	1.000000000000002	1.800683728724126	0.5	0.3570556681369943	0.9999999999999982	0.5553446082997318	-0.4446553917002665	0.8725112498512446	0.5866225861252332	-0.3678390980663366
6	2	0.9998694169909573	1.992093534021371	0.75	0.3341850929847418	6.000783600379151	1.003968923066915	-4.996814677312236	0.997365003840381	0.01992469786141249	-4.133591627167633
0	1	0.800540725106701	2.000145889981276	0	0.2858373088920389	0	0.4999635301649727	0.4999635301649727	0.714162691107961	0.285837308892039	0.4135924975490071
2	0	0.8238220733399165	2.074981227822245	1	0.2841938509624428	2.427708682157126	0	-2.427708682157126	1	0.08076614492486323	-2.008310679867905
1	2	0.8005407251067012	2.199459274893304	0.3333333333333333	0.2668469083688999	1.249155687696855	0.9093144041491834	-0.3398412835476714	0.824381063525117	0.605920348110198	-0.281132116149277
0	1	0.000459267544434723	1.268233562381082	0	0.0003620005832788429	0	0.7884982937389866	0.7884982937389866	0.9996379994167212	0.0003620005832788431	0.6522815344411809
2	4	0.9221725503821649	2.07782744961784	0.3333333333333333	0.3073908501273878	2.168791512142889	1.925087668244873	-0.2437038438980159	0.7305030590974249	0.5956534345124086	-0.2016028677668044
3	0	1.800239792177616	1.199419687159236	1	0.6001480516633853	1.666444666446976	0	-1.666444666446976	1	0.2161599352544322	-1.378558574853654
0	0	0	1.267847564993238	0	0	0	0	0	0	0	0
3	0	0.9229574718162548	2.077042528183751	1	0.3076524906054177	3.250420622411137	0	-3.250420622411137	1	0.02911932514921878	-2.688895293751178
0	0	1.000000000000002	2.000000000000003	0	0.3333333333333334	0	0	0	0	0	0
1	0	0.800540725106701	2.199459274893304	1	0.2668469083688999	1.249155687696855	0	-1.249155687696855	1	0.2668469083688999	-1.033358214211372
0	0	1.000000000000002	2.000000000000003	0	0.3333333333333334	0	0	0	0	0	0
0	6	0.1795877725579802	2.820412227442025	0	0.05986259085265995	0	2.12734859876909	2.12734859876909	0.6904750729778103	0.3095249270221897	1.759839202335344
0	1	1.000000000000002	1.800638075228872	0	0.3570614885389215	0	0.5553586885431675	0.5553586885431675	0.6429385114610785	0.3570614885389215	0.4594178838490847
3	1	0.8005407251067009	2.077102292093217	0.75	0.2781932019787725	3.747467063090565	0.4814399386138281	-3.266027124476737	0.9940105622863367	0.0681507964714746	-2.701805699766563
1	1	0.8006381012122378	2.199361898787767	0.5	0.2668793670707454	1.249003761482136	0.4546773318893879	-0.794326429592748	0.9287754034319182	0.4625341375734092	-0.6571028326327044
2	0	1.666782187645939	1.210924060636753	1	0.5792051181876582	1.199916830659606	0	-1.199916830659606	0.9999999999999998	0.3354785689347792	-0.9926255994709038
2	0	1.000000000000002	2.000000000000003	1	0.3333333333333334	1.999999999999997	0	-1.999999999999997	1	0.111111111111111	-1.654490668199472
2	1	0.800540725106701	2.077072376729951	0.6666666666666666	0.2781960940460521	2.49831137539371	0.4814468726286538	-2.016864502765056	0.9784695511259964	0.1891183024794332	-1.66844174942378
1	5	0.9989643615932863	2.001035638406719	0.1666666666666667	0.3329881205310948	1.001036712065545	2.498706121986483	1.497669409920938	0.3518482356069711	0.911935390722716	1.238940031381003
2	5	1.000000000000002	2.000000000000003	0.2857142857142857	0.3333333333333334	1.999999999999997	2.499999999999996	0.4999999999999991	0.5706447187928669	0.7366255144032923	0.413622667049868
2	0	1.666566821244508	1.210895681002837	1	0.5791793359402223	1.200071893010867	0	-1.200071893010867	1	0.3354487031801567	-0.9927538740774794
0	0	1.666616942610084	1.210966310680367	0	0.5791724499036981	0	0	0	0	0	0
3	0	1.000000000000002	1.999428228255795	1	0.333396875637699	2.999999999999996	0	-2.999999999999996	0.9999999999999999	0.03705822184304008	-2.481736002299209
2	0	0.800540725106701	2.199459274893304	1	0.2668469083688999	2.49831137539371	0	-2.49831137539371	1	0.07120727250603998	-2.066716428422744
0	1	0.9230326894202536	2.076967310579751	0	0.307677563140084	0	0.4814712272582019	0.4814712272582019	0.692322436859916	0.307677563140084	0.3982948262526219
0	1	8.603866432350839e-05	2.999913961335682	0	2.867955477450275e-05	0	0.3333428934591044	0.3333428934591044	0.9999713204452255	2.867955477448003e-05	0.27575635326935
0	0	0	1.267847564993238	0	0	0	0	0	0	0	0
4	0	1.000000000000002	2.000000000000003	1	0.3333333333333334	3.999999999999994	0	-3.999999999999994	1	0.01234567901234573	-3.308981336398945
0	0	0.8005407251067009	2.07704252818375	0	0.2781989797137236	0	0	0	0	0	0
1	0	0.8237601261607039	1.3756991487326	1	0.3745284741408384	1.213945623540553	0	-1.213945623540553	1	0.3745284741408383	-1.004230852924719
11	2	0.8480125567941534	2.050938975662318	0.8461538461538461	0.2925238822725597	12.97150603710947	0.9751630954081076	-11.99634294170136	0.9999962744616343	5.612089311268775e-05	-9.923918724782771
0	0	1.000000000000002	2.000000000000003	0	0.3333333333333334	0	0	0	0	0	0
2	0	0.800540725106701	2.199459274893304	1	0.2668469083688999	2.49831137539371	0	-2.49831137539371	1	0.07120727250603998	-2.066716428422744
1	0	0.9229574718162545	2.077042528183751	1	0.3076524906054176	1.083473540803713	0	-1.083473540803713	1	0.3076524906054177	-0.8962984312503928
7	1	0.9406312142206468	2.057935811597424	0.875	0.3136935763388591	7.441811300935616	0.4859238049916502	-6.955887495943966	0.9999062340832287	0.001734912713634462	-5.754225475542353
0	0	0.8005407251067009	2.07704252818375	0	0.2781989797137236	0	0	0	0	0	0
0	1	0.8005407251067009	2.199459274893304	0	0.2668469083688999	0	0.4546572020745918	0.4546572020745918	0.7331530916311001	0.2668469083688999	0.3761130490310475
2	0	0.9229574718162548	2.077042528183751	1	0.3076524906054177	2.166947081607424	0	-2.166947081607424	1	0.09465005497571655	-1.792596862500785
0	0	0.8005407251067009	2.07704252818375	0	0.2781989797137236	0	0	0	0	0	0
2	0	0.9229574718162548	2.077042528183751	1	0.3076524906054177	2.166947081607424	0	-2.166947081607424	1	0.09465005497571655	-1.792596862500785