Observed S Changes	Observed NS Changes	E[S Sites]	E[NS Sites]	Observed S. Prop.	P{S}	dS	dN	dN-dS	P{S leq. observed}	P{S geq. observed}	Scaled dN-dS
0	0	0	2.999999999999999	0	0	0	0	0	0	0	0
1	2	0.8617712321359237	2.034040912012143	0.3333333333333333	0.2975922432943081	1.160400768451591	0.9832643916790893	-0.1771363767725014	0.7870267887814081	0.6534484093702204	-0.1510989627133292
8	1	0.9999999999999999	2	0.8888888888888888	0.3333333333333334	8.000000000000002	0.5000000000000001	-7.500000000000002	0.9999491947365745	0.0009653000050807714	-6.397569155461544
0	5	0.9209519642261642	2.079048035773835	0	0.3069839880753881	0	2.404946838151802	2.404946838151802	0.1598513634195522	0.8401486365804478	2.051441828304631
0	0	0.9206123151682332	2.079387684831766	0	0.3068707717227445	0	0	0	0	0	0
10	0	0.9999999999999997	1.999999999999999	1	0.3333333333333333	10	0	-10	1.000000000000001	1.693508780764574e-05	-8.53009220728206
0	1	1.655943888632526	1.217902506524657	0	0.5762116901665356	0	0.8210837851492296	0.8210837851492296	0.4237883098334644	0.5762116901665356	0.7003920397227098
0	1	0.7944786565062284	2.20552134349377	0	0.2648262188354096	0	0.4534075369299751	0.4534075369299751	0.7351737811645904	0.2648262188354096	0.3867608097489332
0	5	0.794426966268484	2.00064749407224	0	0.2842239008443596	0	2.499190894355254	2.499190894355254	0.1878823409641734	0.8121176590358266	2.131832877245003
1	4	0.9202752648243531	2.079724735175646	0.2	0.3067584216081178	1.086631400650395	1.923331454564911	0.8367000539145164	0.5143576410642521	0.8398883208989486	0.7137128609728693
1	1	1.789342845563941	1.210657154436058	0.5	0.5964476151879805	0.5588643911809049	0.825997679306504	0.2671332881255991	0.6442502423365708	0.8371454727125317	0.2278671579345805
4	2	0.7922175549554353	2.077054939177005	0.6666666666666666	0.2761039798678905	5.049118105221756	0.9629018290640224	-4.086216276157733	0.9925876411824066	0.05309322224470969	-3.485580161452218
5	3	1.789837708691346	1.209540295310187	0.625	0.5967362920923893	2.793549368035043	2.480281154445251	-0.313268213589792	0.6913899160050461	0.5864967454459608	-0.2672206747531455
0	7	0.9993406078498438	2.000659392150156	0	0.333113535949948	0	3.498846444060093	3.498846444060093	0.05866287152635454	0.9413371284736455	2.984548278695354
4	8	0.7968621303352798	2.202827625831743	0.3333333333333333	0.2656481820151638	5.019688911953941	3.631695874060669	-1.387993037893272	0.80840614408495	0.4000746182080481	-1.183970859629515
3	7	0.9999999999999999	2	0.3	0.3333333333333334	3	3.5	0.5	0.5592643397856017	0.7008586089518875	0.4265046103641028
0	0	0.8181361702548062	1.387436863476709	0	0.3709404121933049	0	0	0	0	0	0
2	3	0.8188263561886806	2.077381063335676	0.4	0.2827236580738945	2.442520303461194	1.444125997366541	-0.9983943060946525	0.8590115877893502	0.4359624701148831	-0.8516395490212771
2	12	0.9767861013626266	2.023213898637373	0.1428571428571428	0.3255953671208756	2.047531181299549	5.931157357154356	3.883626175854806	0.1166362798011189	0.968761064732341	3.31276893786557
2	2	0.9997930929344098	2.000206907065589	0.5	0.33326436431147	2.000413899769967	0.9998965571687317	-1.000517342601236	0.8889501851726489	0.407284795814296	-0.8534505187373352
2	8	0.9955616744370057	1.935418512609521	0.2	0.3396685104992837	2.008916224231923	4.133472914451777	2.124556690219854	0.2845227472689099	0.903157753055058	1.812266446717334
0	4	0.7954760086650029	2.204523991334997	0	0.265158669555001	0	1.814450654981402	1.814450654981402	0.2915911234721434	0.7084088765278567	1.547743139255468
1	2	0.7944388953468972	2.205164246631701	0.3333333333333333	0.2648480008001557	1.258750050956837	0.9069619204351418	-0.351788130521695	0.8267218512815776	0.6026882327494969	-0.3000785190777434
2	2	0.794426966268484	2.205573033731516	0.5	0.2648089887561614	2.517537904578231	0.9067938215658562	-1.610744083012375	0.9404743913804767	0.2869395437166615	-1.373979555042954
0	2	0.7944269662684837	2.205573033731515	0	0.2648089887561614	0	0.9067938215658565	0.9067938215658565	0.5405058230137381	0.4594941769862619	0.7735034910950428
0	3	0.9979831630232151	2.002016836976784	0	0.3326610543410718	0	1.49848889609253	1.49848889609253	0.2971935725079077	0.7028064274920923	1.278224845525759
0	0	0.9999999999999996	1.999999999999999	0	0.3333333333333333	0	0	0	0	0	0
7	3	0.9992461335121323	2.000753866487867	0.7	0.3330820445040442	7.005281046619141	1.499434813171804	-5.505846233447336	0.9966143900074813	0.01957598949419326	-4.696537605042239
3	0	1.794078808463094	1.205603572665547	1	0.5980895910013199	1.672167346188077	0	-1.672167346188077	0.9999999999999999	0.2139433207016534	-1.426374164899043
1	0	0.7944269662684839	2.079387684831766	1	0.2764363964684831	1.258768952289116	0	-1.258768952289116	1	0.2764363964684831	-1.073741523068998
0	2	0.9998599847099389	2.00014001529006	0	0.3332866615699798	0	0.9999299972556973	0.9999299972556973	0.4445066756405027	0.5554933243594973	0.8529495077418392
4	0	0.9999999999999996	1.999843480331811	1	0.3333507253149722	4.000000000000002	0	-4.000000000000002	0.9999999999999999	0.01234825580387922	-3.412036882912824
2	0	0.7944269662684839	2.205573033731515	1	0.2648089887561614	2.517537904578231	0	-2.517537904578231	1	0.07012380052606082	-2.147483046137997
0	2	0.7944269662684836	2.205210932236638	0	0.2648409551914211	0	0.9069427195209382	0.9069427195209382	0.540458821163862	0.459541178836138	0.773630502423675
1	1	0.9999999999999996	1.999948269400332	0.5	0.3333390812768557	1	0.5000129329844326	-0.4999870670155678	0.8888850568935016	0.5555632194472133	-0.4264935784091307
1	0	0.9999999999999996	1.999999999999999	1	0.3333333333333333	1	0	-1	1	0.3333333333333333	-0.8530092207282061
1	0	0.9999999999999998	2	1	0.3333333333333334	1	0	-1	1	0.3333333333333334	-0.8530092207282058
2	0	0.7944269662684841	2.205573033731516	1	0.2648089887561614	2.51753790457823	0	-2.51753790457823	1	0.07012380052606082	-2.147483046137996
4	0	0.9999999999999997	1.93160865451025	1	0.3411096492915281	4.000000000000002	0	-4.000000000000002	1	0.01353867052737601	-3.412036882912824
12	1	0.9994972130140499	2.000502786985949	0.9230769230769231	0.3331657376713501	12.00603647889443	0.4998743348449151	-11.50616214404952	0.9999993768618705	1.683695454801626e-05	-9.814862404068057
0	2	0.1828924156024495	2.81710758439755	0	0.06096413853414984	0	0.7099480371558859	0.7099480371558859	0.8817883491189114	0.1182116508810886	0.6055922219318615
2	0	0.9999999999999998	2	1	0.3333333333333334	2	0	-2	1	0.111111111111111	-1.706018441456412
1	3	0.8182816726671264	2.077372773158064	0.25	0.2825895451188535	1.222073075082541	1.44413176044439	0.2220586853618498	0.6822612335905923	0.7351068025659238	0.1894181061564413
2	0	0.9999999999999996	1.999999999999999	1	0.3333333333333333	2.000000000000001	0	-2.000000000000001	1	0.1111111111111109	-1.706018441456412
4	0	0.916327473396758	2.083672526603243	1	0.3054424911322526	4.365251633427836	0	-4.365251633427836	0.9999999999999998	0.008703978555461234	-3.723599894112805
8	1	0.9999999999999998	2	0.8888888888888888	0.3333333333333334	8.000000000000002	0.5000000000000001	-7.500000000000002	0.9999491947365745	0.0009653000050807714	-6.397569155461544
1	5	0.7944269662684837	2.205573033731515	0.1666666666666667	0.2648089887561613	1.258768952289116	2.266984553914641	1.008215601625525	0.4991665388779417	0.8420930914099513	0.8600172046686081
2	1	0.7944867974302581	2.205338676930334	0.6666666666666666	0.2648443398526715	2.517348313992045	0.4534450923392525	-2.063903221652793	0.9814231494423955	0.1732738719407826	-1.760528478760482
2	6	0.9809008105829425	1.226338707247296	0.25	0.4444016168880429	2.038942142183993	4.892612427987299	2.853670285803306	0.2298401096625987	0.9328177791975237	2.434207066708314
0	0	0.9206123151682332	2.079387684831766	0	0.3068707717227445	0	0	0	0	0	0
2	0	0.8182682208460126	2.112572767982257	1	0.2791922946229678	2.444186330409102	0	-2.444186330409102	0.9999999999999999	0.07794833737683815	-2.084913477016801
5	0	0.9999999999999998	2	1	0.3333333333333334	5.000000000000001	0	-5.000000000000001	1	0.004115226337448541	-4.265046103641029
1	0	0.9999999999999996	1.999999999999999	1	0.3333333333333333	1	0	-1	1	0.3333333333333333	-0.8530092207282061
0	1	0.7944786311018217	2.205521368898177	0	0.264826210367274	0	0.453407531707378	0.453407531707378	0.7351737896327259	0.2648262103672741	0.3867608052940097
5	0	0.9999999999999994	1.999999999999999	1	0.3333333333333334	5.000000000000003	0	-5.000000000000003	1	0.004115226337448541	-4.265046103641031
1	0	0.9999999999999996	1.999999999999999	1	0.3333333333333333	1	0	-1	1	0.3333333333333333	-0.8530092207282061
3	0	0.8613205218259037	2.069520467002365	1	0.2938816964513158	3.483023942864305	0	-3.483023942864305	1	0.02538151928597543	-2.971051539280364
7	0	1.783891051148111	1.207410436522923	1	0.5963594971956544	3.924006455155883	0	-3.924006455155883	0.9999999999999997	0.026826065420402	-3.347213688444968
5	1	0.9998999399048333	2.000100060095166	0.8333333333333334	0.3332999799682779	5.000500350540956	0.4999749862276487	-4.500525364313307	0.9986290812214141	0.01782441350544861	-3.838989633880418
3	0	0.8615178135378109	1.344055220193704	1	0.3906095152425062	3.482226313673703	0	-3.482226313673703	1	0.05959755669692801	-2.970371154226058
2	10	0.7947378380935339	2.205262161906467	0.1666666666666667	0.2649126126978446	2.516553137570149	4.534608253267685	2.018055115697535	0.3459148187633852	0.8674579136795511	1.721419621627724
1	0	0.9999999999999996	1.999999999999999	1	0.3333333333333333	1	0	-1	1	0.3333333333333333	-0.8530092207282061
1	1	0.9999999999999996	1.794734079516751	0.5	0.3578157962609859	1	0.5571856083934504	-0.44281439160655	0.8719678559461166	0.5875994484680884	-0.3777247591115377
1	4	0.5542347761061754	2.445765223893825	0.2	0.1847449253687251	1.804289523341691	1.635479955689176	-0.1688095676525145	0.7681898345126403	0.63986315634655	-0.1439961177547367
3	1	0.9995327654573539	2.000067440622463	0.75	0.3332219951950347	3.001402358858438	0.4999831404128947	-2.501419218445544	0.9876708072643809	0.1110121686694294	-2.133733658240791
0	6	0.8257126051322926	2.104994961264469	0	0.2817451371129081	0	2.850363117446992	2.850363117446992	0.1373002886226598	0.8626997113773403	2.431386021605877
0	0	0.1818638297451934	2.818136170254805	0	0.06062127658173116	0	0	0	0	0	0
4	0	0.794426966268484	2.079387684831766	1	0.2764363964684831	5.035075809156462	0	-5.035075809156462	1	0.005839570313261433	-4.294966092275993
0	16	0.794444871995949	2.205502897553524	0	0.2648195678804293	0	7.254581264775557	7.254581264775557	0.007282877861045775	0.9927171221389542	6.188224711375638
2	4	0.7947889335728892	2.20521106642711	0.3333333333333333	0.2649296445242965	2.516391353122159	1.813885328664169	-0.7025060244579899	0.8062611594074233	0.5011134618688396	-0.5992441164797798
1	0	0.9999999999999998	2	1	0.3333333333333334	1	0	-1	1	0.3333333333333334	-0.8530092207282058
3	1	0.7944269662684835	2.205469623315128	0.75	0.2648181170734125	3.776306856867349	0.4534181697306086	-3.32288868713674	0.99508197453476	0.05953125603682641	-2.834454689581081
3	3	0.8610185533370105	1.354145625752081	0.5	0.3886928840150685	3.484245476909918	2.215419038357729	-1.268826438552189	0.8360605807187977	0.4322440195897803	-1.082320651588747
2	3	0.9210320281908636	2.078967971809137	0.4	0.3070106760636211	2.171477146053757	1.443023673611178	-0.7284534724425791	0.8275219289081707	0.486157896823082	-0.6213775288649999
3	2	1.00166110906244	1.998338890937559	0.6	0.3338870363541467	2.995024936935025	1.00083124492546	-1.994193692009565	0.9544585085666886	0.2106975247196441	-1.701065607202182
1	0	0.7944269662684837	2.205573033731515	1	0.2648089887561613	1.258768952289116	0	-1.258768952289116	1	0.2648089887561613	-1.073741523068998
4	0	0.9999999999999997	1.931032345690104	1	0.3411767193461498	4.000000000000002	0	-4.000000000000002	0.9999999999999997	0.01354932173259571	-3.412036882912824
2	3	0.8184118410270242	2.109875899422179	0.4	0.2794847752569147	2.443757408849561	1.421884576633912	-1.021872832215649	0.862979674078129	0.4291971715445542	-0.8716669482915953
4	0	0.794426966268484	2.205573033731516	1	0.2648089887561614	5.035075809156462	0	-5.035075809156462	1	0.004917347400218541	-4.294966092275993
1	0	0.794426966268484	2.079387684831766	1	0.2764363964684831	1.258768952289115	0	-1.258768952289115	1	0.2764363964684831	-1.073741523068998
4	0	0.9999999999999998	2	1	0.3333333333333334	4.000000000000001	0	-4.000000000000001	1	0.01234567901234573	-3.412036882912823
4	0	1.793739534092708	1.205483414648353	1	0.5980680878844432	2.229978167941335	0	-2.229978167941335	1	0.1279388723753716	-1.90219193927655
0	1	0.1817266414223486	2.81827335857765	0	0.06057554714078289	0	0.3548271841538779	0.3548271841538779	0.9394244528592172	0.06057554714078284	0.302670859848283
1	0	0.7944269662684835	2.205573033731515	1	0.2648089887561613	1.258768952289116	0	-1.258768952289116	1	0.2648089887561613	-1.073741523068999
2	0	0.9999999999999997	1.999999999999999	1	0.3333333333333333	2.000000000000001	0	-2.000000000000001	1	0.1111111111111109	-1.706018441456412
1	0	1.794426966268484	1.205573033731516	1	0.5981423220894947	0.5572809698014644	0	-0.5572809698014644	1	0.5981423220894947	-0.4753658057770058
1	0	1.656054119487975	1.217660582032986	1	0.5762764545177296	0.6038450001315077	0	-0.6038450001315077	1	0.5762764545177296	-0.5150853530028006
5	0	0.9999999999999997	1.931136913702468	1	0.3411645479012609	5.000000000000002	0	-5.000000000000002	1	0.004621888622809656	-4.26504610364103
3	0	0.7944269662684839	2.205573033731515	1	0.2648089887561614	3.776306856867347	0	-3.776306856867347	1	0.01856941270504486	-3.221224569206995
0	0	0.9999999999999996	1.999999999999999	0	0.3333333333333333	0	0	0	0	0	0
3	2	0.8613649254500264	1.346011219660457	0.6	0.3902211806347639	3.482844391919752	1.485871715470929	-1.996972676448823	0.9202574558212879	0.3006839870630407	-1.70343610655313
1	0	0.7944269662684836	2.079387684831766	1	0.276436396468483	1.258768952289116	0	-1.258768952289116	1	0.2764363964684831	-1.073741523068999
1	0	0.7944269662684837	2.205573033731515	1	0.2648089887561613	1.258768952289116	0	-1.258768952289116	1	0.2648089887561613	-1.073741523068998
3	4	0.9978265322200459	2.00191146304685	0.4285714285714285	0.3326378949743131	3.006534606095666	1.998090362054334	-1.008444244041332	0.8277700110077667	0.4277526283962756	-0.8602122387575414
3	2	0.7949960350950069	2.205003964904993	0.6	0.2649986783650023	3.773603725761326	0.9070278474924076	-2.866575878268918	0.9805700520835563	0.1199626519456203	-2.445215656080442
1	0	0.8181690388587392	1.387403994872776	1	0.3709553147167898	1.222241312620307	0	-1.222241312620307	1	0.3709553147167899	-1.042583109620067
2	2	0.7944269662684835	2.205573033731515	0.5	0.2648089887561613	2.517537904578232	0.9067938215658565	-1.610744083012376	0.9404743913804765	0.2869395437166615	-1.373979555042955
1	1	0.8616686021044345	2.033985816060553	0.5	0.2975730103354269	1.16053897932189	0.4916455130138574	-0.6688934663080324	0.9114503035199119	0.5065963241907658	-0.570572294445603
3	6	0.8201538463572539	2.076484668720855	0.3333333333333333	0.2831398678461396	3.657850308603221	2.889498819991812	-0.7683514886114096	0.767227750270212	0.4915273560220838	-0.6554109045457752
0	0	0	1.276636044686918	0	0	0	0	0	0	0	0
1	1	0.7945303511660492	2.20546964883395	0.5	0.2648434503886832	1.258605160309363	0.4534181644842442	-0.8051869958251192	0.9298579467862171	0.4595448475635835	-0.6868319318492699
7	0	1.001200639418778	1.998799360581221	1	0.3337335464729262	6.991605602712831	0	-6.991605602712831	0.9999999999999998	0.0004611041649824621	-5.963904046809028
0	1	0.7944269662684836	2.205262059170118	0	0.2648364412215449	0	0.4534608464521078	0.4534608464521078	0.7351635587784551	0.2648364412215449	0.386806283262865
1	2	0.9998002006088909	2.000199799391107	0.3333333333333333	0.3332667335362972	1.000199839318883	0.9999001102833986	-0.0002997290354846971	0.7408295360339987	0.7036148951029607	-0.0002556716309884182
2	0	0.8182237941366542	2.112617194691615	1	0.2791771362743821	2.44431904123528	0	-2.44431904123528	1	0.07793987341836472	-2.085026680575221
9	0	1.100232489034157	1.275900923640303	1	0.4630348124248584	8.180089289946963	0	-8.180089289946963	1	0.0009784143077298246	-6.9776915907048
1	1	0.7945820659841707	2.205417934015828	0.5	0.2648606886613903	1.258523244872634	0.4534287966812295	-0.8050944481914047	0.9298488156018142	0.4595701929245947	-0.6867529878643549
0	5	0.8198650150828313	2.075815650502914	0	0.2831337808849813	0	2.408691734638688	2.408691734638688	0.1893174203227697	0.8106825796772303	2.054636259538617
1	0	0.9999999999999996	1.999999999999999	1	0.3333333333333333	1	0	-1	1	0.3333333333333333	-0.8530092207282061
0	8	0.7950506827705123	2.033519409427347	0	0.2810786570088991	0	3.934066211963452	3.934066211963452	0.0713593713532919	0.9286406286467082	3.355794753760108
0	0	0.7944269662684839	2.205573033731515	0	0.2648089887561614	0	0	0	0	0	0
0	2	0.7944508518633917	2.205443999839331	0	0.2648262326302757	0	0.9068468753437867	0.9068468753437867	0.5404804682285935	0.4595195317714065	0.7735487464568117
0	0	0.7944269662684836	2.079387684831766	0	0.276436396468483	0	0	0	0	0	0
0	0	0.7944269662684839	1.999999999999999	0	0.2842897580999642	0	0	0	0	0	0
3	0	1	2	1	0.3333333333333333	3	0	-3	1	0.03703703703703698	-2.559027662184617
1	0	0.7944269662684836	1.999999999999999	1	0.2842897580999641	1.258768952289116	0	-1.258768952289116	1	0.2842897580999642	-1.073741523068999
0	0	0.7944269662684836	2.205573033731515	0	0.2648089887561613	0	0	0	0	0	0
1	0	0.9999999999999996	1.999999999999999	1	0.3333333333333333	1	0	-1	1	0.3333333333333333	-0.8530092207282061
5	1	0.9999999999999998	1.999904772382838	0.8333333333333334	0.3333439145155582	5.000000000000001	0.5000238080378819	-4.499976191962119	0.9986279966030243	0.01783526024500193	-3.838521184801086
2	1	0.7944269662684836	2.205573033731515	0.6666666666666666	0.2648089887561613	2.517537904578232	0.4533969107829282	-2.064140993795303	0.9814305872949549	0.1732325761680926	-1.760731300590476
0	1	0.7944269662684837	2.000103375055099	0	0.2842792416747269	0	0.4999741575719565	0.4999741575719565	0.7157207583252732	0.2842792416747268	0.4264825665346957
1	4	0.9999999999999996	1.999999999999999	0.2	0.3333333333333333	1	2.000000000000001	1	0.4609053497942389	0.868312757201646	0.8530092207282061
2	0	0.9999999999999996	1.999999999999999	1	0.3333333333333333	2.000000000000001	0	-2.000000000000001	1	0.1111111111111109	-1.706018441456412
2	0	1.003425218658637	1.996574781341362	1	0.3344750728862124	1.993172946832619	0	-1.993172946832619	1	0.111873574382237	-1.700194902154234
3	0	0.9390863594745252	2.06070355294797	1	0.3130507091798843	3.194594373278597	0	-3.194594373278597	1	0.03067920319762696	-2.725018456893086
1	0	0.9999999999999996	1.794466881893521	1	0.3578500094166094	1	0	-1	1	0.3578500094166095	-0.8530092207282061
3	0	1.793556767464482	1.205459587748432	1	0.5980483448671119	1.672654055015524	0	-1.672654055015524	1	0.2138990611466727	-1.426789332016665
0	5	0.9995792885778195	2.000420711422179	0	0.3331930961926066	0	2.499474221322823	2.499474221322823	0.1318258068995942	0.8681741931004059	2.13207455776082
2	0	0.9999999999999996	1.999999999999999	1	0.3333333333333333	2.000000000000001	0	-2.000000000000001	1	0.1111111111111109	-1.706018441456412
1	2	0.9999999999999998	1.796805859354531	0.3333333333333333	0.357550738337908	1	1.113086307898875	0.1130863078988746	0.7078927908745503	0.7348348147220243	0.09646366337584898
6	0	0.9999999999999998	1.999884799765997	1	0.3333461338508745	6.000000000000002	0	-6.000000000000002	0.9999999999999993	0.001372058204989757	-5.118055324369235
3	0	0.9999999999999999	1.999895477276837	1	0.333344947373884	3	0	-3	0.9999999999999997	0.03704090851877506	-2.559027662184617
0	0	0.9999999999999996	1.999999999999999	0	0.3333333333333333	0	0	0	0	0	0
4	0	1.793170204399234	1.205683271581203	1	0.5979519235473749	2.230686183713454	0	-2.230686183713454	0.9999999999999998	0.1278395017174315	-1.902795883258588
6	0	0.8609900758245637	2.069850913003706	1	0.2937689486077447	6.968721438808508	0	-6.968721438808508	0.9999999999999994	0.0006427400076202128	-5.944383643989986
2	0	0.7944269662684836	2.205573033731515	1	0.2648089887561613	2.517537904578232	0	-2.517537904578232	0.9999999999999999	0.07012380052606093	-2.147483046137997
1	5	0.7947459879262585	2.20504318007387	0.1666666666666667	0.2649339481601276	1.258263665613857	2.267529291572647	1.00926562595879	0.498876551904887	0.8422540583171538	0.8609128851068724
0	6	0.794426966268484	2.205573033731516	0	0.2648089887561613	0	2.720381464697568	2.720381464697568	0.1579069085900488	0.8420930914099513	2.320510473285127
1	0	0.8181690220035441	2.112671966824725	1	0.2791584480776089	1.222241337799842	0	-1.222241337799842	1	0.2791584480776088	-1.042583131098443
8	10	0.7953259761729589	2.204013633346589	0.4444444444444444	0.2651670299850969	10.05876865545788	4.537177015922507	-5.521591639535374	0.9718203637749877	0.07728172821750534	-4.709968581619445
1	0	0.794426966268484	2.205573033731515	1	0.2648089887561614	1.258768952289115	0	-1.258768952289115	1	0.2648089887561613	-1.073741523068998
2	0	0.7944269662684836	2.205573033731515	1	0.2648089887561613	2.517537904578232	0	-2.517537904578232	0.9999999999999999	0.07012380052606093	-2.147483046137997
0	0	0	1.276636044686918	0	0	0	0	0	0	0	0
2	8	0.9996727704011448	2.000327229598855	0.2	0.3332242568003816	2.000654673426233	3.999345647863983	1.99869097443775	0.299396813496736	0.8958230779281199	1.704901830581643
2	0	0.9999999999999997	1.931032153889216	1	0.3411767416720727	2.000000000000001	0	-2.000000000000001	1	0.1164015690579723	-1.706018441456412
1	1	0.9999999999999997	1.999999999999999	0.5	0.3333333333333333	1	0.5000000000000002	-0.5000000000000002	0.8888888888888891	0.5555555555555555	-0.426504610364103
3	0	0.9999999999999994	1.999999999999999	1	0.3333333333333334	3.000000000000002	0	-3.000000000000002	0.9999999999999999	0.0370370370370372	-2.559027662184619
1	0	0.8182570655084697	1.387315968223045	1	0.3709952257278442	1.222109826058873	0	-1.222109826058873	1	0.3709952257278442	-1.042470950370763
7	1	0.7944269662684841	2.205573033731515	0.875	0.2648089887561614	8.811382666023807	0.4533969107829282	-8.357985755240879	0.9999758196945459	0.0005612358881286195	-7.129438915935466
5	0	0.9999999999999998	1.931154384919915	1	0.3411625143816237	5.000000000000001	0	-5.000000000000001	1	0.004621750880050568	-4.265046103641029
1	3	0.9992676330822087	2.000312060965045	0.25	0.3331358840257794	1.000732903672195	1.499765990788787	0.4990330871165918	0.5929436135530038	0.8022350178245247	0.4256798247589147
2	0	0.7944269662684842	2.205573033731516	1	0.2648089887561613	2.51753790457823	0	-2.51753790457823	0.9999999999999999	0.07012380052606093	-2.147483046137996
0	0	0.9999999999999996	1.999999999999999	0	0.3333333333333333	0	0	0	0	0	0
2	5	1	2	0.2857142857142857	0.3333333333333333	2	2.5	0.5	0.5706447187928672	0.736625514403292	0.4265046103641028
0	0	0.7944269662684839	2.079387684831766	0	0.2764363964684831	0	0	0	0	0	0
0	10	0.2173268207774781	2.776539141825868	0	0.07259069827845578	0	3.601605988318227	3.601605988318227	0.470667785801832	0.529332214198168	3.07220311746537
2	0	0.9391991235062275	2.060748368834554	1	0.3130718540588172	2.129473878269371	0	-2.129473878269371	1	0.09801398580382514	-1.816460853463626
3	15	0.9145112532064372	1.988905137793425	0.1666666666666667	0.3149776435930028	3.280440770391258	7.541837825730405	4.261397055339147	0.1334415973703998	0.9540770361603474	3.635010981388316
4	2	0.9996891281749499	1.999845046140242	0.6666666666666666	0.3332814597463901	4.001243873985576	1.000077482933019	-3.001166391052557	0.9821801573430456	0.1000859490118001	-2.560022604507423
1	8	0.7953281393407977	2.200752923805493	0.1111111111111111	0.2654561484079457	1.257342662148033	3.635119559976127	2.377776897828094	0.2647305585624332	0.9377471052404203	2.028265618681873
1	7	0.7944329276665134	2.205540829283875	0.125	0.2648132923916278	1.258759506529139	3.173824717755443	1.915065211226303	0.3312766158499706	0.9146543932633221	1.633568283471846
1	1	0.7944786410298397	2.205521358970159	0.5	0.2648262136766134	1.258687078992777	0.453407533748364	-0.805279545244413	0.929867076549709	0.4595195039029353	-0.6869108773573006
1	0	0.7944269662684839	2.205573033731515	1	0.2648089887561614	1.258768952289116	0	-1.258768952289116	1	0.2648089887561613	-1.073741523068998
2	0	0.7944269662684839	2.205573033731516	1	0.2648089887561613	2.517537904578231	0	-2.517537904578231	0.9999999999999999	0.07012380052606093	-2.147483046137997
1	0	0.7944269662684836	2.205573033731515	1	0.2648089887561613	1.258768952289116	0	-1.258768952289116	1	0.2648089887561613	-1.073741523068999
1	0	0.8956830914610928	2.000076667732753	1	0.3093084944693213	1.116466314406739	0	-1.116466314406739	1	0.3093084944693214	-0.9523560608213839
7	0	1.633714507450011	1.198010131569259	1	0.5769326879240017	4.284714353749589	0	-4.284714353749589	1	0.02127531611894329	-3.654900851934894
1	0	0.7944269662684836	2.205573033731515	1	0.2648089887561613	1.258768952289116	0	-1.258768952289116	1	0.2648089887561613	-1.073741523068999
0	0	0	1.276636044686918	0	0	0	0	0	0	0	0
3	0	1.656032102961033	1.217642460571767	1	0.5762768421923052	1.811559084293061	0	-1.811559084293061	0.9999999999999996	0.1913786572434846	-1.545276602795925
1	0	0.9999999999999997	1.999999999999999	1	0.3333333333333333	1	0	-1	1	0.3333333333333333	-0.8530092207282061
7	1	0.7944388850407655	2.205161751315024	0.875	0.2648482185968357	8.811250471004833	0.4534814733675029	-8.357768997637329	0.9999757910223608	0.0005617930514613123	-7.129254019700975
2	10	1.55409188544926	1.240953594012521	0.1666666666666667	0.5560166719535881	1.286925193243536	8.058319060639349	6.771393867395813	0.007013091228768032	0.9990596697292212	5.776061406071053
4	7	0.7993970710555321	2.181973544582841	0.3636363636363636	0.2681307271435506	5.003771148070832	3.208104890812638	-1.795666257258193	0.8541670843041084	0.3376710230520195	-1.531719874791745
0	4	0.7996993171763379	2.150381336285348	0	0.2710771030066429	0	1.860135192072377	1.860135192072377	0.2823100702976131	0.7176899297023869	1.586712470638769
3	14	0.859556365760262	2.06041961906321	0.1764705882352941	0.29437103942902	3.490172511661355	6.794732427545626	3.304559915884271	0.2162646504120093	0.9153377204499745	2.818820078698107
2	1	0.7944269662684841	2.000103354202984	0.6666666666666666	0.2842792437959504	2.51753790457823	0.4999741627844463	-2.017563741793784	0.9770260614789195	0.1964961883174319	-1.721000475156998
0	2	0.9993106674763101	1.997678154620352	0	0.333438236442004	0	1.001162271997758	1.001162271997758	0.4443045846375456	0.5556954153624544	0.8540006494592872
1	0	0.9999999999999996	1.999999999999999	1	0.3333333333333333	1	0	-1	1	0.3333333333333333	-0.8530092207282061
6	0	1.654209906290884	1.21601583429726	1	0.5763344265569565	3.627109218232993	0	-3.627109218232993	1	0.03664775488964755	-3.093957607741017
2	0	0.7944269662684839	2.205573033731515	1	0.2648089887561614	2.517537904578231	0	-2.517537904578231	1	0.07012380052606082	-2.147483046137997
2	0	0.9999999999999996	1.999999999999999	1	0.3333333333333333	2.000000000000001	0	-2.000000000000001	1	0.1111111111111109	-1.706018441456412
1	0	0.9999999999999996	1.999999999999999	1	0.3333333333333333	1	0	-1	1	0.3333333333333333	-0.8530092207282061
0	1	0.0007546646103682464	2.99924533538963	0	0.0002515548701227489	0	0.3334172060552994	0.3334172060552994	0.9997484451298773	0.0002515548701227388	0.2844079511146065
2	1	0.9999999999999999	1.999896596591518	0.6666666666666666	0.3333448229969659	2	0.5000258521887228	-1.499974147811278	0.9629591329430713	0.2592745789427788	-1.279491778936952
1	0	0.7944269662684839	2.205573033731515	1	0.2648089887561614	1.258768952289116	0	-1.258768952289116	1	0.2648089887561613	-1.073741523068998
1	5	0.7948220696420323	2.204494532151832	0.1666666666666667	0.2650010569629949	1.258143222482957	2.268093627394686	1.009950404911728	0.498720840823886	0.8423404483120331	0.8614970078678893
2	1	0.8186305557517405	2.112210433076529	0.6666666666666666	0.2793159229286688	2.443104506603005	0.4734376766350193	-1.969666829967986	0.9782085021596896	0.1904691587238614	-1.680143967725187
1	6	0.8181351609540013	1.465147169352226	0.1428571428571428	0.3583153734843975	1.222291924031149	4.095151753699072	2.872859829667923	0.2199001391455494	0.9552027409617869	2.4505759245664
1	0	0.7944269662684836	2.205573033731515	1	0.2648089887561613	1.258768952289116	0	-1.258768952289116	1	0.2648089887561613	-1.073741523068999
0	1	0.794426966268484	2.205573033731516	0	0.2648089887561614	0	0.4533969107829281	0.4533969107829281	0.7351910112438387	0.2648089887561613	0.3867517455475213
0	0	0.8181361702548062	2.077492034168285	0	0.2825418570675261	0	0	0	0	0	0
4	0	1.656655855611709	1.217457783686939	1	0.5764058292475771	2.414502678061055	0	-2.414502678061055	1	0.1103858628936875	-2.059593047859026
2	0	0.794426966268484	1.999999999999999	1	0.2842897580999642	2.517537904578231	0	-2.517537904578231	1	0.0808206665605361	-2.147483046137996
2	1	0.9206522501808398	2.079347749819159	0.6666666666666666	0.3068840833936134	2.17237290150233	0.4809200385490931	-1.691452862953237	0.9710983196991002	0.2247301613192146	-1.442824888526233
0	0	0	1.276636044686918	0	0	0	0	0	0	0	0
4	0	1	1.997979980828787	1	0.3335579311385366	4	0	-4	0.9999999999999998	0.01237898640582302	-3.412036882912822
4	2	0.9998600878070314	2.000139912192968	0.6666666666666666	0.3332866959356772	4.000559727084518	0.9999300487970293	-3.000629678287488	0.9821788651253466	0.100091119028442	-2.559564783569937
3	2	0.7946338873811998	2.205366112618799	0.6	0.2648779624604	3.775323513935226	0.9068789025805181	-2.868444611354708	0.9806030550229697	0.1198253037784915	-2.4468097026337
3	0	0.794426966268484	2.205573033731516	1	0.2648089887561614	3.776306856867346	0	-3.776306856867346	1	0.01856941270504486	-3.221224569206995
8	0	0.9999999999999998	2	1	0.3333333333333334	8.000000000000002	0	-8.000000000000002	1	0.0001524157902758061	-6.824073765825647
4	7	0.999689500155068	2.000310499844931	0.3636363636363636	0.3332298333850227	4.001242385140121	3.49945670961716	-0.5017856755229615	0.7112618174009009	0.5271471369971245	-0.4280278080504176
11	0	0.9999999999999997	1.999999999999999	1	0.3333333333333333	11	0	-11	1	5.645029269252255e-06	-9.383101428010265
0	2	0.7945999533381155	2.205347820870418	0	0.264871262149806	0	0.9068864244782164	0.9068864244782164	0.5404142612132193	0.4595857387867807	0.7735824822331522
1	3	0.8482914110329809	2.065624791910323	0.25	0.291117297805659	1.178840180383626	1.4523450782296	0.273504897845974	0.6673328451741497	0.7474789908866344	0.2333021997769417
0	0	0.7944269662684839	2.205573033731515	0	0.2648089887561614	0	0	0	0	0	0
0	0	0.8181361702548062	1.387436863476709	0	0.3709404121933049	0	0	0	0	0	0
3	6	0.9214107541165764	2.078589245883423	0.3333333333333333	0.3071369180388588	3.25587691113538	2.886573194719832	-0.3693037164155482	0.7131747956883319	0.556077788366927	-0.315019475351657
3	5	0.7950506680867541	2.204791178291499	0.375	0.2650308612257772	3.773344417431075	2.267788464154922	-1.505555953276152	0.8643449688725691	0.3592298502457439	-1.284253110466802
4	4	1.792124333131423	1.207780193849584	0.5	0.5973937893733408	2.231987996620023	3.311860900161572	1.079872903541549	0.4119727198391414	0.8222681830328011	0.9211415439354812
1	1	0.7944269662684836	2.000155217629914	0.5	0.2842739679819581	1.258768952289116	0.4999611986038517	-0.7588077536852642	0.9191883111277925	0.4877362470917089	-0.6472700106535875
2	1	1	2	0.6666666666666666	0.3333333333333333	2	0.5	-1.5	0.962962962962963	0.2592592592592592	-1.279513831092308
3	5	0.8303564358118425	1.38336952905198	0.375	0.3750945008511575	3.612906302179605	3.614363259415212	0.001456957235606904	0.6511540769293842	0.630477826713038	0.001242797956179366
2	5	1.000153926079743	1.883046915375714	0.2857142857142857	0.3468901339439329	1.999692195219696	2.655271071141835	0.6555788759221386	0.5394282754567618	0.7608572597993672	0.5592148260762164
1	2	0.9999999999999994	1.810358854211479	0.3333333333333333	0.355826444904516	1.000000000000001	1.104753345088105	0.1047533450881042	0.7102667455771459	0.7326940191620414	0.08935556926227656
3	0	0.9999999999999998	1.931032466690718	1	0.341176705261491	3.000000000000001	0	-3.000000000000001	1	0.03971349534197044	-2.559027662184618
2	2	0.8955509580519517	2.000313629151211	0.5	0.309251669435579	2.233262085220145	0.9998432100113501	-1.233418875208794	0.9091359682257525	0.3646524318061375	-1.052117673573314
3	1	0.9184232101833846	2.081576789816614	0.75	0.3061410700611283	3.266467971123008	0.4804050491397435	-2.786062921983264	0.9912161202148344	0.08841740856625691	-2.376537361980692
1	2	0.9995883123533839	2.000360036294633	0.3333333333333333	0.3332018408929831	1.000411857203139	0.9998200142533843	-0.0005918429497545619	0.7409160466997321	0.7035283458671061	-0.0005048474933636214
4	1	0.9995882673142542	2.000411732685745	0.8	0.3331960891047515	4.00164760911751	0.4998970880146779	-3.501750521102832	0.9958932385550966	0.04519974965993556	-2.987025483190515
2	0	0.9999999999999999	2	1	0.3333333333333334	2	0	-2	1	0.111111111111111	-1.706018441456412
2	0	0.9999999999999996	1.999999999999999	1	0.3333333333333333	2.000000000000001	0	-2.000000000000001	1	0.1111111111111109	-1.706018441456412
1	0	0.8181471001122579	2.077481104310833	1	0.2825456316741676	1.222274087218289	0	-1.222274087218289	1	0.2825456316741676	-1.042611066654352
1	2	0.8963418828851814	1.999160554486758	0.3333333333333333	0.3095635048743848	1.115645736402677	1.000419898997786	-0.1152258374048911	0.7718419804759715	0.6708671595359703	-0.0982887017725011
2	1	0.794426966268484	2.205573033731515	0.6666666666666666	0.2648089887561614	2.517537904578231	0.4533969107829282	-2.064140993795303	0.9814305872949551	0.1732325761680924	-1.760731300590475
1	0	0.8181910524631121	1.387381981268403	1	0.3709652956170076	1.222208427957705	0	-1.222208427957705	1	0.3709652956170076	-1.042555058699647
3	1	0.8185196987953963	1.38792259242057	0.75	0.370968097400051	3.665153086010095	0.7205012768442486	-2.944651809165846	0.9810614706794691	0.1473909673003013	-2.511815145052459
1	4	0.9999999999999996	1.999999999999999	0.2	0.3333333333333333	1	2.000000000000001	1	0.4609053497942389	0.868312757201646	0.8530092207282061
4	1	1	2	0.8	0.3333333333333333	4	0.5	-3.5	0.9958847736625519	0.04526748971193373	-2.98553227254872
3	7	0.92123676724391	2.078763232756088	0.3	0.3070789224146369	3.25649182345944	3.367386862388934	0.1108950389294945	0.6306335365439049	0.635879019530201	0.09459449073987211
4	0	0.9999999999999999	2	1	0.3333333333333334	4.000000000000001	0	-4.000000000000001	1	0.01234567901234573	-3.412036882912823
3	1	0.7945285911264368	2.205313699155269	0.75	0.2648567872052451	3.77582384511396	0.4534502281389916	-3.322373616974969	0.9950791012818869	0.05955518363326928	-2.834015329983768
2	4	0.9207987448540385	2.079201255145961	0.3333333333333333	0.3069329149513462	2.172027287371066	1.923815691290162	-0.2482115960809044	0.7313652136571476	0.5946810912159678	-0.2117267801486764
3	0	0.9999999999999996	1.931137186703392	1	0.3411645161257993	3.000000000000001	0	-3.000000000000001	1	0.03970923899138834	-2.559027662184618
5	2	0.9995862012583424	2.000155305401004	0.7142857142857143	0.3332241124907888	5.002069850209701	0.9999223533289715	-4.002147496880729	0.9931538652803619	0.0452045950461053	-3.41386871755357
2	0	0.8957049476190954	2.000107197018751	1	0.309310446562518	2.232878142870897	0	-2.232878142870897	1	0.09567295235270434	-1.904665644631347
2	7	0.9997929740825244	2.000207025917474	0.2222222222222222	0.333264324694175	2.000414137572162	3.499637742142803	1.499223604570641	0.3773479276308621	0.8568354191613452	1.278851558632134
4	3	0.8968493493213826	1.998436615621774	0.5714285714285714	0.3097619234095208	4.460057871510609	1.501173455564718	-2.95888441594589	0.9669243022523362	0.1390442285845003	-2.523955689870836
2	4	0.5178370531901142	2.482162946809886	0.3333333333333333	0.1726123510633714	3.8622187958144	1.611497748421739	-2.25072104739266	0.9318366988375996	0.27760884708106	-1.919885806712984
3	1	0.9389585774903015	2.060453389335202	0.75	0.3130475532789415	3.19502912260364	0.4853300759803387	-2.709699046623301	0.9903962409581578	0.09390182433461636	-2.311398272168104
1	20	0.794530276318438	2.205469723681562	0.04761904761904762	0.2648434254394793	1.258605278874499	9.068362981929427	7.809757703054928	0.01338817975507432	0.9984369360175455	6.661795332358985
4	1	0.9166383990848904	2.083361600915109	0.8	0.3055461330282969	4.363770930819971	0.4799934872375268	-3.883777443582444	0.9973369215610465	0.03292667728818144	-3.312897970632044
3	1	0.9999483241711997	2.000051675828799	0.75	0.3333161080570667	3.000155035497989	0.4999870813765905	-2.500167954121399	0.9876568726826346	0.1110958003478499	-2.132666318234727
3	0	0.7944269662684841	2.205573033731516	1	0.2648089887561614	3.776306856867346	0	-3.776306856867346	1	0.01856941270504486	-3.221224569206994
1	0	0.8958802111186782	2.000352009922433	1	0.3093260977521463	1.116220659401895	0	-1.116220659401895	1	0.3093260977521463	-0.9521465148371344
0	3	0.3064033374458905	2.693596662554108	0	0.1021344458152969	0	1.113752493721668	1.113752493721668	0.7238255877637284	0.2761744122362716	0.9500411467536156
0	0	0.7944269662684839	2.205573033731515	0	0.2648089887561614	0	0	0	0	0	0
2	0	0.9193074948816058	2.080692505118393	1	0.306435831627202	2.175550630377024	0	-2.175550630377024	1	0.09390291890505487	-1.855764747872662
2	0	0.7944269662684837	1.999999999999999	1	0.2842897580999642	2.517537904578231	0	-2.517537904578231	1	0.0808206665605361	-2.147483046137997
0	0	0	1.276636044686918	0	0	0	0	0	0	0	0
0	0	0.9999999999999996	1.999999999999999	0	0.3333333333333333	0	0	0	0	0	0
0	2	0.1828810768373974	2.817118923162602	0	0.06096035894579915	0	0.7099451796499688	0.7099451796499688	0.8817954474712024	0.1182045525287976	0.6055897844529659
2	0	0.9999999999999996	1.999999999999999	1	0.3333333333333333	2.000000000000001	0	-2.000000000000001	1	0.1111111111111109	-1.706018441456412
0	1	0.8181556601416466	2.077472544281445	0	0.2825485878649436	0	0.4813541352219794	0.4813541352219794	0.7174514121350564	0.2825485878649436	0.41059951578
9	1	0.9999999999999998	1.999936532902228	0.9	0.3333403853822767	9.000000000000002	0.500015867277968	-8.499984132722034	0.9999830613290388	0.0003557013397100794	-7.250564841255335
4	0	0.9999999999999996	1.931293276050543	1	0.3411463493503941	4.000000000000002	0	-4.000000000000002	0.9999999999999999	0.01354449798138835	-3.412036882912824
1	0	0.7944269662684839	2.205573033731515	1	0.2648089887561614	1.258768952289116	0	-1.258768952289116	1	0.2648089887561613	-1.073741523068998
0	2	0.1815428377383133	2.818457162261686	0	0.06051427924610447	0	0.7096080887016532	0.7096080887016532	0.8826334195004667	0.1173665804995333	0.6053022427658286
0	1	0.9993762834979713	2.000623716502028	0	0.3331254278326572	0	0.4998441194871171	0.4998441194871171	0.6668745721673428	0.3331254278326572	0.4263716428492819
5	0	1.656200985015376	1.217527675940348	1	0.5763247614562776	3.018957267407724	0	-3.018957267407724	1	0.0635823237320251	-2.575198386083216
1	0	0.9206123151682333	2.079387684831766	1	0.3068707717227445	1.08623356816301	0	-1.08623356816301	1	0.3068707717227446	-0.9265672495075478
1	2	0.7945302763184378	2.205469723681561	0.3333333333333333	0.2648434254394793	1.258605278874499	0.9068362981929431	-0.3517689806815557	0.8267271962854892	0.6026808144634072	-0.300062184087529
1	0	0.7944269662684839	2.205573033731515	1	0.2648089887561614	1.258768952289116	0	-1.258768952289116	1	0.2648089887561613	-1.073741523068998
0	2	0.99938287062144	2.000617129378559	0	0.3331276235404801	0	0.9996915304935181	0.9996915304935181	0.4447187664847677	0.5552812335152324	0.8527460933948631
5	0	0.9999999999999997	1.999704133703555	1	0.3333662106086975	5.000000000000002	0	-5.000000000000002	1	0.00411725619926917	-4.26504610364103
5	0	0.7944269662684837	2.205573033731516	1	0.2648089887561613	6.293844761445579	0	-6.293844761445579	1	0.001302157792414715	-5.368707615344992
0	0	1.794426966268483	1.205573033731516	0	0.5981423220894946	0	0	0	0	0	0
0	0	0.9206123151682332	2.079387684831766	0	0.3068707717227445	0	0	0	0	0	0
0	0	0.9999999999999996	1.999999999999999	0	0.3333333333333333	0	0	0	0	0	0
1	0	0.9999999999999996	1.999999999999999	1	0.3333333333333333	1	0	-1	1	0.3333333333333333	-0.8530092207282061
3	0	0.9403849214146743	2.059351979607335	1	0.3134891333617577	3.190183010896145	0	-3.190183010896145	1	0.03080828149308734	-2.721255524104881
0	0	0.9999999999999996	1.999999999999999	0	0.3333333333333333	0	0	0	0	0	0
3	0	0.794426966268484	1.999999999999999	1	0.2842897580999642	3.776306856867346	0	-3.776306856867346	1	0.02297648774597261	-3.221224569206995
1	0	0.7944269662684839	2.205573033731515	1	0.2648089887561614	1.258768952289116	0	-1.258768952289116	1	0.2648089887561613	-1.073741523068998
1	1	0.8182322903630389	2.077395914060053	0.5	0.2825750519742775	1.222146830157868	0.4813718912374313	-0.7407749389204364	0.9201513400017345	0.4853014439502893	-0.6318878533835056
0	2	0.1821844824351831	2.817815517564815	0	0.06072816081172772	0	0.7097696735407363	0.7097696735407363	0.8822315878921196	0.1177684121078804	0.6054400761234964
3	7	1.122149656755731	1.092289424213217	0.3	0.5067421661763322	2.673440197516398	6.408557882945852	3.735117685429455	0.1610373125305984	0.9498955746596122	3.186089826176318
1	5	0.7947128370212663	2.205287162978733	0.1666666666666667	0.2649042790070888	1.2583161532261	2.267278422482804	1.008962269256704	0.4989453981435205	0.8422158522749094	0.8606541190428231
5	0	0.9999999999999997	1.999565184065031	1	0.3333816532184152	5.000000000000002	0	-5.000000000000002	0.9999999999999999	0.004118209911274651	-4.26504610364103
1	2	0.8183143772465158	2.077313827176576	0.3333333333333333	0.2826034005320624	1.222024233968398	0.9627818261424376	-0.2592424078259602	0.8055460154500075	0.6307861863327628	-0.221136164279326
2	0	0.7944269662684837	2.205573033731515	1	0.2648089887561613	2.517537904578231	0	-2.517537904578231	0.9999999999999999	0.07012380052606093	-2.147483046137997
0	0	0.9999999999999996	1.794426966268483	0	0.3578551209500179	0	0	0	0	0	0
0	1	0.1817723805953396	2.818227619404659	0	0.0605907935317799	0	0.3548329429158197	0.3548329429158197	0.9394092064682201	0.06059079353177987	0.3026757721253193
0	0	0	2.999999999999999	0	0	0	0	0	0	0	0
3	3	0.8946934936778876	2.00135502271089	0.5	0.3089359479355422	3.35310362844784	1.498984421033115	-1.854119207414726	0.9222090302503491	0.2724122120927152	-1.581580780254033
2	0	0.9999999999999996	1.794526834745164	1	0.3578423322212224	2.000000000000001	0	-2.000000000000001	1	0.1280511347295237	-1.706018441456412
1	0	0.7944269662684837	2.205573033731516	1	0.2648089887561613	1.258768952289116	0	-1.258768952289116	1	0.2648089887561613	-1.073741523068998
2	0	0.9999999999999998	2	1	0.3333333333333334	2	0	-2	1	0.111111111111111	-1.706018441456412
2	2	0.9998964867510808	2.000103513248918	0.5	0.3332988289170271	2.000207047930042	0.9999482460541507	-1.000258801875892	0.8889195571000514	0.4073460662230274	-0.853229981114683
2	0	0.9196820806414135	2.080317919358586	1	0.3065606935471379	2.174664530383304	0	-2.174664530383304	1	0.09397945882810221	-1.855008896407532
3	2	0.9996378970749445	1.999443775466463	0.6	0.3333146630274514	3.001086702273238	1.000278189634718	-2.00080851263852	0.9547417295467003	0.2098488842721036	-1.706708110192144
2	2	0.8181990133991658	2.077239991708284	0.5	0.2825820236433551	2.444393072158695	0.962816048209835	-1.48157702394886	0.9288696759192985	0.3177256391351773	-1.263798862647431
2	0	0.7944269662684841	2.079387684831766	1	0.2764363964684831	2.51753790457823	0	-2.51753790457823	1	0.07641708129248037	-2.147483046137996
3	1	0.8301581006597942	2.113966840885348	0.75	0.2819710838168807	3.61376947067752	0.4730443168073494	-3.140725153870171	0.9936785268955218	0.0707110611494286	-2.679067516024268
0	0	0.9999999999999996	1.999999999999999	0	0.3333333333333333	0	0	0	0	0	0
1	5	0.8466368202485379	2.094731778326817	0.1666666666666667	0.2878377163129451	1.18114399950907	2.38694044351291	1.20579644400384	0.4468278419463834	0.8695410683944075	1.028555485056557
1	0	0.794426966268484	2.079387684831766	1	0.2764363964684831	1.258768952289115	0	-1.258768952289115	1	0.2764363964684831	-1.073741523068998
2	0	0.9198692122650669	2.080130787734933	1	0.3066230707550223	2.174222132160768	0	-2.174222132160768	0.9999999999999998	0.09401770751923966	-1.854631526644474
4	0	1	2	1	0.3333333333333333	4	0	-4	1	0.01234567901234551	-3.412036882912822
1	0	0.9999999999999996	1.999999999999999	1	0.3333333333333333	1	0	-1	1	0.3333333333333333	-0.8530092207282061
2	0	0.7944269662684837	2.205573033731516	1	0.2648089887561613	2.517537904578231	0	-2.517537904578231	0.9999999999999999	0.07012380052606093	-2.147483046137997
2	0	0.9999999999999997	1.93105023248565	1	0.3411746373080611	2.000000000000001	0	-2.000000000000001	1	0.116400133142287	-1.706018441456412
1	0	0.7944269662684839	2.205573033731515	1	0.2648089887561614	1.258768952289116	0	-1.258768952289116	1	0.2648089887561613	-1.073741523068998
4	0	0.9206123151682333	2.079387684831766	1	0.3068707717227445	4.344934272652042	0	-4.344934272652042	0.9999999999999998	0.008867926849181584	-3.706268998030191
1	2	0.9999999999999996	1.999999999999999	0.3333333333333333	0.3333333333333333	1	1	0	0.7407407407407408	0.7037037037037037	0
0	1	0.7944269662684836	2.205573033731515	0	0.2648089887561613	0	0.4533969107829282	0.4533969107829282	0.7351910112438387	0.2648089887561613	0.3867517455475213
0	4	0.794800972660439	2.205009052007813	0	0.264950435569111	0	1.814051509837442	1.814051509837442	0.2919217798655152	0.7080782201344848	1.547402664767261
2	2	0.8190421647747687	2.076586039648323	0.5	0.2828547406478761	2.441876726273289	0.9631192552651018	-1.478757471008187	0.9286820506769831	0.318201660989585	-1.261393757990706
0	0	0.9999999999999996	1.999999999999999	0	0.3333333333333333	0	0	0	0	0	0
3	0	0.794426966268484	2.205573033731516	1	0.2648089887561614	3.776306856867346	0	-3.776306856867346	1	0.01856941270504486	-3.221224569206995
1	0	0.8181580444277343	1.387414989303781	1	0.3709503298757363	1.22225773713373	0	-1.22225773713373	1	0.3709503298757364	-1.042597119881463
0	0	0.7944269662684836	2.205573033731515	0	0.2648089887561613	0	0	0	0	0	0
0	0	0.9999999999999996	1.999999999999999	0	0.3333333333333333	0	0	0	0	0	0
0	0	0.7944269662684839	2.205573033731515	0	0.2648089887561614	0	0	0	0	0	0
6	2	0.9382749333871895	2.059672444977203	0.75	0.3129724491358782	6.394714157331148	0.9710281869708346	-5.423685970360313	0.9982913285867012	0.01412928321703621	-4.626454143051553
1	5	0.9210207953541653	2.078979204645834	0.1666666666666667	0.3070069317847218	1.08575181477359	2.40502646146082	1.31927464668723	0.4051616713631422	0.8892424493003214	1.125353438297153
0	0	0.9999999999999996	1.999999999999999	0	0.3333333333333333	0	0	0	0	0	0
7	0	0.7944269662684842	2	1	0.2842897580999642	8.811382666023805	0	-8.811382666023805	0.9999999999999993	0.000150081961719839	-7.516190661482985
1	0	0.9999999999999997	1.999999999999999	1	0.3333333333333333	1	0	-1	1	0.3333333333333333	-0.8530092207282061
4	9	0.9997409608593629	2.000259039140636	0.3076923076923077	0.3332469869531211	4.001036425037199	4.499417237412729	0.4983808123755296	0.5523063586801938	0.6773380363483499	0.4251234283903406
2	0	0.7944269662684837	2.079387684831766	1	0.276436396468483	2.517537904578231	0	-2.517537904578231	0.9999999999999999	0.07641708129248048	-2.147483046137997
1	0	0.9999999999999996	1.999999999999999	1	0.3333333333333333	1	0	-1	1	0.3333333333333333	-0.8530092207282061
1	0	0.8956861871041555	1.999768475748714	1	0.3093421556881304	1.116462455710188	0	-1.116462455710188	1	0.3093421556881304	-0.952352769317646
1	0	0.7944269662684837	1.999999999999999	1	0.2842897580999642	1.258768952289116	0	-1.258768952289116	1	0.2842897580999642	-1.073741523068998
6	0	0.9999999999999999	2	1	0.3333333333333334	6.000000000000001	0	-6.000000000000001	0.9999999999999999	0.001371742112482921	-5.118055324369235
3	1	0.8615405549982569	2.03419266613676	0.75	0.2975206931046521	3.482134395874225	0.4915955192676766	-2.990538876606549	0.9921644640353127	0.08183780876378788	-2.550957236691556
1	2	0.8125825844548803	1.586100880167373	0.3333333333333333	0.3387619068707952	1.230644145137381	1.260953842853268	0.03030969771588699	0.7334734932338656	0.7108830229092125	0.02585445162913623
1	9	0.7945304120767596	2.205469587923241	0.1	0.2648434706922532	1.258605063821509	4.080763593060816	2.822158529239307	0.2122248622962845	0.9538896745186117	2.40732724779788
5	0	0.9999999999999998	2	1	0.3333333333333334	5.000000000000001	0	-5.000000000000001	1	0.004115226337448541	-4.265046103641029
7	0	1.793974434504182	1.205612727908935	1	0.5980737806135161	3.901950811207996	0	-3.901950811207996	0.9999999999999994	0.02737053864968408	-3.328400020788322
2	0	0.8181909400717375	2.077437264351353	1	0.2825607717254396	2.444417191694451	0	-2.444417191694451	0.9999999999999999	0.07984058971807606	-2.085110403821913
3	0	1.65642486173587	1.217648053931498	1	0.5763336249077882	1.811129541279714	0	-1.811129541279714	0.9999999999999998	0.1914352345853941	-1.544910198644842
0	0	0.9999999999999996	1.999999999999999	0	0.3333333333333333	0	0	0	0	0	0
2	0	0.9999999999999996	1.999999999999999	1	0.3333333333333333	2.000000000000001	0	-2.000000000000001	1	0.1111111111111109	-1.706018441456412
4	0	0.9999999999999994	1.944894058866512	1	0.3395707893087669	4.000000000000003	0	-4.000000000000003	0.9999999999999999	0.01329600888071858	-3.412036882912825
0	0	0	2.999999999999999	0	0	0	0	0	0	0	0
5	0	1.090505122090498	1.225860243592179	1	0.4707828645025113	4.585031192164418	0	-4.585031192164418	1	0.02312614451979456	-3.911073884242686
2	0	0.7944269662684837	2.205573033731516	1	0.2648089887561613	2.517537904578231	0	-2.517537904578231	0.9999999999999999	0.07012380052606093	-2.147483046137997
3	3	0.9983008720302216	2.001647330067595	0.5	0.3327727029860467	3.005106059758286	1.498765519247934	-1.506340540510352	0.9004156036268932	0.3185089611827383	-1.284922370612039
2	1	0.9996915277177265	1.998705034333542	0.6666666666666666	0.3334087092982175	2.000617134933568	0.5003239511694354	-1.500293183764133	0.9629378319593705	0.2593597662264511	-1.279763919546482
0	0	0.8616819776565404	2.069159011171728	0	0.2940050248174792	0	0	0	0	0	0
1	2	0.8199622094354453	2.075744823339906	0.3333333333333333	0.2831647677595214	1.219568400217509	0.9635095689565388	-0.2560588312609701	0.8048627395165968	0.6316522444864074	-0.2184205441144952
1	1	0.8183794208661387	1.387193612865376	0.5	0.3710507012690291	1.22192710923943	0.7208799051016446	-0.5010472041377858	0.8623213770877616	0.60442277962582	-0.4273978851496189
3	1	0.9999999999999996	1.999999999999999	0.75	0.3333333333333333	3.000000000000001	0.5000000000000002	-2.500000000000001	0.9876543209876545	0.1111111111111109	-2.132523051820515
2	1	0.8955853427270459	2.000174035845014	0.6666666666666666	0.3092747793045816	2.233176342424303	0.4999564948244766	-1.733219847599826	0.9704175923790124	0.2277878520997175	-1.478452511551787
5	0	0.9999999999999998	1.9998607333949	1	0.3333488081189403	5.000000000000001	0	-5.000000000000001	0.9999999999999999	0.004116181659824414	-4.265046103641029
0	2	0.1841146836781248	2.815678394037666	0	0.06137579456591049	0	0.7103083946785598	0.7103083946785598	0.8810153990267759	0.1189846009732241	0.605899610221461
1	0	0.7944269662684836	2.205573033731515	1	0.2648089887561613	1.258768952289116	0	-1.258768952289116	1	0.2648089887561613	-1.073741523068999
9	0	0.9999999999999996	1.999878200148908	1	0.3333468671995955	9.000000000000004	0	-9.000000000000004	1	5.082383141452596e-05	-7.677082986553854
2	0	0.9999999999999997	1.999999999999999	1	0.3333333333333333	2.000000000000001	0	-2.000000000000001	1	0.1111111111111109	-1.706018441456412
1	0	0.3392323159356742	2.660767684064325	1	0.1130774386452248	2.947832364501564	0	-2.947832364501564	1	0.1130774386452248	-2.514528188080863
9	0	0.9999999999999999	2	1	0.3333333333333334	9.000000000000002	0	-9.000000000000002	0.9999999999999998	5.080526342549074e-05	-7.677082986553852
0	0	0.9999999999999996	1.999999999999999	0	0.3333333333333333	0	0	0	0	0	0
2	0	0.794426966268484	2.205573033731515	1	0.2648089887561614	2.517537904578231	0	-2.517537904578231	1	0.07012380052606082	-2.147483046137996
0	0	0.1818638297451934	2.818136170254805	0	0.06062127658173116	0	0	0	0	0	0
0	0	0.8181361702548062	2.112704818573463	0	0.2791472390939543	0	0	0	0	0	0
1	0	0.7944269662684836	2.205573033731515	1	0.2648089887561613	1.258768952289116	0	-1.258768952289116	1	0.2648089887561613	-1.073741523068999
1	0	0.9999999999999999	2	1	0.3333333333333334	1	0	-1	1	0.3333333333333334	-0.8530092207282058
0	0	0	1.276636044686918	0	0	0	0	0	0	0	0
6	1	0.8608727277216556	2.06998565076936	0.8571428571428571	0.293727166771151	6.969671365800275	0.4830951362529136	-6.486576229547362	0.9998113708475491	0.003363567077903085	-5.533109334760297
2	0	0.9999999999999996	1.930980213390235	1	0.3411827877347933	2.000000000000001	0	-2.000000000000001	0.9999999999999999	0.1164056946464851	-1.706018441456412
0	1	0.0008325561054588391	2.999104008223214	0	0.0002775245701387518	0	0.3334329177174615	0.3334329177174615	0.9997224754298613	0.000277524570138743	0.2844213533073038
2.5	18.5	0.9222935951812057	2.07253170786276	0.119047619047619	0.3079624024292097	2.710633591149267	8.926280804204248	6.215647213054981	0.048554133434155	0.9863220172440554	5.302004385529473
1	0	0.7944269662684835	2.205573033731515	1	0.2648089887561613	1.258768952289116	0	-1.258768952289116	1	0.2648089887561613	-1.073741523068999
1	0	0.9999999999999996	1.999999999999999	1	0.3333333333333333	1	0	-1	1	0.3333333333333333	-0.8530092207282061
0	0	0	1.276636044686918	0	0	0	0	0	0	0	0
6	0	0.7944269662684841	2	1	0.2842897580999642	7.552613713734692	0	-7.552613713734692	1	0.0005279189891407299	-6.442449138413989
2	0	1	2	1	0.3333333333333333	2	0	-2	1	0.1111111111111109	-1.706018441456411
0	0	0.7944269662684839	2.205573033731515	0	0.2648089887561614	0	0	0	0	0	0
4	0	0.9387567991086084	2.060243213913828	1	0.3130232727683504	4.26095449193889	0	-4.26095449193889	0.9999999999999999	0.009600779851711594	-3.63463347072714
2	0	0.7944269662684839	2.205573033731516	1	0.2648089887561613	2.517537904578231	0	-2.517537904578231	0.9999999999999999	0.07012380052606093	-2.147483046137997
0	1	0.8188732440618802	1.387299561080838	0	0.3711736642537877	0	0.7208248514263964	0.7208248514263964	0.6288263357462123	0.3711736642537877	0.614870244796755
2	0	0.7944269662684836	2.205573033731515	1	0.2648089887561613	2.517537904578232	0	-2.517537904578232	0.9999999999999999	0.07012380052606093	-2.147483046137997
0	1	0.9999483194751341	2.000051680524864	0	0.3333161064917115	0	0.4999870802026348	0.4999870802026348	0.6666838935082885	0.3333161064917115	0.4264935896578204
6	0	0.8612764466324098	2.06956454219586	1	0.2938666580395896	6.966404368144508	0	-6.966404368144508	0.9999999999999997	0.0006440237512920222	-5.942407161348515
1	0	0.9999999999999999	1.932947611668769	1	0.3409539249939164	1	0	-1	1	0.3409539249939164	-0.8530092207282058
5	2	0.8252552853904611	2.097738793738212	0.7142857142857143	0.28233217825623	6.058731265967356	0.9534075481513886	-5.105323717815967	0.9973126137802502	0.02209035286364902	-4.354888206099424
1	0	0.9999999999999996	1.930945453878947	1	0.3411868339878363	1	0	-1	1	0.3411868339878363	-0.8530092207282061
3	0	0.8191112615435987	1.386461772187917	1	0.3713825155713747	3.662506109788505	0	-3.662506109788505	0.9999999999999999	0.0512229233853625	-3.124151482622984
0	0	0.9999999999999996	1.999999999999999	0	0.3333333333333333	0	0	0	0	0	0
3	0	0.9999999999999997	1.999999999999999	1	0.3333333333333333	3.000000000000001	0	-3.000000000000001	1	0.03703703703703698	-2.559027662184618
4	0	0.7944269662684836	2.205573033731515	1	0.2648089887561613	5.035075809156464	0	-5.035075809156464	0.9999999999999999	0.004917347400218874	-4.294966092275994
3	1	1.000845905436457	1.999154094563542	0.75	0.3336153018121524	2.997464428544308	0.5002115658414623	-2.497252862702846	0.9876124948456353	0.1113619087713773	-2.130179718375436
1	2	0.8181630863162761	2.077535743041372	0.3333333333333333	0.2825442611715836	1.222250205032388	0.9626789848015492	-0.259571220230839	0.8056179499165255	0.6306948691915195	-0.2214166442925774
1	0	0.7944269662684839	2.205573033731515	1	0.2648089887561614	1.258768952289116	0	-1.258768952289116	1	0.2648089887561613	-1.073741523068998
3	0	0.9999999999999999	2	1	0.3333333333333334	3	0	-3	0.9999999999999999	0.0370370370370372	-2.559027662184617
1	0	0.8181471099464435	1.387425923785072	1	0.3709453722156982	1.222274072526469	0	-1.222274072526469	1	0.3709453722156981	-1.042611054122093
3	2	0.9999085758061066	2.00005665748489	0.6	0.3333067212612978	3.000274297659123	0.99997167206005	-2.000302625599073	0.9547456507405899	0.209837119491818	-1.706276583882849
2	0	0.9999999999999997	1.999999999999999	1	0.3333333333333333	2.000000000000001	0	-2.000000000000001	1	0.1111111111111109	-1.706018441456412
6	2	0.9186489611051265	2.081351038894873	0.75	0.3062163203683755	6.531330523448319	0.960914311245609	-5.57041621220271	0.9985214520072255	0.01259013755718952	-4.751616392302797
5	1	0.7944269662684841	2.205573033731516	0.8333333333333334	0.2648089887561614	6.293844761445576	0.453396910782928	-5.840447850662648	0.99965517691179	0.006088831313436405	-4.981955869797469
1	1	0.8181800302302699	1.38808773907317	0.5	0.3708434858242908	1.222224893118643	0.7204155557686166	-0.5018093373500269	0.862475109021689	0.6041620806702707	-0.4280479918070837
2	1	0.9206922467677263	2.079307753232272	0.6666666666666666	0.3068974155892423	2.172278529575326	0.4809292893009732	-1.691349240274353	0.9710945527432677	0.2247471765726047	-1.442736497425669
1	0	0.7944269662684836	2.205573033731516	1	0.2648089887561613	1.258768952289116	0	-1.258768952289116	1	0.2648089887561613	-1.073741523068999
10	1	0.9999652222930594	1.997598887217919	0.9090909090909091	0.333592605782898	10.00034778916472	0.5006009997295866	-9.499746789435129	0.9999943064836349	0.0001308048489664371	-8.103371605971333
3	0	0.8613517029786124	2.034276501444479	1	0.2974662636808455	3.482897856503676	0	-3.482897856503676	1	0.02632165276545939	-2.970943986452138
2	0	1.794426966268484	1.205573033731516	1	0.5981423220894947	1.114561939602929	0	-1.114561939602929	0.9999999999999999	0.3577742374746129	-0.9507316115540116
2	0	0.7944269662684837	2.205573033731516	1	0.2648089887561613	2.517537904578231	0	-2.517537904578231	0.9999999999999999	0.07012380052606093	-2.147483046137997
9	1	1.031346951258139	1.539315503283051	0.9	0.401198900865502	8.726452324332671	0.6496394000237123	-8.076812924308959	0.9998919568231579	0.001720619206030061	-6.889595898532285
3	0	1.656217582162788	1.217636334813674	1	0.5763054177455439	1.811356208453252	0	-1.811356208453252	1	0.1914071280501646	-1.545103547833906
2	0	0.9206123151682335	2.079387684831766	1	0.3068707717227446	2.17246713632602	0	-2.17246713632602	1	0.09416967053771286	-1.853134499015095
4	0	0.9999999999999998	1.999442026872533	1	0.3333953418805307	4.000000000000001	0	-4.000000000000001	1	0.01235486802747332	-3.412036882912823
0	1	0.8182338046067533	2.077394399816338	0	0.2825755749156247	0	0.4813722421165714	0.4813722421165714	0.7174244250843753	0.2825755749156247	0.4106149611280457
1	0	0.9999999999999996	1.999999999999999	1	0.3333333333333333	1	0	-1	1	0.3333333333333333	-0.8530092207282061
7	0	0.7944269662684842	2.205573033731516	1	0.2648089887561614	8.811382666023805	0	-8.811382666023805	1.000000000000001	9.131225328817827e-05	-7.516190661482985
4	0	0.8614625479987629	2.069378440829507	1	0.2939301556387642	4.643266279297082	0	-4.643266279297082	1	0.007464085034493584	-3.960748950536759
1	0	0.8181800399600471	2.077448164463044	1	0.2825570073914433	1.222224878583975	0	-1.222224878583975	1	0.2825570073914433	-1.042569091235542
2	0	0.7944269662684839	2.205573033731516	1	0.2648089887561613	2.517537904578231	0	-2.517537904578231	0.9999999999999999	0.07012380052606093	-2.147483046137997
3	0	0.7944269662684839	2.205573033731516	1	0.2648089887561613	3.776306856867347	0	-3.776306856867347	0.9999999999999997	0.0185694127050452	-3.221224569206995
5	0	0.8614184706214867	1.344154563110029	1	0.3905644734711365	5.804379834568273	0	-5.804379834568273	0.9999999999999998	0.009087902985647212	-4.951189519495593
1	0	0.9206123151682332	2.079387684831765	1	0.3068707717227446	1.086233568163011	0	-1.086233568163011	1	0.3068707717227446	-0.926567249507548
3	1	0.8187723843282712	2.112068604499998	0.75	0.2793643146964486	3.664021964371978	0.4734694686855286	-3.190552495686449	0.993909068456007	0.06893850936883528	-2.72157069803793
3	0	0.8183772865813914	2.077250917841701	1	0.2826251261578798	3.665790887882415	0	-3.665790887882415	1	0.02257523644420156	-3.126953428625136
1	0	0.8181800399600471	2.112660948868222	1	0.279162207393295	1.222224878583975	0	-1.222224878583975	1	0.279162207393295	-1.042569091235542
3	0	0.794426966268484	2.205573033731516	1	0.2648089887561614	3.776306856867346	0	-3.776306856867346	1	0.01856941270504486	-3.221224569206995
4	1	0.9999999999999998	1.795495931173356	0.8	0.357718281342756	4.000000000000001	0.5569491874852095	-3.443050812514791	0.9941425892815453	0.05844219627943792	-2.936954090510858
0	0	0.8181361702548062	2.112704818573463	0	0.2791472390939543	0	0	0	0	0	0
3	1	0.9997943826036966	2.000205617396303	0.75	0.3332647942012322	3.000616979050536	0.4999486009351952	-2.500668378115341	0.9876644718018385	0.1110501968333574	-2.133093184515833
1	0	0.8183115665990389	2.11252942222923	1	0.2792070841503396	1.222028431244191	0	-1.222028431244191	1	0.2792070841503396	-1.042401519843319
6	0	0.9999999999999998	1.982822377113606	1	0.3352529495798111	6.000000000000002	0	-6.000000000000002	1	0.001419827700717469	-5.118055324369235
3	0	0.8963400938123928	2.000994386788517	1	0.3093671441160259	3.346943889612407	0	-3.346943889612407	0.9999999999999998	0.02960891986629755	-2.854973999099309
2	2	0.9188992979112908	2.081100702088709	0.5	0.3062997659704302	2.176517061821803	0.9610299001834405	-1.215487161638362	0.9114587012823477	0.3594283603743692	-1.036821756554278
3	0	0.8612874390891989	1.344285594642317	1	0.3905050641791821	3.483157728588802	0	-3.483157728588802	1	0.05954975936889273	-2.971165659736961
3	0	0.7944269662684839	2.205573033731515	1	0.2648089887561614	3.776306856867347	0	-3.776306856867347	1	0.01856941270504486	-3.221224569206995
2	4	0.9996198151817053	2.000380184818294	0.3333333333333333	0.3332066050605685	2.000760658827528	1.999619887438218	-0.001140771389309458	0.6806343914361205	0.6485836441726999	-0.0009730885138238937
1	0	0.8616600690576361	2.069180919770632	1	0.2939975496255504	1.160550472175949	0	-1.160550472175949	1	0.2939975496255505	-0.989960253886557
2	0	0.8182238752615798	2.077404329161512	1	0.2825721458341017	2.444318798886937	0	-2.444318798886937	1	0.07984701760128887	-2.08502647384985
0	0	0.7944269662684836	1.999999999999999	0	0.2842897580999642	0	0	0	0	0	0
2	3	0.9998203414989993	2.000179658500999	0.4	0.3332734471663333	2.000359381567955	1.499865268227105	-0.5004941133408503	0.790212169067142	0.5389763512303903	-0.4269260935999329
2	0	0.8613753484384566	2.069465640389812	1	0.2939004032364201	2.321868165400482	0	-2.321868165400482	1	0.08637744702253025	-1.980574954401893
2	0	0.7944269662684839	2.205573033731515	1	0.2648089887561614	2.517537904578231	0	-2.517537904578231	1	0.07012380052606082	-2.147483046137997
6	1	1	2	0.8571428571428571	0.3333333333333333	6	0.5	-5.5	0.9995427526291726	0.00685871056241405	-4.691550714005131
1	0	0.8181580977088945	2.077470106714197	1	0.2825494296744149	1.222257657536265	0	-1.222257657536265	1	0.2825494296744149	-1.042597051984091
1	2	0.1853090873520406	2.814690912647958	0.3333333333333333	0.06176969578401358	5.39638942854568	0.7105575930248318	-4.685831835520848	0.9890248780182749	0.1740982833853039	-3.997057762481056
2	0	0.7944269662684836	2.205573033731515	1	0.2648089887561613	2.517537904578232	0	-2.517537904578232	0.9999999999999999	0.07012380052606093	-2.147483046137997
1	1	0.9998966127431738	2.000103387256825	0.5	0.3332988709143914	1.000103397946856	0.4999741545218403	-0.500129243425016	0.8889118626471919	0.5555096044759746	-0.4266148561973599
0	0	0	1.276636044686918	0	0	0	0	0	0	0	0
2	0	0.9999999999999996	1.794647035084135	1	0.3578269410934373	2.000000000000001	0	-2.000000000000001	0.9999999999999998	0.1280401197722864	-1.706018441456412
1	0	0.7944269662684839	1.999999999999999	1	0.2842897580999642	1.258768952289116	0	-1.258768952289116	1	0.2842897580999642	-1.073741523068998
5	0	0.7944269662684839	2.205573033731515	1	0.2648089887561614	6.293844761445578	0	-6.293844761445578	1	0.001302157792414271	-5.368707615344992
12	0	0.9999999999999997	1.999999999999999	1	0.3333333333333333	12	0	-12	0.9999999999999999	1.881676423232115e-06	-10.23611064873847
1	0	0.8616600906345008	2.069180898193768	1	0.2939975569875549	1.160550443114558	0	-1.160550443114558	1	0.2939975569875549	-0.9899602290969228
2	2	1.001037047249728	1.998962952750271	0.5	0.3336790157499094	1.997928054206231	1.0005187926311	-0.9974092615751307	0.8885813766370867	0.4080219537605767	-0.8507992969632973
1	0	1.000399884619741	1.999600115380257	1	0.3334666282065806	0.9996002752240487	0	-0.9996002752240487	1	0.3334666282065806	-0.8526682518085656
2	0	0.9999999999999997	1.999999999999999	1	0.3333333333333333	2.000000000000001	0	-2.000000000000001	1	0.1111111111111109	-1.706018441456412
2	1	0.9999999999999997	1.999999999999999	0.6666666666666666	0.3333333333333333	2.000000000000001	0.5000000000000002	-1.500000000000001	0.962962962962963	0.2592592592592592	-1.279513831092309
5	0	1.792850595059451	1.206990645486849	1	0.5976484924692068	2.788854806852547	0	-2.788854806852547	1	0.07624812031074291	-2.378918865517402
5	0	0.8610272077904947	2.069813781037775	1	0.2937816179972041	5.807017426116691	0	-5.807017426116691	0.9999999999999999	0.002188381787926685	-4.95343940940691
4	0	0.7944269662684843	2.205573033731516	1	0.2648089887561614	5.035075809156459	0	-5.035075809156459	1	0.004917347400218541	-4.294966092275991
2	0	0.8182349630816653	1.38733807064985	1	0.3709852045558104	2.444285676167552	0	-2.444285676167552	1	0.1376300219993165	-2.084998219864798
7	0	0.7944269662684835	2.205573033731515	1	0.2648089887561613	8.811382666023812	0	-8.811382666023812	0.9999999999999999	9.13122532888444e-05	-7.516190661482991
1	0	0.9999999999999996	1.999999999999999	1	0.3333333333333333	1	0	-1	1	0.3333333333333333	-0.8530092207282061
0	0	0.9206123151682332	2.079387684831766	0	0.3068707717227445	0	0	0	0	0	0
6	2	0.7944269662684837	2.205573033731515	0.75	0.2648089887561613	7.552613713734694	0.9067938215658563	-6.645819892168838	0.9994387641118712	0.005779844726571559	-5.668945647318948
6	0	1.794381244960817	1.205567073141048	1	0.5981373859454227	3.343771016805863	0	-3.343771016805863	1.000000000000001	0.04579369531535349	-2.852267509339129
1	0	0.9999999999999996	1.999999999999999	1	0.3333333333333333	1	0	-1	1	0.3333333333333333	-0.8530092207282061
5	0	0.7944269662684843	2.205573033731516	1	0.2648089887561614	6.293844761445574	0	-6.293844761445574	1	0.001302157792414271	-5.368707615344989
1	1	0.9999999999999999	1.794912325132518	0.5	0.3577929765480518	1	0.5571302765031546	-0.4428697234968456	0.8719841859328851	0.5875701390289889	-0.3777719577241602
2	0	0.8181799696094701	2.112661019218798	1	0.2791621833897489	2.444449967352086	0	-2.444449967352086	1	0.07793152463493169	-2.08513836176009
0	0	0	2.999999999999999	0	0	0	0	0	0	0	0
1	2	0.7944388962947584	2.205508585777425	0.3333333333333333	0.2648176013221431	1.258750049454997	0.906820319311981	-0.3519297301430155	0.8267573632930596	0.6026389426579386	-0.3001993048603814
1	0	0.8181580444277343	2.077470159995357	1	0.2825494112738619	1.22225773713373	0	-1.22225773713373	1	0.2825494112738619	-1.042597119881463
7	0	1.791782991782243	1.205804952020192	1	0.5977415926984846	3.906723097665565	0	-3.906723097665565	0.9999999999999997	0.02726429894454574	-3.332470825140585
2	0	0.7944269662684837	2.205573033731516	1	0.2648089887561613	2.517537904578231	0	-2.517537904578231	0.9999999999999999	0.07012380052606093	-2.147483046137997
1	0	0.8181909536865221	2.112650035141747	1	0.2791659311458004	1.222208575509545	0	-1.222208575509545	1	0.2791659311458004	-1.042555184562727
2	4	0.8213584527832846	2.074322315830921	0.3333333333333333	0.2836495174764601	2.43499046393536	1.928340629357642	-0.5066498345777182	0.7739746278956029	0.5438280763037331	-0.4321769805752137
1	0	0.9999999999999996	1.999999999999999	1	0.3333333333333333	1	0	-1	1	0.3333333333333333	-0.8530092207282061
2	1	0.8616416167105911	2.034065346496099	0.6666666666666666	0.2975582915187018	2.321150651514737	0.4916262900415711	-1.829524361473166	0.9736539101009938	0.2129306307565739	-1.560601149883493
5	0	0.8610391345763768	2.034589069846714	1	0.29735831874449	5.806936989524818	0	-5.806936989524818	1	0.002324879580205108	-4.953370796252358
2	1	0.8191410236101476	1.387231880003312	0.6666666666666666	0.3712613684969616	2.441582025992946	0.7208600194493892	-1.720722006543557	0.9488271878853582	0.3111593869854271	-1.467791737891594
9	0	1.79428760294131	1.205585258094689	1	0.5981212158176787	5.015918287150081	0	-5.015918287150081	1	0.009797220148811014	-4.278624549358247
5	1	0.9384686439536826	2.05990216919112	0.8333333333333334	0.3129928559334467	5.327828513199394	0.4854599480288323	-4.842368565170562	0.999059829653255	0.01332199439049431	-4.1305850362549
0	0	0.8181361702548062	2.112704818573463	0	0.2791472390939543	0	0	0	0	0	0
1	0	0.7944269662684835	2.205573033731515	1	0.2648089887561613	1.258768952289116	0	-1.258768952289116	1	0.2648089887561613	-1.073741523068999
1	0	0.9999999999999996	1.999999999999999	1	0.3333333333333333	1	0	-1	1	0.3333333333333333	-0.8530092207282061
0	0	0.8616819776565404	2.069159011171728	0	0.2940050248174792	0	0	0	0	0	0
1	0	0.7944269662684836	2.205573033731515	1	0.2648089887561613	1.258768952289116	0	-1.258768952289116	1	0.2648089887561613	-1.073741523068999
0	2	0.005870264452869053	2.99412973554713	0	0.001956754817623018	0	0.6679737274759511	0.6679737274759511	0.9960903192541702	0.003909680745829758	0.5697877487411759
6	0	0.9999999999999998	1.984616798893283	1	0.3350513876256432	6.000000000000002	0	-6.000000000000002	1	0.001414713590179639	-5.118055324369235
1	0	0.7944269662684836	2.205573033731515	1	0.2648089887561613	1.258768952289116	0	-1.258768952289116	1	0.2648089887561613	-1.073741523068999
4	0	0.9999999999999998	2	1	0.3333333333333334	4.000000000000001	0	-4.000000000000001	1	0.01234567901234573	-3.412036882912823
0	0	0.7944269662684836	2.079387684831766	0	0.276436396468483	0	0	0	0	0	0
0	0	0.7944269662684839	2.205573033731515	0	0.2648089887561614	0	0	0	0	0	0
1	2	0.8191194929234458	2.077060488406461	0.3333333333333333	0.2828275515347328	1.220823101683235	0.9628992565037996	-0.2579238451794358	0.8052732854134661	0.6311321614502337	-0.2200114181837329
1	0	0.1923113589386756	2.807688641061325	1	0.06410378631289186	5.199900856188536	0	-5.199900856188536	1	0.06410378631289182	-4.435563377201313
2	0	0.7944269662684839	1.999999999999999	1	0.2842897580999643	2.517537904578231	0	-2.517537904578231	1	0.08082066656053621	-2.147483046137997
1	0	0.7944269662684839	2.205573033731515	1	0.2648089887561614	1.258768952289116	0	-1.258768952289116	1	0.2648089887561613	-1.073741523068998
1	0	0.8182019975508136	2.077426206872278	1	0.2825645904059798	1.222192078476191	0	-1.222192078476191	1	0.2825645904059798	-1.042541112441161
1	0	0.7944269662684836	2.079387684831766	1	0.276436396468483	1.258768952289116	0	-1.258768952289116	1	0.2764363964684831	-1.073741523068999
1	1	0.7944269662684841	2.205573033731516	0.5	0.2648089887561614	1.258768952289115	0.4533969107829281	-0.8053720415061871	0.9298761994739392	0.4594941769862619	-0.6869897775214768
1	0	0.7944269662684837	2.205573033731516	1	0.2648089887561613	1.258768952289116	0	-1.258768952289116	1	0.2648089887561613	-1.073741523068998
4	3	0.9998965728870287	2.00010342711297	0.5714285714285714	0.3332988576290097	4.000413751244982	1.499922433676503	-2.500491317568479	0.9547523697524378	0.1732437908639243	-2.132942150236732
3	0	0.7944269662684837	2.079387684831766	1	0.276436396468483	3.776306856867347	0	-3.776306856867347	0.9999999999999999	0.02112446258113254	-3.221224569206996
0	3	0.1816812938544289	2.81831870614557	0	0.06056043128480967	0	1.064464424643764	1.064464424643764	0.8290992942888988	0.1709007057111012	0.9079979693582746
5	3	0.9990832342358942	1.932768406749026	0.625	0.3407686870200105	5.004588034973918	1.552177689538133	-3.452410345435785	0.9779497795707255	0.09577269683919165	-2.944937858394174
0	0	0.9999999999999996	1.794426966268483	0	0.3578551209500179	0	0	0	0	0	0
3	0	0.7203848127007095	2.27961518729929	1	0.2401282709002365	4.164440930886722	0	-4.164440930886722	1	0.01384617706013636	-3.552306513224326
3	0	0.8957927616760428	2.00022985812227	1	0.3093182890050867	3.348988882637264	0	-3.348988882637264	1	0.02959489460214393	-2.856718397005837
2	0	0.7944269662684836	2.205573033731515	1	0.2648089887561613	2.517537904578232	0	-2.517537904578232	0.9999999999999999	0.07012380052606093	-2.147483046137997
5	1	0.9991308883990552	1.931970939905569	0.8333333333333334	0.340872118037933	5.004349338064893	0.517606129235504	-4.486743208829389	0.9984312675693268	0.0197690233259169	-3.827233328171126
3	0	0.9999999999999994	1.999999999999999	1	0.3333333333333334	3.000000000000002	0	-3.000000000000002	0.9999999999999999	0.0370370370370372	-2.559027662184619
3	0	0.7944269662684835	1.999999999999999	1	0.2842897580999641	3.776306856867349	0	-3.776306856867349	0.9999999999999996	0.02297648774597305	-3.221224569206997
4	4	0.7944786505213853	2.205521349478615	0.5	0.2648262168404617	5.034748255821546	1.813630142798481	-3.221118113023064	0.9652338093961039	0.1353439581159794	-2.747643451463313
4	0	0.794426966268484	2.205573033731516	1	0.2648089887561614	5.035075809156462	0	-5.035075809156462	1	0.004917347400218541	-4.294966092275993
3	16	0.794715192615731	2.203700929671755	0.1578947368421053	0.2650449971598486	3.77493727045255	7.260513341246911	3.485576070794361	0.2173281352824538	0.9134257547451006	2.973228527937179
8	1	0.9993830310837963	2.000616968916203	0.8888888888888888	0.3331276770279322	8.004938798414734	0.4998458053376062	-7.505092993077128	0.9999494761487847	0.0009607953271058012	-6.401913525517438
0	0	0.7944269662684839	1.999999999999999	0	0.2842897580999642	0	0	0	0	0	0
4	0	0.9182478574713463	2.031143950987445	1	0.3113346469729222	4.356122333914423	0	-4.356122333914423	1	0.009395281910523523	-3.715812517449075
2	1	0.7944269662684837	2.205573033731516	0.6666666666666666	0.2648089887561613	2.517537904578231	0.4533969107829281	-2.064140993795303	0.9814305872949549	0.1732325761680926	-1.760731300590475
2	0	0.8181909564453904	2.112650032382879	1	0.2791659320871235	2.444417142776729	0	-2.444417142776729	1	0.07793361763807249	-2.085110362094644
4	0	0.9999999999999999	2	1	0.3333333333333334	4.000000000000001	0	-4.000000000000001	1	0.01234567901234573	-3.412036882912823
6	0	1.613932793463459	1.182642112414675	1	0.5771105183240849	3.717626919968676	0	-3.717626919968676	0.9999999999999992	0.03694485263363478	-3.17117004196068
2	2	0.7944904289983696	2.205509571001629	0.5	0.2648301429994566	2.517336807343848	0.9068199142258552	-1.610516893117993	0.940461303394533	0.2869758780077152	-1.37378575996819
2	1	0.7946244963389082	2.204505943968474	0.6666666666666666	0.2649516291987176	2.516912087677445	0.4536163772821747	-2.063295710395271	0.9814005636585846	0.173399224762333	-1.760010266056119
4	0	1.126185348899749	1.749745731402078	1	0.3915898251572693	3.551813210771998	0	-3.551813210771998	0.9999999999999999	0.02351395026571801	-3.029729419092768
5	1	0.7944786531477001	2.205521346852299	0.8333333333333334	0.2648262177159	6.29343529897267	0.4534075362395341	-5.840027762733136	0.9996550422809483	0.006090700113385972	-4.981597530920079
5	2	0.8612694915167813	1.34994493918021	0.7142857142857143	0.3895006651368962	5.805383854006604	1.481541907342201	-4.323841946664404	0.9837177557391501	0.0864488879391927	-3.688277049476131
1	0	0.9204264020872213	2.079573597912778	1	0.3068088006957405	1.086452971940323	0	-1.086452971940323	1	0.3068088006957406	-0.9267544029526577
16	1	0.8591854981155146	2.036468916359256	0.9411764705882353	0.2967154829735987	18.62228824286889	0.4910460414921398	-18.13124220137675	0.999999998929014	4.42252108268093e-08	-15.46611678103074
6	2	0.9996333139561691	1.941266172659215	0.75	0.3399073373658972	6.002200923310848	1.030255422037427	-4.971945501273421	0.9970534744322488	0.02176268910984536	-4.241115357544349
0	11	0.9981986145965316	2.001801385403469	0	0.3327328715321772	0	5.495050647985699	5.495050647985699	0.01167607936597095	0.9883239206340291	4.687328871100303
3	0	0.8616162899107795	2.069224698917489	1	0.2939826122246394	3.481828320946265	0	-3.481828320946265	1	0.02540767547740064	-2.97003166275977
7	0	1.784460097279693	1.214840978280028	1	0.5949586428053684	3.922755129504492	0	-3.922755129504492	1	0.02638805888289497	-3.346146296126198
5	3	0.8614980475523117	2.034287760303935	0.625	0.2975006111346611	5.803843681603226	1.474717617900715	-4.329126063702511	0.9891992014508273	0.05604523574742937	-3.692784450033043
2	1	0.9999999999999999	1.795171261907923	0.6666666666666666	0.3577598316166938	2	0.5570499156371252	-1.442950084362875	0.9542095688866518	0.2923954291285192	-1.230849727012075
4	1	0.9998956162836716	1.992518031455053	0.8	0.3341435155661926	4.000417578453704	0.5018775158936664	-3.498540062560038	0.9958345187126504	0.04566879643128752	-2.984286932450745
0	0	0.7944269662684839	1.999999999999999	0	0.2842897580999642	0	0	0	0	0	0
1	0	0.818201833394507	2.077426371028584	1	0.2825645337148942	1.222192323685294	0	-1.222192323685294	1	0.2825645337148941	-1.042541321606787
1	0	0.7944269662684835	2.205573033731515	1	0.2648089887561613	1.258768952289116	0	-1.258768952289116	1	0.2648089887561613	-1.073741523068999
0	0	0	1.276636044686918	0	0	0	0	0	0	0	0
4	2	0.9198092076187528	2.080190792381246	0.6666666666666666	0.306603069206251	4.348727939303191	0.9614502704872325	-3.387277668815958	0.9878968908367165	0.07583562770152286	-2.889379084666754
4	0	1.793969389791565	1.205513380451114	1	0.5980929137480659	2.229692447798536	0	-2.229692447798536	0.9999999999999998	0.1279601167175033	-1.901948217360195
0	0	0	1.276636044686918	0	0	0	0	0	0	0	0
1	0	0.9206123151682332	2.079387684831766	1	0.3068707717227445	1.086233568163011	0	-1.086233568163011	1	0.3068707717227446	-0.926567249507548
0	0	0.9999999999999996	1.999999999999999	0	0.3333333333333333	0	0	0	0	0	0
0	0	0.7944269662684836	2.205573033731515	0	0.2648089887561613	0	0	0	0	0	0
0	0	0.9999999999999996	1.999999999999999	0	0.3333333333333333	0	0	0	0	0	0
0	8	0.1894087061141258	2.810591293885874	0	0.06313623537137528	0	2.846376140637417	2.846376140637417	0.5934874441812144	0.4065125558187856	2.427985093624481
0	0	0.9999999999999996	1.794426966268483	0	0.3578551209500179	0	0	0	0	0	0
1	0	0.7944269662684835	2.079387684831766	1	0.2764363964684829	1.258768952289116	0	-1.258768952289116	1	0.2764363964684829	-1.073741523068999
1	1	0.7946855395091816	2.205314460490817	0.5	0.264895179836394	1.258359376486989	0.4534500715954309	-0.8049093048915579	0.9298305436994444	0.4596209033722325	-0.6865950589224294
2	0	1.656308743844573	1.217648221559264	1	0.5763164736921644	1.207504342069499	0	-1.207504342069499	1	0.3321406778489713	-1.030012337854628
0	0	0.9999999999999996	1.999999999999999	0	0.3333333333333333	0	0	0	0	0	0
2	0	0.794426966268484	2.079387684831767	1	0.276436396468483	2.517537904578231	0	-2.517537904578231	0.9999999999999999	0.07641708129248048	-2.147483046137996
0	4	0.998740740516767	2.001259259483233	0	0.3329135801722556	0	1.998741532885091	1.998741532885091	0.1980288194699691	0.8019711805300309	1.704944957403411
0	4	0.9999999999999999	2	0	0.3333333333333334	0	2	2	0.1975308641975308	0.8024691358024691	1.706018441456412
3	1	1.656215806571018	1.217776520653903	0.75	0.5762770453079923	1.811358150367563	0.8211687309121672	-0.9901894194553958	0.8897127562526093	0.4346537071764967	-0.8446407050629615
1	1	1.655403782474246	1.218458164994428	0.5	0.5760206345097202	0.6040822248849473	0.8207093429461919	0.2166271180612446	0.6682002286190193	0.8202414976384598	0.1847849291660192
3	1	0.9999999999999997	1.999930386830268	0.75	0.3333410683094555	3.000000000000001	0.5000174038982033	-2.499982596101797	0.9876531750253787	0.1111179867651015	-2.132508206134871
0	1	0.7945303257145062	2.205469674285493	0	0.2648434419048355	0	0.4534181592517116	0.4534181592517116	0.7351565580951644	0.2648434419048356	0.3867698706873199
0	0	0.9206123151682334	2.079387684831766	0	0.3068707717227446	0	0	0	0	0	0
0	2	0.005677166048236613	2.994322833951762	0	0.001892388682745539	0	0.6679306510716138	0.6679306510716138	0.9962188037694355	0.003781196230564499	0.5697510041710803
0	0	0	1.276636044686918	0	0	0	0	0	0	0	0
4	0	0.9999999999999996	1.999999999999999	1	0.3333333333333333	4.000000000000002	0	-4.000000000000002	1	0.01234567901234551	-3.412036882912824
0	0	0.7944269662684839	2.079387684831766	0	0.2764363964684831	0	0	0	0	0	0
2	0	0.8182237900371567	1.387349243694359	1	0.370980138731946	2.444319053481905	0	-2.444319053481905	1	0.1376262633335739	-2.085026691021705
10	2	0.8424913802622767	2.053215596362522	0.8333333333333334	0.290944970282965	11.8695576409184	0.9740818273264634	-10.89547581359194	0.9999888728847875	0.0001553427536329366	-9.293941333215075
0	0	0.9999999999999996	1.999999999999999	0	0.3333333333333333	0	0	0	0	0	0
0	0	0.7944269662684839	2.205573033731515	0	0.2648089887561614	0	0	0	0	0	0
1	0	0.9206123151682333	2.079387684831766	1	0.3068707717227445	1.08623356816301	0	-1.08623356816301	1	0.3068707717227446	-0.9265672495075478
6	2	0.9383070583976695	2.059512398364691	0.75	0.3129965202811244	6.394495220195929	0.9711036464689673	-5.423391573726962	0.9982904580477986	0.01413501583727528	-4.626203020008752
0	0	0.7944269662684839	2.079387684831766	0	0.2764363964684831	0	0	0	0	0	0
2	2	0.7944269662684839	2.205573033731515	0.5	0.2648089887561614	2.517537904578231	0.9067938215658565	-1.610744083012375	0.9404743913804767	0.2869395437166615	-1.373979555042954
4	0	0.9206123151682334	2.079387684831766	1	0.3068707717227445	4.344934272652042	0	-4.344934272652042	0.9999999999999998	0.008867926849181584	-3.706268998030191
0	0	0.7944269662684839	2.079387684831766	0	0.2764363964684831	0	0	0	0	0	0
0	1	0.9204853241247265	2.079514675875273	0	0.3068284413749089	0	0.4808814343082708	0.4808814343082708	0.6931715586250911	0.3068284413749089	0.4101962975419599