Observed S Changes	Observed NS Changes	E[S Sites]	E[NS Sites]	Observed S. Prop.	P{S}	dS	dN	dN-dS	P{S leq. observed}	P{S geq. observed}	Scaled dN-dS
0	0	0	2.999999999999999	0	0	0	0	0	0	0	0
0	4	0.8622967913761006	2.034147717816882	0	0.297708721378666	0	1.966425527981291	1.966425527981291	0.2432591028532553	0.7567408971467446	1.703459828929819
7	1	0.9999999999999998	2	0.875	0.3333333333333334	7.000000000000002	0.5000000000000001	-6.500000000000002	0.9998475842097242	0.002591068434689814	-5.630769500541783
0	4	0.920897338518546	2.079102661481453	0	0.306965779506182	0	1.923906921051133	1.923906921051133	0.2306846614156597	0.7693153385843403	1.666627140451687
1	1	0.9207610208709424	2.079238979129057	0.5	0.3069203402903142	1.086058138141106	0.4809451967944905	-0.6051129413466158	0.9057999047160776	0.5196405852967062	-0.5241925376181004
4	0	0.9999999999999999	2	1	0.3333333333333334	4.000000000000001	0	-4.000000000000001	1	0.01234567901234573	-3.465088923410328
2	0	1.656329814120353	1.217412975797336	1	0.5763667576414501	1.207488981330789	0	-1.207488981330789	0.9999999999999999	0.3321986393141181	-1.046014173587334
0	0	0.7946807344056123	2.205319265594387	0	0.2648935781352041	0	0	0	0	0	0
0	1	0.7946807344056124	2.000058763500425	0	0.2843487684634035	0	0.4999853095565248	0.4999853095565248	0.7156512315365965	0.2843487684634035	0.4331233895030494
2	4	0.9212744551373636	2.078725544862635	0.3333333333333333	0.307091485045788	2.170905736989958	1.924255950904921	-0.246649786085037	0.7310667712327925	0.5950179132726567	-0.2136658604311971
0	2	1.791123941599201	1.208876058400798	0	0.5970413138664006	0	1.65442932391743	1.65442932391743	0.1623757027305167	0.8376242972694833	1.433186181217881
3	1	0.7951385502407797	2.079120983891086	0.75	0.2766411803800249	3.772927371074583	0.4809724916192682	-3.291954879455314	0.9941431066489678	0.06711509728470644	-2.851729097291797
4	0	1.793629127160694	1.205949700994329	1	0.5979603237378218	2.230115434360714	0	-2.230115434360714	1	0.1278466855644809	-1.93188707238243
1	2	0.9999412546003982	2.000058745399601	0.3333333333333333	0.3333137515334662	1.000058748850827	0.9999706281629297	-8.812068789687544e-05	0.7407668494237687	0.7036775938703127	-7.633650488869039e-05
3	7	0.7973371634332781	2.202287690808085	0.3	0.265812293929313	3.762523732221648	3.178512975038012	-0.5840107571836364	0.7378372512979232	0.521315719729049	-0.5059123014673742
2	4	0.9999999999999999	2	0.3333333333333333	0.3333333333333334	2	2	0	0.6803840877914951	0.6488340192043897	0
0	1	0.8183108271201742	1.387303218768406	0	0.3710127021749626	0	0.7208229509391327	0.7208229509391327	0.6289872978250375	0.3710127021749625	0.6244289057597836
0	5	0.8189132091455834	2.076293868280115	0	0.2828513426658683	0	2.408136958060623	2.408136958060623	0.1896906602934861	0.810309339706514	2.086102174857726
2	7	0.9778089778447985	2.022191022155202	0.2222222222222222	0.3259363259482662	2.045389278801905	3.461591869070594	1.41620259026869	0.3955592368003158	0.846250895557793	1.226816977211263
1	3	0.9996951838788649	2.000304816121135	0.25	0.3332317279596216	1.000304909062333	1.499771422746165	0.4994665136838319	0.5927732243638839	0.802348687086275	0.4326739710450546
4	3	0.9971604895119797	1.934087377084695	0.5714285714285714	0.3401829305788913	4.01139038506995	1.551119166354307	-2.460271218715643	0.9506633626774534	0.1839811802929561	-2.1312646371392
0	0	0.795796862055519	2.20420313794448	0	0.2652656206851731	0	0	0	0	0	0
0	1	0.7946807344056124	2.205014349379933	0	0.2649205043209738	0	0.4535117879306353	0.4535117879306353	0.7350794956790262	0.2649205043209738	0.3928646682486145
3	1	0.7946807344056124	2.205319265594387	0.75	0.2648935781352041	3.775100955786821	0.4534490835867593	-3.321651872200062	0.9950763664882126	0.05957795376980468	-2.877454777446403
2	3	0.7950208396301631	2.204785340087037	0.4	0.265024068890048	2.515657326580751	1.360676681513843	-1.154980645066908	0.8800084490287704	0.3988539672157483	-1.000527659993664
3	3	0.9977668683953052	2.002233131604694	0.5	0.3325889561317685	3.006714388928206	1.498327019289529	-1.508387369638678	0.9005963716862757	0.3181463614291535	-1.306674091686755
1	0	0.9999999999999997	1.999999999999999	1	0.3333333333333333	1	0	-1	1	0.3333333333333333	-0.8662722308525822
4	2	0.9981026575621813	2.001586423803625	0.6666666666666666	0.3327353703963643	4.007603796757551	0.9992074167846272	-3.008396379972924	0.9823145348373542	0.09954765280939015	-2.606090243367976
3	0	1.794423861425182	1.205341938703843	1	0.5981879856580806	1.671845802149173	0	-1.671845802149173	0.9999999999999999	0.2140489286739221	-1.448273592669288
1	0	0.7946807344056123	2.079297800170391	1	0.2765089317282779	1.258366985262274	0	-1.258366985262274	1	0.2765089317282778	-1.090088375554388
0	0	1.002359952183348	1.997640047816651	0	0.3341199840611161	0	0	0	0	0	0
1	0	0.9999999999999999	1.99976910888549	1	0.3333589898762348	1	0	-1	1	0.3333589898762348	-0.866272230852582
0	0	0.7946807344056123	2.205319265594387	0	0.2648935781352041	0	0	0	0	0	0
0	0	0.794680734405612	2.205319265594387	0	0.2648935781352041	0	0	0	0	0	0
0	0	0.9999999999999998	2	0	0.3333333333333334	0	0	0	0	0	0
0	0	1	2	0	0.3333333333333333	0	0	0	0	0	0
0	1	0.9999326513828118	1.999772761819054	0	0.3333436166705084	0	0.5000568160006187	0.5000568160006187	0.6666563833294916	0.3333436166705084	0.433185333549895
1	0	0.7946807344056123	2.205319265594388	1	0.2648935781352041	1.258366985262274	0	-1.258366985262274	1	0.2648935781352041	-1.090088375554388
2	0	0.9999999999999998	1.931504916771468	1	0.3411217202055121	2	0	-2	1	0.1163640279959677	-1.732544461705164
4	1	0.999257514292195	2.000742485707804	0.8	0.3330858380973984	4.002972149609827	0.4998144474581042	-3.503157702151722	0.9959000284764631	0.04514538324177408	-3.034688237671377
0	2	0.1870165314094328	2.812983468590567	0	0.06233884380314426	0	0.7109888921608527	0.7109888921608527	0.8792084438404243	0.1207915561595757	0.6159099337235876
1	0	0.9999999999999997	1.999999999999999	1	0.3333333333333333	1	0	-1	1	0.3333333333333333	-0.8662722308525822
1	2	0.8185114457642121	2.077195089147786	0.3333333333333333	0.2826638113689539	1.221730013886781	0.9628368613275238	-0.2588931525592573	0.8054725249962114	0.6308794512185321	-0.2242719488199656
2	0	0.9999999999999997	1.999999999999999	1	0.3333333333333333	2.000000000000001	0	-2.000000000000001	1	0.1111111111111109	-1.732544461705164
1	0	0.9185019082782563	2.081498091721743	1	0.3061673027594188	1.088729365706504	0	-1.088729365706504	1	0.3061673027594188	-0.94313601642529
2	1	0.9992584362987301	2.000741563701269	0.6666666666666666	0.3330861454329101	2.001484228052188	0.4998146777887951	-1.501669550263393	0.9630452978430162	0.2589297365240937	-1.300854631310062
0	2	0.794680734405612	2.205319265594387	0	0.2648935781352041	0	0.9068981671735189	0.9068981671735189	0.5403814514668631	0.4596185485331369	0.7856206984335219
1	2	0.7950032815208332	2.204945345799671	0.3333333333333333	0.2650056318567411	1.25785644316714	0.9070519610882497	-0.3508044820788907	0.8265376682858976	0.6029437523394863	-0.3038921812835652
2	2	0.993080342193253	1.21275114573348	0.5	0.4502068030258522	2.013935746208539	1.649142948275993	-0.3647927979325452	0.7582422827113889	0.6093565133232867	-0.316009870863981
2	2	0.9209378419014748	2.079062158098524	0.5	0.3069792806338251	2.171699227681391	0.9619722008836749	-1.209727026797716	0.9109270884644534	0.3606304206682526	-1.047952930226719
1	0	0.8184325807947636	2.11245655828358	1	0.2792437864272582	1.221847740994035	0	-1.221847740994035	1	0.2792437864272582	-1.05845276835309
1	0	0.9999999999999999	2	1	0.3333333333333334	1	0	-1	1	0.3333333333333334	-0.866272230852582
1	0	0.9999999999999997	1.999999999999999	1	0.3333333333333333	1	0	-1	1	0.3333333333333333	-0.8662722308525822
2	0	0.794680734405612	2.205319265594387	1	0.2648935781352041	2.516733970524548	0	-2.516733970524548	0.9999999999999999	0.07016860773727163	-2.180176751108776
2	0	0.9999999999999996	1.999999999999999	1	0.3333333333333333	2.000000000000001	0	-2.000000000000001	1	0.1111111111111109	-1.732544461705164
2	0	0.9999999999999998	2	1	0.3333333333333334	2	0	-2	1	0.111111111111111	-1.732544461705164
6	0	0.8608100760664211	2.070079063011923	1	0.2937027076831414	6.970178633848882	0	-6.970178633848882	1	0.0006418709225947117	-6.038072194585273
3	0	1.783493659937543	1.206306702122252	1	0.5965260030635698	1.682091765947213	0	-1.682091765947213	1	0.2122697649606716	-1.457149386585851
3	2	0.999882312311016	2.000117687688983	0.6	0.3332941041036721	3.000353104623019	0.9999411596179025	-2.000411945005117	0.9547518798974168	0.2098184292526519	-1.732901318223734
2	0	0.8616653208544354	1.343653944739952	1	0.3907213500999347	2.321086797385302	0	-2.321086797385302	1	0.1526631734239156	-2.01069303797344
0	3	0.7946807344056122	2.205319265594388	0	0.264893578135204	0	1.360347250760278	1.360347250760278	0.3972378752299109	0.6027621247700891	1.178431047650282
2	0	0.9999999999999998	1.999693567757895	1	0.3333673848383935	2	0	-2	0.9999999999999999	0.1111338132739896	-1.732544461705164
2	1	0.9999999999999998	1.795920490627389	0.6666666666666666	0.3576639619589487	2	0.5568175235033143	-1.443182476496686	0.9542463706986648	0.2922632704498471	-1.250188903442138
0	3	0.5234633050584167	2.476100777535906	0	0.1745131261225375	0	1.211582350450797	1.211582350450797	0.5625103474032324	0.4374896525967676	1.049560145586627
1	2	0.9996952840788619	1.99968944037748	0.3333333333333333	0.3333001184968238	1.000304808801233	1.000155303926825	-0.000149504874408013	0.7407850260861213	0.703659415048537	-0.0001295119210767645
0	4	0.8253372578706294	2.105473576625887	0	0.2816071403026644	0	1.899810116073826	1.899810116073826	0.2663471342888101	0.7336528657111898	1.645752747447576
1	1	0.1831259004328931	2.816874099567106	0.5	0.06104196681096438	5.460724002645667	0.3550034416354209	-5.105720561010246	0.9962738782878491	0.1183578119097779	-4.422943940496242
0	0	0.7946807344056122	2.079297800170391	0	0.2765089317282779	0	0	0	0	0	0
1	6	0.7947246893221067	2.205146803552491	0.1428571428571428	0.2649195777918372	1.258297387052353	2.720907283965857	1.462609896913504	0.408533788454484	0.8840304444517979	1.267018338266326
3	1	0.7956326760542395	2.204328681384413	0.75	0.2652143082048048	3.770584203351001	0.4536528551504202	-3.316931348200581	0.9950524772314956	0.05977667530910802	-2.873365518590579
0	0	0.9999999999999998	2	0	0.3333333333333334	0	0	0	0	0	0
3	1	0.794680734405612	2.205319265594387	0.75	0.2648935781352041	3.775100955786822	0.4534490835867593	-3.321651872200063	0.9950763664882128	0.05957795376980446	-2.877454777446403
2	2	0.8618720267170543	1.356977714245157	0.5	0.3884319027133855	2.320530122805093	1.473863556493657	-0.8466665663114359	0.8338683272762615	0.5047189843522074	-0.733443735186903
2	5	0.9210847987270103	2.078915201272989	0.2857142857142857	0.3070282662423369	2.17135273838425	2.405100504791313	0.2337477664070629	0.6310732406244378	0.6852663992359179	0.2024891990622545
1	2	1.000768077978729	1.99923192202127	0.3333333333333333	0.3335893593262431	0.9992325115122772	1.000384186531972	0.001151675019695264	0.74039930723445	0.7040449406124143	0.0009976640885286075
1	0	0.7946807344056119	2.205319265594387	1	0.2648935781352041	1.258366985262274	0	-1.258366985262274	1	0.2648935781352041	-1.090088375554388
3	0	0.9999999999999996	1.931248615169747	1	0.3411515471000368	3.000000000000001	0	-3.000000000000001	0.9999999999999998	0.03970471064325243	-2.598816692557746
1	3	0.8189855077641017	2.109840818291062	0.25	0.279629249600195	1.221022827046211	1.42190821885319	0.2008853918069786	0.6874220066983805	0.7307074849296018	0.1740214365063263
2	0	0.7946807344056123	2.205319265594387	1	0.2648935781352041	2.516733970524548	0	-2.516733970524548	0.9999999999999999	0.07016860773727163	-2.180176751108776
0	0	0.7946807344056122	2.079297800170391	0	0.2765089317282779	0	0	0	0	0	0
3	2	0.9999999999999998	1.999847788845897	0.6	0.3333502465419156	3.000000000000001	1.000076111369551	-1.99992388863045	0.9547241575565517	0.2099016004508487	-1.73247852853927
3	2	1.791215391346061	1.208251082066534	0.6	0.5971780005622581	1.674840454416575	1.65528508907213	-0.01955536534444557	0.6678991599846512	0.6776722163437909	-0.01694026996207014
0	2	0.1824558889486021	2.817544111051398	0	0.06081862964953403	0	0.7098380437613372	0.7098380437613372	0.8820616464133791	0.1179383535866209	0.6149129857131662
0	0	0.794680734405612	2.205319265594387	0	0.2648935781352041	0	0	0	0	0	0
3	1	0.9999999999999998	2	0.75	0.3333333333333334	3.000000000000001	0.5000000000000001	-2.500000000000001	0.9876543209876543	0.1111111111111112	-2.165680577131455
0	0	1.794680734405612	1.205319265594387	0	0.5982269114685375	0	0	0	0	0	0
1	0	1.656612814221489	1.217505946581021	1	0.57638982661904	0.6036413526536322	0	-0.6036413526536322	1	0.57638982661904	-0.5229177411981319
4	0	0.9999999999999998	1.931402710478352	1	0.3411336137561317	4.000000000000001	0	-4.000000000000001	0.9999999999999998	0.0135424755347533	-3.465088923410328
2	0	0.7946807344056122	2.205319265594387	1	0.2648935781352041	2.516733970524548	0	-2.516733970524548	0.9999999999999999	0.07016860773727163	-2.180176751108776
4	0	0.9999999999999996	1.999999999999999	1	0.3333333333333333	4.000000000000002	0	-4.000000000000002	1	0.01234567901234551	-3.465088923410329
1	0	0.8614718013474052	1.343847464246982	1	0.3906335988568157	1.160804101116167	0	-1.160804101116167	1	0.3906335988568157	-1.005572358256728
0	0	0.7946807344056119	2.079297800170391	0	0.2765089317282778	0	0	0	0	0	0
1	0	0.7946807344056119	2.205319265594387	1	0.2648935781352041	1.258366985262274	0	-1.258366985262274	1	0.2648935781352041	-1.090088375554388
1	4	0.9987800394375556	2.001117372215663	0.2	0.3329380650010749	1.001221450684108	1.998883251696101	0.9976618010119929	0.4616863579344783	0.8679219055261851	0.8642467139990636
1	3	0.7960499581846279	2.2037213367509	0.25	0.2653702165657055	1.256202565829505	1.36133364503477	0.1051310792052651	0.7120962236835686	0.7087445059817137	0.09107213451508447
2	0	0.8184163695089149	1.386902896085472	1	0.3711101527462201	2.443743886990049	0	-2.443743886990049	0.9999999999999998	0.137722745471323	-2.116947468615229
2	0	0.7946807344056125	2.205319265594388	1	0.2648935781352041	2.516733970524547	0	-2.516733970524547	0.9999999999999999	0.07016860773727163	-2.180176751108775
1	2	0.8616067298751894	2.034216067461867	0.3333333333333333	0.2975343417654929	1.160622317962695	0.9831797280489685	-0.1774425899137266	0.7870994040310505	0.6533627005172664	-0.1537135882128238
1	1	0.8217068117324754	2.074529212015208	0.5	0.2837154171810901	1.216979080277567	0.4820370781998269	-0.7349420020777404	0.9195055620537601	0.4869363964159401	-0.636659847687147
0	0	0	1.27644344368662	0	0	0	0	0	0	0	0
2	0	0.7946807344056124	2.205319265594387	1	0.2648935781352041	2.516733970524547	0	-2.516733970524547	0.9999999999999999	0.07016860773727163	-2.180176751108776
2	0	1.000590440260269	1.99940955973973	1	0.3335301467534231	1.998819816307429	0	-1.998819816307429	1	0.11124235879336	-1.731522101344984
1	0	0.7946807344056122	2.205319265594387	1	0.2648935781352041	1.258366985262274	0	-1.258366985262274	1	0.2648935781352042	-1.090088375554388
3	0	0.9998823934549085	2.000117606545091	1	0.3332941311516363	3.000352861134053	0	-3.000352861134053	1	0.03702397117988876	-2.599122366359523
1	0	0.8184003026671589	2.112488836411185	1	0.2792327733434897	1.221895931295491	0	-1.221895931295491	1	0.2792327733434897	-1.058494514273038
2	0	1.101878394462295	1.259674144516506	1	0.4665906755302499	1.815082326735318	0	-1.815082326735318	1	0.2177068584917747	-1.572355416362099
3	3	0.7946807344056124	2.205319265594387	0.5	0.2648935781352041	3.775100955786821	1.360347250760278	-2.414753705026543	0.9539923857986152	0.1936785187511958	-2.091834079012881
0	4	0.8203045626646189	2.074529730775806	0	0.2833684002305055	0	1.928147830643108	1.928147830643108	0.2637447464351627	0.7362552535648372	1.670300922664771
1	0	0.9999999999999997	1.999999999999999	1	0.3333333333333333	1	0	-1	1	0.3333333333333333	-0.8662722308525822
2	9	0.7946807344056126	2.029489430262049	0.1818181818181818	0.2813855710068829	2.516733970524546	4.434612896130192	1.917878925605645	0.362614148083596	0.8599369467101496	1.661405255389555
2	0	0.7946807344056124	2.205319265594388	1	0.2648935781352041	2.516733970524547	0	-2.516733970524547	0.9999999999999999	0.07016860773727163	-2.180176751108776
1	0	0.7946807344056123	2.205319265594387	1	0.2648935781352041	1.258366985262274	0	-1.258366985262274	1	0.2648935781352042	-1.090088375554388
0	0	0.794680734405612	2.079297800170391	0	0.2765089317282778	0	0	0	0	0	0
0	1	0.7946807344056123	2.000611900149925	0	0.2842925011076595	0	0.4998470717509281	0.4998470717509281	0.7157074988923405	0.2842925011076595	0.433003637930807
1	0	0.9999999999999997	1.999999999999999	1	0.3333333333333333	1	0	-1	1	0.3333333333333333	-0.8662722308525822
0	0	0.794680734405612	2	0	0.2843547474393812	0	0	0	0	0	0
0	1	0.794680734405612	2.205319265594387	0	0.2648935781352041	0	0.4534490835867594	0.4534490835867594	0.7351064218647958	0.2648935781352042	0.3928103492167609
1	0	0.9999999999999998	2	1	0.3333333333333334	1	0	-1	1	0.3333333333333334	-0.866272230852582
4	0	0.9999999999999997	1.999999999999999	1	0.3333333333333333	4.000000000000002	0	-4.000000000000002	1	0.01234567901234551	-3.465088923410329
1	2	0.794680734405612	2.205319265594387	0.3333333333333333	0.2648935781352041	1.258366985262274	0.9068981671735187	-0.3514688180887554	0.8266686039407682	0.6027621247700893	-0.3044676771208664
0	1	0.794680734405612	2.000304822108428	0	0.284323735610553	0	0.4999238060856878	0.4999238060856878	0.715676264389447	0.284323735610553	0.4330701107541623
4	2	1	2	0.6666666666666666	0.3333333333333333	4	1	-3	0.982167352537723	0.1001371742112481	-2.598816692557746
1	0	0.9999999999999997	1.999999999999999	1	0.3333333333333333	1	0	-1	1	0.3333333333333333	-0.8662722308525822
0	0	0.9999999999999998	2	0	0.3333333333333334	0	0	0	0	0	0
6	0	0.939340251181218	2.060079256574102	1	0.313174015422802	6.387461830210102	0	-6.387461830210102	1	0.0009434400844410273	-5.533280809141821
1	0	0.9999999999999996	1.794756893700857	1	0.3578128753359242	1	0	-1	1	0.3578128753359242	-0.8662722308525822
5	0	1.793870944785587	1.20521390197724	1	0.5981394446782218	2.787268512561603	0	-2.787268512561603	1	0.07656181419996555	-2.414533312361897
0	4	0.9994986574916881	2.000501342508311	0	0.3331662191638961	0	1.99949878313235	1.99949878313235	0.1977289999202169	0.8022710000797831	1.732110271451083
1	0	0.9999999999999998	2	1	0.3333333333333334	1	0	-1	1	0.3333333333333334	-0.866272230852582
2	0	0.9999999999999998	1.798565869133858	1	0.3573258757384528	2	0	-2	1	0.1276817814722522	-1.732544461705164
6	0	0.9999999999999997	1.999695032300426	1	0.3333672220782767	6.000000000000002	0	-6.000000000000002	1	0.001372579084321313	-5.197633385115492
1	0	0.9999999999999997	1.99951192973685	1	0.333387572186696	1	0	-1	1	0.333387572186696	-0.8662722308525822
0	0	0.9999999999999998	2	0	0.3333333333333334	0	0	0	0	0	0
2	1	1.792169624006012	1.207362662616006	0.6666666666666666	0.5974830249366307	1.115965795430361	0.8282515527134898	-0.287714242716871	0.7867069457196418	0.6443717867015635	-0.249238858886405
1	0	0.8614074128836764	2.069481726194668	1	0.2939065150565732	1.160890868877441	0	-1.160890868877441	1	0.2939065150565732	-1.005647522758853
2	0	0.7946807344056119	2.205319265594387	1	0.2648935781352041	2.516733970524549	0	-2.516733970524549	0.9999999999999999	0.07016860773727163	-2.180176751108777
2	4	0.7947775264785172	2.204795431773394	0.3333333333333333	0.2649635589933099	2.516427469787119	1.814227271317712	-0.7022001984694075	0.8062044298169952	0.5011921556093033	-0.6082965324332194
0	4	0.7949858408220202	2.205014159177979	0	0.2649952802740068	0	1.814047308200136	1.814047308200136	0.2918505468562896	0.7081494531437104	1.571458808546653
0	0	0.818319595761722	2.112569543316622	0	0.2792052366808569	0	0	0	0	0	0
3	3	0.7949857727382212	2.205014227261778	0.5	0.2649952575794072	3.773652438668059	1.360535439141111	-2.413116999526948	0.9539310817579685	0.1938485992408592	-2.090416246488498
0	0	0.7946807344056123	2.205319265594387	0	0.2648935781352041	0	0	0	0	0	0
1	2	0.7947305014260376	2.205192142910593	0.3333333333333333	0.2649169980853875	1.258288184743927	0.9069504471207831	-0.3513377376231442	0.82664124047243	0.6028000906805178	-0.3043541257535002
0	0	0	1.27644344368662	0	0	0	0	0	0	0	0
2	3	0.9993142897069911	2.000685710293009	0.4	0.3331047632356637	2.001372361628512	1.499485893544288	-0.5018864680842248	0.7904619630188292	0.5386430763706856	-0.4347703103420445
1	0	0.9999999999999999	1.931426926614795	1	0.3411307956957323	1	0	-1	1	0.3411307956957323	-0.866272230852582
2	1	0.9999705694905328	2.000029430509466	0.6666666666666666	0.333323523163511	2.000058862751295	0.4999926424809012	-1.500066220270394	0.9629662329233321	0.2592461791290707	-1.299465711060235
2	1	0.9998477550465595	2.00015224495344	0.6666666666666666	0.3332825850155199	2.000304536270991	0.4999619416587351	-1.500342594612256	0.9629798764936399	0.259191597411161	-1.29970512647791
0	0	0.818319595761722	1.386999669832665	0	0.3710662707792402	0	0	0	0	0	0
3	0	0.7946807344056125	2.205319265594388	1	0.2648935781352041	3.77510095578682	0	-3.77510095578682	1	0.01858721357629145	-3.270265126663163
3	0	0.9999999999999998	1.931351405647086	1	0.3411395843137589	3.000000000000001	0	-3.000000000000001	0.9999999999999999	0.03970053394539197	-2.598816692557746
1	2	0.9997976346851797	2.000086197696277	0.3333333333333333	0.3332787836292616	1.00020240627483	0.9999569030092921	-0.0002455032655377387	0.7408134707035081	0.7036309648134387	-0.0002126726615189707
2	0	0.7946807344056122	2.205319265594387	1	0.2648935781352041	2.516733970524548	0	-2.516733970524548	0.9999999999999999	0.07016860773727163	-2.180176751108776
2	0	0.9999999999999999	1.999478242836588	1	0.3333913164358565	2	0	-2	0.9999999999999999	0.1111497698748335	-1.732544461705164
2	5	0.9999999999999999	2	0.2857142857142857	0.3333333333333334	2	2.5	0.5	0.5706447187928669	0.7366255144032923	0.4331361154262909
0	0	0.7946807344056123	2.079297800170391	0	0.2765089317282779	0	0	0	0	0	0
0	9	0.2202268453961942	2.773224938993096	0	0.0735695315169821	0	3.245319149361077	3.245319149361077	0.5027076190027101	0.4972923809972899	2.811329859345623
0	0	0.9391652173069662	2.060834782693033	0	0.3130550724356554	0	0	0	0	0	0
1	10	0.9155957142399866	1.98849984283998	0.09090909090909091	0.315277406078403	1.092185103585894	5.028916666001831	3.936731562415938	0.0940773096268756	0.9844882340011732	3.410281232841824
0	0	0.9999999999999998	1.999542769554859	0	0.3333841444602582	0	0	0	0	0	0
1	3	0.7954371490495	2.20158157578144	0.25	0.2654094692365895	1.25717035116469	1.362656752310059	0.1054864011453689	0.7120287633299225	0.7088067503395948	0.09137994004480905
2	3	0.7949858884828324	2.205014111517168	0.4	0.2649952961609441	2.51576792616639	1.360535510557726	-1.155232415608664	0.8800411973491752	0.3987934167277498	-1.000745761822534
0	2	0.7950615653632975	2.204938434636702	0	0.2650205217877659	0	0.9070548041535371	0.9070548041535371	0.5401948333931279	0.4598051666068721	0.7857563886996363
0	0	0.7946807344056123	2.205319265594387	0	0.2648935781352041	0	0	0	0	0	0
1	0	0.7946807344056122	2.205319265594387	1	0.2648935781352041	1.258366985262274	0	-1.258366985262274	1	0.2648935781352042	-1.090088375554388
1	0	0.7946807344056122	2.205319265594387	1	0.2648935781352041	1.258366985262274	0	-1.258366985262274	1	0.2648935781352042	-1.090088375554388
2	2	0.895740307604001	2.000391904383726	0.5	0.3092884723619783	2.232789998420148	0.9998040861978759	-1.232985912222272	0.9091067907537298	0.3647175973525615	-1.068101456790593
2	0	1.632895986294174	1.19658759321622	1	0.5771003578599053	1.224817757399821	0	-1.224817757399821	1	0.3330448230420306	-1.0610256110906
1	0	0.7946807344056122	2.205319265594387	1	0.2648935781352041	1.258366985262274	0	-1.258366985262274	1	0.2648935781352042	-1.090088375554388
0	0	0	1.27644344368662	0	0	0	0	0	0	0	0
4	0	1.656843460713794	1.217367536825777	1	0.5764515764959887	2.4142292828779	0	-2.4142292828779	1	0.1104209107745306	-2.091379786668267
1	0	0.9999999999999998	2	1	0.3333333333333334	1	0	-1	1	0.3333333333333334	-0.866272230852582
1	1	0.7946807344056123	2.205319265594387	0.5	0.2648935781352041	1.258366985262274	0.4534490835867594	-0.8049179016755144	0.9298313922627284	0.4596185485331369	-0.6972780263376269
2	3	1.563317104566622	1.231687735687008	0.4	0.5593253657567049	1.279330977802123	2.435682286246577	1.156351308444454	0.3898045079052718	0.877916954584127	1.001715027615479
1	5	0.7987663085576234	2.184224876498477	0.1666666666666667	0.2677736067606252	1.251930620115607	2.289141586930134	1.037210966814527	0.4923031487727997	0.84587528932954	0.8985070580871833
0	2	0.8025268468715235	2.144579494936499	0	0.2723101082192985	0	0.932583755800211	0.932583755800211	0.5295325785998091	0.4704674214001909	0.8078714105939282
3	10	0.8617166416175455	2.05907673868417	0.2307692307692308	0.2950282780798863	3.48142284262799	4.856545563421007	1.375122720793017	0.4362052647790965	0.7864710034052369	1.191230627037439
2	1	0.7946807344056122	2.000076146508256	0.6666666666666666	0.2843469998527229	2.516733970524548	0.4999809640976947	-2.016753006426853	0.9770096305094735	0.1965789099946803	-1.747057125956041
0	1	0.9998651284562454	1.999544935508051	0	0.3333539286504665	0	0.5001137920143397	0.5001137920143397	0.6666460713495335	0.3333539286504665	0.4332346902884062
0	0	0.9999999999999998	2	0	0.3333333333333334	0	0	0	0	0	0
2	0	1.653781573190781	1.215311515243031	1	0.5764126580129721	1.209349549191814	0	-1.209349549191814	1	0.3322515523175795	-1.047625931858957
1	0	0.7946807344056122	2.205319265594387	1	0.2648935781352041	1.258366985262274	0	-1.258366985262274	1	0.2648935781352042	-1.090088375554388
4	1	0.9996289906556624	2.000371009344337	0.8	0.3332096635518875	4.001484588173436	0.4999072648667163	-3.501577323306719	0.9958924019372551	0.04520644653334016	-3.033319199363724
2	0	0.9999999999999996	1.999999999999999	1	0.3333333333333333	2.000000000000001	0	-2.000000000000001	1	0.1111111111111109	-1.732544461705164
0	1	0.0007418595393152073	2.999258140460684	0	0.0002472865131050691	0	0.3334157825596168	0.3334157825596168	0.999752713486895	0.0002472865131050161	0.2888288337593786
0	1	1.000187273375774	1.99863179650812	0	0.3335270485039628	0	0.5003422850307572	0.5003422850307572	0.6664729514960372	0.3335270485039628	0.4334326274434724
1	0	0.7946807344056124	2.205319265594387	1	0.2648935781352041	1.258366985262274	0	-1.258366985262274	1	0.2648935781352042	-1.090088375554388
2	3	0.7949883313345637	2.204430022965114	0.4	0.2650474983574548	2.515760195678039	1.360895999758154	-1.154864195919885	0.8799817789014788	0.3989032727319888	-1.000426783331292
1	0	0.8193350823034796	2.111554056774865	1	0.2795517139761656	1.220501869868185	0	-1.220501869868185	1	0.2795517139761656	-1.05728687757046
0	0	0.8185728277747532	1.451255544906662	0	0.3606320361604031	0	0	0	0	0	0
0	0	0.794680734405612	2.205319265594387	0	0.2648935781352041	0	0	0	0	0	0
0	0	0.7946807344056124	2.205319265594387	0	0.2648935781352041	0	0	0	0	0	0
1	0	0.8183841178750934	2.077322417036905	1	0.2826198401006007	1.221920096148085	0	-1.221920096148085	1	0.2826198401006007	-1.058515447613803
1	0	1.656378345325568	1.217452998077894	1	0.5763658849109526	0.6037268011997863	0	-0.6037268011997863	1	0.5763658849109526	-0.522991762900832
2	0	0.7946807344056123	2	1	0.2843547474393812	2.516733970524548	0	-2.516733970524548	1	0.08085762239131433	-2.180176751108776
2	1	0.9207316085173701	2.079268391482629	0.6666666666666666	0.3069105361724567	2.172185663551344	0.4809383935697434	-1.691247269981601	0.9710908452580844	0.2247639221571631	-1.4650805454903
0	0	0	1.27644344368662	0	0	0	0	0	0	0	0
1	0	0.9999999999999994	1.998333138527563	1	0.3335186431255217	1.000000000000001	0	-1.000000000000001	1	0.3335186431255217	-0.8662722308525824
3	0	0.9999999999999998	2	1	0.3333333333333334	3.000000000000001	0	-3.000000000000001	0.9999999999999999	0.0370370370370372	-2.598816692557746
2	2	0.7950618720667315	2.204938127933268	0.5	0.2650206240222439	2.515527495742036	0.9070549303234369	-1.608472565418599	0.9403433768603372	0.2873030825869809	-1.393375117510345
3	0	0.7946807344056124	2.205319265594388	1	0.2648935781352041	3.775100955786821	0	-3.775100955786821	1	0.01858721357629145	-3.270265126663163
5	0	0.9999999999999998	2	1	0.3333333333333334	5.000000000000001	0	-5.000000000000001	1	0.004115226337448541	-4.33136115426291
3	4	0.9999999999999998	1.999871543656447	0.4285714285714285	0.3333476068715702	3.000000000000001	2.000128464594599	-0.999871535405402	0.8266813165849651	0.4293881749577719	-0.8661609455416338
9	0	0.9999999999999999	2	1	0.3333333333333334	9.000000000000002	0	-9.000000000000002	0.9999999999999998	5.080526342549074e-05	-7.796450077673238
1	2	0.7946807344056123	2.205319265594387	0.3333333333333333	0.2648935781352041	1.258366985262274	0.9068981671735189	-0.351468818088755	0.8266686039407682	0.6027621247700894	-0.304467677120866
0	1	0.8497486900946893	2.062876668079822	0	0.2917466497054978	0	0.4847599546175609	0.4847599546175609	0.7082533502945022	0.2917466497054978	0.4199340873145508
0	0	0.7946807344056123	2.205319265594387	0	0.2648935781352041	0	0	0	0	0	0
1	0	0.8183517926419892	1.386967472952398	1	0.3710808704250918	1.221968362495514	0	-1.221968362495514	1	0.3710808704250919	-1.058557259410265
1	2	0.9214666698827086	2.078533330117291	0.3333333333333333	0.3071555566275696	1.085226446798437	0.9622169493366463	-0.1230094974617905	0.7749232890179687	0.6674115104409053	-0.1065597117822802
1	3	0.7954430489723558	2.204328385546352	0.25	0.2651678857325938	1.257161026539756	1.360958748102514	0.1037977215627583	0.7124439091643447	0.7084235044749325	0.08991708381558582
6	2	1.791666668594869	1.208005764541988	0.75	0.5972874400560008	3.348837205698288	1.655621238494912	-1.693215967203376	0.8964304805561392	0.3097505352846577	-1.46678597322448
1	1	0.7946807344056122	2.000457815835167	0.5	0.2843081729659364	1.258366985262274	0.4998855722346296	-0.7584814130276443	0.9191688627847714	0.4877852087166439	-0.6570513857236759
2	1	0.9999999999999998	2	0.6666666666666666	0.3333333333333334	2	0.5000000000000001	-1.5	0.9629629629629628	0.2592592592592594	-1.299408346278873
1	1	0.8297968439974083	1.382216647876127	0.5	0.3751319090258285	1.205114248425755	0.7234755865056104	-0.4816386619201445	0.8592760508306376	0.6095398688822945	-0.417230198126416
1	2	1	1.873821252746358	0.3333333333333333	0.3479687538131862	1	1.067337664715196	0.06733766471519553	0.7210189209183513	0.7227923414532814	0.05833274903323562
0	3	1	1.80831824023295	0	0.3560849997958387	0	1.659000021817806	1.659000021817806	0.266984240532038	0.733015759467962	1.437145649884592
3	0	0.9999999999999998	1.931043009735055	1	0.3411754780392638	3.000000000000001	0	-3.000000000000001	0.9999999999999998	0.03971306679182529	-2.598816692557746
3	0	0.8958677657275794	2.000225695789397	1	0.3093366210834657	3.348708497803299	0	-3.348708497803299	1	0.02960015683300465	-2.900893180867062
2	1	0.9168941277952301	2.08310587220477	0.6666666666666666	0.3056313759317434	2.181276921043451	0.4800524127665173	-1.701224508276934	0.971450808758616	0.2231332313790235	-1.473723549966146
2	0	0.9999999999999998	2	1	0.3333333333333334	2	0	-2	1	0.111111111111111	-1.732544461705164
2	0	0.9999999999999998	2	1	0.3333333333333334	2	0	-2	1	0.111111111111111	-1.732544461705164
2	0	0.9999999999999997	1.999906461937858	1	0.3333437267754098	2.000000000000001	0	-2.000000000000001	1	0.1111180401805191	-1.732544461705164
3	0	0.9999999999999998	2	1	0.3333333333333334	3.000000000000001	0	-3.000000000000001	0.9999999999999999	0.0370370370370372	-2.598816692557746
3	0	0.8184647871852309	2.077241747726766	1	0.2826476983483772	3.665398984747104	0	-3.665398984747104	1	0.02258064587021213	-3.175233355481663
0	4	0.8951126517618507	2.000983549649645	0	0.3090755933195837	0	1.999016933797565	1.999016933797565	0.2278883568815064	0.7721116431184937	1.731692858752904
1	0	0.7946807344056122	2.205319265594387	1	0.2648935781352041	1.258366985262274	0	-1.258366985262274	1	0.2648935781352042	-1.090088375554388
0	0	0.818319595761722	1.386999669832665	0	0.3710662707792402	0	0	0	0	0	0
1	0	0.8184162891050124	1.386902976489375	1	0.3711101162871442	1.221872063535735	0	-1.221872063535735	1	0.3711101162871442	-1.058473838295549
1	1	0.9999999999999998	2	0.5	0.3333333333333334	1	0.5000000000000001	-0.5000000000000001	0.888888888888889	0.5555555555555556	-0.433136115426291
4	0	0.9999999999999997	1.999999999999999	1	0.3333333333333333	4.000000000000002	0	-4.000000000000002	1	0.01234567901234551	-3.465088923410329
4	3	0.9211798541530576	2.078820145846943	0.5714285714285714	0.3070599513843525	4.342257358284981	1.443126287761539	-2.899131070523442	0.9681520037187787	0.1353735919993047	-2.511436739996376
1	1	0.9999999999999999	1.999812828818405	0.5	0.3333541314288897	1	0.50004679717494	-0.4999532028250602	0.8888750230592906	0.55558328591707	-0.4330955763331582
2	2	0.794680734405612	2.205319265594387	0.5	0.2648935781352041	2.516733970524548	0.9068981671735189	-1.609835803351029	0.9404220462301953	0.2870848383486591	-1.394556052675254
5	2	0.9208492826060704	2.079150717393929	0.7142857142857143	0.3069497608686902	5.429770207182696	0.9619312266630007	-4.467838980519696	0.9956856982854525	0.03179863631089797	-3.870364840744922
1	0	0.9999999999999998	1.931094335230941	1	0.3411695038198795	1	0	-1	1	0.3411695038198795	-0.866272230852582
2	3	0.9974055361884712	2.000152442169788	0.4	0.3327393643057216	2.005202425126781	1.499885677086475	-0.5053167480403062	0.7910026262089855	0.5379208563193431	-0.4377418666120481
2	0	0.8958519631489784	2.000203574860224	1	0.3093352152233939	2.232511712057725	0	-2.232511712057725	0.9999999999999999	0.09568827537730351	-1.933962901208762
1	7	1	2	0.125	0.3333333333333333	1	3.5	2.5	0.1950922115531171	0.9609815576893765	2.165680577131455
1	0	0.8963201528413576	2.000858961002311	1	0.3093768516273112	1.115672783692272	0	-1.115672783692272	1	0.3093768516273112	-0.9664763512306144
0	4	0.4789198531494198	2.521080146850581	0	0.1596399510498065	0	1.586621514193801	1.586621514193801	0.4987255187925265	0.5012744812074735	1.374446158619366
1	0	0.9386479662434585	2.060110718954509	1	0.3130121709614964	1.065362133582494	0	-1.065362133582494	1	0.3130121709614964	-0.9228936321243736
2	14	0.7949032905862656	2.204891059146791	0.125	0.2649859283377216	2.516029338015369	6.3495200553888	3.833490717373432	0.1622935140449752	0.9508855298529023	3.320846555691747
4	1	0.9186772608491581	2.081322739150842	0.8	0.306225753616386	4.354086217724266	0.4804636883984603	-3.873622529325806	0.9973071723342567	0.03319670368497707	-3.355611629959886
0	0	1	2	0	0.3333333333333333	0	0	0	0	0	0
0	0	0.7946807344056124	2.205319265594387	0	0.2648935781352042	0	0	0	0	0	0
1	0	0.8959971013874479	2.000406743771732	1	0.3093481259130859	1.11607503913964	0	-1.11607503913964	1	0.3093481259130859	-0.9668248139543786
0	1	0.2831108338237979	2.716889166176203	0	0.09437027794126593	0	0.3680680141278701	0.3680680141278701	0.905629722058734	0.09437027794126596	0.3188470997040296
2	0	0.7946807344056124	2.205319265594387	1	0.2648935781352041	2.516733970524547	0	-2.516733970524547	0.9999999999999999	0.07016860773727163	-2.180176751108776
2	0	0.919604251346127	2.080395748653872	1	0.306534750448709	2.174848579780245	0	-2.174848579780245	1	0.09396355323265237	-1.884010930972802
3	0	0.794680734405612	2	1	0.2843547474393812	3.775100955786822	0	-3.775100955786822	0.9999999999999998	0.02299224879363126	-3.270265126663164
0	0	0	1.27644344368662	0	0	0	0	0	0	0	0
0	0	0.9999999999999998	2	0	0.3333333333333334	0	0	0	0	0	0
0	2	0.1840925250344352	2.815907474965564	0	0.0613641750114784	0	0.7102506093615373	0.7102506093615373	0.8810372119518826	0.1189627880481174	0.6152703798360245
2	0	0.9999999999999997	1.999999999999999	1	0.3333333333333333	2.000000000000001	0	-2.000000000000001	1	0.1111111111111109	-1.732544461705164
1	1	0.8184380223248621	2.077268512587136	0.5	0.2826384554019508	1.221839617322997	0.4814014143768776	-0.7404382029461194	0.9201155035279993	0.4853924143319011	-0.6414210538746116
1	1	0.9999999999999998	1.99971902589533	0.5	0.333364555602513	1	0.50007025339586	-0.4999297466041402	0.888868073067939	0.555597184272965	-0.4330752568603345
2	0	0.9999999999999998	1.931659448975688	1	0.3411037391636319	2	0	-2	1	0.1163517608714111	-1.732544461705164
2	0	0.7946807344056124	2.205319265594387	1	0.2648935781352041	2.516733970524547	0	-2.516733970524547	0.9999999999999999	0.07016860773727163	-2.180176751108776
0	2	0.1824570251999102	2.817349293413569	0	0.06082293515677453	0	0.7098871285415772	0.7098871285415772	0.8820535591275362	0.1179464408724638	0.6149555064952456
0	0	0.9999999999999998	2	0	0.3333333333333334	0	0	0	0	0	0
2	0	1.656378347780682	1.217453000102555	1	0.576365884866804	1.207453600609863	0	-1.207453600609863	1	0.3321976332382939	-1.045983524251288
1	0	0.920702199829608	2.079297800170391	1	0.3069007332765361	1.086127523302396	0	-1.086127523302396	1	0.3069007332765361	-0.9408821126015563
3	4	0.7950615314624261	2.204938468537573	0.4285714285714285	0.2650205104874754	3.773292860090763	1.814109580415186	-1.959183279675577	0.9147440416719405	0.275367017691929	-1.69718607033364
0	1	0.7946807344056123	2.205319265594387	0	0.2648935781352041	0	0.4534490835867594	0.4534490835867594	0.7351064218647958	0.2648935781352042	0.3928103492167609
0	0	0.9999999999999998	2	0	0.3333333333333334	0	0	0	0	0	0
1	0	0.9999999999999998	1.999923048950359	1	0.3333418836692792	1	0	-1	1	0.3333418836692792	-0.866272230852582
2	0	0.794680734405612	2.205319265594388	1	0.264893578135204	2.516733970524548	0	-2.516733970524548	1	0.0701686077372714	-2.180176751108776
1	0	1.794545955625161	1.205301729212749	1	0.5982123574791181	0.5572440186696878	0	-0.5572440186696878	1	0.5982123574791181	-0.4827250191822482
1	1	0.9207610318386426	2.079238968161357	0.5	0.3069203439462143	1.08605812520446	0.4809451993314106	-0.6051129258730491	0.9057999024719375	0.5196405903643661	-0.5241925242137793
1	0	1	2	1	0.3333333333333333	1	0	-1	1	0.3333333333333333	-0.8662722308525819
1	0	0.9999999999999998	2	1	0.3333333333333334	1	0	-1	1	0.3333333333333334	-0.866272230852582
1	0	0.94081753902575	2.059143814973232	1	0.313609886264578	1.062905354672209	0	-1.062905354672209	1	0.313609886264578	-0.9207653927770495
1	0	0.9999999999999998	2	1	0.3333333333333334	1	0	-1	1	0.3333333333333334	-0.866272230852582
3	0	0.7946807344056123	1.999999999999999	1	0.2843547474393813	3.775100955786821	0	-3.775100955786821	1	0.02299224879363093	-3.270265126663164
1	0	0.7946807344056124	2.205319265594387	1	0.2648935781352041	1.258366985262274	0	-1.258366985262274	1	0.2648935781352042	-1.090088375554388
0	1	0.8184738869339142	2.077232647978084	0	0.2826508408452336	0	0.4814097260474747	0.4814097260474747	0.7173491591547664	0.2826508408452336	0.4170318773372762
0	1	0.1815453160260293	2.81845468397397	0	0.0605151053420098	0	0.354804356332605	0.354804356332605	0.9394848946579902	0.06051510534200977	0.3073571612764601
1	4	1.123980615284387	1.090881620991481	0.2	0.507472021002209	0.8896950591509826	3.66675899843695	2.777063939285968	0.1782995359994894	0.9710162528492203	2.405693373905514
0	5	0.7947827458148173	2.205217254185182	0	0.2649275819382725	0	2.267350298711261	2.267350298711261	0.2146103365753011	0.785389663424699	1.964142601388872
3	0	0.9999999999999997	1.99912805403685	1	0.3334302443851945	3.000000000000001	0	-3.000000000000001	1	0.03706935011365275	-2.598816692557746
0	5	0.8187245031204063	2.077203147567531	0	0.2827158002120376	0	2.407082815108939	2.407082815108939	0.1898699875364943	0.8101300124635057	2.085189000091333
0	2	0.7952919670047073	2.204708032995292	0	0.2650973223349025	0	0.9071495953515541	0.9071495953515541	0.5400819456393302	0.4599180543606698	0.7858385036822076
0	0	0.9999999999999998	1.794680734405612	0	0.3578226262803094	0	0	0	0	0	0
0	2	0.1850267968890512	2.814973203110948	0	0.06167559896301707	0	0.7104863370598746	0.7104863370598746	0.8804526815814127	0.1195473184185873	0.615474584195137
0	0	0	2.999999999999999	0	0	0	0	0	0	0	0
0	3	0.8947388064502945	2.001083898753773	0	0.3089756858534067	0	1.499187516259727	1.499187516259727	0.3299742008546143	0.6700257991453857	1.298704514176655
0	0	0.9999999999999998	1.794680734405612	0	0.3578226262803094	0	0	0	0	0	0
1	0	0.794680734405612	2.205319265594387	1	0.2648935781352041	1.258366985262274	0	-1.258366985262274	1	0.2648935781352041	-1.090088375554388
1	0	0.9999999999999997	1.999999999999999	1	0.3333333333333333	1	0	-1	1	0.3333333333333333	-0.8662722308525822
3	1	0.9999999999999998	2	0.75	0.3333333333333334	3.000000000000001	0.5000000000000001	-2.500000000000001	0.9876543209876543	0.1111111111111112	-2.165680577131455
2	0	0.920702199829608	2.079297800170391	1	0.3069007332765361	2.172255046604792	0	-2.172255046604792	1	0.0941880600856756	-1.881764225203113
1	1	0.9990813330339017	2.000662047267282	0.5	0.333055600553935	1.000919511691114	0.4998345429533723	-0.5010849687377414	0.8890739669396577	0.5551851680475277	-0.4340759937151395
0	0	0.818319595761722	2.077386939150276	0	0.282597558107383	0	0	0	0	0	0
2	0	0.7946807344056123	2.079297800170391	1	0.2765089317282779	2.516733970524548	0	-2.516733970524548	1	0.07645718932551326	-2.180176751108776
0	2	0.8328612208696186	2.10730670226623	0	0.2832699500990838	0	0.949078744849608	0.949078744849608	0.5137019644309698	0.4862980355690302	0.8221605615556382
3	0	0.9999999999999996	1.999466844360666	1	0.3333925833786467	3.000000000000001	0	-3.000000000000001	1	0.037056790562917	-2.598816692557746
0	3	0.8409295952393185	2.098369946008787	0	0.2860986379367914	0	1.429681170237003	1.429681170237003	0.3638435091626329	0.6361564908373671	1.238493096749139
0	0	0.7946807344056124	2.079297800170391	0	0.2765089317282779	0	0	0	0	0	0
2	0	0.9196027497436958	2.080397250256303	1	0.3065342499145653	2.174852131050526	0	-2.174852131050526	1	0.09396324637068521	-1.88401400733963
4	0	0.9999999999999997	1.999999999999999	1	0.3333333333333333	4.000000000000002	0	-4.000000000000002	1	0.01234567901234551	-3.465088923410329
1	0	0.9999999999999998	2	1	0.3333333333333334	1	0	-1	1	0.3333333333333334	-0.866272230852582
0	0	0.794680734405612	2.205319265594387	0	0.2648935781352041	0	0	0	0	0	0
2	0	0.9999999999999998	1.931608021332171	1	0.3411097229654813	2	0	-2	0.9999999999999998	0.1163558431015876	-1.732544461705164
0	0	0.7946807344056123	2.205319265594387	0	0.2648935781352041	0	0	0	0	0	0
3	0	0.9207021998296079	2.079297800170391	1	0.3069007332765361	3.258382569907189	0	-3.258382569907189	0.9999999999999999	0.02890638470618834	-2.822646337804669
1	2	0.9999999999999997	1.999999999999999	0.3333333333333333	0.3333333333333333	1	1	0	0.7407407407407408	0.7037037037037037	0
1	2	0.7947743293546755	2.205225670645323	0.3333333333333333	0.2649247764515586	1.258218796286437	0.9069366580585526	-0.3512821382278842	0.8266321520204339	0.6028126995980301	-0.3043059615413343
1	4	0.7948593156366504	2.205063788220567	0.2	0.264959896676899	1.258084267653126	1.814006479707285	0.5559222120541587	0.6012810801057903	0.7854368320235973	0.4815799748166581
2	1	0.818862723636269	2.076843811275729	0.6666666666666666	0.2827851212696023	2.442411825902556	0.4814998578953016	-1.960911968007254	0.9773864020770725	0.1946750785885358	-1.698683585031171
0	0	0.9999999999999998	2	0	0.3333333333333334	0	0	0	0	0	0
4	0	0.7946807344056124	2.205319265594387	1	0.2648935781352041	5.033467941049095	0	-5.033467941049095	0.9999999999999997	0.004923633511787373	-4.360353502217551
0	0	0.818319595761722	1.386999669832665	0	0.3710662707792402	0	0	0	0	0	0
1	0	0.7946807344056119	2.205319265594387	1	0.2648935781352041	1.258366985262274	0	-1.258366985262274	1	0.2648935781352041	-1.090088375554388
0	1	0.9981754964126212	2.001824503587378	0	0.3327251654708738	0	0.4995442898255795	0.4995442898255795	0.6672748345291262	0.3327251654708738	0.4327413463568734
1	1	0.7946807344056123	2.205319265594387	0.5	0.2648935781352041	1.258366985262274	0.4534490835867593	-0.8049179016755146	0.9298313922627284	0.4596185485331369	-0.6972780263376271
6	3	0.9380593786705671	2.059498409715491	0.6666666666666666	0.3129412157807426	6.396183585417905	1.456665363686508	-4.939518221731397	0.9944075098406813	0.03118056242245804	-4.278967469276235
1	4	0.9210259471885347	2.078974052811465	0.2	0.307008649062845	1.085745741531535	1.924025937019593	0.8382801954880583	0.5138462452474745	0.840177076124784	0.7261788550249787
1	0	0.9999999999999998	2	1	0.3333333333333334	1	0	-1	1	0.3333333333333334	-0.866272230852582
1	0	0.7946807344056123	1.999999999999999	1	0.2843547474393813	1.258366985262274	0	-1.258366985262274	1	0.2843547474393813	-1.090088375554388
2	0	0.9999999999999997	1.999742673955428	1	0.333361927568744	2.000000000000001	0	-2.000000000000001	1	0.1111301747523485	-1.732544461705164
2	1	0.9999999999999999	2	0.6666666666666666	0.3333333333333334	2	0.5000000000000001	-1.5	0.9629629629629628	0.2592592592592594	-1.299408346278873
3	0	0.7946807344056122	2.079297800170391	1	0.2765089317282779	3.775100955786822	0	-3.775100955786822	1	0.02114109574334422	-3.270265126663164
1	0	0.9999999999999996	1.999999999999999	1	0.3333333333333333	1	0	-1	1	0.3333333333333333	-0.8662722308525822
2	0	0.8958032427243926	2.000135374531106	1	0.3093308806294215	2.23263313260335	0	-2.23263313260335	1	0.09568559371097329	-1.934068084455693
0	0	0.794680734405612	2	0	0.2843547474393812	0	0	0	0	0	0
6	2	0.9997644309581121	2.000235569041887	0.75	0.3332548103193708	6.001413747286422	0.9998822293506159	-5.001531517935805	0.9974129502586149	0.01963752052595136	-4.33268786572175
4	1	0.8615680245314721	2.034290394294965	0.8	0.2975173160850271	4.642697832449427	0.4915719028140892	-4.151125929635338	0.9976688982097304	0.02985149394182796	-3.596005119615202
3	1	0.8126410576409222	1.594451690089951	0.75	0.3376027194660386	3.691666784236732	0.62717485027319	-3.064491933963542	0.987009563472937	0.1149425753260068	-2.654684264064341
2	2	0.7946807344056128	2.205319265594389	0.5	0.2648935781352041	2.516733970524546	0.9068981671735181	-1.609835803351028	0.9404220462301953	0.2870848383486591	-1.394556052675253
5	0	0.9999999999999998	2	1	0.3333333333333334	5.000000000000001	0	-5.000000000000001	1	0.004115226337448541	-4.33136115426291
3	0	1.794680734405611	1.205319265594387	1	0.5982269114685375	1.671606510554973	0	-1.671606510554973	1	0.214090717729001	-1.448066301006156
1	0	0.8183679789455849	2.077338555966413	1	0.2826142667010473	1.22194419347692	0	-1.22194419347692	1	0.2826142667010473	-1.058536322460611
2	0	1.656869828018506	1.217483261042272	1	0.5764322533387518	1.207095431505233	0	-1.207095431505233	1	0.332274142689191	-1.045673252301998
1	0	0.9999999999999998	2	1	0.3333333333333334	1	0	-1	1	0.3333333333333334	-0.866272230852582
2	0	0.9999999999999998	2	1	0.3333333333333334	2	0	-2	1	0.111111111111111	-1.732544461705164
4	0	0.9999999999999998	1.943749602661417	1	0.3397028059369959	4.000000000000001	0	-4.000000000000001	1	0.01331669756424136	-3.465088923410328
0	0	0	2.999999999999999	0	0	0	0	0	0	0	0
1	0	1.097646502120965	1.201576666794607	1	0.4773988523431023	0.9110401190799733	0	-0.9110401190799733	1	0.4773988523431023	-0.7892087563516103
2	0	0.794680734405612	2.205319265594388	1	0.264893578135204	2.516733970524548	0	-2.516733970524548	1	0.0701686077372714	-2.180176751108776
1	3	0.9966585596711937	2.003341440328805	0.25	0.332219519890398	1.003352642985285	1.497498099728629	0.4941454567433432	0.5945726998483156	0.8011457487102076	0.4280644871787239
2	0	0.9999999999999998	2	1	0.3333333333333334	2	0	-2	1	0.111111111111111	-1.732544461705164
2	0	0.861600594635196	2.069288544443149	1	0.2939724273931894	2.321261164921555	0	-2.321261164921555	1	0.08641978806744399	-2.010844087728059
3	2	0.8209924452075297	2.074830101707799	0.6	0.2835092385346825	3.654114014705291	0.9639343473732109	-2.69017966733208	0.9750237886644036	0.1419592333948542	-2.330427941814017
1	1	0.8187265206648225	1.386592744929565	0.5	0.3712507905036398	1.221409072211292	0.7211922921541014	-0.5002167800571904	0.8621728505504227	0.6046744315577021	-0.4333239059700376
0	1	0.9999999999999998	2	0	0.3333333333333334	0	0.5000000000000001	0.5000000000000001	0.6666666666666666	0.3333333333333334	0.433136115426291
1	0	0.8957549213266931	2.000067732771934	1	0.3093265811906259	1.116376785872313	0	-1.116376785872313	1	0.3093265811906259	-0.9670862087696435
4	0	0.9999999999999998	1.999769093462652	1	0.3333589915901473	4.000000000000001	0	-4.000000000000001	0.9999999999999999	0.01234948067449748	-3.465088923410328
0	0	0.1816804042382777	2.818319595761722	0	0.06056013474609259	0	0	0	0	0	0
0	0	0.794680734405612	2.205319265594387	0	0.2648935781352041	0	0	0	0	0	0
7	0	0.9999999999999996	1.999717451334768	1	0.3333647305865541	7.000000000000004	0	-7.000000000000004	1	0.0004575489385735265	-6.063905615968076
1	0	0.9999999999999998	2	1	0.3333333333333334	1	0	-1	1	0.3333333333333334	-0.866272230852582
0	0	0.3211351389144097	2.67886486108559	0	0.1070450463048032	0	0	0	0	0	0
3	0	1	2	1	0.3333333333333333	3	0	-3	1	0.03703703703703698	-2.598816692557746
1	0	0.9999999999999997	1.999999999999999	1	0.3333333333333333	1	0	-1	1	0.3333333333333333	-0.8662722308525822
0	0	0.7946807344056123	2.205319265594387	0	0.2648935781352041	0	0	0	0	0	0
0	0	0.1816804042382777	2.818319595761722	0	0.06056013474609259	0	0	0	0	0	0
0	0	0.818319595761722	2.112569543316622	0	0.2792052366808569	0	0	0	0	0	0
0	0	0.794680734405612	2.205319265594387	0	0.2648935781352041	0	0	0	0	0	0
0	0	0.9999999999999997	1.999999999999999	0	0.3333333333333333	0	0	0	0	0	0
0	0	0	1.27644344368662	0	0	0	0	0	0	0	0
3	0	0.8609228132322144	2.06996632584613	1	0.2937411728588761	3.484632947217323	0	-3.484632947217323	0.9999999999999999	0.02534512712084358	-3.018640756888357
0	0	0.9999999999999998	1.931402358285075	0	0.3411336547416229	0	0	0	0	0	0
0	0	0	2.999999999999999	0	0	0	0	0	0	0	0
2	6	0.926421449118477	2.069632329087786	0.25	0.3092138919058807	2.158844661793044	2.89906565319482	0.7402209914017766	0.5284212045813197	0.7624746930102149	0.6412328895455267
1	0	0.794680734405612	2.205319265594387	1	0.2648935781352041	1.258366985262274	0	-1.258366985262274	1	0.2648935781352042	-1.090088375554388
2	0	0.9999999999999998	2	1	0.3333333333333334	2	0	-2	1	0.111111111111111	-1.732544461705164
0	0	0	1.27644344368662	0	0	0	0	0	0	0	0
4	0	0.7946807344056123	1.999999999999999	1	0.2843547474393813	5.033467941049095	0	-5.033467941049095	1	0.006537955098776305	-4.360353502217552
2	0	0.9999999999999998	1.999948711880544	1	0.3333390321106994	2	0	-2	1	0.1111149103284979	-1.732544461705164
0	1	0.7946807344056123	2.205243163383454	0	0.2649002979679883	0	0.4534647319643985	0.4534647319643985	0.7350997020320118	0.2649002979679882	0.3928239049717675
5	0	0.938874662961301	2.060428055900941	1	0.3130309778525638	5.325524478666321	0	-5.325524478666321	1	0.003005637422606844	-4.613353970594306
2	0	0.7946807344056122	2.205319265594387	1	0.2648935781352041	2.516733970524548	0	-2.516733970524548	0.9999999999999999	0.07016860773727163	-2.180176751108776
1	0	0.8183841860923715	1.386935079502015	1	0.3710955592054819	1.221919994293645	0	-1.221919994293645	1	0.3710955592054819	-1.05851535938013
2	0	0.794680734405612	2.205319265594387	1	0.2648935781352041	2.516733970524548	0	-2.516733970524548	0.9999999999999999	0.07016860773727163	-2.180176751108776
2	0	0.9999999999999998	2	1	0.3333333333333334	2	0	-2	1	0.111111111111111	-1.732544461705164
4	0	0.8613426334568829	2.069546505621461	1	0.2938844127443671	4.643912706313558	0	-4.643912706313558	0.9999999999999998	0.007459439724675776	-4.022892619982897
0	0	0.9999999999999996	1.932993282342431	0	0.3409486158800033	0	0	0	0	0	0
2	2	0.8406073635755978	2.075657735067928	0.5	0.2882479250485832	2.379232072739433	0.9635499948812845	-1.415682077858149	0.9249118148190001	0.3276345453548059	-1.226366071764197
4	0	0.9999999999999997	1.931274380889216	1	0.3411485483991591	4.000000000000002	0	-4.000000000000002	1	0.01354484721918148	-3.465088923410329
0	0	0.8188679455179548	1.386451320076432	0	0.3713149194736891	0	0	0	0	0	0
0	0	0.9999999999999998	2	0	0.3333333333333334	0	0	0	0	0	0
1	0	0.9999999999999997	1.999999999999999	1	0.3333333333333333	1	0	-1	1	0.3333333333333333	-0.8662722308525822
3	0	0.7946807344056122	2.205319265594387	1	0.2648935781352041	3.775100955786822	0	-3.775100955786822	1	0.01858721357629145	-3.270265126663164
2	0	0.9999999999999998	2	1	0.3333333333333334	2	0	-2	1	0.111111111111111	-1.732544461705164
0	0	0.8184810083268429	2.077225526585155	0	0.2826533001389649	0	0	0	0	0	0
0	0	0.7946807344056123	2.205319265594387	0	0.2648935781352041	0	0	0	0	0	0
2	0	0.9999999999999998	2	1	0.3333333333333334	2	0	-2	1	0.111111111111111	-1.732544461705164
0	0	0.818319595761722	1.386999669832665	0	0.3710662707792402	0	0	0	0	0	0
2	0	0.9999999999999998	2	1	0.3333333333333334	2	0	-2	1	0.111111111111111	-1.732544461705164
0	0	0.9999999999999998	2	0	0.3333333333333334	0	0	0	0	0	0
2	3	0.9198713763108521	2.080128623689148	0.4	0.3066237921036174	2.174217017188868	1.442218507949495	-0.7319985092393728	0.8280469260758592	0.4853671568419965	-0.6341099815795557
0	1	0.7946807344056122	2.205319265594387	0	0.2648935781352041	0	0.4534490835867593	0.4534490835867593	0.7351064218647958	0.2648935781352042	0.3928103492167608
0	1	0.818319595761722	1.38879735230255	0	0.3707640397032067	0	0.7200474556939894	0.7200474556939894	0.6292359602967933	0.3707640397032067	0.6237571157637578
1	0	0.9207021998296082	2.079297800170391	1	0.3069007332765361	1.086127523302396	0	-1.086127523302396	1	0.3069007332765361	-0.9408821126015561
0	0	0.794680734405612	2.205319265594387	0	0.2648935781352041	0	0	0	0	0	0
3	0	0.9999999999999997	1.997511133511241	1	0.333610103669111	3.000000000000001	0	-3.000000000000001	0.9999999999999999	0.03712937043864961	-2.598816692557746
2	0	0.8616976115109272	2.034008923401071	1	0.2975776727102336	2.320999818594296	0	-2.320999818594296	1	0.0885524712956387	-2.010617690662118
4	0	1.794680734405612	1.205319265594387	1	0.5982269114685375	2.228808680739963	0	-2.228808680739963	1	0.1280748288411029	-1.930755068008208
1	0	0.7946807344056122	2.205319265594387	1	0.2648935781352041	1.258366985262274	0	-1.258366985262274	1	0.2648935781352042	-1.090088375554388
3	5	1.044666878146248	1.484120465741559	0.375	0.4131098175065037	2.871728837927237	3.368998754088126	0.4972699161608882	0.5634989007034994	0.7113973386490807	0.430771119608569
1	0	1.656394520906678	1.217466337611551	1	0.5763655940394832	0.6037209054836885	0	-0.6037209054836885	1	0.5763655940394832	-0.5229866556056956
1	1	0.9207903668050246	2.079209633194975	0.5	0.3069301222683415	1.086023525061213	0.4809519848479012	-0.6050715402133117	0.9057939000443407	0.5196541445810241	-0.5241566729659932
2	0	0.9999999999999997	1.999613966849779	1	0.3333762314256087	2.000000000000001	0	-2.000000000000001	1	0.111139711679541	-1.732544461705164
0	0	0.818319595761722	2.077386939150276	0	0.282597558107383	0	0	0	0	0	0
0	0	0.9999999999999998	2	0	0.3333333333333334	0	0	0	0	0	0
1	0	0.7946807344056123	2.205319265594387	1	0.2648935781352041	1.258366985262274	0	-1.258366985262274	1	0.2648935781352042	-1.090088375554388
1	1	0.8616975759553277	2.069178517372894	0.5	0.2940068254392862	1.16049995718201	0.4832835792581285	-0.677216377923882	0.9135599865951129	0.5015736374736856	-0.5866537424740265
0	0	0.818319595761722	2.077386939150276	0	0.282597558107383	0	0	0	0	0	0
1	0	0.7946807344056122	2.205319265594387	1	0.2648935781352041	1.258366985262274	0	-1.258366985262274	1	0.2648935781352042	-1.090088375554388
1	0	0.7946807344056122	2.205319265594388	1	0.264893578135204	1.258366985262274	0	-1.258366985262274	1	0.264893578135204	-1.090088375554388
3	0	0.8615359526578341	1.343783312936553	1	0.3906626882097406	3.482152997498265	0	-3.482152997498265	1	0.05962189873325374	-3.016492445312827
0	0	0.920702199829608	2.079297800170391	0	0.3069007332765361	0	0	0	0	0	0
3	0	0.8187547297924125	2.112134409285931	1	0.2793537015357329	3.664100970458664	0	-3.664100970458664	1	0.02180034120067631	-3.174108921748337
3	0	0.8187391154638273	2.076967419448171	1	0.2827424345639739	3.664170849221559	0	-3.664170849221559	0.9999999999999998	0.02260335883091646	-3.174169455780159
2	0	0.8184649150624453	2.112424224015898	1	0.2792548186656498	2.443598941376013	0	-2.443598941376013	1	0.07798325374798498	-2.116821906254806
2	0	0.7946807344056125	2.205319265594387	1	0.2648935781352042	2.516733970524547	0	-2.516733970524547	0.9999999999999999	0.07016860773727163	-2.180176751108775
1	1	0.9999999999999997	1.794968324928278	0.5	0.3577858078322447	1	0.5571128950367173	-0.4428871049632831	0.8719893157138281	0.5875609313783174	-0.3836608004323848
2	0	0.8183840545852308	2.112505084493113	1	0.2792272296053416	2.443840381290945	0	-2.443840381290945	1	0.07796784575307414	-2.117031058948531
3	2	0.9996968112457842	2.000303188754217	0.6	0.3332322704152613	3.000909842116545	0.9998484286002635	-2.001061413516282	0.9547823989899388	0.2097268430688692	-1.73346393475977
1	0	0.8186261327292738	2.11226300634907	1	0.2793098250678637	1.221558853326648	0	-1.221558853326648	1	0.2793098250678636	-1.058202512988997
2	0	0.9999999999999998	1.982401112417379	1	0.3353003041195395	2	0	-2	1	0.1124262939426557	-1.732544461705164
1	1	0.8956369441075093	2.001927137098711	0.5	0.3090999608659791	1.116523839909805	0.4995186795106079	-0.6170051603991975	0.9044572141926503	0.5226571359246083	-0.5344944367465679
2	3	0.9198356997122265	2.080164300287773	0.4	0.3066118999040755	2.174301346018323	1.442193772667368	-0.7321075733509548	0.8280630519631011	0.4853428455751082	-0.6342044607908017
2	0	0.8611005999550898	1.344218665639297	1	0.3904652779256442	2.32260899609675	0	-2.32260899609675	1	0.1524631332655505	-2.012011676447007
2	0	0.7946807344056123	2.205319265594387	1	0.2648935781352041	2.516733970524548	0	-2.516733970524548	0.9999999999999999	0.07016860773727163	-2.180176751108776
1	3	0.9997052142812446	2.000294785718755	0.25	0.3332350714270815	1.000294872642999	1.499778943293114	0.4994840706501142	0.5927672804221338	0.8023526514966421	0.432689180157403
2	0	0.8615846498156069	2.069304489262738	1	0.2939669871261467	2.321304123080689	0	-2.321304123080689	0.9999999999999998	0.08641658952002429	-2.010881301188405
1	2	0.8187688404679427	2.076937694444055	0.3333333333333333	0.2827526997630738	1.22134594109429	0.9629561856141048	-0.2583897554801852	0.8053643739730567	0.6310166524407895	-0.2238358699092731
0	0	0.794680734405612	2	0	0.2843547474393812	0	0	0	0	0	0
0	0	0.9998822841404826	2.000117715859517	0	0.3332940947134942	0	0	0	0	0	0
4	0	0.861116554619218	2.069772584459126	1	0.29380727613942	4.6451319261523	0	-4.6451319261523	1	0.007451611213445952	-4.023948796272503
1	0	0.7946807344056124	2.205319265594387	1	0.2648935781352041	1.258366985262274	0	-1.258366985262274	1	0.2648935781352042	-1.090088375554388
3	0	1	2	1	0.3333333333333333	3	0	-3	1	0.03703703703703698	-2.598816692557745
2	0	0.8184002526658239	2.077306282246173	1	0.2826254120708733	2.443792011897945	0	-2.443792011897945	1	0.07987712354823095	-2.116989157886552
1	4	0.1865185909738893	2.81348140902611	0.2	0.0621728636579631	5.361395852169985	1.421726117388707	-3.939669734781278	0.965931479394202	0.2745391586827441	-3.412826489971377
0	0	0.794680734405612	2.205319265594387	0	0.2648935781352041	0	0	0	0	0	0
2	0	1.000884761982126	1.999115238017874	1	0.3336282539940419	1.998232040259313	0	-1.998232040259313	1	0.1113078118631128	-1.731012927276542
0	0	0	1.27644344368662	0	0	0	0	0	0	0	0
1	0	0.9999999999999997	1.794975990303006	1	0.3577848265850717	1	0	-1	1	0.3577848265850716	-0.8662722308525822
0	0	0.7946807344056123	2	0	0.2843547474393812	0	0	0	0	0	0
5	0	0.7946807344056122	2.205319265594387	1	0.2648935781352041	6.29183492631137	0	-6.29183492631137	0.9999999999999998	0.001304238898363952	-5.45044187777194
8	0	0.9999999999999998	2	1	0.3333333333333334	8.000000000000002	0	-8.000000000000002	1	0.0001524157902758061	-6.930177846820656
1	1	0.8617372679270281	2.069177520078717	0.5	0.2940164864067481	1.16044650407841	0.4832838121892787	-0.6771626918891316	0.9135543057210305	0.5015872785345267	-0.5866072357529375
0	1	0.9998476916438553	2.000152308356144	0	0.3332825638812852	0	0.4999619258104726	0.4999619258104726	0.6667174361187148	0.3332825638812852	0.4331031328131911
0	2	0.9996529365208051	2.000347063479194	0	0.3332176455069351	0	0.999826498368443	0.999826498368443	0.4445987082633153	0.5554012917366847	0.8661219312071563
1	0	0.9999999999999998	2	1	0.3333333333333334	1	0	-1	1	0.3333333333333334	-0.866272230852582
6	2	0.9999999999999998	2	0.75	0.3333333333333334	6.000000000000002	1	-5.000000000000002	0.9974089315653102	0.01966163694558754	-4.33136115426291
3	0	1.794629488527884	1.205323788854844	1	0.5982191462973671	1.671654243495614	0	-1.671654243495614	0.9999999999999998	0.2140823809451244	-1.44810765072713
6	0	0.8610680835644395	2.069821055513905	1	0.2937907381359411	6.968090113342332	0	-6.968090113342332	1	0.0006430261018195438	-6.036262967266881
3	0	0.7946807344056122	2.205319265594387	1	0.2648935781352041	3.775100955786822	0	-3.775100955786822	1	0.01858721357629145	-3.270265126663164
0	0	0.818319595761722	1.386999669832665	0	0.3710662707792402	0	0	0	0	0	0
2	0	0.7946807344056124	2.205319265594388	1	0.2648935781352041	2.516733970524547	0	-2.516733970524547	0.9999999999999999	0.07016860773727163	-2.180176751108776
1	0	0.9999999999999999	2	1	0.3333333333333334	1	0	-1	1	0.3333333333333334	-0.866272230852582
0	1	0.9207610453418369	2.079238954658162	0	0.3069203484472791	0	0.4809452024548112	0.4809452024548112	0.6930796515527209	0.3069203484472791	0.4166294734483759
2	2	0.7947056628725123	2.205268660661365	0.5	0.2649041548916903	2.516655025171052	0.9069189780261037	-1.609736047144948	0.9404154992497475	0.2871030063869406	-1.394469636644071
3	0	1.794343070354717	1.205275331336769	1	0.5981904462723946	1.671921077727316	0	-1.671921077727316	1	0.2140515701212777	-1.448338801812295
0	0	0.9999999999999996	1.999999999999999	0	0.3333333333333333	0	0	0	0	0	0
2	0	0.7946807344056123	2.205319265594387	1	0.2648935781352041	2.516733970524548	0	-2.516733970524548	0.9999999999999999	0.07016860773727163	-2.180176751108776
1	1	0.9999999999999997	1.795361407147658	0.5	0.3577354961841531	1	0.556990918941902	-0.4430090810580984	0.8720253147698778	0.587496307138184	-0.3837664649361512
1	0	0.8184003118235623	2.112488827254781	1	0.279232776467594	1.22189591762471	0	-1.22189591762471	1	0.279232776467594	-1.05849450243042
0	0	0	2.999999999999999	0	0	0	0	0	0	0	0
1	0	0.7946807344056124	2.205319265594387	1	0.2648935781352041	1.258366985262274	0	-1.258366985262274	1	0.2648935781352042	-1.090088375554388
1	0	0.8183504211060139	2.077433447775061	1	0.282600656043513	1.221970410485625	0	-1.221970410485625	1	0.282600656043513	-1.058559033527228
7	0	1.791654545217462	1.205586374725835	1	0.5977679449442981	3.907003176859842	0	-3.907003176859842	1	0.02727271394165864	-3.3845283579665
1	0	0.794680734405612	2.205319265594387	1	0.2648935781352041	1.258366985262274	0	-1.258366985262274	1	0.2648935781352041	-1.090088375554388
0	0	0.818319595761722	2.112569543316622	0	0.2792052366808569	0	0	0	0	0	0
0	0	0.8224467154914606	2.073259819420537	0	0.284022812938969	0	0	0	0	0	0
0	0	0.9999999999999998	2	0	0.3333333333333334	0	0	0	0	0	0
1	3	0.8617676014899062	2.034107192039662	0.25	0.2975845514507073	1.160405657245764	1.47484852899606	0.3144428717502958	0.6559583386865591	0.7565688119852649	0.2723931279868211
4	1	0.8612264816085732	2.034518713321554	0.8	0.2974110025690138	4.644539021290798	0.4915167373257535	-4.153022283965045	0.9976730601620293	0.02981217598794761	-3.597647878710884
0	2	0.8191334334380972	1.387763164533202	0	0.3711698292484976	0	1.441168097780384	1.441168097780384	0.3954273836473636	0.6045726163526364	1.248443903097785
5	2	1.790631902557616	1.209321359623353	0.7142857142857143	0.5968865999118348	2.792310353042601	1.653820123232509	-1.138490229810091	0.8454000045647169	0.4131430706740786	-0.9862424711814562
3	0	0.9381638045448161	2.059432974713266	1	0.3129719817676798	3.197735816993662	0	-3.197735816993662	1	0.03065606298250623	-2.770109739864303
1	0	0.8183357178412968	2.112553421237048	1	0.2792107374278349	1.221992365966768	0	-1.221992365966768	1	0.279210737427835	-1.058578052950857
0	0	0.794680734405612	2.205319265594387	0	0.2648935781352041	0	0	0	0	0	0
2	0	0.9999999999999998	2	1	0.3333333333333334	2	0	-2	1	0.111111111111111	-1.732544461705164
0	0	0.8617137564601914	2.069175382618153	0	0.2940110374598366	0	0	0	0	0	0
1	0	0.794680734405612	2.205319265594387	1	0.2648935781352041	1.258366985262274	0	-1.258366985262274	1	0.2648935781352041	-1.090088375554388
0	2	0.002663805314787329	2.997336194685212	0	0.0008879351049291099	0	0.6672591494895838	0.6672591494895838	0.9982249182188924	0.001775081781107635	0.5780280719851381
2	0	0.9999999999999998	1.983735130713889	1	0.3351503924414161	2	0	-2	1	0.1123257855536353	-1.732544461705164
0	0	0.794680734405612	2.205319265594387	0	0.2648935781352041	0	0	0	0	0	0
3	0	0.9999999999999998	2	1	0.3333333333333334	3.000000000000001	0	-3.000000000000001	0.9999999999999999	0.0370370370370372	-2.598816692557746
2	0	0.794680734405612	2.079297800170391	1	0.2765089317282779	2.516733970524548	0	-2.516733970524548	1	0.07645718932551326	-2.180176751108776
1	0	0.7946807344056125	2.205319265594387	1	0.2648935781352042	1.258366985262273	0	-1.258366985262273	1	0.2648935781352042	-1.090088375554388
0	0	0.8207497039382625	2.076351832285697	0	0.283300289505219	0	0	0	0	0	0
0	0	0.1877311532516885	2.812268846748311	0	0.06257705108389619	0	0	0	0	0	0
3	0	0.7946807344056123	1.999999999999999	1	0.2843547474393813	3.775100955786821	0	-3.775100955786821	1	0.02299224879363093	-3.270265126663164
0	0	0.7946807344056123	2.205319265594387	0	0.2648935781352041	0	0	0	0	0	0
0	2	0.8182844996512717	2.077629059571606	0	0.2825652364675068	0	0.9626357461578765	0.9626357461578765	0.5147126399249243	0.4852873600750757	0.8339046153226234
0	0	0.794680734405612	2.079297800170391	0	0.2765089317282778	0	0	0	0	0	0
0	4	0.7947568776490369	2.205243122350962	0	0.2649189592163457	0	1.813858961607683	1.813858961607683	0.291971785871091	0.7080282141289089	1.571295649123835
0	0	0.794680734405612	2.205319265594387	0	0.2648935781352041	0	0	0	0	0	0
4	4	0.9999999999999996	1.999999999999999	0.5	0.3333333333333333	4.000000000000002	2.000000000000001	-2.000000000000001	0.9120560890108219	0.2586495960981554	-1.732544461705164
2	0	0.7946807344056124	2.079297800170391	1	0.2765089317282779	2.516733970524547	0	-2.516733970524547	1	0.07645718932551326	-2.180176751108776
0	1	0.1814106707114777	2.818589329288522	0	0.06047022357049259	0	0.3547874071645704	0.3547874071645704	0.9395297764295074	0.06047022357049259	0.3073424786828556
1	2	0.9995954051939031	1.933013994435118	0.3333333333333333	0.3408552824390296	1.000404758569312	1.034653657840929	0.03424889927161723	0.730655746727654	0.7136202353310299	0.02966887037626922
0	0	0.9999999999999998	1.794680734405612	0	0.3578226262803094	0	0	0	0	0	0
1	0	0.707261377357023	2.292738622642977	1	0.235753792452341	1.413904437616708	0	-1.413904437616708	1	0.235753792452341	-1.224826151386591
0	0	0.8957065349119984	2	0	0.3093222756218352	0	0	0	0	0	0
1	0	0.794680734405612	2.205319265594387	1	0.2648935781352041	1.258366985262274	0	-1.258366985262274	1	0.2648935781352041	-1.090088375554388
2	0	0.9994608557658393	1.931582075275002	1	0.3409915444025657	2.001078870134934	0	-2.001078870134934	1	0.1162752333540469	-1.733479056943753
0	0	0.9999999999999998	2	0	0.3333333333333334	0	0	0	0	0	0
0	0	0.794680734405612	2	0	0.2843547474393812	0	0	0	0	0	0
4	4	0.794859368597294	2.205063867909542	0.5	0.264959902614989	5.032336735313177	1.814006414150763	-3.218330321162415	0.9651605982618795	0.1355471269341697	-2.787950186933871
1	1	0.7948329788628504	2.205167021137149	0.5	0.2649443262876168	1.258125954248498	0.4534803896551677	-0.8046455645933304	0.929804503968001	0.4596931565432344	-0.6970421082858995
3	15	0.7950616565157104	2.204405627782858	0.1666666666666667	0.265067620733072	3.773292266598848	6.804555300961859	3.03126303436301	0.2569671348032059	0.8928187620364072	2.625898991078611
2	2	0.9987864231660391	2.001213576833962	0.5	0.3329288077220129	2.002430102784365	0.9993935795519228	-1.003036523232442	0.8892481399282024	0.4066882510299283	-0.8689026866071851
0	0	0.7946807344056123	2	0	0.2843547474393812	0	0	0	0	0	0
0	0	0.9197331684122461	2.033633210840326	0	0.3114185814782008	0	0	0	0	0	0
1	1	0.7946807344056118	2.205319265594387	0.5	0.264893578135204	1.258366985262275	0.4534490835867594	-0.804917901675515	0.9298313922627286	0.4596185485331366	-0.6972780263376275
0	0	0.8185128820955513	2.112376256982792	0	0.2792711847002659	0	0	0	0	0	0
1	0	0.9999999999999999	2	1	0.3333333333333334	1	0	-1	1	0.3333333333333334	-0.866272230852582
0	1	1.612148296815033	1.184114165775736	0	0.5765368302807168	0	0.8445131634286976	0.8445131634286976	0.4234631697192832	0.5765368302807168	0.7315783020677489
1	1	0.7946807344056123	2.205319265594387	0.5	0.2648935781352041	1.258366985262274	0.4534490835867593	-0.8049179016755146	0.9298313922627284	0.4596185485331369	-0.6972780263376271
1	0	0.7947684671712908	2.204844460287585	1	0.2649570082512544	1.258228076862638	0	-1.258228076862638	1	0.2649570082512545	-1.089968043065151
3	0	1.125744164849873	1.77722877774218	1	0.3877900990164588	2.664903886399512	0	-2.664903886399512	1	0.05831632527375763	-2.308532234679021
0	0	0.7946807344056123	2.205319265594387	0	0.2648935781352041	0	0	0	0	0	0
7	0	0.8610509399417603	1.346317396256987	1	0.3900803168285697	8.129600323615541	0	-8.129600323615541	1	0.001374289589822553	-7.042447008278306
3	0	0.9198796206307691	2.08012037936923	1	0.3066265402102565	3.26129629651201	0	-3.26129629651201	1	0.02882897676665153	-2.825170418250722
4	0	0.8589339597513339	2.036772575160664	1	0.2966232763560888	4.656935442578172	0	-4.656935442578172	0.9999999999999999	0.007741424995508117	-4.034173854778649
2	0	1	1.940539725212291	1	0.3400736237045074	1.999999999999999	0	-1.999999999999999	1	0.115650069539515	-1.732544461705163
0	5	0.9990580836434462	2.000941916356552	0	0.3330193612144822	0	2.498823158797298	2.498823158797298	0.1319976309402178	0.8680023690597822	2.164661112277431
2	1	0.8615816930068911	2.069410262791086	0.6666666666666666	0.2939556662045909	2.321312089420177	0.4832294581603481	-1.838082631259829	0.9745993103743491	0.2084284218300524	-1.592279941472835
3	0	1.784031838290163	1.214330706076448	1	0.5950020425788873	1.681584339254413	0	-1.681584339254413	0.9999999999999998	0.2106470443794192	-1.456709816932685
4	3	0.860580134338035	2.035436055826315	0.5714285714285714	0.2971599873166444	4.648027348524413	1.473885652861793	-3.17414169566262	0.9723705516372464	0.1223837211011417	-2.749670807743855
1	2	0.9999999999999997	1.796385877245849	0.3333333333333333	0.3576044379772425	1	1.113346539478659	0.1133465394786581	0.7078187769227329	0.7349013013015647	0.09818895961359742
7	1	0.9998974658367181	1.993814342367744	0.875	0.3339992390371158	7.000717812743302	0.5015512120413655	-6.499166600701936	0.9998451312408262	0.002625358494570684	-5.630047549872657
1	0	0.7946807344056123	1.999999999999999	1	0.2843547474393813	1.258366985262274	0	-1.258366985262274	1	0.2843547474393813	-1.090088375554388
0	0	0.8184163749540649	2.077290159957933	0	0.2826309797235503	0	0	0	0	0	0
1	1	0.7946807344056122	2.205319265594387	0.5	0.2648935781352041	1.258366985262274	0.4534490835867593	-0.8049179016755146	0.9298313922627284	0.4596185485331369	-0.6972780263376271
0	0	0	1.27644344368662	0	0	0	0	0	0	0	0
3	0	0.9207021998296083	2.079297800170391	1	0.3069007332765362	3.258382569907187	0	-3.258382569907187	1	0.02890638470618834	-2.822646337804668
5	0	1.793736730731609	1.205196439073481	1	0.5981249428269818	2.787477066358929	0	-2.787477066358929	1	0.07655253346941326	-2.414713976725159
0	0	0	1.27644344368662	0	0	0	0	0	0	0	0
1	0	0.9207021998296081	2.079297800170391	1	0.3069007332765361	1.086127523302396	0	-1.086127523302396	1	0.3069007332765361	-0.9408821126015563
1	0	0.9999999999999997	1.999770792336408	1	0.3333588027974423	1	0	-1	1	0.3333588027974423	-0.8662722308525822
0	0	0.794680734405612	2.205319265594387	0	0.2648935781352041	0	0	0	0	0	0
0	0	0.9999999999999998	2	0	0.3333333333333334	0	0	0	0	0	0
0	3	0.1863313467397772	2.813668653260221	0	0.06211044891325912	0	1.066223628188726	1.066223628188726	0.8250021728856203	0.1749978271143797	0.9236399209787817
1	0	0.9999999999999998	1.794756932676328	1	0.3578128703458927	1	0	-1	1	0.3578128703458927	-0.866272230852582
5	0	0.7946807344056122	2.079297800170392	1	0.2765089317282778	6.29183492631137	0	-6.29183492631137	0.9999999999999997	0.001616388759797971	-5.45044187777194
0	2	0.7952142033112252	2.204785796688774	0	0.2650714011037418	0	0.9071175998156699	0.9071175998156699	0.5401200454756171	0.4598799545243829	0.7858107868379599
1	0	1.656561489979761	1.217510476758343	1	0.5763813534077425	0.6036600549082048	0	-0.6036600549082048	1	0.5763813534077425	-0.5229339424419226
0	0	0.9999999999999998	2	0	0.3333333333333334	0	0	0	0	0	0
0	0	0.7946807344056122	2.079297800170391	0	0.2765089317282779	0	0	0	0	0	0
1	0	0.9997645985405157	2.000235401459484	1	0.333254866180172	1.000235456886379	0	-1.000235456886379	1	0.333254866180172	-0.8664762006148149
2	5	0.9999999999999997	1.999999999999999	0.2857142857142857	0.3333333333333333	2.000000000000001	2.500000000000001	0.5	0.5706447187928672	0.736625514403292	0.4331361154262909
1	0	1.656605750997769	1.217359120816238	1	0.5764182322632712	0.6036439263824256	0	-0.6036439263824256	1	0.5764182322632712	-0.5229199707479155
0	0	1.656459012562302	1.217519522013701	0	0.5763644344012745	0	0	0	0	0	0
1	0	0.9999999999999998	1.99974369147018	1	0.3333618144921902	1	0	-1	1	0.3333618144921902	-0.866272230852582
0	3	0.7952127563845591	2.204711089398882	0	0.2650776477217162	0	1.360722506647324	1.360722506647324	0.3969395465724563	0.6030604534275437	1.178756121404695
1	0	0.9198783385546867	2.080121661445313	1	0.3066261128515623	1.087100280642765	0	-1.087100280642765	1	0.3066261128515623	-0.9417247852728756
0	2	0.0002697753528301279	2.999730224647169	0	8.992511761004267e-05	0	0.6667266221365762	0.6667266221365762	0.9998201578513066	0.0001798421486933766	0.5775667583270582
0	0	0	1.27644344368662	0	0	0	0	0	0	0	0
2	1	0.9999999999999997	1.999999999999999	0.6666666666666666	0.3333333333333333	2.000000000000001	0.5000000000000002	-1.500000000000001	0.962962962962963	0.2592592592592592	-1.299408346278873
1	0	0.7946807344056124	2.079297800170391	1	0.276508931728278	1.258366985262274	0	-1.258366985262274	1	0.276508931728278	-1.090088375554388
1	0	0.8184165628857714	1.386902702708616	1	0.3711102404327784	1.221871654789045	0	-1.221871654789045	1	0.3711102404327784	-1.058473484209642
5	4	0.8450084032969716	2.050930384654606	0.5555555555555556	0.2917908371587793	5.917100919341732	1.950334360409621	-3.966766558932111	0.9779819571558587	0.08906436518963545	-3.436299716277539
0	0	0.9999999999999998	2	0	0.3333333333333334	0	0	0	0	0	0
1	0	0.7946807344056124	2.205319265594388	1	0.2648935781352041	1.258366985262274	0	-1.258366985262274	1	0.2648935781352042	-1.090088375554388
0	0	0.920702199829608	2.079297800170391	0	0.3069007332765361	0	0	0	0	0	0
3	1	0.9387043108742493	2.060250020425787	0.75	0.3130105387324535	3.195894559391116	0.4853779832960916	-2.710516576095024	0.990400782322425	0.09387192501339703	-2.348045241136739
0	0	0.7946807344056123	2.079297800170391	0	0.2765089317282779	0	0	0	0	0	0
1	2	0.7946807344056123	2.205319265594387	0.3333333333333333	0.2648935781352041	1.258366985262274	0.9068981671735187	-0.3514688180887552	0.8266686039407682	0.6027621247700894	-0.3044676771208662
3	0	0.920702199829608	2.079297800170391	1	0.3069007332765361	3.258382569907189	0	-3.258382569907189	0.9999999999999999	0.02890638470618834	-2.822646337804669
0	0	0.7946807344056123	2.079297800170391	0	0.2765089317282779	0	0	0	0	0	0
0	0	0.920702199829608	2.079297800170391	0	0.3069007332765361	0	0	0	0	0	0