Observed S Changes	Observed NS Changes	E[S Sites]	E[NS Sites]	Observed S. Prop.	P{S}	dS	dN	dN-dS	P{S leq. observed}	P{S geq. observed}	Scaled dN-dS
0	0	0	2.999999999999998	0	0	0	0	0	0	0	0
1	1	0.8620706836859683	2.034014705622164	0.5	0.2976675642467555	1.159997688036769	0.4916385300636852	-0.6683591579730839	0.9113940211954039	0.5067291496889146	-0.5366328072951561
4	0	0.9999999999999993	1.999999999999999	1	0.3333333333333333	4.000000000000003	0	-4.000000000000003	1	0.01234567901234551	-3.211643326157686
0	2	0.9204581878349496	2.079541812165048	0	0.3068193959449835	0	0.9617503184116142	0.9617503184116142	0.4804993498380777	0.5195006501619224	0.7721997478891721
0	0	0.9207669998582514	2.079233000141746	0	0.3069223332860841	0	0	0	0	0	0
6	0	0.9999999999999994	1.999999999999999	1	0.3333333333333334	6.000000000000004	0	-6.000000000000004	0.9999999999999999	0.001371742112482921	-4.817464989236529
0	0	1.656820401270291	1.217310780806236	0	0.5764595616242043	0	0	0	0	0	0
0	0	0.7948981819347809	2.205101818065216	0	0.2649660606449272	0	0	0	0	0	0
0	1	0.794898181934781	2.000485093075357	0	0.2843610709990738	0	0.4998787561384397	0.4998787561384397	0.7156389290009262	0.2843610709990738	0.401358067760006
0	0	0.9207669998582514	2.079233000141746	0	0.3069223332860841	0	0	0	0	0	0
0	1	1.794127881013165	1.205244949412336	0	0.5981676778603892	0	0.8297068579192873	0.8297068579192873	0.4018323221396108	0.5981676778603892	0.6661806232259352
1	0	0.794898181934781	2.079233000141747	1	0.2765699028951337	1.25802275401612	0	-1.25802275401612	1	0.2765699028951337	-1.010080095522595
4	0	1.794572234743157	1.205130638611861	1	0.5982499969192007	2.228943434295632	0	-2.228943434295632	1	0.1280945995082912	-1.789642826284639
0	2	0.9986853068334824	2.001314693166516	0	0.3328951022778277	0	0.9993430852374167	0.9993430852374167	0.4450289445649099	0.5549710554350901	0.8023833875611447
2	3	0.7967656885900006	2.203234311409997	0.4	0.2655885628633337	2.510148251412919	1.361634568081912	-1.148513683331007	0.8793650382924583	0.4000418010730713	-0.9221540765177019
2	0	0.9999999999999994	1.999999999999999	1	0.3333333333333334	2.000000000000001	0	-2.000000000000001	1	0.111111111111111	-1.605821663078843
0	0	0.8185899759344193	1.386511842130797	0	0.3712254777662196	0	0	0	0	0	0
1	1	0.8187263850670229	2.079385704389228	0.5	0.2825033538370263	1.221409274501563	0.4809112604213692	-0.740498014080194	0.9201918550708321	0.4851985627448845	-0.5945538762384185
1	5	0.9796770575578589	2.020322942442139	0.1666666666666667	0.3265590191859531	1.020744532379682	2.474851864007478	1.454107331627795	0.3646823669787663	0.9067181296093085	1.167518526784842
1	0	0.9999999999999997	1.999999999999999	1	0.3333333333333333	1	0	-1	1	0.3333333333333333	-0.8029108315394213
0	1	0.9978537648623608	1.933107344805392	0	0.3404527482711892	0	0.5173018470428868	0.5173018470428868	0.6595472517288108	0.3404527482711892	0.4153472561660826
0	2	0.7958967902127425	2.204103209787256	0	0.2652989300709143	0	0.9073985243154942	0.9073985243154942	0.5397856621549433	0.4602143378450567	0.7285601036957969
0	0	0.7948981819347809	2.205101818065216	0	0.2649660606449272	0	0	0	0	0	0
1	1	0.7948981819347812	2.205101818065217	0.5	0.2649660606449272	1.25802275401612	0.4534937987024165	-0.8045289553137033	0.9297929867063088	0.4597251079961632	-0.6459650125084672
0	1	0.794898181934781	2.205101818065217	0	0.2649660606449272	0	0.4534937987024165	0.4534937987024165	0.7350339393550728	0.2649660606449272	0.364115083014128
1	1	0.996044999669231	2.003955000330767	0.5	0.3320149998897439	1.003970704468254	0.4990132013118773	-0.5049575031563771	0.8897660398482133	0.5537960396277012	-0.4054358487513566
0	0	0.9999999999999992	1.999999999999998	0	0.3333333333333333	0	0	0	0	0	0
3	0	0.9999999999999992	1.999999999999998	1	0.3333333333333333	3.000000000000002	0	-3.000000000000002	1	0.03703703703703698	-2.408732494618265
0	0	1.79489818193478	1.205101818065218	0	0.5982993939782605	0	0	0	0	0	0
0	0	0.7948981819347809	2.079233000141746	0	0.2765699028951337	0	0	0	0	0	0
0	0	0.9999999999999992	1.999999999999998	0	0.3333333333333333	0	0	0	0	0	0
1	0	0.9999999999999992	1.999891291371629	1	0.3333454125075223	1.000000000000001	0	-1.000000000000001	1	0.3333454125075224	-0.8029108315394218
1	0	0.794898181934781	2.205101818065217	1	0.2649660606449272	1.25802275401612	0	-1.25802275401612	1	0.2649660606449272	-1.010080095522595
0	0	0.7948981819347809	2.205101818065216	0	0.2649660606449272	0	0	0	0	0	0
0	0	0.9999999999999992	1.999999999999998	0	0.3333333333333333	0	0	0	0	0	0
2	0	0.9999999999999996	1.999999999999999	1	0.3333333333333333	2.000000000000001	0	-2.000000000000001	1	0.1111111111111109	-1.605821663078843
0	0	0.9999999999999992	1.999999999999998	0	0.3333333333333333	0	0	0	0	0	0
2	0	0.794898181934781	2.205101818065217	1	0.2649660606449272	2.51604550803224	0	-2.51604550803224	1	0.07020701329369117	-2.020160191045191
1	0	0.9999999999999992	1.931178597338886	1	0.3411596962763935	1.000000000000001	0	-1.000000000000001	1	0.3411596962763934	-0.8029108315394218
5	0	0.9999999999999994	1.999999999999999	1	0.3333333333333334	5.000000000000003	0	-5.000000000000003	1	0.004115226337448541	-4.014554157697107
0	2	0.1846339619791811	2.815366038020816	0	0.06154465399306041	0	0.7103872011633652	0.7103872011633652	0.8806984364490047	0.1193015635509953	0.5703775784010395
0	0	0.9999999999999992	1.999999999999998	0	0.3333333333333333	0	0	0	0	0	0
0	0	0.8185899759344193	2.077249249458021	0	0.2826779776848575	0	0	0	0	0	0
0	0	0.9999999999999992	1.999999999999998	0	0.3333333333333333	0	0	0	0	0	0
1	0	0.9143305141983228	2.085669485801675	1	0.3047768380661078	1.0936964089805	0	-1.0936964089805	1	0.3047768380661078	-0.8781406931862122
3	2	0.9992128739421505	2.000787126057847	0.6	0.3330709579807171	3.002363238340027	0.9996065918019984	-2.002756646538028	0.9548619509205672	0.2094879920235745	-1.608035004442951
1	1	0.7948981819347809	2.205101818065217	0.5	0.2649660606449272	1.25802275401612	0.4534937987024165	-0.8045289553137037	0.9297929867063088	0.4597251079961631	-0.6459650125084675
0	0	0.7948981819347809	2.205101818065216	0	0.2649660606449272	0	0	0	0	0	0
1	4	0.9728061905588665	1.232920829459277	0.2	0.441036529783665	1.027953984776259	3.244328349740254	2.216374364963994	0.2698327770697524	0.9454346264819614	1.779550984375897
0	0	0.9207669998582514	2.079233000141746	0	0.3069223332860841	0	0	0	0	0	0
0	0	0.8185899759344193	2.112371133733334	0	0.2792906303786517	0	0	0	0	0	0
2	0	0.9999999999999993	1.999999999999999	1	0.3333333333333333	2.000000000000001	0	-2.000000000000001	1	0.1111111111111109	-1.605821663078843
0	0	0.9999999999999992	1.999999999999998	0	0.3333333333333333	0	0	0	0	0	0
1	0	0.794898181934781	2.205101818065217	1	0.2649660606449272	1.25802275401612	0	-1.25802275401612	1	0.2649660606449272	-1.010080095522595
1	0	0.9999999999999992	1.999999999999998	1	0.3333333333333333	1.000000000000001	0	-1.000000000000001	1	0.3333333333333333	-0.8029108315394218
1	0	0.9999999999999991	1.999999999999998	1	0.3333333333333333	1.000000000000001	0	-1.000000000000001	1	0.3333333333333333	-0.8029108315394218
2	0	0.861717504033618	2.069243605634135	1	0.2940050965504964	2.320946238921908	0	-2.320946238921908	1	0.08643899679766665	-1.863512874651081
3	0	1.784450693155398	1.206025594509413	1	0.5967111996560358	1.681189629675437	0	-1.681189629675437	1	0.2124675292300354	-1.349845363538156
0	0	0.9999999999999992	1.999999999999998	0	0.3333333333333333	0	0	0	0	0	0
1	0	0.8618538732774882	1.343247944787728	1	0.3908453869189992	1.160289500350175	0	-1.160289500350175	1	0.3908453869189992	-0.9316090075526184
2	4	0.7948981819347812	2.205101818065217	0.3333333333333333	0.2649660606449272	2.516045508032239	1.813975194809665	-0.7020703132225741	0.8062002449768608	0.5011979601626821	-0.5636998589886787
1	0	0.9999999999999992	1.999999999999998	1	0.3333333333333333	1.000000000000001	0	-1.000000000000001	1	0.3333333333333333	-0.8029108315394218
1	0	0.9999999999999992	1.795022882733243	1	0.3577788239866226	1.000000000000001	0	-1.000000000000001	1	0.3577788239866226	-0.8029108315394218
0	2	0.5859460906363225	2.414053909363676	0	0.195315363545441	0	0.8284819126210744	0.8284819126210744	0.6475173641460058	0.3524826358539942	0.6651971013779567
2	0	0.9999999999999993	1.999238645882136	1	0.3334179497096603	2.000000000000001	0	-2.000000000000001	0.9999999999999999	0.1111675291885936	-1.605821663078843
0	2	0.8304458766595001	2.100515233008254	0	0.2833356860042531	0	0.9521473439331829	0.9521473439331829	0.5136077389549946	0.4863922610450054	0.7644894156654429
0	0	0.1814100240655798	2.818589975934418	0	0.06047000802185998	0	0	0	0	0	0
2	0	0.7948981819347809	2.079233000141746	1	0.2765699028951337	2.51604550803224	0	-2.51604550803224	1	0.07649091118742368	-2.020160191045191
0	7	0.7952215563373709	2.204778443662627	0	0.2650738521124572	0	3.174922187814683	3.174922187814683	0.115799289762292	0.884200710237708	2.549179413891245
1	0	0.794898181934781	2.205101818065217	1	0.2649660606449272	1.25802275401612	0	-1.25802275401612	1	0.2649660606449272	-1.010080095522595
1	0	0.9999999999999992	1.999999999999998	1	0.3333333333333333	1.000000000000001	0	-1.000000000000001	1	0.3333333333333333	-0.8029108315394218
0	0	0.7948981819347809	2.205101818065216	0	0.2649660606449272	0	0	0	0	0	0
0	3	0.8636987112545765	1.348288913458849	0	0.3904627230301405	0	2.225042400077232	2.225042400077232	0.2264648540084422	0.7735351459915578	1.786510643656479
1	1	0.9208917060358732	2.079108293964125	0.5	0.3069639020119579	1.085904013952586	0.4809754272555728	-0.6049285866970135	0.9057731628615933	0.5197009668855088	-0.4857037145668659
0	0	0.9999999999999992	1.999999999999998	0	0.3333333333333333	0	0	0	0	0	0
0	0	0.7948981819347809	2.205101818065216	0	0.2649660606449272	0	0	0	0	0	0
1	0	0.9999999999999992	1.931069842725101	1	0.3411723546888498	1.000000000000001	0	-1.000000000000001	1	0.3411723546888498	-0.8029108315394218
1	2	0.8187609733776289	2.11059324567639	0.3333333333333333	0.2795022083884525	1.221357676434805	0.9476008719809262	-0.2737568044538786	0.8093058013952609	0.6259772991219552	-0.2198023035036384
3	0	0.794898181934781	2.205101818065217	1	0.2649660606449272	3.77406826204836	0	-3.77406826204836	1	0.01860247574207541	-3.030240286567786
1	0	0.794898181934781	2.079233000141746	1	0.2765699028951337	1.25802275401612	0	-1.25802275401612	1	0.2765699028951337	-1.010080095522595
1	0	0.9999999999999992	1.999999999999998	1	0.3333333333333333	1.000000000000001	0	-1.000000000000001	1	0.3333333333333333	-0.8029108315394218
1	0	1.79489818193478	1.205101818065218	1	0.5982993939782605	0.5571346665035155	0	-0.5571346665035155	1	0.5982993939782605	-0.4473294583617756
0	0	0.1814100240655798	2.818589975934418	0	0.06047000802185998	0	0	0	0	0	0
0	0	0.7948981819347809	2.205101818065216	0	0.2649660606449272	0	0	0	0	0	0
0	0	0.9999999999999992	1.999999999999998	0	0.3333333333333333	0	0	0	0	0	0
0	0	1.79489818193478	1.205101818065218	0	0.5982993939782605	0	0	0	0	0	0
0	0	1.656820401270291	1.217310780806236	0	0.5764595616242043	0	0	0	0	0	0
1	0	0.9999999999999992	1.93106976647406	1	0.3411723635643627	1.000000000000001	0	-1.000000000000001	1	0.3411723635643626	-0.8029108315394218
3	0	0.794898181934781	2.205101818065216	1	0.2649660606449272	3.77406826204836	0	-3.77406826204836	1	0.01860247574207541	-3.030240286567786
0	0	0.9999999999999992	1.999999999999998	0	0.3333333333333333	0	0	0	0	0	0
2	0	0.8617171847577839	1.343384633307433	1	0.3907833995229595	2.320947098858392	0	-2.320947098858392	1	0.152711665342721	-1.863513565103399
0	0	0.7948981819347809	2.079233000141746	0	0.2765699028951337	0	0	0	0	0	0
0	0	0.7948981819347809	2.205101818065216	0	0.2649660606449272	0	0	0	0	0	0
0	1	0.996596797317176	2.003403202682823	0	0.3321989324390588	0	0.4991506445935932	0.4991506445935932	0.6678010675609412	0.3321989324390588	0.4007734591140799
1	0	0.7948981819347811	2.205101818065217	1	0.2649660606449272	1.25802275401612	0	-1.25802275401612	1	0.2649660606449271	-1.010080095522595
0	0	0.8185899759344193	1.386511842130797	0	0.3712254777662196	0	0	0	0	0	0
2	0	0.7948981819347811	2.205101818065217	1	0.2649660606449272	2.516045508032239	0	-2.516045508032239	1	0.07020701329369117	-2.020160191045191
0	0	0.8619222193355102	2.03391700605693	0	0.2976415996363554	0	0	0	0	0	0
1	3	0.8197950448176773	2.077146879631113	0.25	0.2829863580967928	1.21981708272267	1.444288812417916	0.2244717296952456	0.6815685687815716	0.7356923857839366	0.1802307831467018
0	0	0	1.276155561328977	0	0	0	0	0	0	0	0
0	0	0.7948981819347809	2.205101818065216	0	0.2649660606449272	0	0	0	0	0	0
1	0	0.9999999999999992	1.999999999999998	1	0.3333333333333333	1.000000000000001	0	-1.000000000000001	1	0.3333333333333333	-0.8029108315394218
0	0	0.7948981819347809	2.205101818065216	0	0.2649660606449272	0	0	0	0	0	0
0	0	0.9999999999999992	1.999999999999998	0	0.3333333333333333	0	0	0	0	0	0
0	0	0.8185899759344193	2.112371133733334	0	0.2792906303786517	0	0	0	0	0	0
3	0	1.096318824717486	1.29694157583551	1	0.4580858917250152	2.736430254012175	0	-2.736430254012175	1	0.09612597311258364	-2.197109490698545
0	0	0.7948981819347809	2.205101818065216	0	0.2649660606449272	0	0	0	0	0	0
0	2	0.819446779946878	2.076638930864489	0	0.2829497679878065	0	0.9630947249782199	0.9630947249782199	0.5141610352287406	0.4858389647712594	0.7732791864834926
0	0	0.9999999999999992	1.999999999999998	0	0.3333333333333333	0	0	0	0	0	0
0	2	0.7948981819347811	2.03080837325977	0	0.2813095296372882	0	0.9848295025441924	0.9848295025441924	0.5165159921901759	0.4834840078098241	0.7907302748123118
0	0	0.7948981819347809	2.205101818065216	0	0.2649660606449272	0	0	0	0	0	0
0	1	0.7949168647708015	2.205000996296543	0	0.2649795433025547	0	0.4535145343152097	0.4535145343152097	0.7350204566974453	0.2649795433025547	0.3641317318622383
0	0	0.7948981819347809	2.079233000141746	0	0.2765699028951337	0	0	0	0	0	0
0	0	0.7948981819347809	1.999999999999998	0	0.2844104257796288	0	0	0	0	0	0
1	0	0.9999999999999992	1.999999999999998	1	0.3333333333333333	1.000000000000001	0	-1.000000000000001	1	0.3333333333333333	-0.8029108315394218
0	0	0.7948981819347809	1.999999999999998	0	0.2844104257796288	0	0	0	0	0	0
0	0	0.7948981819347809	2.205101818065216	0	0.2649660606449272	0	0	0	0	0	0
0	0	0.9999999999999992	1.999999999999998	0	0.3333333333333333	0	0	0	0	0	0
2	0	0.9999999999999992	1.999999999999998	1	0.3333333333333333	2.000000000000002	0	-2.000000000000002	1	0.1111111111111109	-1.605821663078844
1	0	0.794898181934781	2.205101818065217	1	0.2649660606449272	1.25802275401612	0	-1.25802275401612	1	0.2649660606449272	-1.010080095522595
0	0	0.7948981819347809	1.999999999999998	0	0.2844104257796288	0	0	0	0	0	0
0	0	0.9999999999999992	1.999999999999998	0	0.3333333333333333	0	0	0	0	0	0
0	0	0.9999999999999992	1.999999999999998	0	0.3333333333333333	0	0	0	0	0	0
1	0	0.9999999999999992	1.999999999999998	1	0.3333333333333333	1.000000000000001	0	-1.000000000000001	1	0.3333333333333333	-0.8029108315394218
2	0	0.9386560597561661	2.060105015130378	1	0.3130146204767845	2.130705895106604	0	-2.130705895106604	0.9999999999999999	0.09797815263222553	-1.71076684200599
1	0	0.9999999999999992	1.795221680088987	1	0.3577533786043632	1.000000000000001	0	-1.000000000000001	1	0.3577533786043632	-0.8029108315394218
2	0	1.794612175875131	1.205064466233737	1	0.5982685435765708	1.114446913314133	0	-1.114446913314133	1	0.3579252502332312	-0.8948014978755919
0	1	0.9993102356697735	2.000689764330225	0	0.3331034118899247	0	0.499827618368794	0.499827618368794	0.6668965881100752	0.3331034118899248	0.4013170086908567
0	0	0.9999999999999992	1.999999999999998	0	0.3333333333333333	0	0	0	0	0	0
0	1	0.9999999999999991	1.796836698178526	0	0.3575467958680825	0	0.5565336020873302	0.5565336020873302	0.6424532041319175	0.3575467958680825	0.4468468572315675
1	0	0.9999999999999992	1.999999999999998	1	0.3333333333333333	1.000000000000001	0	-1.000000000000001	1	0.3333333333333333	-0.8029108315394218
1	0	0.9999999999999991	1.999999999999998	1	0.3333333333333333	1.000000000000001	0	-1.000000000000001	1	0.3333333333333333	-0.8029108315394218
0	0	0.9999999999999992	1.999999999999998	0	0.3333333333333333	0	0	0	0	0	0
0	0	1.79489818193478	1.205101818065218	0	0.5982993939782605	0	0	0	0	0	0
2	0	0.8616828331978856	2.069278276469868	1	0.2939932673810073	2.321039624959895	0	-2.321039624959895	1	0.0864320412653603	-1.863587855312495
0	0	0.7948981819347809	2.205101818065216	0	0.2649660606449272	0	0	0	0	0	0
0	1	0.794898181934781	2.205101818065216	0	0.2649660606449272	0	0.4534937987024165	0.4534937987024165	0.7350339393550728	0.2649660606449272	0.364115083014128
0	2	0.7948981819347808	2.205101818065216	0	0.2649660606449272	0	0.9069875974048333	0.9069875974048333	0.5402748920038368	0.4597251079961632	0.7282301660282563
0	0	0.8185899759344193	2.112371133733334	0	0.2792906303786517	0	0	0	0	0	0
0	0	0.7948981819347809	2.205101818065216	0	0.2649660606449272	0	0	0	0	0	0
0	0	0.7948981819347809	2.205101818065216	0	0.2649660606449272	0	0	0	0	0	0
0	0	0.7948981819347809	2.205101818065216	0	0.2649660606449272	0	0	0	0	0	0
0	0	0	1.276155561328977	0	0	0	0	0	0	0	0
0	3	0.9995147374869306	2.000485262513068	0	0.3331715791623104	0	1.499636141398669	1.499636141398669	0.2965120208573828	0.7034879791426172	1.204074101296974
1	0	0.9999999999999992	1.931069872988052	1	0.3411723511662855	1.000000000000001	0	-1.000000000000001	1	0.3411723511662855	-0.8029108315394218
0	0	0.9999999999999992	1.999999999999998	0	0.3333333333333333	0	0	0	0	0	0
0	0	0.9999999999999992	1.999999999999998	0	0.3333333333333333	0	0	0	0	0	0
1	0	0.8188641325461221	1.386237685519095	1	0.3713498060895	1.221203811785804	0	-1.221203811785804	1	0.3713498060895	-0.9805177680000503
2	1	0.7948981819347811	2.205101818065217	0.6666666666666666	0.2649660606449272	2.516045508032239	0.4534937987024164	-2.062551709329823	0.9813975242579246	0.1734160883969229	-1.656045108031063
1	0	0.9999999999999992	1.931069856508293	1	0.3411723530845059	1.000000000000001	0	-1.000000000000001	1	0.3411723530845059	-0.8029108315394218
0	0	0.9999999999999992	1.999999999999998	0	0.3333333333333333	0	0	0	0	0	0
2	0	0.7948981819347813	2.205101818065217	1	0.2649660606449272	2.516045508032239	0	-2.516045508032239	1	0.07020701329369117	-2.02016019104519
0	0	0.9999999999999992	1.999999999999998	0	0.3333333333333333	0	0	0	0	0	0
0	2	0.9999999999999994	1.999999999999999	0	0.3333333333333334	0	1.000000000000001	1.000000000000001	0.4444444444444444	0.5555555555555556	0.8029108315394216
0	0	0.7948981819347809	2.079233000141746	0	0.2765699028951337	0	0	0	0	0	0
0	2	0.2423097218733852	2.747641491082245	0	0.08104136309095723	0	0.7278970005698366	0.7278970005698366	0.844484976349726	0.155515023650274	0.584436386002578
0	0	0.9391714687935331	2.060828531206464	0	0.3130571562645113	0	0	0	0	0	0
1	7	0.9155410729981155	1.987604725341921	0.125	0.3153617271036144	1.092250287281277	3.52182700652204	2.429576719240764	0.2261513710101946	0.9517286562595764	1.95073346393442
0	0	0.9999999999999992	1.999999999999998	0	0.3333333333333333	0	0	0	0	0	0
0	4	0.7954214824247077	2.202277831338357	0	0.2653439852265239	0	1.816301260031819	1.816301260031819	0.2912970955489411	0.7087029044510589	1.458327955018246
1	3	0.7948981819347812	2.205101818065217	0.25	0.2649660606449272	1.25802275401612	1.360481396107249	0.1024586420911293	0.7127906520275944	0.7081030410702422	0.08226515351978857
0	0	0.7948981819347809	2.205101818065216	0	0.2649660606449272	0	0	0	0	0	0
0	0	0.7948981819347809	2.205101818065216	0	0.2649660606449272	0	0	0	0	0	0
1	0	0.7948981819347808	2.205101818065216	1	0.2649660606449272	1.25802275401612	0	-1.25802275401612	1	0.2649660606449271	-1.010080095522596
1	0	0.7948981819347809	2.205101818065216	1	0.2649660606449272	1.25802275401612	0	-1.25802275401612	1	0.2649660606449272	-1.010080095522595
0	0	0.8958392253924423	1.999999999999998	0	0.30935392322101	0	0	0	0	0	0
4	0	1.636374372496707	1.198675645336451	1	0.5771941807740648	2.444428406622488	0	-2.444428406622488	0.9999999999999998	0.1109910029111945	-1.962658044599844
1	0	0.7948981819347809	2.205101818065217	1	0.2649660606449272	1.25802275401612	0	-1.25802275401612	1	0.2649660606449271	-1.010080095522595
0	0	0	1.276155561328977	0	0	0	0	0	0	0	0
0	0	1.656820401270291	1.217310780806236	0	0.5764595616242043	0	0	0	0	0	0
0	0	0.9999999999999992	1.999999999999998	0	0.3333333333333333	0	0	0	0	0	0
2	1	0.7949542554895689	2.203164385641776	0.6666666666666666	0.2651510332458331	2.51586803415287	0.4538925949044437	-2.061975439248426	0.9813585379327109	0.1736322871594208	-1.655582414540817
1	5	1.557383937853651	1.237638732624734	0.1666666666666667	0.5571990360947932	0.6421024229761711	4.039951132909523	3.397848709933352	0.06444998858281244	0.9924620830963191	2.728169533137736
0	4	0.8010964269989618	2.176758418664915	0	0.2690179570590745	0	1.837594822512893	1.837594822512893	0.2855136219606535	0.7144863780393464	1.475424786976361
0	4	0.8002286707281582	2.158539156617076	0	0.2704601095538363	0	1.853105137211833	1.853105137211833	0.2832671248545444	0.7167328751454556	1.487878186648725
2	4	0.8530623352076903	2.062977587664041	0.3333333333333333	0.2925413772687961	2.34449455503515	1.938944961844833	-0.4055495931903172	0.7579993043773905	0.5635666335086882	-0.3256201610989115
1	0	0.794898181934781	1.999999999999998	1	0.2844104257796288	1.25802275401612	0	-1.25802275401612	1	0.2844104257796287	-1.010080095522595
0	0	0.9999999999999992	1.999999999999998	0	0.3333333333333333	0	0	0	0	0	0
0	0	0.9999999999999992	1.999999999999998	0	0.3333333333333333	0	0	0	0	0	0
3	0	1.655455361239413	1.216179845358556	1	0.5764852574016996	1.812190210767113	0	-1.812190210767113	1	0.1915863732937457	-1.455027149034621
0	0	0.7948981819347809	2.205101818065216	0	0.2649660606449272	0	0	0	0	0	0
0	0	0.9999999999999992	1.999999999999998	0	0.3333333333333333	0	0	0	0	0	0
1	0	0.9999999999999992	1.999999999999998	1	0.3333333333333333	1.000000000000001	0	-1.000000000000001	1	0.3333333333333333	-0.8029108315394218
0	0	0	2.999999999999998	0	0	0	0	0	0	0	0
0	0	0.9999999999999992	1.999999999999998	0	0.3333333333333333	0	0	0	0	0	0
0	0	0.7948981819347809	2.205101818065216	0	0.2649660606449272	0	0	0	0	0	0
0	2	0.7952154703122739	2.204291437888791	0	0.2651153988470723	0	0.9073210400506497	0.9073210400506497	0.5400553770116977	0.4599446229883023	0.7284978907402795
2	0	0.8193068571759499	2.111654252491803	1	0.27953521951331	2.441087832333974	0	-2.441087832333974	1	0.07813993894835436	-1.959975861320034
0	5	0.8183643933722986	1.489219839015839	0	0.3546411792411004	0	3.357462658638959	3.357462658638959	0.1119453998291508	0.8880546001708491	2.695743135110362
0	0	0.7948981819347809	2.205101818065216	0	0.2649660606449272	0	0	0	0	0	0
0	0	0.7948981819347809	2.205101818065216	0	0.2649660606449272	0	0	0	0	0	0
0	0	0.8185899759344193	2.077249249458021	0	0.2826779776848575	0	0	0	0	0	0
2	0	1.657959129072804	1.217147571749961	1	0.5766600344252784	1.206302353857467	0	-1.206302353857467	1	0.3325367953033632	-0.96855322602366
1	0	0.7948981819347809	1.999999999999998	1	0.2844104257796288	1.25802275401612	0	-1.25802275401612	1	0.2844104257796287	-1.010080095522595
0	0	0.9207669998582514	2.079233000141746	0	0.3069223332860841	0	0	0	0	0	0
0	0	0	1.276155561328977	0	0	0	0	0	0	0	0
4	0	0.9999999999999994	1.998203240810043	1	0.3335330928832642	4.000000000000003	0	-4.000000000000003	0.9999999999999999	0.01237529963295803	-3.211643326157686
2	0	0.9999999999999992	1.999999999999998	1	0.3333333333333333	2.000000000000002	0	-2.000000000000002	1	0.1111111111111109	-1.605821663078844
0	0	0.7948981819347809	2.205101818065216	0	0.2649660606449272	0	0	0	0	0	0
1	0	0.794898181934781	2.205101818065217	1	0.2649660606449272	1.25802275401612	0	-1.25802275401612	1	0.2649660606449272	-1.010080095522595
4	0	0.9999999999999996	1.999999999999999	1	0.3333333333333333	4.000000000000002	0	-4.000000000000002	1	0.01234567901234551	-3.211643326157685
1	2	0.9999999999999992	1.999999999999998	0.3333333333333333	0.3333333333333333	1.000000000000001	1.000000000000001	0	0.7407407407407408	0.7037037037037037	0
4	0	0.9999999999999991	1.999999999999998	1	0.3333333333333333	4.000000000000004	0	-4.000000000000004	1	0.01234567901234551	-3.211643326157687
0	0	0.7948981819347809	2.205101818065216	0	0.2649660606449272	0	0	0	0	0	0
0	2	0.8467154243165097	2.071268955412052	0	0.2901713354597441	0	0.9655916460168865	0.9655916460168865	0.503856733003003	0.496143266996997	0.7752839914309366
0	0	0.7948981819347809	2.205101818065216	0	0.2649660606449272	0	0	0	0	0	0
0	0	0.8185899759344193	1.386511842130797	0	0.3712254777662196	0	0	0	0	0	0
0	2	0.9209541088378286	2.079045891162169	0	0.3069847029459431	0	0.9619797275768727	0.9619797275768727	0.4802702019509227	0.5197297980490774	0.7723839429928125
0	2	0.7951308073094118	2.204636567315956	0	0.2650641559859999	0	0.9071790015870546	0.9071790015870546	0.5401306948165707	0.4598693051834293	0.7283838465193637
3	0	1.794680293464722	1.205121083961583	1	0.5982663742239085	1.67160692125746	0	-1.67160692125746	0.9999999999999998	0.2141330887764781	-1.342151303153879
1	0	0.794898181934781	1.999999999999998	1	0.2844104257796288	1.25802275401612	0	-1.25802275401612	1	0.2844104257796287	-1.010080095522595
1	1	0.9999999999999994	1.999999999999999	0.5	0.3333333333333334	1.000000000000001	0.5000000000000003	-0.5000000000000003	0.888888888888889	0.5555555555555556	-0.4014554157697108
1	4	0.8245032922573927	1.380598525807824	0.2	0.3739071300484536	1.212851433572955	2.89729412658868	1.684442693015725	0.3834731598640005	0.9037958537234562	1.352457283329757
2	3	0.9999999999999997	1.890525300504857	0.4	0.3459578782532505	2.000000000000001	1.586860540400524	-0.4131394595994771	0.7710730834727405	0.5637871734310791	-0.3317141470487632
0	1	0.9999999999999993	1.804835833061268	0	0.3565271051563024	0	0.5540670135653571	0.5540670135653571	0.6434728948436976	0.3565271051563024	0.4448664065903246
0	0	0.9999999999999992	1.930961109667754	0	0.3411850115313734	0	0	0	0	0	0
0	0	0.8958392253924423	1.999999999999998	0	0.30935392322101	0	0	0	0	0	0
1	0	0.9201838102876986	2.079816189712299	1	0.3067279367625665	1.086739397955009	0	-1.086739397955009	1	0.3067279367625665	-0.8725548336787062
1	0	0.9999999999999992	1.999999999999998	1	0.3333333333333333	1.000000000000001	0	-1.000000000000001	1	0.3333333333333333	-0.8029108315394218
1	0	0.9999999999999991	1.999999999999998	1	0.3333333333333333	1.000000000000001	0	-1.000000000000001	1	0.3333333333333333	-0.8029108315394218
1	0	0.9999999999999991	1.999999999999998	1	0.3333333333333333	1.000000000000001	0	-1.000000000000001	1	0.3333333333333333	-0.8029108315394218
0	0	0.9999999999999992	1.999999999999998	0	0.3333333333333333	0	0	0	0	0	0
0	0	0.8185899759344193	2.077249249458021	0	0.2826779776848575	0	0	0	0	0	0
0	1	0.8965780599466495	1.999510292449783	0	0.3095824266565473	0	0.5001224568715814	0.5001224568715814	0.6904175733434528	0.3095824266565472	0.4015537377182997
0	0	0.7948981819347809	2.205101818065216	0	0.2649660606449272	0	0	0	0	0	0
0	0	0.8185899759344193	1.386511842130797	0	0.3712254777662196	0	0	0	0	0	0
1	0	0.8193089769086014	1.385792841156616	1	0.3715515402492719	1.220540758351236	0	-1.220540758351236	1	0.3715515402492719	-0.9799853952155467
0	4	0.9999999999999993	1.999999999999999	0	0.3333333333333333	0	2.000000000000001	2.000000000000001	0.1975308641975309	0.802469135802469	1.605821663078843
1	1	0.9999999999999993	1.999999999999999	0.5	0.3333333333333333	1.000000000000001	0.5000000000000003	-0.5000000000000003	0.8888888888888891	0.5555555555555555	-0.4014554157697108
1	1	0.9215795203145024	2.078420479685496	0.5	0.3071931734381677	1.08509355726431	0.4811345970529115	-0.6039589602113986	0.9056323541929878	0.5200187010693231	-0.4849251909590181
1	0	0.9999999999999994	1.999999999999999	1	0.3333333333333334	1.000000000000001	0	-1.000000000000001	1	0.3333333333333334	-0.8029108315394216
0	1	0.7948981819347811	2.205101818065217	0	0.2649660606449272	0	0.4534937987024165	0.4534937987024165	0.7350339393550729	0.2649660606449271	0.364115083014128
0	0	0.9207669998582514	2.079233000141746	0	0.3069223332860841	0	0	0	0	0	0
3	0	0.9999999999999991	1.931287263347055	1	0.3411470491152618	3.000000000000003	0	-3.000000000000003	1	0.03970314017847631	-2.408732494618265
2	1	0.9995145666034168	2.000485433396581	0.6666666666666666	0.3331715222011392	2.000971338313223	0.4998786710994049	-1.501092667213818	0.963016873828422	0.2590435372743161	-1.205243561650374
0	0	0.8958392253924423	1.999999999999998	0	0.30935392322101	0	0	0	0	0	0
1	0	0.9999999999999992	1.999999999999998	1	0.3333333333333333	1.000000000000001	0	-1.000000000000001	1	0.3333333333333333	-0.8029108315394218
2	0	0.897005650781577	2.00163739371918	1	0.3094570932020611	2.229640357624687	0	-2.229640357624687	1	0.09576369253306893	-1.790202393574289
0	3	0.5271614866483012	2.472838513351697	0	0.1757204955494338	0	1.21318071673584	1.21318071673584	0.5600457475827266	0.4399542524172734	0.9740759380819638
1	0	0.9389663556241585	2.060540599360686	1	0.3130402328501694	1.065000885292925	0	-1.065000885292925	1	0.3130402328501694	-0.8551007464007617
0	4	0.7948981819347816	2.205101818065218	0	0.2649660606449272	0	1.813975194809665	1.813975194809665	0.2918969589297577	0.7081030410702422	1.456460332056511
1	1	0.9214595620410521	2.078540437958946	0.5	0.3071531873470175	1.085234817884986	0.4811068294547903	-0.6041279884301957	0.9056569195025681	0.5199632941966029	-0.4850609055467261
3	0	0.9999999999999997	1.999999999999999	1	0.3333333333333333	3.000000000000001	0	-3.000000000000001	1	0.03703703703703698	-2.408732494618264
0	0	0.7948981819347809	2.205101818065216	0	0.2649660606449272	0	0	0	0	0	0
1	0	0.8959758629821412	2.000191807837226	1	0.309366019105053	1.11610149482334	0	-1.11610149482334	1	0.3093660191050529	-0.8961299792909989
0	2	0.3050159018354122	2.694984098164586	0	0.1016719672784708	0	0.7421194067015446	0.7421194067015446	0.806993254373333	0.193006745626667	0.595855709936279
0	0	0.7948981819347809	2.205101818065216	0	0.2649660606449272	0	0	0	0	0	0
1	0	0.9207669998582514	2.079233000141747	1	0.306922333286084	1.086051085838161	0	-1.086051085838161	1	0.306922333286084	-0.8720021804246092
1	0	0.794898181934781	1.999999999999998	1	0.2844104257796288	1.25802275401612	0	-1.25802275401612	1	0.2844104257796287	-1.010080095522595
0	0	0	1.276155561328977	0	0	0	0	0	0	0	0
0	0	0.9999999999999992	1.999999999999998	0	0.3333333333333333	0	0	0	0	0	0
0	0	0.1814100240655798	2.818589975934418	0	0.06047000802185998	0	0	0	0	0	0
1	0	0.9999999999999992	1.999999999999998	1	0.3333333333333333	1.000000000000001	0	-1.000000000000001	1	0.3333333333333333	-0.8029108315394218
0	0	0.8185899759344193	2.077249249458021	0	0.2826779776848575	0	0	0	0	0	0
5	0	0.9999999999999994	1.999999999999999	1	0.3333333333333334	5.000000000000003	0	-5.000000000000003	1	0.004115226337448541	-4.014554157697107
1	0	0.9999999999999992	1.93101549979815	1	0.3411786802454188	1.000000000000001	0	-1.000000000000001	1	0.3411786802454189	-0.8029108315394218
1	0	0.7948981819347809	2.205101818065217	1	0.2649660606449272	1.25802275401612	0	-1.25802275401612	1	0.2649660606449271	-1.010080095522595
0	0	0.1814100240655798	2.818589975934418	0	0.06047000802185998	0	0	0	0	0	0
0	0	0.9999999999999992	1.999999999999998	0	0.3333333333333333	0	0	0	0	0	0
1	0	1.656512832740073	1.217055960328047	1	0.5764653474578584	0.6036777863929246	0	-0.6036777863929246	1	0.5764653474578584	-0.48469943345462
0	0	0.9207669998582514	2.079233000141746	0	0.3069223332860841	0	0	0	0	0	0
0	0	0.7948981819347809	2.205101818065216	0	0.2649660606449272	0	0	0	0	0	0
1	0	0.794898181934781	2.205101818065216	1	0.2649660606449272	1.25802275401612	0	-1.25802275401612	1	0.2649660606449272	-1.010080095522595
0	0	0.9999999999999992	1.999999999999998	0	0.3333333333333333	0	0	0	0	0	0
0	0	0.9999999999999992	1.999999999999998	0	0.3333333333333333	0	0	0	0	0	0
1	0	0.794898181934781	2.205101818065216	1	0.2649660606449272	1.25802275401612	0	-1.25802275401612	1	0.2649660606449272	-1.010080095522595
0	0	1.79489818193478	1.205101818065218	0	0.5982993939782605	0	0	0	0	0	0
0	0	0.9207669998582514	2.079233000141746	0	0.3069223332860841	0	0	0	0	0	0
1	0	0.9999999999999992	1.999999999999998	1	0.3333333333333333	1.000000000000001	0	-1.000000000000001	1	0.3333333333333333	-0.8029108315394218
0	0	0.9999999999999992	1.999999999999998	0	0.3333333333333333	0	0	0	0	0	0
1	0	0.9443477262432096	2.055652273756789	1	0.3147825754144034	1.0589319719953	0	-1.0589319719953	1	0.3147825754144034	-0.8502279501784255
0	0	0.9999999999999992	1.999999999999998	0	0.3333333333333333	0	0	0	0	0	0
0	0	0.7948981819347809	1.999999999999998	0	0.2844104257796288	0	0	0	0	0	0
1	0	0.794898181934781	2.205101818065216	1	0.2649660606449272	1.25802275401612	0	-1.25802275401612	1	0.2649660606449272	-1.010080095522595
1	0	0.8186240613304834	2.077215164061957	1	0.2826897481573911	1.221561944288239	0	-1.221561944288239	1	0.2826897481573911	-0.9808053164653819
0	0	0.1814100240655798	2.818589975934418	0	0.06047000802185998	0	0	0	0	0	0
1	5	1.123618533660129	1.086168122085546	0.1666666666666667	0.5084737618170534	0.8899817598616425	4.603338929151709	3.713357169290067	0.1016312587628163	0.9858980154259025	2.981494692597558
0	0	0.7948981819347809	2.205101818065216	0	0.2649660606449272	0	0	0	0	0	0
3	0	0.9999999999999992	1.999673542640175	1	0.3333696103209436	3.000000000000002	0	-3.000000000000002	1	0.03704913068230797	-2.408732494618265
0	1	0.8184589778174745	2.077956179702914	0	0.2825765414506926	0	0.4812421021038905	0.4812421021038905	0.7174234585493074	0.2825765414506926	0.3863944963720136
0	0	0.7948981819347809	2.205101818065216	0	0.2649660606449272	0	0	0	0	0	0
0	0	0.9999999999999992	1.79489818193478	0	0.3577947871101856	0	0	0	0	0	0
0	0	0.1814100240655798	2.818589975934418	0	0.06047000802185998	0	0	0	0	0	0
0	0	0	2.999999999999998	0	0	0	0	0	0	0	0
0	0	0.8958392253924423	1.999999999999998	0	0.30935392322101	0	0	0	0	0	0
0	0	0.9999999999999992	1.79489818193478	0	0.3577947871101856	0	0	0	0	0	0
0	0	0.7948981819347809	2.205101818065216	0	0.2649660606449272	0	0	0	0	0	0
1	0	0.9999999999999992	1.999999999999998	1	0.3333333333333333	1.000000000000001	0	-1.000000000000001	1	0.3333333333333333	-0.8029108315394218
0	0	0.9999999999999992	1.999999999999998	0	0.3333333333333333	0	0	0	0	0	0
1	0	0.920183471786062	2.079816528213935	1	0.3067278239286876	1.086739797726442	0	-1.086739797726442	1	0.3067278239286876	-0.8725551546595197
2	0	0.9999999999999994	1.998885133804919	1	0.3334572534064423	2.000000000000001	0	-2.000000000000001	0.9999999999999999	0.1111937398493684	-1.605821663078843
0	0	0.8185899759344193	2.077249249458021	0	0.2826779776848575	0	0	0	0	0	0
1	0	0.7948981819347809	2.079233000141747	1	0.2765699028951337	1.25802275401612	0	-1.25802275401612	1	0.2765699028951336	-1.010080095522595
1	1	0.8283559860042342	2.118958081848382	0.5	0.2810545353952611	1.207210446831839	0.4719300530606499	-0.7352803937711889	0.9210083481337539	0.4831174189242762	-0.5903645923774582
0	0	0.9999999999999992	1.999999999999998	0	0.3333333333333333	0	0	0	0	0	0
1	3	0.8458268865755689	2.095395823626598	0.25	0.2875766203088478	1.182275020895374	1.431710403434785	0.2494353825394107	0.6735415106726157	0.7423959697747113	0.2002743704100718
1	0	0.7948981819347809	2.079233000141746	1	0.2765699028951337	1.25802275401612	0	-1.25802275401612	1	0.2765699028951337	-1.010080095522595
0	0	0.9207669998582514	2.079233000141746	0	0.3069223332860841	0	0	0	0	0	0
1	0	0.9999999999999993	1.999999999999999	1	0.3333333333333333	1.000000000000001	0	-1.000000000000001	1	0.3333333333333333	-0.8029108315394216
1	0	0.9999999999999992	1.999999999999998	1	0.3333333333333333	1.000000000000001	0	-1.000000000000001	1	0.3333333333333333	-0.8029108315394218
1	0	0.7948981819347809	2.205101818065216	1	0.2649660606449272	1.25802275401612	0	-1.25802275401612	1	0.2649660606449272	-1.010080095522595
2	0	0.9999999999999992	1.931288329171588	1	0.3411469250732526	2.000000000000002	0	-2.000000000000002	0.9999999999999999	0.1163812244869356	-1.605821663078844
1	0	0.7948981819347809	2.205101818065216	1	0.2649660606449272	1.25802275401612	0	-1.25802275401612	1	0.2649660606449272	-1.010080095522595
1	0	0.9207669998582513	2.079233000141746	1	0.306922333286084	1.086051085838161	0	-1.086051085838161	1	0.306922333286084	-0.8720021804246092
1	0	0.9999999999999992	1.999999999999998	1	0.3333333333333333	1.000000000000001	0	-1.000000000000001	1	0.3333333333333333	-0.8029108315394218
0	0	0.7948981819347809	2.205101818065216	0	0.2649660606449272	0	0	0	0	0	0
0	0	0.7948981819347809	2.205101818065216	0	0.2649660606449272	0	0	0	0	0	0
1	0	0.819444331525725	2.076394893866716	1	0.2829730063535122	1.220339151212503	0	-1.220339151212503	1	0.2829730063535123	-0.9798235226601418
0	0	0.9999999999999992	1.999999999999998	0	0.3333333333333333	0	0	0	0	0	0
3	0	0.7948981819347813	2.205101818065217	1	0.2649660606449272	3.774068262048358	0	-3.774068262048358	1	0.01860247574207541	-3.030240286567785
0	0	0.8185899759344193	1.386511842130797	0	0.3712254777662196	0	0	0	0	0	0
1	0	0.7948981819347809	2.205101818065216	1	0.2649660606449272	1.25802275401612	0	-1.25802275401612	1	0.2649660606449272	-1.010080095522595
0	1	0.9954806904533372	2.00451930954666	0	0.3318268968177793	0	0.4988727198772451	0.4988727198772451	0.6681731031822207	0.3318268968177793	0.4005503103489715
0	0	0.7948981819347809	2.205101818065216	0	0.2649660606449272	0	0	0	0	0	0
2	0	0.9384869785223796	2.05986766385801	1	0.3130006588471189	2.131089770844707	0	-2.131089770844707	1	0.09796941243873025	-1.711075059994078
1	1	0.9209543739377861	2.079045626062211	0.5	0.3069847913125957	1.085830121772736	0.4809899251196506	-0.6048401966530852	0.9057603379027622	0.5197299205279533	-0.4856327452431956
0	0	0.9999999999999992	1.999999999999998	0	0.3333333333333333	0	0	0	0	0	0
3	0	0.7948981819347813	2	1	0.2844104257796288	3.774068262048358	0	-3.774068262048358	1	0.02300575749300204	-3.030240286567785
0	0	0.9999999999999992	1.999999999999998	0	0.3333333333333333	0	0	0	0	0	0
1	3	0.9999999999999991	1.999999999999998	0.25	0.3333333333333333	1.000000000000001	1.500000000000001	0.5000000000000004	0.5925925925925928	0.802469135802469	0.4014554157697109
0	0	0.7948981819347809	2.079233000141746	0	0.2765699028951337	0	0	0	0	0	0
1	0	0.9999999999999992	1.999999999999998	1	0.3333333333333333	1.000000000000001	0	-1.000000000000001	1	0.3333333333333333	-0.8029108315394218
1	0	0.8961830113886634	2.000482596689164	1	0.3093843517489592	1.115843513313725	0	-1.115843513313725	1	0.3093843517489592	-0.8959228431425917
0	0	0.7948981819347809	1.999999999999998	0	0.2844104257796288	0	0	0	0	0	0
2	0	0.9999999999999994	1.999999999999999	1	0.3333333333333334	2.000000000000001	0	-2.000000000000001	1	0.111111111111111	-1.605821663078843
0	0	0.8619222193355102	2.03391700605693	0	0.2976415996363554	0	0	0	0	0	0
0	1	0.8136586229116993	1.556898101282559	0	0.3432352470655425	0	0.6423027937256836	0.6423027937256836	0.6567647529344576	0.3432352470655424	0.5157118702103818
0	4	0.7948981819347811	2.205101818065216	0	0.2649660606449273	0	1.813975194809666	1.813975194809666	0.2918969589297574	0.7081030410702427	1.456460332056512
0	0	0.9999999999999992	1.999999999999998	0	0.3333333333333333	0	0	0	0	0	0
2	0	1.790502982272062	1.209497017727936	1	0.5968343274240211	1.117004562294611	0	-1.117004562294611	0.9999999999999999	0.3562112143916837	-0.896855061945293
0	0	0.8185899759344193	2.077249249458021	0	0.2826779776848575	0	0	0	0	0	0
1	0	1.656928699826368	1.217301204949572	1	0.5764774408175025	0.6035262712902441	0	-0.6035262712902441	1	0.5764774408175025	-0.4845777803375361
0	0	0.9999999999999992	1.999999999999998	0	0.3333333333333333	0	0	0	0	0	0
0	0	0.9999999999999992	1.999999999999998	0	0.3333333333333333	0	0	0	0	0	0
2	0	0.9999999999999991	1.946455929732283	1	0.3393907880681793	2.000000000000002	0	-2.000000000000002	1	0.1151861070255398	-1.605821663078844
0	0	0	2.999999999999998	0	0	0	0	0	0	0	0
3	0	1.091678480281175	1.21797145606677	1	0.4726597148342549	2.748061864540294	0	-2.748061864540294	1	0.1055955862927334	-2.20644863677982
2	0	0.7948981819347809	2.205101818065216	1	0.2649660606449272	2.51604550803224	0	-2.51604550803224	1	0.07020701329369117	-2.020160191045191
0	0	0.9999999999999992	1.999999999999998	0	0.3333333333333333	0	0	0	0	0	0
0	0	0.9999999999999992	1.999999999999998	0	0.3333333333333333	0	0	0	0	0	0
0	0	0.8619222193355102	2.069038890332243	0	0.2940749423431332	0	0	0	0	0	0
0	1	0.8199888557672768	2.075850369625164	0	0.2831610431190815	0	0.4817302897320917	0.4817302897320917	0.7168389568809185	0.2831610431190815	0.38678646750652
0	0	0.8185899759344193	1.386511842130797	0	0.3712254777662196	0	0	0	0	0	0
1	0	0.9999999999999992	1.999999999999998	1	0.3333333333333333	1.000000000000001	0	-1.000000000000001	1	0.3333333333333333	-0.8029108315394218
0	0	0.8958392253924423	1.999999999999998	0	0.30935392322101	0	0	0	0	0	0
1	0	0.9999999999999994	1.999999999999999	1	0.3333333333333334	1.000000000000001	0	-1.000000000000001	1	0.3333333333333334	-0.8029108315394216
0	0	0.1814100240655798	2.818589975934418	0	0.06047000802185998	0	0	0	0	0	0
1	0	0.794898181934781	2.205101818065216	1	0.2649660606449272	1.25802275401612	0	-1.25802275401612	1	0.2649660606449272	-1.010080095522595
5	0	0.9999999999999993	1.999999999999999	1	0.3333333333333333	5.000000000000004	0	-5.000000000000004	1	0.004115226337448097	-4.014554157697108
0	0	0.9999999999999992	1.999999999999998	0	0.3333333333333333	0	0	0	0	0	0
1	0	0.3549321855980853	2.645067814401912	1	0.1183107285326952	2.817439614034808	0	-2.817439614034808	1	0.1183107285326952	-2.262152783316793
4	0	0.9999999999999998	2	1	0.3333333333333334	4.000000000000001	0	-4.000000000000001	1	0.01234567901234573	-3.211643326157685
2	0	0.9999999999999993	1.999999999999999	1	0.3333333333333333	2.000000000000001	0	-2.000000000000001	1	0.1111111111111109	-1.605821663078843
0	0	0.7948981819347809	2.205101818065216	0	0.2649660606449272	0	0	0	0	0	0
0	0	0.1814100240655798	2.818589975934418	0	0.06047000802185998	0	0	0	0	0	0
0	0	0.8185899759344193	2.112371133733334	0	0.2792906303786517	0	0	0	0	0	0
1	0	0.7948981819347809	2.205101818065217	1	0.2649660606449272	1.25802275401612	0	-1.25802275401612	1	0.2649660606449271	-1.010080095522595
1	0	0.9999999999999994	1.999999999999999	1	0.3333333333333334	1.000000000000001	0	-1.000000000000001	1	0.3333333333333334	-0.8029108315394216
0	0	0	1.276155561328977	0	0	0	0	0	0	0	0
1	0	0.8617856246792837	2.06917548498847	1	0.2940283382937734	1.160381388784657	0	-1.160381388784657	1	0.2940283382937734	-0.9316827857719568
1	0	0.9999999999999992	1.931124388022732	1	0.3411660058120482	1.000000000000001	0	-1.000000000000001	1	0.3411660058120483	-0.8029108315394218
0	0	0	2.999999999999998	0	0	0	0	0	0	0	0
0	8	0.9305169363647603	2.065210178371722	0	0.3106147191402688	0	3.873697739717445	3.873697739717445	0.05101478398312358	0.9489852160168765	3.11023387332891
1	0	0.7948981819347811	2.205101818065217	1	0.2649660606449272	1.25802275401612	0	-1.25802275401612	1	0.2649660606449271	-1.010080095522595
0	0	0.9999999999999992	1.999999999999998	0	0.3333333333333333	0	0	0	0	0	0
0	0	0	1.276155561328977	0	0	0	0	0	0	0	0
2	0	0.7948981819347809	1.999999999999998	1	0.2844104257796288	2.51604550803224	0	-2.51604550803224	1	0.08088929029214953	-2.020160191045191
1	0	0.9999999999999994	1.999999999999999	1	0.3333333333333334	1.000000000000001	0	-1.000000000000001	1	0.3333333333333334	-0.8029108315394216
0	0	0.7948981819347809	2.205101818065216	0	0.2649660606449272	0	0	0	0	0	0
0	0	0.9391714687935331	2.060828531206464	0	0.3130571562645113	0	0	0	0	0	0
2	0	0.7948981819347809	2.205101818065216	1	0.2649660606449272	2.51604550803224	0	-2.51604550803224	1	0.07020701329369117	-2.020160191045191
0	0	0.8185899759344193	1.386511842130797	0	0.3712254777662196	0	0	0	0	0	0
0	0	0.7948981819347809	2.205101818065216	0	0.2649660606449272	0	0	0	0	0	0
0	0	0.9999999999999992	1.999999999999998	0	0.3333333333333333	0	0	0	0	0	0
2	0	0.8617513830153145	2.069209726652439	1	0.2940166555512573	2.320854993004934	0	-2.320854993004934	0.9999999999999999	0.08644579374154682	-1.863439612316009
1	0	0.9999999999999992	1.931668712854851	1	0.3411026612983847	1.000000000000001	0	-1.000000000000001	1	0.3411026612983847	-0.8029108315394218
1	3	0.8113001829266183	2.115254302887227	0.25	0.2772202557168533	1.232589392982362	1.418269186785312	0.1856797938029497	0.6916127045770724	0.7270872081106806	0.1490843176423946
0	0	0.9999999999999992	1.930961109667754	0	0.3411850115313734	0	0	0	0	0	0
2	0	0.8203688505008204	1.384732967564396	1	0.3720321863507518	2.437927767222068	0	-2.437927767222068	1	0.1384079476809206	-1.957438610813315
0	0	0.9999999999999992	1.999999999999998	0	0.3333333333333333	0	0	0	0	0	0
0	0	0.9999999999999992	1.999999999999998	0	0.3333333333333333	0	0	0	0	0	0
0	0	0.7948981819347809	2.205101818065216	0	0.2649660606449272	0	0	0	0	0	0
0	0	0.9999999999999992	1.999999999999998	0	0.3333333333333333	0	0	0	0	0	0
0	0	0.8185899759344193	2.077249249458021	0	0.2826779776848575	0	0	0	0	0	0
0	0	0.7948981819347809	2.205101818065216	0	0.2649660606449272	0	0	0	0	0	0
1	0	0.9999999999999992	1.999999999999998	1	0.3333333333333333	1.000000000000001	0	-1.000000000000001	1	0.3333333333333333	-0.8029108315394218
0	0	0.8185899759344193	1.386511842130797	0	0.3712254777662196	0	0	0	0	0	0
0	0	0.9999999999999992	1.999999999999998	0	0.3333333333333333	0	0	0	0	0	0
0	0	0.9999999999999992	1.999999999999998	0	0.3333333333333333	0	0	0	0	0	0
3	0	0.9184356191779526	2.081564380822046	1	0.306145206392651	3.266423837835422	0	-3.266423837835422	1	0.02869342499634331	-2.622647079796625
1	1	0.7948981819347813	2.205101818065217	0.5	0.2649660606449272	1.25802275401612	0.4534937987024164	-0.8045289553137032	0.9297929867063088	0.4597251079961632	-0.6459650125084671
0	0	0.8185899759344193	1.386511842130797	0	0.3712254777662196	0	0	0	0	0	0
0	0	0.9207669998582514	2.079233000141746	0	0.3069223332860841	0	0	0	0	0	0
1	0	0.794898181934781	2.205101818065216	1	0.2649660606449272	1.25802275401612	0	-1.25802275401612	1	0.2649660606449272	-1.010080095522595
2	0	0.9999999999999994	1.998748993407345	1	0.3334723920536424	2.000000000000001	0	-2.000000000000001	0.9999999999999999	0.1112038362619783	-1.605821663078843
0	0	0.8619222193355102	2.03391700605693	0	0.2976415996363554	0	0	0	0	0	0
0	0	1.79489818193478	1.205101818065218	0	0.5982993939782605	0	0	0	0	0	0
1	0	0.7948981819347809	2.205101818065217	1	0.2649660606449272	1.25802275401612	0	-1.25802275401612	1	0.2649660606449271	-1.010080095522595
6	0	1.026592692274392	1.576037657005174	1	0.3944442946185436	5.844576963339902	0	-5.844576963339902	1.000000000000001	0.003766292729794563	-4.692674149631385
1	0	1.657256446321238	1.217272225306902	1	0.5765315415631475	0.6034069152180945	0	-0.6034069152180945	1	0.5765315415631475	-0.4844819480543972
0	0	0.9207669998582514	2.079233000141746	0	0.3069223332860841	0	0	0	0	0	0
1	0	0.9999999999999993	1.999398980678954	1	0.3334001266392497	1.000000000000001	0	-1.000000000000001	1	0.3334001266392497	-0.8029108315394216
0	0	0.8185899759344193	2.077249249458021	0	0.2826779776848575	0	0	0	0	0	0
1	0	0.9999999999999994	1.999999999999999	1	0.3333333333333334	1.000000000000001	0	-1.000000000000001	1	0.3333333333333334	-0.8029108315394216
1	0	0.7948981819347811	2.205101818065217	1	0.2649660606449272	1.25802275401612	0	-1.25802275401612	1	0.2649660606449271	-1.010080095522595
0	0	0.8619222193355102	2.069038890332243	0	0.2940749423431332	0	0	0	0	0	0
0	0	0.8185899759344193	2.077249249458021	0	0.2826779776848575	0	0	0	0	0	0
1	0	0.794898181934781	2.205101818065217	1	0.2649660606449272	1.25802275401612	0	-1.25802275401612	1	0.2649660606449272	-1.010080095522595
1	0	0.7948981819347811	2.205101818065217	1	0.2649660606449272	1.25802275401612	0	-1.25802275401612	1	0.2649660606449271	-1.010080095522595
0	0	0.8619222193355102	1.343179598729706	0	0.3908763814324779	0	0	0	0	0	0
0	0	0.9207669998582514	2.079233000141746	0	0.3069223332860841	0	0	0	0	0	0
1	0	0.8187947213340683	2.112166388333685	1	0.279360486440192	1.221307336191289	0	-1.221307336191289	1	0.279360486440192	-0.9806008888665434
2	0	0.8189656173877068	2.076873608004733	1	0.2828076953328518	2.442104964527686	0	-2.442104964527686	1	0.07998019253947908	-1.960792527775473
0	0	0.8185899759344193	2.112371133733334	0	0.2792906303786517	0	0	0	0	0	0
1	0	0.794898181934781	2.205101818065216	1	0.2649660606449272	1.25802275401612	0	-1.25802275401612	1	0.2649660606449272	-1.010080095522595
1	0	0.9999999999999992	1.795545886672481	1	0.3577118890329833	1.000000000000001	0	-1.000000000000001	1	0.3577118890329833	-0.8029108315394218
0	0	0.8185899759344193	2.112371133733334	0	0.2792906303786517	0	0	0	0	0	0
3	0	0.9999999999999993	1.999999999999999	1	0.3333333333333333	3.000000000000002	0	-3.000000000000002	1	0.03703703703703698	-2.408732494618265
2	0	0.818828932807084	2.11213217686067	1	0.2793721588820073	2.442512617554514	0	-2.442512617554514	0.9999999999999998	0.07804880315839369	-1.961119836806223
3	0	0.9999999999999994	1.985139384667211	1	0.3349927327133776	3.000000000000002	0	-3.000000000000002	1	0.03759292833935346	-2.408732494618265
1	0	0.8960780040027011	2.000335190403392	1	0.3093750593780322	1.115974274039859	0	-1.115974274039859	1	0.3093750593780322	-0.8960278323459447
1	2	0.9213922430859264	2.078607756914071	0.3333333333333333	0.307130747695309	1.085314107540998	0.9621824961190497	-0.1231316114219478	0.7749549659909587	0.667375781811587	-0.09886370451558502
2	0	0.8616831158750787	1.343418702190138	1	0.390767949495924	2.321038863537332	0	-2.321038863537332	1	0.1526995903532489	-1.863587243958072
0	0	0.7948981819347809	2.205101818065216	0	0.2649660606449272	0	0	0	0	0	0
1	0	0.9999999999999997	1.999999999999999	1	0.3333333333333333	1	0	-1	1	0.3333333333333333	-0.8029108315394213
0	0	0.8619222193355102	2.069038890332243	0	0.2940749423431332	0	0	0	0	0	0
0	0	0.8185899759344193	2.077249249458021	0	0.2826779776848575	0	0	0	0	0	0
0	0	0.7948981819347809	1.999999999999998	0	0.2844104257796288	0	0	0	0	0	0
1	0	0.9999999999999992	1.999999999999998	1	0.3333333333333333	1.000000000000001	0	-1.000000000000001	1	0.3333333333333333	-0.8029108315394218
2	0	0.8616832325325868	2.069277877135167	1	0.2939934036280219	2.321038549307462	0	-2.321038549307462	1	0.08643212137678891	-1.863586991659506
1	0	0.794898181934781	2.205101818065216	1	0.2649660606449272	1.25802275401612	0	-1.25802275401612	1	0.2649660606449272	-1.010080095522595
4	1	0.9999999999999997	1.999999999999999	0.8	0.3333333333333333	4.000000000000002	0.5000000000000002	-3.500000000000002	0.9958847736625519	0.04526748971193373	-2.810187910387975
0	0	0.8185899759344193	2.077249249458021	0	0.2826779776848575	0	0	0	0	0	0
0	2	0.1826988106569691	2.817301189343028	0	0.06089960355232308	0	0.7098992495248205	0.7098992495248205	0.881909554608184	0.118090445391816	0.5699857967451846
0	0	0.7948981819347809	2.205101818065216	0	0.2649660606449272	0	0	0	0	0	0
1	0	0.9999999999999992	1.999999999999998	1	0.3333333333333333	1.000000000000001	0	-1.000000000000001	1	0.3333333333333333	-0.8029108315394218
0	0	0	1.276155561328977	0	0	0	0	0	0	0	0
0	0	0.9999999999999992	1.79489818193478	0	0.3577947871101856	0	0	0	0	0	0
1	0	0.7948981819347808	1.999999999999998	1	0.2844104257796288	1.25802275401612	0	-1.25802275401612	1	0.2844104257796287	-1.010080095522596
1	0	0.7948981819347809	2.205101818065216	1	0.2649660606449272	1.25802275401612	0	-1.25802275401612	1	0.2649660606449272	-1.010080095522595
5	0	0.9999999999999992	1.999999999999998	1	0.3333333333333333	5.000000000000004	0	-5.000000000000004	1	0.004115226337448097	-4.014554157697108
0	0	0.8619222193355102	2.069038890332243	0	0.2940749423431332	0	0	0	0	0	0
0	1	0.9998384595945909	2.000161540405407	0	0.3332794865315306	0	0.4999596181602978	0.4999596181602978	0.6667205134684694	0.3332794865315306	0.4014229927532161
0	0	0.9999999999999992	1.999999999999998	0	0.3333333333333333	0	0	0	0	0	0
2	0	0.9999999999999996	1.999999999999999	1	0.3333333333333333	2.000000000000001	0	-2.000000000000001	1	0.1111111111111109	-1.605821663078843
1	0	0.9999999999999992	1.999999999999998	1	0.3333333333333333	1.000000000000001	0	-1.000000000000001	1	0.3333333333333333	-0.8029108315394218
0	0	1.79489818193478	1.205101818065218	0	0.5982993939782605	0	0	0	0	0	0
2	0	0.8611200187493845	2.06984109091837	1	0.2938012435269053	2.322556619813142	0	-2.322556619813142	1	0.0863191706979558	-1.864805866911557
2	0	0.794898181934781	2.205101818065217	1	0.2649660606449272	2.51604550803224	0	-2.51604550803224	1	0.07020701329369117	-2.020160191045191
0	0	0.8185899759344193	1.386511842130797	0	0.3712254777662196	0	0	0	0	0	0
1	0	0.7948981819347811	2.205101818065217	1	0.2649660606449272	1.25802275401612	0	-1.25802275401612	1	0.2649660606449271	-1.010080095522595
0	0	0.9999999999999992	1.999999999999998	0	0.3333333333333333	0	0	0	0	0	0
0	0	0.9207669998582514	2.079233000141746	0	0.3069223332860841	0	0	0	0	0	0
0	0	0.7948981819347809	2.205101818065216	0	0.2649660606449272	0	0	0	0	0	0
3	0	1.794898181934781	1.205101818065218	1	0.5982993939782606	1.671403999510546	0	-1.671403999510546	1	0.2141685462877794	-1.341988375085326
1	0	0.9999999999999991	1.999999999999998	1	0.3333333333333333	1.000000000000001	0	-1.000000000000001	1	0.3333333333333333	-0.8029108315394218
3	0	0.794898181934781	2.205101818065217	1	0.2649660606449272	3.77406826204836	0	-3.77406826204836	1	0.01860247574207541	-3.030240286567786
0	1	0.9999999999999992	1.796190770485703	0	0.3576293901529107	0	0.5567337369903046	0.5567337369903046	0.6423706098470894	0.3576293901529106	0.4470075477129348
0	0	0.8185899759344193	2.112371133733334	0	0.2792906303786517	0	0	0	0	0	0
0	0	0	2.999999999999998	0	0	0	0	0	0	0	0
0	0	0.7948981819347809	2.205101818065216	0	0.2649660606449272	0	0	0	0	0	0
0	0	0.8185899759344193	2.077249249458021	0	0.2826779776848575	0	0	0	0	0	0
2	0	1.7930484676875	1.205265371478503	1	0.5980189412680849	1.115418816636567	0	-1.115418816636567	1	0.357626654115401	-0.8955818495803827
1	0	0.7948981819347809	2.205101818065216	1	0.2649660606449272	1.25802275401612	0	-1.25802275401612	1	0.2649660606449272	-1.010080095522595
0	0	0.8185899759344193	2.112371133733334	0	0.2792906303786517	0	0	0	0	0	0
1	1	0.8242812730400311	2.071557952352411	0.5	0.2846433136937445	1.213178113718271	0.4827284695870682	-0.7304496441312027	0.9189781839694446	0.4882648113569336	-0.5864859311670582
0	0	0.9999999999999992	1.999999999999998	0	0.3333333333333333	0	0	0	0	0	0
0	0	0.8619222193355102	2.03391700605693	0	0.2976415996363554	0	0	0	0	0	0
2	0	0.8614439243587747	2.034395301033666	1	0.2974764333617426	2.321683331261199	0	-2.321683331261199	1	0.0884922284056231	-1.864104694074142
1	0	0.8186582271980855	1.386443590867131	1	0.3712564292910457	1.221510963644217	0	-1.221510963644217	1	0.3712564292910456	-0.9807643835540981
1	0	1.79489818193478	1.205101818065218	1	0.5982993939782605	0.5571346665035155	0	-0.5571346665035155	1	0.5982993939782605	-0.4473294583617756
2	0	0.9382820342123184	2.059579969051979	1	0.3129837308023672	2.131555254256773	0	-2.131555254256773	0.9999999999999998	0.09795881574696885	-1.711448801667527
0	0	0.8185899759344193	2.112371133733334	0	0.2792906303786517	0	0	0	0	0	0
0	0	0.7948981819347809	2.205101818065216	0	0.2649660606449272	0	0	0	0	0	0
0	0	0.9999999999999992	1.999999999999998	0	0.3333333333333333	0	0	0	0	0	0
1	0	0.8615455972881995	2.069415512379554	1	0.2939464445455785	1.160704672100466	0	-1.160704672100466	1	0.2939464445455785	-0.9319423534478765
0	0	0.7948981819347809	2.205101818065216	0	0.2649660606449272	0	0	0	0	0	0
0	0	0	2.999999999999998	0	0	0	0	0	0	0	0
2	0	0.9999999999999993	1.986555017780376	1	0.3348339454811735	2.000000000000001	0	-2.000000000000001	0.9999999999999998	0.1121137710464897	-1.605821663078843
1	0	0.7948981819347809	2.205101818065216	1	0.2649660606449272	1.25802275401612	0	-1.25802275401612	1	0.2649660606449272	-1.010080095522595
2	0	0.9999999999999994	1.999999999999999	1	0.3333333333333334	2.000000000000001	0	-2.000000000000001	1	0.111111111111111	-1.605821663078843
0	0	0.7948981819347809	2.079233000141746	0	0.2765699028951337	0	0	0	0	0	0
0	0	0.7948981819347809	2.205101818065216	0	0.2649660606449272	0	0	0	0	0	0
0	1	0.8197334363371224	2.076762333377453	0	0.2830086772120161	0	0.4815187486445274	0.4815187486445274	0.7169913227879838	0.2830086772120162	0.3866166188759989
1	0	0.1884498472602271	2.811550152739771	1	0.06281661575340909	5.30645163441877	0	-5.30645163441877	1	0.06281661575340913	-4.260607494314894
0	0	0.7948981819347809	1.999999999999998	0	0.2844104257796288	0	0	0	0	0	0
0	0	0.7948981819347809	2.205101818065216	0	0.2649660606449272	0	0	0	0	0	0
0	0	0.8185899759344193	2.077249249458021	0	0.2826779776848575	0	0	0	0	0	0
0	0	0.7948981819347809	2.079233000141746	0	0.2765699028951337	0	0	0	0	0	0
1	0	0.7948981819347811	2.205101818065217	1	0.2649660606449272	1.25802275401612	0	-1.25802275401612	1	0.2649660606449271	-1.010080095522595
0	0	0.7948981819347809	2.205101818065216	0	0.2649660606449272	0	0	0	0	0	0
1	0	0.9999999999999993	1.999999999999999	1	0.3333333333333333	1.000000000000001	0	-1.000000000000001	1	0.3333333333333333	-0.8029108315394216
0	0	0.7948981819347809	2.079233000141746	0	0.2765699028951337	0	0	0	0	0	0
0	3	0.1798381108021045	2.820161889197893	0	0.05994603693403489	0	1.063768718913245	1.063768718913245	0.8307270535072927	0.1692729464927073	0.8541114266682583
3	0	0.9999999999999994	1.933473573931841	1	0.3408927930650023	3.000000000000002	0	-3.000000000000002	1	0.0396144343676158	-2.408732494618265
0	0	0.9999999999999992	1.79489818193478	0	0.3577947871101856	0	0	0	0	0	0
1	0	0.7476280608833881	2.25237193911661	1	0.2492093536277962	1.337563492224211	0	-1.337563492224211	1	0.2492093536277962	-1.073944215778514
1	0	0.8962164550289987	2.000529543889681	1	0.3093873109218224	1.115801873965417	0	-1.115801873965417	1	0.3093873109218224	-0.8958894104588175
0	0	0.7948981819347809	2.205101818065216	0	0.2649660606449272	0	0	0	0	0	0
1	1	0.9992841208335175	1.931949347469642	0.5	0.3409090854206116	1.000716392016602	0.517611914261491	-0.4831044777551112	0.8837809954776822	0.5655991663189053	-0.3878898179547741
1	0	0.9999999999999992	1.999999999999998	1	0.3333333333333333	1.000000000000001	0	-1.000000000000001	1	0.3333333333333333	-0.8029108315394218
0	0	0.7948981819347809	1.999999999999998	0	0.2844104257796288	0	0	0	0	0	0
3	3	0.7950597351695103	2.204940264830489	0.5	0.2650199117231702	3.773301385159929	1.360581076889461	-2.412720308270468	0.9539162093324978	0.1938898475693536	-1.93719926898549
1	0	0.7948981819347813	2.205101818065217	1	0.2649660606449272	1.25802275401612	0	-1.25802275401612	1	0.2649660606449272	-1.010080095522595
0	5	0.7948981819347813	2.203968764862781	0	0.2650661720032759	0	2.268634691976363	2.268634691976363	0.2144081003977364	0.7855918996022636	1.82151136699392
5	0	0.9999999999999993	1.999999999999999	1	0.3333333333333333	5.000000000000004	0	-5.000000000000004	1	0.004115226337448097	-4.014554157697108
0	0	0.7948981819347809	1.999999999999998	0	0.2844104257796288	0	0	0	0	0	0
2	0	0.9166759435917003	2.029249973316451	1	0.31116734413803	2.181796101426686	0	-2.181796101426686	1	0.09682511605791522	-1.751787722045967
0	1	0.794898181934781	2.205101818065216	0	0.2649660606449272	0	0.4534937987024165	0.4534937987024165	0.7350339393550728	0.2649660606449272	0.364115083014128
1	0	0.8186581911028428	2.11230291856491	1	0.2793139043716769	1.221511017501536	0	-1.221511017501536	1	0.2793139043716769	-0.9807644267967222
1	0	0.9999999999999991	1.999999999999998	1	0.3333333333333333	1.000000000000001	0	-1.000000000000001	1	0.3333333333333333	-0.8029108315394218
4	0	1.614068147940772	1.181890545747292	1	0.5772861207086375	2.478210108478505	0	-2.478210108478505	0.9999999999999997	0.1110617378168681	-1.989781738927875
1	0	0.7948981819347809	2.205101818065216	1	0.2649660606449272	1.25802275401612	0	-1.25802275401612	1	0.2649660606449272	-1.010080095522595
0	1	0.7949730950410017	2.204697550112658	0	0.2650201269013914	0	0.4535769543304934	0.4535769543304934	0.7349798730986086	0.2650201269013914	0.3641818495686145
1	0	1.12586881792347	1.75598143243119	1	0.3906756840626652	0.8882029452102425	0	-0.8882029452102425	1	0.3906756840626652	-0.7131477653145186
4	0	0.794898181934781	2.205101818065217	1	0.2649660606449272	5.03209101606448	0	-5.03209101606448	1	0.004929024715620511	-4.040320382090382
1	0	0.8618539407323194	1.343247877332897	1	0.3908454175093469	1.16028940953765	0	-1.16028940953765	1	0.3908454175093469	-0.9316089346382587
0	0	0.9207669998582514	2.079233000141746	0	0.3069223332860841	0	0	0	0	0	0
6	0	0.8586149018989125	2.037224323493529	1	0.2964995067302307	6.987998911654574	0	-6.987998911654574	1	0.000679428642146318	-5.610740016953144
3	0	0.9999999999999996	1.94345174760069	1	0.3397371812923838	3.000000000000001	0	-3.000000000000001	1	0.03921292490919126	-2.408732494618264
0	3	0.9995620711039661	2.000437928896032	0	0.3331873570346556	0	1.499671625230376	1.499671625230376	0.2964909739824702	0.7035090260175298	1.204102591649796
0	0	0.8619222193355102	2.069038890332243	0	0.2940749423431332	0	0	0	0	0	0
3	0	1.78938594201899	1.209018522665313	1	0.5967793748624208	1.676552793644426	0	-1.676552793644426	1	0.2125403618130157	-1.346122397664785
0	0	0.8619222193355102	2.03391700605693	0	0.2976415996363554	0	0	0	0	0	0
0	0	0.9999999999999992	1.79489818193478	0	0.3577947871101856	0	0	0	0	0	0
2	0	0.9999999999999996	1.989630834391486	1	0.3344894588644224	2.000000000000001	0	-2.000000000000001	1	0.1118831980914141	-1.605821663078843
0	0	0.7948981819347809	1.999999999999998	0	0.2844104257796288	0	0	0	0	0	0
1	0	0.8186583132532237	2.077180912139217	1	0.2827015761354224	1.221510835242303	0	-1.221510835242303	1	0.2827015761354223	-0.98076428045881
0	0	0.7948981819347809	2.205101818065216	0	0.2649660606449272	0	0	0	0	0	0
0	0	0	1.276155561328977	0	0	0	0	0	0	0	0
0	1	0.9209543347364916	2.079045665263506	0	0.3069847782454974	0	0.4809899160503798	0.4809899160503798	0.6930152217545026	0.3069847782454974	0.3861920134580868
0	0	1.79489818193478	1.205101818065218	0	0.5982993939782605	0	0	0	0	0	0
0	0	0	1.276155561328977	0	0	0	0	0	0	0	0
0	0	0.9207669998582514	2.079233000141746	0	0.3069223332860841	0	0	0	0	0	0
0	0	0.9999999999999992	1.999999999999998	0	0.3333333333333333	0	0	0	0	0	0
0	0	0.7948981819347809	2.205101818065216	0	0.2649660606449272	0	0	0	0	0	0
0	0	0.9999999999999992	1.999999999999998	0	0.3333333333333333	0	0	0	0	0	0
0	1	0.1859321975034577	2.81406780249654	0	0.0619773991678193	0	0.3553574647749553	0.3553574647749553	0.9380226008321807	0.0619773991678193	0.2853203575361999
0	0	0.9999999999999992	1.79489818193478	0	0.3577947871101856	0	0	0	0	0	0
0	0	0.7948981819347809	2.079233000141746	0	0.2765699028951337	0	0	0	0	0	0
0	0	0.7948981819347809	2.205101818065216	0	0.2649660606449272	0	0	0	0	0	0
0	0	1.656820401270291	1.217310780806236	0	0.5764595616242043	0	0	0	0	0	0
0	0	0.9999999999999992	1.999999999999998	0	0.3333333333333333	0	0	0	0	0	0
1	0	0.7948981819347811	2.079233000141747	1	0.2765699028951337	1.25802275401612	0	-1.25802275401612	1	0.2765699028951337	-1.010080095522595
0	2	0.9989330956335021	2.001066904366496	0	0.3329776985445009	0	0.9994668322362595	0.9994668322362595	0.4449187506389908	0.5550812493610092	0.8024827453668861
0	3	0.9999999999999991	1.999999999999998	0	0.3333333333333333	0	1.500000000000001	1.500000000000001	0.2962962962962963	0.7037037037037037	1.204366247309133
0	0	1.656820401270291	1.217310780806236	0	0.5764595616242043	0	0	0	0	0	0
0	0	1.656820401270291	1.217310780806236	0	0.5764595616242043	0	0	0	0	0	0
1	0	0.9999999999999992	1.999619177952096	1	0.3333756522662056	1.000000000000001	0	-1.000000000000001	1	0.3333756522662056	-0.8029108315394218
0	0	0.7948981819347809	2.205101818065216	0	0.2649660606449272	0	0	0	0	0	0
0	0	0.9207669998582514	2.079233000141746	0	0.3069223332860841	0	0	0	0	0	0
0	0	0	2.999999999999998	0	0	0	0	0	0	0	0
0	0	0	1.276155561328977	0	0	0	0	0	0	0	0
1	0	0.9999999999999992	1.999999999999998	1	0.3333333333333333	1.000000000000001	0	-1.000000000000001	1	0.3333333333333333	-0.8029108315394218
0	0	0.7948981819347809	2.079233000141746	0	0.2765699028951337	0	0	0	0	0	0
0	0	0.8185899759344193	1.386511842130797	0	0.3712254777662196	0	0	0	0	0	0
4	0	0.8412417677073385	2.054597457685103	1	0.290500163244848	4.75487565352505	0	-4.75487565352505	0.9999999999999999	0.007121730303105922	-3.817741164838346
0	0	0.9999999999999992	1.999999999999998	0	0.3333333333333333	0	0	0	0	0	0
0	0	0.7948981819347809	2.205101818065216	0	0.2649660606449272	0	0	0	0	0	0
0	0	0.9207669998582514	2.079233000141746	0	0.3069223332860841	0	0	0	0	0	0
1	0	0.938487704647147	2.059868683170642	1	0.3130007188138768	1.065544060991167	0	-1.065544060991167	1	0.3130007188138768	-0.8555368680523094
0	0	0.7948981819347809	2.079233000141746	0	0.2765699028951337	0	0	0	0	0	0
0	0	0.7948981819347809	2.205101818065216	0	0.2649660606449272	0	0	0	0	0	0
1	0	0.9207669998582513	2.079233000141746	1	0.306922333286084	1.086051085838161	0	-1.086051085838161	1	0.306922333286084	-0.8720021804246092
0	0	0.7948981819347809	2.079233000141746	0	0.2765699028951337	0	0	0	0	0	0
0	0	0.9207669998582514	2.079233000141746	0	0.3069223332860841	0	0	0	0	0	0