Observed S Changes	Observed NS Changes	E[S Sites]	E[NS Sites]	Observed S. Prop.	P{S}	dS	dN	dN-dS	P{S leq. observed}	P{S geq. observed}	Scaled dN-dS
0	0	0	2.999999999999999	0	0	0	0	0	0	0	0
0	1	0.8661250310539192	2.032953214630559	0	0.2987587631838566	0	0.4918952353666075	0.4918952353666075	0.7012412368161434	0.2987587631838566	0.4040871665211783
3	0	0.9999999999999998	2	1	0.3333333333333334	3.000000000000001	0	-3.000000000000001	0.9999999999999999	0.0370370370370372	-2.46447091251055
0	0	0.9228598878825978	2.077140112117401	0	0.3076199626275327	0	0	0	0	0	0
0	0	0.9228598878825978	2.077140112117401	0	0.3076199626275327	0	0	0	0	0	0
5	0	0.9999999999999996	1.999999999999999	1	0.3333333333333333	5.000000000000003	0	-5.000000000000003	1	0.004115226337448097	-4.107451520850918
0	0	1.666166668917039	1.211325912429188	0	0.5790342187911142	0	0	0	0	0	0
0	0	0.8003524692288255	2.199647530771173	0	0.2667841564096086	0	0	0	0	0	0
0	0	0.8003524692288255	1.999999999999999	0	0.2858041900165627	0	0	0	0	0	0
0	0	0.9228598878825978	2.077140112117401	0	0.3076199626275327	0	0	0	0	0	0
1	0	1.799914580402197	1.199590175152221	1	0.6000705873425118	0.5555819208801267	0	-0.5555819208801267	1	0.6000705873425118	-0.4564051611752699
0	0	0.8003524692288255	2.077140112117401	0	0.2781423223876334	0	0	0	0	0	0
4	0	1.799354271470777	1.199734405346289	1	0.5999670117725336	2.223019704024396	0	-2.223019704024396	0.9999999999999999	0.129571500521945	-1.826189132835312
0	1	0.9986588249973156	2.001341175002684	0	0.3328862749991053	0	0.4996649309424511	0.4996649309424511	0.6671137250008947	0.3328862749991053	0.4104698961030877
1	1	0.8026667776922861	2.197333222307713	0.5	0.2675555925640954	1.245847003752988	0.4550971103735311	-0.7907498933794566	0.9284140048876757	0.4635251900158667	-0.6495933704348297
2	1	0.9999999999999997	1.999999999999999	0.6666666666666666	0.3333333333333333	2.000000000000001	0.5000000000000002	-1.500000000000001	0.962962962962963	0.2592592592592592	-1.232235456255275
0	0	0.8234741979063838	1.37617333286479	0	0.3743664320699973	0	0	0	0	0	0
1	2	0.8240031015836303	2.076186661989898	0.3333333333333333	0.2841204089239726	1.213587664995588	0.9633045219947239	-0.2502831430008637	0.8036976826202653	0.6331234579313624	-0.205605175272449
1	6	0.9808090938774071	2.019190906122592	0.1428571428571428	0.3269363646258024	1.019566403128183	2.971487233726537	1.951920830598354	0.2753377948817777	0.9374261483315869	1.603484036844358
1	0	0.9999999999999997	1.999999999999999	1	0.3333333333333333	1	0	-1	1	0.3333333333333333	-0.8214903041701835
0	1	0.9972232917164252	1.93568380812768	0	0.3400118918766405	0	0.5166133000653992	0.5166133000653992	0.6599881081233595	0.3400118918766405	0.4243928170090869
0	1	0.8016733709250731	2.198326629074926	0	0.2672244569750244	0	0.4548914555162388	0.4548914555162388	0.7327755430249756	0.2672244569750244	0.3736889201564524
1	0	0.8003524692288254	2.199647530771173	1	0.2667841564096086	1.249449509368721	0	-1.249449509368721	1	0.2667841564096086	-1.026410657496596
1	1	0.800352469228826	2.199647530771175	0.5	0.2667841564096086	1.24944950936872	0.4546182904355635	-0.7948312189331561	0.9288262138888135	0.4623945267080306	-0.6529461398053559
0	0	0.8003524692288255	2.199647530771173	0	0.2667841564096086	0	0	0	0	0	0
0	1	0.9958515728199869	2.004148427180012	0	0.3319505242733291	0	0.4989650399332326	0.4989650399332326	0.6680494757266709	0.3319505242733291	0.4098949424250389
0	0	0.9999999999999997	1.999999999999999	0	0.3333333333333333	0	0	0	0	0	0
1	1	0.9996654390240798	2.000081891545338	0.5	0.3332498803605307	1.000334672944427	0.4999795279519093	-0.5003551449925179	0.8889445172396921	0.5554442779607532	-0.4110369002530196
0	0	1.800352469228825	1.199647530771174	0	0.6001174897429419	0	0	0	0	0	0
1	0	0.8003524692288255	2.077140112117402	1	0.2781423223876333	1.249449509368721	0	-1.249449509368721	1	0.2781423223876334	-1.026410657496596
1	0	1.00198573114438	1.998014268855619	1	0.3339952437147933	0.9980182041693232	0	-0.9980182041693232	1	0.3339952437147933	-0.8198622781104373
1	0	0.9999999999999997	1.99988911338506	1	0.3333456545237449	1	0	-1	1	0.333345654523745	-0.8214903041701835
0	0	0.8003524692288255	2.199647530771173	0	0.2667841564096086	0	0	0	0	0	0
0	0	0.8003524692288255	2.199647530771173	0	0.2667841564096086	0	0	0	0	0	0
0	0	0.9999999999999997	1.999999999999999	0	0.3333333333333333	0	0	0	0	0	0
1	0	0.9999999999999998	2	1	0.3333333333333334	1	0	-1	1	0.3333333333333334	-0.8214903041701834
0	0	0.9999999999999997	1.999999999999999	0	0.3333333333333333	0	0	0	0	0	0
2	0	0.8003524692288255	2.199647530771173	1	0.2667841564096086	2.498899018737441	0	-2.498899018737441	1	0.07117378611118652	-2.052821314993193
3	0	0.9999999999999998	1.933295318643219	1	0.3409135089959319	3.000000000000001	0	-3.000000000000001	1	0.03962165687077057	-2.46447091251055
4	0	0.9999999999999997	1.999999999999999	1	0.3333333333333333	4.000000000000002	0	-4.000000000000002	1	0.01234567901234551	-3.285961216680734
0	0	0.1765258020936158	2.823474197906383	0	0.0588419340312053	0	0	0	0	0	0
0	0	0.9999999999999997	1.999999999999999	0	0.3333333333333333	0	0	0	0	0	0
0	1	0.8236250872817102	2.07503419399399	0	0.2841400134890061	0	0.4819197692714727	0.4819197692714727	0.7158599865109939	0.2841400134890061	0.3958924178444466
0	0	0.9999999999999997	1.999999999999999	0	0.3333333333333333	0	0	0	0	0	0
1	0	0.9228598878825978	2.077140112117401	1	0.3076199626275327	1.083588108151923	0	-1.083588108151923	1	0.3076199626275327	-0.8901571245609168
4	1	1	2	0.8	0.3333333333333333	4	0.5	-3.5	0.9958847736625519	0.04526748971193373	-2.875216064595641
1	2	0.8003524692288254	2.199647530771173	0.3333333333333333	0.2667841564096086	1.249449509368721	0.9092365808711276	-0.340212928497593	0.8244547186387423	0.6058191493814169	-0.2794816221141165
0	1	0.8005647515979294	2.198819263326137	0	0.2669097213342977	0	0.4547895394036651	0.4547895394036651	0.7330902786657023	0.2669097213342977	0.3736051970581344
0	3	0.9759654066881067	1.223682124083068	0	0.4436917247127966	0	2.451617083356485	2.451617083356485	0.1721656715129841	0.827834328487016	2.013979663515336
1	0	0.9191557997056101	2.080844200294389	1	0.3063852665685368	1.087954838907923	0	-1.087954838907923	1	0.3063852665685368	-0.8937443515378921
0	0	0.8234741979063838	2.109432901937722	0	0.2807706380983409	0	0	0	0	0	0
1	0	0.9999999999999996	1.999999999999999	1	0.3333333333333333	1	0	-1	1	0.3333333333333333	-0.8214903041701835
0	0	0.9999999999999997	1.999999999999999	0	0.3333333333333333	0	0	0	0	0	0
1	0	0.8003524692288254	2.199647530771173	1	0.2667841564096086	1.249449509368721	0	-1.249449509368721	1	0.2667841564096085	-1.026410657496596
1	0	0.9999999999999997	1.999999999999999	1	0.3333333333333333	1	0	-1	1	0.3333333333333333	-0.8214903041701835
0	0	0.9999999999999997	1.999999999999999	0	0.3333333333333333	0	0	0	0	0	0
3	0	0.865534262924855	2.067372836919251	1	0.2951113804357667	3.466067293352727	0	-3.466067293352727	1	0.0257014646276067	-2.847340675090655
3	0	1.788693253787178	1.200662248926479	1	0.5983541442840938	1.677202054431713	0	-1.677202054431713	1	0.2142273472823274	-1.377805225849964
0	0	0.9999999999999997	1.999999999999999	0	0.3333333333333333	0	0	0	0	0	0
1	0	0.8657791862909235	1.33386834448025	1	0.3935990535662732	1.155028921732446	0	-1.155028921732446	1	0.3935990535662732	-0.9488450602393459
1	2	0.8003524692288257	2.199647530771174	0.3333333333333333	0.2667841564096086	1.24944950936872	0.9092365808711271	-0.340212928497593	0.8244547186387423	0.6058191493814169	-0.2794816221141165
1	0	0.9999999999999996	1.999999999999999	1	0.3333333333333333	1	0	-1	1	0.3333333333333333	-0.8214903041701835
1	0	0.9999999999999997	1.80086248520634	1	0.3570328801509617	1	0	-1	1	0.3570328801509617	-0.8214903041701835
0	2	0.5704411778808565	2.429558822119144	0	0.1901470592936188	0	0.8231947223469701	0.8231947223469701	0.6558617855707733	0.3441382144292267	0.676246482852102
3	0	0.9999999999999999	1.999334223964438	1	0.3334073248689928	3	0	-3	1	0.03706170635740924	-2.46447091251055
0	3	0.8365005279304497	2.096321578008618	0	0.2852203433125067	0	1.431078147299244	1.431078147299244	0.3651880441017645	0.6348119558982355	1.175616822516158
0	0	0.1765258020936158	2.823474197906383	0	0.0588419340312053	0	0	0	0	0	0
2	0	0.8003524692288253	2.077140112117401	1	0.2781423223876334	2.498899018737442	0	-2.498899018737442	1	0.07736315150318607	-2.052821314993193
0	6	0.8003524692288256	2.199647530771174	0	0.2667841564096086	0	2.727709742613382	2.727709742613382	0.1553785429943897	0.8446214570056103	2.240787106147439
1	0	0.8003524692288254	2.199647530771173	1	0.2667841564096086	1.249449509368721	0	-1.249449509368721	1	0.2667841564096085	-1.026410657496596
1	0	0.9999999999999996	1.999999999999999	1	0.3333333333333333	1	0	-1	1	0.3333333333333333	-0.8214903041701835
2	0	0.8003524692288253	2.199647530771173	1	0.2667841564096086	2.498899018737442	0	-2.498899018737442	1	0.07117378611118652	-2.052821314993193
1	3	0.8673232540390114	1.335632505819692	0.25	0.3937088841469251	1.152972660819516	2.246126825251881	1.093154164432365	0.4860987429845754	0.8648783879793986	0.8980155470444463
2	1	0.9233705491726487	2.07662945082735	0.6666666666666666	0.3077901830575497	2.165977680132883	0.4815495608046924	-1.684428119328191	0.9708415595551325	0.2258875094700652	-1.383741368099725
0	0	0.9999999999999997	1.999999999999999	0	0.3333333333333333	0	0	0	0	0	0
0	0	0.8003524692288255	2.199647530771173	0	0.2667841564096086	0	0	0	0	0	0
0	0	0.9999999999999997	1.932907099844106	0	0.3409586345415281	0	0	0	0	0	0
1	2	0.8236495408308493	2.107018542255993	0.3333333333333333	0.2810449759166543	1.214108611037722	0.9492085427300472	-0.264900068307675	0.80743855800683	0.6283747890213887	-0.2176128376887742
3	0	0.8003524692288254	2.199647530771173	1	0.2667841564096086	3.748348528106162	0	-3.748348528106162	1	0.01898803848615083	-3.07923197248979
1	0	0.8003524692288255	2.077140112117401	1	0.2781423223876334	1.249449509368721	0	-1.249449509368721	1	0.2781423223876334	-1.026410657496596
2	0	0.9999999999999997	1.999999999999999	1	0.3333333333333333	2.000000000000001	0	-2.000000000000001	1	0.1111111111111109	-1.642980608340367
0	0	1.800352469228825	1.199647530771174	0	0.6001174897429419	0	0	0	0	0	0
0	0	0.1765258020936158	2.823474197906383	0	0.0588419340312053	0	0	0	0	0	0
0	0	0.8003524692288255	2.199647530771173	0	0.2667841564096086	0	0	0	0	0	0
1	0	0.9999999999999998	2	1	0.3333333333333334	1	0	-1	1	0.3333333333333334	-0.8214903041701834
0	0	1.800352469228825	1.199647530771174	0	0.6001174897429419	0	0	0	0	0	0
0	0	1.666166668917039	1.211325912429188	0	0.5790342187911142	0	0	0	0	0	0
1	0	0.9999999999999997	1.933350688142309	1	0.3409070739623362	1	0	-1	1	0.3409070739623361	-0.8214903041701835
2	0	0.8003524692288253	2.199647530771173	1	0.2667841564096086	2.498899018737442	0	-2.498899018737442	1	0.07117378611118652	-2.052821314993193
0	0	0.9999999999999997	1.999999999999999	0	0.3333333333333333	0	0	0	0	0	0
1	0	0.8657442446029934	1.333903286168181	1	0.3935831684358413	1.155075539033555	0	-1.155075539033555	1	0.3935831684358413	-0.948883355900213
0	0	0.8003524692288255	2.077140112117401	0	0.2781423223876334	0	0	0	0	0	0
0	0	0.8003524692288255	2.199647530771173	0	0.2667841564096086	0	0	0	0	0	0
0	3	0.996032986156509	2.003967013843491	0	0.332010995385503	0	1.497030629384551	1.497030629384551	0.2980629130275771	0.7019370869724229	1.229796147085196
2	0	0.800352469228826	2.199647530771175	1	0.2667841564096086	2.498899018737439	0	-2.498899018737439	1	0.07117378611118652	-2.052821314993191
0	0	0.8234741979063838	1.37617333286479	0	0.3743664320699973	0	0	0	0	0	0
2	0	0.8003524692288255	2.199647530771174	1	0.2667841564096086	2.498899018737441	0	-2.498899018737441	1	0.07117378611118652	-2.052821314993193
0	0	0.8658141996882134	2.032845081587487	0	0.2986947121660909	0	0	0	0	0	0
1	3	0.8253597145715934	2.074257761949157	0.25	0.2846443440401463	1.211592936201223	1.446300481566444	0.234707545365221	0.6786722443809033	0.7381286054299572	0.1928099728331125
0	0	0	1.268371600623572	0	0	0	0	0	0	0	0
0	0	0.8003524692288255	2.199647530771173	0	0.2667841564096086	0	0	0	0	0	0
0	0	0.9999999999999997	1.999999999999999	0	0.3333333333333333	0	0	0	0	0	0
0	0	0.8003524692288255	2.199647530771173	0	0.2667841564096086	0	0	0	0	0	0
1	1	0.9996811060025226	2.000318893997477	0.5	0.3332270353341742	1.000318995723299	0.4999202892102769	-0.5003987065130218	0.8889597429223972	0.5554138135907454	-0.4110726856197485
0	0	0.8234741979063838	2.109432901937722	0	0.2807706380983409	0	0	0	0	0	0
3	0	1.09372701509685	1.303935289360183	1	0.4561639114331122	2.742914784576615	0	-2.742914784576615	0.9999999999999999	0.09492110202166915	-2.253277900694736
1	1	0.8006825316282131	2.199317468371786	0.5	0.2668941772094044	1.248934453417472	0.4546865172404269	-0.7942479361770449	0.9287674981717151	0.4625558525905239	-0.6524669786766208
0	2	0.8250892860534236	2.073569995222277	0	0.2846451431471109	0	0.9645201293461082	0.9645201293461082	0.5117325712230175	0.4882674287769825	0.7923439344347989
0	0	0.9999999999999997	1.999999999999999	0	0.3333333333333333	0	0	0	0	0	0
0	2	0.8003524692288256	2.025598206162457	0	0.2832153003229642	0	0.9873626437441642	0.9873626437441642	0.5137803056910983	0.4862196943089017	0.8111088385356696
0	0	0.8003524692288255	2.199647530771173	0	0.2667841564096086	0	0	0	0	0	0
0	0	0.8003524692288255	2.199647530771173	0	0.2667841564096086	0	0	0	0	0	0
0	0	0.8003524692288255	2.077140112117401	0	0.2781423223876334	0	0	0	0	0	0
0	0	0.8003524692288255	1.999999999999999	0	0.2858041900165627	0	0	0	0	0	0
2	0	0.9999999999999996	1.999999999999999	1	0.3333333333333333	2.000000000000001	0	-2.000000000000001	1	0.1111111111111109	-1.642980608340367
0	0	0.8003524692288255	1.999999999999999	0	0.2858041900165627	0	0	0	0	0	0
0	0	0.8003524692288255	2.199647530771173	0	0.2667841564096086	0	0	0	0	0	0
0	0	0.9999999999999997	1.999999999999999	0	0.3333333333333333	0	0	0	0	0	0
1	0	0.9999999999999997	1.999999999999999	1	0.3333333333333333	1	0	-1	1	0.3333333333333333	-0.8214903041701835
0	1	0.8003524692288254	2.199647530771173	0	0.2667841564096086	0	0.4546182904355638	0.4546182904355638	0.7332158435903915	0.2667841564096085	0.37346451769124
0	0	0.8003524692288255	1.999999999999999	0	0.2858041900165627	0	0	0	0	0	0
0	0	0.9999999999999997	1.999999999999999	0	0.3333333333333333	0	0	0	0	0	0
0	0	0.9999999999999997	1.999999999999999	0	0.3333333333333333	0	0	0	0	0	0
1	0	0.9999999999999996	1.999999999999999	1	0.3333333333333333	1	0	-1	1	0.3333333333333333	-0.8214903041701835
1	0	0.9408941639552897	2.058854233661042	1	0.3136576936595568	1.062818793344667	0	-1.062818793344667	1	0.3136576936595568	-0.8730953338224973
0	0	0.9999999999999997	1.800352469228825	0	0.3570979049917187	0	0	0	0	0	0
1	0	1.800060472181644	1.199609284370821	1	0.6000862155740979	0.5555368919289785	0	-0.5555368919289785	1	0.6000862155740979	-0.4563681703284947
0	0	0.9999999999999997	1.999999999999999	0	0.3333333333333333	0	0	0	0	0	0
0	0	0.9999999999999997	1.999999999999999	0	0.3333333333333333	0	0	0	0	0	0
1	1	0.9999999999999997	1.803985278614301	0.5	0.3566352532685867	1	0.5543282486030774	-0.4456717513969231	0.872811296126051	0.5860818026632244	-0.3661150226151166
2	0	0.9999999999999996	1.999999999999999	1	0.3333333333333333	2.000000000000001	0	-2.000000000000001	1	0.1111111111111109	-1.642980608340367
2	0	0.9999999999999997	1.999888843166641	1	0.3333456845502361	2.000000000000001	0	-2.000000000000001	1	0.1111193454082654	-1.642980608340367
0	0	0.9999999999999997	1.999999999999999	0	0.3333333333333333	0	0	0	0	0	0
1	0	1.799797255476574	1.199695851816214	1	0.6000338027450888	0.5556181380747838	0	-0.5556181380747838	1	0.6000338027450888	-0.456434913249525
2	0	0.8651485871854901	2.067758512658616	1	0.294979880962297	2.311741624067629	0	-2.311741624067629	0.9999999999999999	0.08701313017253098	-1.89907332991819
0	0	0.8003524692288255	2.199647530771173	0	0.2667841564096086	0	0	0	0	0	0
0	1	0.8003524692288254	2.199647530771173	0	0.2667841564096086	0	0.4546182904355638	0.4546182904355638	0.7332158435903915	0.2667841564096085	0.37346451769124
0	2	0.8003524692288257	2.199647530771174	0	0.2667841564096086	0	0.9092365808711271	0.9092365808711271	0.5376054732919694	0.4623945267080306	0.7469290353824796
0	0	0.8234741979063838	2.109432901937722	0	0.2807706380983409	0	0	0	0	0	0
0	1	0.8003524692288255	2.199647530771173	0	0.2667841564096086	0	0.4546182904355638	0.4546182904355638	0.7332158435903915	0.2667841564096085	0.37346451769124
0	0	0.8003524692288255	2.199647530771173	0	0.2667841564096086	0	0	0	0	0	0
0	0	0.8003524692288255	2.199647530771173	0	0.2667841564096086	0	0	0	0	0	0
0	0	0	1.268371600623572	0	0	0	0	0	0	0	0
1	3	1	2	0.25	0.3333333333333333	1	1.5	0.5	0.5925925925925928	0.802469135802469	0.4107451520850916
1	0	0.9999999999999996	1.933239505552103	1	0.3409199958295859	1	0	-1	1	0.3409199958295859	-0.8214903041701835
0	0	0.9999999999999997	1.999999999999999	0	0.3333333333333333	0	0	0	0	0	0
1	0	0.9999999999999996	1.999999999999999	1	0.3333333333333333	1	0	-1	1	0.3333333333333333	-0.8214903041701835
0	0	0.8234741979063838	1.37617333286479	0	0.3743664320699973	0	0	0	0	0	0
1	1	0.8003524692288256	2.199647530771173	0.5	0.2667841564096086	1.24944950936872	0.4546182904355638	-0.7948312189331566	0.9288262138888135	0.4623945267080307	-0.6529461398053562
0	0	0.9999999999999997	1.932907099844106	0	0.3409586345415281	0	0	0	0	0	0
0	0	0.9999999999999997	1.999999999999999	0	0.3333333333333333	0	0	0	0	0	0
1	0	0.8003524692288257	2.199647530771174	1	0.2667841564096086	1.24944950936872	0	-1.24944950936872	1	0.2667841564096085	-1.026410657496596
0	0	0.9999999999999997	1.999999999999999	0	0.3333333333333333	0	0	0	0	0	0
0	2	0.9999999999999999	2	0	0.3333333333333334	0	1	1	0.4444444444444444	0.5555555555555556	0.8214903041701834
0	0	0.8003524692288255	2.077140112117401	0	0.2781423223876334	0	0	0	0	0	0
0	4	0.2372163681662577	2.75313630785846	0	0.07932722118971125	0	1.452888470717027	1.452888470717027	0.7184907989086797	0.2815092010913203	1.193533791734683
1	0	0.9408942547076821	2.058854360124339	1	0.3136577012005288	1.062818690832245	0	-1.062818690832245	1	0.3136577012005288	-0.8730952496095372
0	7	0.9180227596005023	1.987663800237299	0	0.3159400508951479	0	3.521722335117387	3.521722335117387	0.07009049808230988	0.9299095019176902	2.89306075227851
1	0	0.9999999999999998	2	1	0.3333333333333334	1	0	-1	1	0.3333333333333334	-0.8214903041701834
1	3	0.8009838588771344	2.196248809940712	0.25	0.2672411345339615	1.248464608764848	1.36596545273984	0.1175008439749921	0.7088777817947516	0.7117002098637439	0.09652580405726946
1	4	0.800352469228826	2.199647530771175	0.2	0.2667841564096086	1.24944950936872	1.818473161742254	0.5690236523735339	0.5974430935296746	0.7880862172405656	0.467447413268363
1	0	0.8003524692288254	2.199647530771174	1	0.2667841564096086	1.249449509368721	0	-1.249449509368721	1	0.2667841564096085	-1.026410657496596
0	0	0.8003524692288255	2.199647530771173	0	0.2667841564096086	0	0	0	0	0	0
1	0	0.8003524692288253	2.199647530771173	1	0.2667841564096086	1.249449509368721	0	-1.249449509368721	1	0.2667841564096085	-1.026410657496597
0	0	0.8003524692288255	2.199647530771173	0	0.2667841564096086	0	0	0	0	0	0
0	0	0.8986592812757014	1.999999999999999	0	0.3100258409398849	0	0	0	0	0	0
4	0	1.647652147127294	1.193280265589793	1	0.5799687946646602	2.427696894016167	0	-2.427696894016167	1	0.1131406078238373	-1.99432945989835
0	0	0.8003524692288255	2.199647530771173	0	0.2667841564096086	0	0	0	0	0	0
0	0	0	1.268371600623572	0	0	0	0	0	0	0	0
0	0	1.666166668917039	1.211325912429188	0	0.5790342187911142	0	0	0	0	0	0
0	0	0.9999999999999997	1.999999999999999	0	0.3333333333333333	0	0	0	0	0	0
2	0	0.8003524692288254	2.199647530771174	1	0.2667841564096086	2.498899018737441	0	-2.498899018737441	1	0.07117378611118652	-2.052821314993193
2	6	1.555267187674632	1.245872278671515	0.25	0.5552266162967416	1.28595267478787	4.815902964305343	3.529950289517473	0.08364967783542182	0.9831741464217737	2.899819937041335
0	4	0.8054088391817096	2.1724294888989	0	0.2704676179317104	0	1.841256538101684	1.841256538101684	0.2832554635660733	0.7167445364339267	1.512574393540491
0	4	0.805633114929277	2.155799665928145	0	0.2720416685250653	0	1.855459977668131	1.855459977668131	0.2808187381835237	0.7191812618164763	1.524242381430194
2	2	0.8577147124671958	2.060521123613537	0.5	0.2939154888931558	2.331777653955647	0.9706282440301311	-1.361149409925515	0.9208266824857327	0.3375834665829135	-1.118171042780777
1	0	0.8003524692288255	1.999999999999999	1	0.2858041900165627	1.249449509368721	0	-1.249449509368721	1	0.2858041900165627	-1.026410657496596
0	0	0.9999999999999997	1.999999999999999	0	0.3333333333333333	0	0	0	0	0	0
0	0	0.9999999999999997	1.999999999999999	0	0.3333333333333333	0	0	0	0	0	0
4	0	1.663957333819072	1.209510014886866	1	0.5790764716948785	2.403907791805757	0	-2.403907791805757	1	0.112445913857135	-1.974786943087585
0	0	0.8003524692288255	2.199647530771173	0	0.2667841564096086	0	0	0	0	0	0
0	0	0.9999999999999997	1.999999999999999	0	0.3333333333333333	0	0	0	0	0	0
1	0	0.9999999999999996	1.999999999999999	1	0.3333333333333333	1	0	-1	1	0.3333333333333333	-0.8214903041701835
0	0	0	2.999999999999999	0	0	0	0	0	0	0	0
0	0	0.9999999999999997	1.999999999999999	0	0.3333333333333333	0	0	0	0	0	0
0	0	0.8003524692288255	2.199647530771173	0	0.2667841564096086	0	0	0	0	0	0
0	1	0.8006235663184873	2.19895675070464	0	0.2669118615610366	0	0.4547611041824979	0.4547611041824979	0.7330881384389634	0.2669118615610366	0.3735818377996486
2	0	0.8241040490544633	2.108803050789642	1	0.2809853912857544	2.426878016549855	0	-2.426878016549855	0.9999999999999998	0.07895279011600875	-1.993656759999471
0	5	0.8232814139768667	1.496444487382508	0	0.3549046089860955	0	3.341253245381461	3.341253245381461	0.1117171106813108	0.8882828893186893	2.744807144858028
0	0	0.8003524692288255	2.199647530771173	0	0.2667841564096086	0	0	0	0	0	0
0	0	0.8003524692288255	2.199647530771173	0	0.2667841564096086	0	0	0	0	0	0
0	0	0.8234741979063838	2.075185083369317	0	0.2840879586040801	0	0	0	0	0	0
0	0	1.666166668917039	1.211325912429188	0	0.5790342187911142	0	0	0	0	0	0
0	0	0.8003524692288255	1.999999999999999	0	0.2858041900165627	0	0	0	0	0	0
0	0	0.9228598878825978	2.077140112117401	0	0.3076199626275327	0	0	0	0	0	0
0	0	0	1.268371600623572	0	0	0	0	0	0	0	0
4	0	0.9999999999999997	1.998112964747719	1	0.3335431358851905	4.000000000000002	0	-4.000000000000002	0.9999999999999996	0.01237679022893612	-3.285961216680734
3	0	0.9999999999999996	1.999999999999999	1	0.3333333333333333	3.000000000000001	0	-3.000000000000001	1	0.03703703703703698	-2.464470912510551
0	1	0.8006827048623208	2.199317295137678	0	0.266894234954107	0	0.4546865530548194	0.4546865530548194	0.733105765045893	0.266894234954107	0.3735205947710957
1	0	0.8003524692288255	2.199647530771174	1	0.2667841564096086	1.249449509368721	0	-1.249449509368721	1	0.2667841564096085	-1.026410657496596
3	0	0.9999999999999997	1.999999999999999	1	0.3333333333333333	3.000000000000001	0	-3.000000000000001	1	0.03703703703703698	-2.46447091251055
1	1	0.9999999999999997	1.999999999999999	0.5	0.3333333333333333	1	0.5000000000000002	-0.5000000000000002	0.8888888888888891	0.5555555555555555	-0.4107451520850918
3	0	0.9999999999999998	2	1	0.3333333333333334	3.000000000000001	0	-3.000000000000001	0.9999999999999999	0.0370370370370372	-2.46447091251055
0	1	0.8003524692288255	2.199317295137678	0	0.2668135268542972	0	0.4546865530548194	0.4546865530548194	0.7331864731457028	0.2668135268542972	0.3735205947710957
0	2	0.8505051819673872	2.070063970030386	0	0.2912121363007657	0	0.9661537174479893	0.9661537174479893	0.5023802357273244	0.4976197642726756	0.7936859112215019
0	0	0.8003524692288255	2.199647530771173	0	0.2667841564096086	0	0	0	0	0	0
0	0	0.8234741979063838	1.37617333286479	0	0.3743664320699973	0	0	0	0	0	0
2	2	0.923114754266088	2.076885245733911	0.5	0.3077049180886961	2.166577872097903	0.9629805036692136	-1.20359736842869	0.9103573653242392	0.3619144071050051	-0.9887435682889164
0	2	0.8006241696316572	2.19910412996551	0	0.2668988953896834	0	0.9094612541295931	0.9094612541295931	0.5374372295808664	0.4625627704191336	0.7471136022859157
2	0	1.800352469228825	1.199647530771174	1	0.6001174897429419	1.110893580109173	0	-1.110893580109173	0.9999999999999998	0.3601410014953701	-0.9125883050245887
1	0	0.8003524692288254	1.999999999999999	1	0.2858041900165627	1.249449509368721	0	-1.249449509368721	1	0.2858041900165627	-1.026410657496596
1	0	0.9999999999999997	1.999999999999999	1	0.3333333333333333	1	0	-1	1	0.3333333333333333	-0.8214903041701835
0	3	0.8281559778016168	1.374465842959024	0	0.3759864584995467	0	2.182666099247282	2.182666099247282	0.2429864425491168	0.7570135574508832	1.793039037772597
2	2	1	1.8917158714526	0.5	0.3458154412306312	2	1.057241222205453	-0.942758777794547	0.8774821486576898	0.4295901152704853	-0.7744671951295525
0	1	0.9999999999999996	1.810585320753923	0	0.3557977737291234	0	0.5523075817181611	0.5523075817181611	0.6442022262708766	0.3557977737291234	0.4537153233011504
0	0	0.9999999999999997	1.932907099844106	0	0.3409586345415281	0	0	0	0	0	0
0	0	0.8986592812757014	1.999999999999999	0	0.3100258409398849	0	0	0	0	0	0
2	0	0.9210085587791682	2.078991441220831	1	0.3070028529263895	2.17153248027475	0	-2.17153248027475	0.9999999999999999	0.09425075170494246	-1.783892877736337
0	0	0.9999999999999997	1.999999999999999	0	0.3333333333333333	0	0	0	0	0	0
2	0	1	2	1	0.3333333333333333	2	0	-2	1	0.1111111111111109	-1.642980608340366
1	0	0.9999999999999996	1.999999999999999	1	0.3333333333333333	1	0	-1	1	0.3333333333333333	-0.8214903041701835
0	0	0.9999999999999997	1.999999999999999	0	0.3333333333333333	0	0	0	0	0	0
0	0	0.8234741979063838	2.075185083369317	0	0.2840879586040801	0	0	0	0	0	0
1	1	0.8988279981176985	2.000062965635548	0.5	0.3100592638206611	1.112559913681119	0.4999842590866813	-0.6125756545944381	0.9038632529189896	0.523981780560312	-0.503224960820034
0	0	0.8003524692288255	2.199647530771173	0	0.2667841564096086	0	0	0	0	0	0
0	0	0.8234741979063838	1.37617333286479	0	0.3743664320699973	0	0	0	0	0	0
2	0	0.82431530214927	1.375332228621903	1	0.3747488134429763	2.426256063408408	0	-2.426256063408408	0.9999999999999998	0.1404366731769189	-1.993145831524124
0	2	1	2	0	0.3333333333333333	0	1	1	0.4444444444444445	0.5555555555555555	0.8214903041701832
3	1	0.9999999999999997	1.999999999999999	0.75	0.3333333333333333	3.000000000000001	0.5000000000000002	-2.500000000000001	0.9876543209876545	0.1111111111111109	-2.053725760425459
1	2	0.9231148938489419	2.076885106151058	0.3333333333333333	0.307704964616314	1.083288772246415	0.9629805683890029	-0.1203082038574121	0.7742214196410098	0.6682020857951561	-0.0988320229809939
2	0	1	2	1	0.3333333333333333	2	0	-2	1	0.1111111111111109	-1.642980608340366
0	0	0.8003524692288255	2.199647530771173	0	0.2667841564096086	0	0	0	0	0	0
0	0	0.9228598878825978	2.077140112117401	0	0.3076199626275327	0	0	0	0	0	0
1	0	0.9999999999999997	1.933073559728059	1	0.3409392842137636	1	0	-1	1	0.3409392842137635	-0.8214903041701835
2	0	0.9999999999999996	1.999999999999999	1	0.3333333333333333	2.000000000000001	0	-2.000000000000001	1	0.1111111111111109	-1.642980608340367
0	0	0.8986592812757014	1.999999999999999	0	0.3100258409398849	0	0	0	0	0	0
1	0	0.9999999999999997	1.999999999999999	1	0.3333333333333333	1	0	-1	1	0.3333333333333333	-0.8214903041701835
2	0	0.9002373290487543	2.002199006756289	1	0.3101660897581952	2.2216363790572	0	-2.2216363790572	0.9999999999999999	0.09620300323588893	-1.825052744787244
0	2	0.5169418425576777	2.483058157442322	0	0.172313947519226	0	0.8054583796217256	0.8054583796217256	0.6850642014712067	0.3149357985287933	0.6616762492718743
0	0	0.9409992830575311	2.059000716942468	0	0.3136664276858438	0	0	0	0	0	0
1	3	0.8003524692288256	2.199647530771174	0.25	0.2667841564096086	1.24944950936872	1.363854871306691	0.1144053619379708	0.7096644677338849	0.7109803550865175	0.09398289557712353
1	0	0.9228598878825977	2.077140112117401	1	0.3076199626275327	1.083588108151923	0	-1.083588108151923	1	0.3076199626275327	-0.8901571245609168
2	0	0.9999999999999999	2	1	0.3333333333333334	2	0	-2	1	0.111111111111111	-1.642980608340367
1	0	0.8003524692288255	2.199647530771174	1	0.2667841564096086	1.249449509368721	0	-1.249449509368721	1	0.2667841564096085	-1.026410657496596
1	0	0.898693996086535	2.00004837502696	1	0.3100289301464619	1.112725804728432	0	-1.112725804728432	1	0.3100289301464618	-0.9140934597843715
0	1	0.2807482969360655	2.719251703063934	0	0.0935827656453552	0	0.3677482297329239	0.3677482297329239	0.9064172343546448	0.09358276564535517	0.302101605101346
0	0	0.8003524692288255	2.199647530771173	0	0.2667841564096086	0	0	0	0	0	0
1	0	0.9228598878825978	2.077140112117401	1	0.3076199626275327	1.083588108151923	0	-1.083588108151923	1	0.3076199626275327	-0.8901571245609168
0	0	0.8003524692288255	1.999999999999999	0	0.2858041900165627	0	0	0	0	0	0
0	0	0	1.268371600623572	0	0	0	0	0	0	0	0
0	0	0.9999999999999997	1.999999999999999	0	0.3333333333333333	0	0	0	0	0	0
0	0	0.1765258020936158	2.823474197906383	0	0.0588419340312053	0	0	0	0	0	0
0	0	0.9999999999999997	1.999999999999999	0	0.3333333333333333	0	0	0	0	0	0
0	0	0.8234741979063838	2.075185083369317	0	0.2840879586040801	0	0	0	0	0	0
4	0	0.9999999999999997	1.999999999999999	1	0.3333333333333333	4.000000000000002	0	-4.000000000000002	1	0.01234567901234551	-3.285961216680734
1	0	0.9999999999999997	1.933018062605292	1	0.3409457352989285	1	0	-1	1	0.3409457352989285	-0.8214903041701835
1	0	0.8003524692288255	2.199647530771174	1	0.2667841564096086	1.249449509368721	0	-1.249449509368721	1	0.2667841564096085	-1.026410657496596
0	0	0.1765258020936158	2.823474197906383	0	0.0588419340312053	0	0	0	0	0	0
0	0	0.9999999999999997	1.999999999999999	0	0.3333333333333333	0	0	0	0	0	0
0	0	1.666166668917039	1.211325912429188	0	0.5790342187911142	0	0	0	0	0	0
0	0	0.9228598878825978	2.077140112117401	0	0.3076199626275327	0	0	0	0	0	0
0	0	0.8003524692288255	2.199647530771173	0	0.2667841564096086	0	0	0	0	0	0
0	0	0.8003524692288255	2.199647530771173	0	0.2667841564096086	0	0	0	0	0	0
0	0	0.9999999999999997	1.999999999999999	0	0.3333333333333333	0	0	0	0	0	0
0	0	0.9999999999999997	1.999999999999999	0	0.3333333333333333	0	0	0	0	0	0
1	0	0.8003524692288255	2.199647530771174	1	0.2667841564096086	1.249449509368721	0	-1.249449509368721	1	0.2667841564096085	-1.026410657496596
0	0	1.800352469228825	1.199647530771174	0	0.6001174897429419	0	0	0	0	0	0
0	0	0.9228598878825978	2.077140112117401	0	0.3076199626275327	0	0	0	0	0	0
0	0	0.9999999999999997	1.999999999999999	0	0.3333333333333333	0	0	0	0	0	0
1	0	0.9999999999999996	1.999999999999999	1	0.3333333333333333	1	0	-1	1	0.3333333333333333	-0.8214903041701835
2	0	0.945777029608125	2.054139193487513	1	0.3152678139232069	2.114663326966911	0	-2.114663326966911	1	0.09939379449591768	-1.737175419687579
1	0	0.9999999999999996	1.999999999999999	1	0.3333333333333333	1	0	-1	1	0.3333333333333333	-0.8214903041701835
0	0	0.8003524692288255	1.999999999999999	0	0.2858041900165627	0	0	0	0	0	0
2	0	0.8003524692288255	2.199647530771174	1	0.2667841564096086	2.498899018737441	0	-2.498899018737441	1	0.07117378611118652	-2.052821314993193
0	0	0.8234741979063838	2.075185083369317	0	0.2840879586040801	0	0	0	0	0	0
0	0	0.1765258020936158	2.823474197906383	0	0.0588419340312053	0	0	0	0	0	0
1	4	1.123859482121783	1.084313437025175	0.2	0.5089544719876117	0.8897909533245709	3.688970239983415	2.799179286658844	0.1765073345209881	0.9714498232512778	2.299498643624251
0	0	0.8003524692288255	2.199647530771173	0	0.2667841564096086	0	0	0	0	0	0
1	0	0.9999999999999996	1.999833513907994	1	0.333351832814636	1	0	-1	1	0.3333518328146361	-0.8214903041701835
0	1	0.8236609266833324	2.074998354592368	0	0.2841523776195038	0	0.4819280929967046	0.4819280929967046	0.7158476223804962	0.2841523776195038	0.3958992557040192
0	0	0.8003524692288255	2.199647530771173	0	0.2667841564096086	0	0	0	0	0	0
0	0	0.9999999999999997	1.800352469228825	0	0.3570979049917187	0	0	0	0	0	0
0	0	0.1765258020936158	2.823474197906383	0	0.0588419340312053	0	0	0	0	0	0
0	0	0	2.999999999999999	0	0	0	0	0	0	0	0
0	0	0.8986592812757014	1.999999999999999	0	0.3100258409398849	0	0	0	0	0	0
0	0	0.9999999999999997	1.800352469228825	0	0.3570979049917187	0	0	0	0	0	0
0	0	0.8003524692288255	2.199647530771173	0	0.2667841564096086	0	0	0	0	0	0
0	0	0.9999999999999997	1.999999999999999	0	0.3333333333333333	0	0	0	0	0	0
0	0	0.9999999999999997	1.999999999999999	0	0.3333333333333333	0	0	0	0	0	0
1	0	0.922241798445674	2.077758201554325	1	0.3074139328152248	1.084314332407594	0	-1.084314332407594	1	0.3074139328152248	-0.8907537107456036
2	0	0.9999999999999996	1.998231850751874	1	0.3335299102199942	2.000000000000001	0	-2.000000000000001	1	0.1112422010113574	-1.642980608340367
0	0	0.8234741979063838	2.075185083369317	0	0.2840879586040801	0	0	0	0	0	0
1	0	0.8003524692288254	2.077140112117401	1	0.2781423223876334	1.249449509368721	0	-1.249449509368721	1	0.2781423223876334	-1.026410657496596
2	1	0.8336552456873767	2.114247452891889	0.6666666666666666	0.2827960522880062	2.399073250418922	0.4729815323330246	-1.926091718085897	0.9773837795995267	0.1946883807680952	-1.582265671350055
1	0	0.9999999999999997	1.999504957493496	1	0.3333883471343347	1	0	-1	1	0.3333883471343347	-0.8214903041701835
1	2	0.8460960946107193	2.09530257601756	0.3333333333333333	0.2876509407104594	1.18189884857002	0.9545160793918857	-0.2273827691781345	0.7993730491414788	0.6385247511646992	-0.1867927402152043
1	0	0.8003524692288253	2.077140112117402	1	0.2781423223876333	1.249449509368721	0	-1.249449509368721	1	0.2781423223876333	-1.026410657496597
1	0	0.9216238281138608	2.078376171886138	1	0.3072079427046204	1.085041390527564	0	-1.085041390527564	1	0.3072079427046204	-0.8913509819417269
0	0	0.9999999999999997	1.999999999999999	0	0.3333333333333333	0	0	0	0	0	0
0	0	0.9999999999999997	1.999999999999999	0	0.3333333333333333	0	0	0	0	0	0
2	0	0.8003524692288254	2.199647530771173	1	0.2667841564096086	2.498899018737441	0	-2.498899018737441	1	0.07117378611118652	-2.052821314993193
0	0	0.9999999999999997	1.932907099844106	0	0.3409586345415281	0	0	0	0	0	0
1	0	0.8003524692288254	2.199647530771173	1	0.2667841564096086	1.249449509368721	0	-1.249449509368721	1	0.2667841564096085	-1.026410657496596
1	0	0.9228598878825978	2.077140112117402	1	0.3076199626275327	1.083588108151923	0	-1.083588108151923	1	0.3076199626275327	-0.8901571245609168
1	0	0.9999999999999997	1.999999999999999	1	0.3333333333333333	1	0	-1	1	0.3333333333333333	-0.8214903041701835
0	0	0.8003524692288255	2.199647530771173	0	0.2667841564096086	0	0	0	0	0	0
0	1	0.8003906965375311	2.199498378321791	0	0.2668067640384553	0	0.4546491190245823	0.4546491190245823	0.7331932359615447	0.2668067640384553	0.37348984307821
1	0	0.8239291545115235	2.074730126764178	1	0.2842449127546001	1.213696583649673	0	-1.213696583649673	1	0.2842449127546001	-0.9970399756726823
0	0	0.9999999999999997	1.999999999999999	0	0.3333333333333333	0	0	0	0	0	0
2	0	0.8003524692288255	2.199647530771174	1	0.2667841564096086	2.498899018737441	0	-2.498899018737441	1	0.07117378611118652	-2.052821314993193
0	0	0.8234741979063838	1.37617333286479	0	0.3743664320699973	0	0	0	0	0	0
1	0	0.8003524692288254	2.199647530771173	1	0.2667841564096086	1.249449509368721	0	-1.249449509368721	1	0.2667841564096085	-1.026410657496596
0	0	0.9999999999999997	1.999999999999999	0	0.3333333333333333	0	0	0	0	0	0
1	0	0.8003524692288254	2.199647530771173	1	0.2667841564096086	1.249449509368721	0	-1.249449509368721	1	0.2667841564096085	-1.026410657496596
1	0	0.9408238488210472	2.058756249646927	1	0.3136518505712083	1.062898226116511	0	-1.062898226116511	1	0.3136518505712083	-0.8731605870744011
1	0	0.9228598878825978	2.077140112117402	1	0.3076199626275327	1.083588108151923	0	-1.083588108151923	1	0.3076199626275327	-0.8901571245609168
0	0	0.9999999999999997	1.999999999999999	0	0.3333333333333333	0	0	0	0	0	0
2	0	0.8003524692288255	1.999999999999999	1	0.2858041900165627	2.498899018737441	0	-2.498899018737441	1	0.08168403503102339	-2.052821314993193
1	0	0.9999999999999996	1.999999999999999	1	0.3333333333333333	1	0	-1	1	0.3333333333333333	-0.8214903041701835
0	4	0.9999999999999997	1.999999999999999	0	0.3333333333333333	0	2.000000000000001	2.000000000000001	0.1975308641975309	0.802469135802469	1.642980608340367
0	0	0.8003524692288255	2.077140112117401	0	0.2781423223876334	0	0	0	0	0	0
0	0	0.9999999999999997	1.999999999999999	0	0.3333333333333333	0	0	0	0	0	0
1	0	0.8987643825490179	2.00014645843685	1	0.310035193163569	1.11263866194148	0	-1.11263866194148	1	0.310035193163569	-0.9140218728298123
1	0	0.8003524692288255	1.999999999999999	1	0.2858041900165627	1.249449509368721	0	-1.249449509368721	1	0.2858041900165627	-1.026410657496596
1	0	0.9999999999999998	2	1	0.3333333333333334	1	0	-1	1	0.3333333333333334	-0.8214903041701834
0	0	0.8658141996882134	2.032845081587487	0	0.2986947121660909	0	0	0	0	0	0
0	1	0.8189885294007169	1.535929219904641	0	0.3477779763825289	0	0.6510716685643143	0.6510716685643143	0.6522220236174711	0.3477779763825289	0.5348490630454873
0	3	0.8003524692288255	2.199647530771174	0	0.2667841564096086	0	1.363854871306691	1.363854871306691	0.394180850618583	0.6058191493814169	1.12039355307372
1	0	0.9999999999999997	1.999999999999999	1	0.3333333333333333	1	0	-1	1	0.3333333333333333	-0.8214903041701835
1	0	1.800352469228825	1.199647530771174	1	0.600117489742942	0.5554467900545866	0	-0.5554467900545866	1	0.600117489742942	-0.4562941525122943
0	0	0.8234741979063838	2.075185083369317	0	0.2840879586040801	0	0	0	0	0	0
0	0	1.666166668917039	1.211325912429188	0	0.5790342187911142	0	0	0	0	0	0
0	0	0.9999999999999997	1.999999999999999	0	0.3333333333333333	0	0	0	0	0	0
0	0	0.9999999999999997	1.999999999999999	0	0.3333333333333333	0	0	0	0	0	0
1	0	1	1.948633149935135	1	0.3391401877246066	1	0	-1	1	0.3391401877246066	-0.8214903041701832
0	0	0	2.999999999999999	0	0	0	0	0	0	0	0
3	0	1.096217604029416	1.188183121117311	1	0.479870975333807	2.736682925883297	0	-2.736682925883297	0.9999999999999996	0.1105028421207848	-2.248158489201217
1	0	0.8003524692288254	2.199647530771173	1	0.2667841564096086	1.249449509368721	0	-1.249449509368721	1	0.2667841564096085	-1.026410657496596
1	0	0.9999999999999996	1.999999999999999	1	0.3333333333333333	1	0	-1	1	0.3333333333333333	-0.8214903041701835
0	0	0.9999999999999997	1.999999999999999	0	0.3333333333333333	0	0	0	0	0	0
0	0	0.8658141996882134	2.067092900155892	0	0.2952068272923594	0	0	0	0	0	0
0	1	0.8247785634989391	2.073880717776762	0	0.2845379478804952	0	0.4821878092738229	0.4821878092738229	0.7154620521195048	0.2845379478804952	0.396112610107507
0	0	0.8234741979063838	1.37617333286479	0	0.3743664320699973	0	0	0	0	0	0
1	0	0.9999999999999996	1.999999999999999	1	0.3333333333333333	1	0	-1	1	0.3333333333333333	-0.8214903041701835
0	0	0.8986592812757014	1.999999999999999	0	0.3100258409398849	0	0	0	0	0	0
1	0	0.9999999999999998	2	1	0.3333333333333334	1	0	-1	1	0.3333333333333334	-0.8214903041701834
0	0	0.1765258020936158	2.823474197906383	0	0.0588419340312053	0	0	0	0	0	0
1	0	0.8003524692288254	2.199647530771173	1	0.2667841564096086	1.249449509368721	0	-1.249449509368721	1	0.2667841564096085	-1.026410657496596
3	0	0.9999999999999998	2	1	0.3333333333333334	3.000000000000001	0	-3.000000000000001	0.9999999999999999	0.0370370370370372	-2.46447091251055
1	0	0.9999999999999997	1.999999999999999	1	0.3333333333333333	1	0	-1	1	0.3333333333333333	-0.8214903041701835
1	0	0.3582635789207683	2.641736421079231	1	0.1194211929735895	2.791241027101878	0	-2.791241027101878	1	0.1194211929735894	-2.292977440366216
4	0	0.9999999999999997	1.999999999999999	1	0.3333333333333333	4.000000000000002	0	-4.000000000000002	1	0.01234567901234551	-3.285961216680734
1	0	0.9999999999999996	1.999999999999999	1	0.3333333333333333	1	0	-1	1	0.3333333333333333	-0.8214903041701835
0	0	0.8003524692288255	2.199647530771173	0	0.2667841564096086	0	0	0	0	0	0
0	0	0.1765258020936158	2.823474197906383	0	0.0588419340312053	0	0	0	0	0	0
0	0	0.8234741979063838	2.109432901937722	0	0.2807706380983409	0	0	0	0	0	0
0	0	0.8003524692288255	2.199647530771173	0	0.2667841564096086	0	0	0	0	0	0
1	0	0.9999999999999998	2	1	0.3333333333333334	1	0	-1	1	0.3333333333333334	-0.8214903041701834
0	0	0	1.268371600623572	0	0	0	0	0	0	0	0
2	0	0.8652888100587983	2.067618289785308	1	0.2950276911617117	2.311366998799043	0	-2.311366998799043	1	0.0870413385522103	-1.898765578892349
1	0	0.9999999999999996	1.933462138966658	1	0.3408941219034311	1	0	-1	1	0.3408941219034312	-0.8214903041701835
0	0	0	2.999999999999999	0	0	0	0	0	0	0	0
0	9	0.9230466593414925	2.072592849917916	0	0.3081300859093326	0	4.342386880450948	4.342386880450948	0.03632620351947061	0.9636737964805294	3.567228719246262
0	0	0.8003524692288255	2.199647530771173	0	0.2667841564096086	0	0	0	0	0	0
0	0	0.9999999999999997	1.999999999999999	0	0.3333333333333333	0	0	0	0	0	0
0	0	0	1.268371600623572	0	0	0	0	0	0	0	0
2	0	0.8003524692288255	1.999999999999999	1	0.2858041900165627	2.498899018737441	0	-2.498899018737441	1	0.08168403503102339	-2.052821314993193
1	0	0.9999999999999997	1.999999999999999	1	0.3333333333333333	1	0	-1	1	0.3333333333333333	-0.8214903041701835
0	0	0.8003524692288255	2.199647530771173	0	0.2667841564096086	0	0	0	0	0	0
0	0	0.9409992830575311	2.059000716942468	0	0.3136664276858438	0	0	0	0	0	0
1	0	0.8003524692288255	2.199647530771173	1	0.2667841564096086	1.249449509368721	0	-1.249449509368721	1	0.2667841564096085	-1.026410657496596
0	0	0.8234741979063838	1.37617333286479	0	0.3743664320699973	0	0	0	0	0	0
0	0	0.8003524692288255	2.199647530771173	0	0.2667841564096086	0	0	0	0	0	0
0	1	0.9995046603402958	2.000495339659703	0	0.3331682201134321	0	0.4998761957476524	0.4998761957476524	0.6668317798865679	0.3331682201134321	0.410643448092173
1	0	0.865744179576266	2.06716292026784	1	0.2951829533305993	1.155075625792188	0	-1.155075625792188	1	0.2951829533305993	-0.9488834271715894
2	0	0.9999999999999998	1.933628676965286	1	0.3408747698207181	2	0	-2	0.9999999999999998	0.1161956087003277	-1.642980608340367
1	3	0.7863298452527177	2.142281263313328	0.25	0.2684992360210412	1.271730948579996	1.400376342441652	0.1286453938616563	0.7067100926204013	0.7136750878415459	0.105680943733505
0	0	0.9999999999999997	1.932907099844106	0	0.3409586345415281	0	0	0	0	0	0
2	0	0.8251915662010421	1.374455964570131	1	0.3751471791081631	2.423679642301068	0	-2.423679642301068	1	0.1407354059928122	-1.991029326564985
0	0	0.9999999999999997	1.999999999999999	0	0.3333333333333333	0	0	0	0	0	0
0	0	0.9999999999999997	1.999999999999999	0	0.3333333333333333	0	0	0	0	0	0
0	0	0.8003524692288255	2.199647530771173	0	0.2667841564096086	0	0	0	0	0	0
1	0	1.000661339791441	1.999338660208558	1	0.3335537799304804	0.99933909728982	0	-0.99933909728982	1	0.3335537799304804	-0.8209473790017705
0	0	0.8234741979063838	2.075185083369317	0	0.2840879586040801	0	0	0	0	0	0
0	0	0.8003524692288255	2.199647530771173	0	0.2667841564096086	0	0	0	0	0	0
1	0	0.9999999999999996	1.999999999999999	1	0.3333333333333333	1	0	-1	1	0.3333333333333333	-0.8214903041701835
0	0	0.8234741979063838	1.37617333286479	0	0.3743664320699973	0	0	0	0	0	0
0	0	0.9999999999999997	1.999999999999999	0	0.3333333333333333	0	0	0	0	0	0
2	0	0.9999999999999996	1.999999999999999	1	0.3333333333333333	2.000000000000001	0	-2.000000000000001	1	0.1111111111111109	-1.642980608340367
2	0	0.9228598878825978	2.077140112117401	1	0.3076199626275327	2.167176216303846	0	-2.167176216303846	0.9999999999999998	0.09463004140696474	-1.780314249121834
1	1	0.8003524692288256	2.199647530771173	0.5	0.2667841564096086	1.24944950936872	0.4546182904355638	-0.7948312189331566	0.9288262138888135	0.4623945267080307	-0.6529461398053562
0	0	0.8234741979063838	1.37617333286479	0	0.3743664320699973	0	0	0	0	0	0
0	0	0.9228598878825978	2.077140112117401	0	0.3076199626275327	0	0	0	0	0	0
1	0	0.8003524692288255	2.199647530771174	1	0.2667841564096086	1.249449509368721	0	-1.249449509368721	1	0.2667841564096085	-1.026410657496596
4	0	0.9999999999999997	1.998170334186415	1	0.3335367535985445	4.000000000000002	0	-4.000000000000002	0.9999999999999998	0.01237584294569394	-3.285961216680734
0	0	0.8658141996882134	2.032845081587487	0	0.2986947121660909	0	0	0	0	0	0
0	0	1.800352469228825	1.199647530771174	0	0.6001174897429419	0	0	0	0	0	0
0	0	0.8003524692288255	2.199647530771173	0	0.2667841564096086	0	0	0	0	0	0
5	0	1.028994998655089	1.573658857911119	1	0.395363753831132	4.859110108926742	0	-4.859110108926742	0.9999999999999996	0.00966015862242342	-3.991711841378641
0	0	1.666166668917039	1.211325912429188	0	0.5790342187911142	0	0	0	0	0	0
1	0	0.921626029301183	2.078373970698816	1	0.3072086764337277	1.085038799043299	0	-1.085038799043299	1	0.3072086764337277	-0.89134885306253
0	0	0.9999999999999997	1.999999999999999	0	0.3333333333333333	0	0	0	0	0	0
0	0	0.8234741979063838	2.075185083369317	0	0.2840879586040801	0	0	0	0	0	0
0	0	0.9999999999999997	1.999999999999999	0	0.3333333333333333	0	0	0	0	0	0
1	0	0.8003524692288256	2.199647530771174	1	0.2667841564096086	1.24944950936872	0	-1.24944950936872	1	0.2667841564096085	-1.026410657496596
0	0	0.8658141996882134	2.067092900155892	0	0.2952068272923594	0	0	0	0	0	0
0	0	0.8234741979063838	2.075185083369317	0	0.2840879586040801	0	0	0	0	0	0
1	0	0.8003524692288254	2.199647530771173	1	0.2667841564096086	1.249449509368721	0	-1.249449509368721	1	0.2667841564096086	-1.026410657496596
1	0	0.8003524692288254	2.199647530771174	1	0.2667841564096086	1.249449509368721	0	-1.249449509368721	1	0.2667841564096085	-1.026410657496596
0	0	0.8658141996882134	1.33383333108296	0	0.3936149712970914	0	0	0	0	0	0
0	0	0.9228598878825978	2.077140112117401	0	0.3076199626275327	0	0	0	0	0	0
1	0	0.8236142335808229	2.109292866263283	1	0.2808183844706847	1.214160658263889	0	-1.214160658263889	1	0.2808183844706846	-0.9974212084686718
1	0	0.8239643884114785	2.074694892864222	1	0.2842570679948461	1.213644684241634	0	-1.213644684241634	1	0.2842570679948462	-0.9969973408121861
0	0	0.8234741979063838	2.109432901937722	0	0.2807706380983409	0	0	0	0	0	0
1	0	0.8003524692288255	2.199647530771173	1	0.2667841564096086	1.249449509368721	0	-1.249449509368721	1	0.2667841564096085	-1.026410657496596
2	0	0.9999999999999999	1.80116662495198	1	0.3569941149135113	2	0	-2	1	0.1274447980828813	-1.642980608340367
0	0	0.8234741979063838	2.109432901937722	0	0.2807706380983409	0	0	0	0	0	0
2	0	0.9999999999999999	2	1	0.3333333333333334	2	0	-2	1	0.111111111111111	-1.642980608340367
1	0	0.8236791888042444	2.109227911039862	1	0.2808405315149687	1.214064909727445	0	-1.214064909727445	1	0.2808405315149687	-0.9973425519743447
2	0	0.9999999999999999	1.987205633543252	1	0.3347610183815359	2	0	-2	0.9999999999999998	0.1120649394278432	-1.642980608340367
1	0	0.8993944529598166	2.001024460430164	1	0.3100912246874757	1.11185920338857	0	-1.11185920338857	1	0.3100912246874756	-0.9133815551860937
1	2	0.923370707298285	2.076629292701714	0.3333333333333333	0.307790235766095	1.082988654606476	0.9630991949448912	-0.119889459661585	0.7741124231508945	0.6683246750243101	-0.0984880286841944
3	0	0.8654282958322205	1.334219234938953	1	0.3934395323458073	3.466491694860883	0	-3.466491694860883	1	0.06090234084820279	-2.847689316814681
1	0	0.8003524692288254	2.199647530771173	1	0.2667841564096086	1.249449509368721	0	-1.249449509368721	1	0.2667841564096085	-1.026410657496596
2	0	0.9999999999999997	1.999999999999999	1	0.3333333333333333	2.000000000000001	0	-2.000000000000001	1	0.1111111111111109	-1.642980608340367
0	0	0.8658141996882134	2.067092900155892	0	0.2952068272923594	0	0	0	0	0	0
0	0	0.8234741979063838	2.075185083369317	0	0.2840879586040801	0	0	0	0	0	0
0	0	0.8003524692288255	1.999999999999999	0	0.2858041900165627	0	0	0	0	0	0
0	0	0.9999999999999997	1.999999999999999	0	0.3333333333333333	0	0	0	0	0	0
1	0	0.8656742046055032	2.067232895238603	1	0.2951590947601159	1.155168993923887	0	-1.155168993923887	1	0.2951590947601159	-0.9489601281864982
0	0	0.8003524692288255	2.199647530771173	0	0.2667841564096086	0	0	0	0	0	0
3	0	0.9999999999999998	2	1	0.3333333333333334	3.000000000000001	0	-3.000000000000001	0.9999999999999999	0.0370370370370372	-2.46447091251055
0	0	0.8234741979063838	2.075185083369317	0	0.2840879586040801	0	0	0	0	0	0
0	0	0.1765258020936158	2.823474197906383	0	0.0588419340312053	0	0	0	0	0	0
0	0	0.8003524692288255	2.199647530771173	0	0.2667841564096086	0	0	0	0	0	0
1	0	0.9999999999999996	1.999999999999999	1	0.3333333333333333	1	0	-1	1	0.3333333333333333	-0.8214903041701835
0	0	0	1.268371600623572	0	0	0	0	0	0	0	0
0	0	0.9999999999999997	1.800352469228825	0	0.3570979049917187	0	0	0	0	0	0
1	0	0.8003524692288255	2	1	0.2858041900165627	1.249449509368721	0	-1.249449509368721	1	0.2858041900165627	-1.026410657496596
1	0	0.8003524692288254	2.199647530771173	1	0.2667841564096086	1.249449509368721	0	-1.249449509368721	1	0.2667841564096085	-1.026410657496596
3	0	0.9999999999999997	1.999999999999999	1	0.3333333333333333	3.000000000000001	0	-3.000000000000001	1	0.03703703703703698	-2.46447091251055
0	0	0.8658141996882134	2.067092900155892	0	0.2952068272923594	0	0	0	0	0	0
1	0	1.000662534295487	1.999337465704512	1	0.3335541780984959	0.9993379043655773	0	-0.9993379043655773	1	0.3335541780984959	-0.8209463990260716
0	0	0.9999999999999997	1.999999999999999	0	0.3333333333333333	0	0	0	0	0	0
0	0	0.9999999999999997	1.999999999999999	0	0.3333333333333333	0	0	0	0	0	0
3	0	0.9999999999999997	1.999999999999999	1	0.3333333333333333	3.000000000000001	0	-3.000000000000001	1	0.03703703703703698	-2.46447091251055
0	0	1.800352469228825	1.199647530771174	0	0.6001174897429419	0	0	0	0	0	0
2	0	0.8648033687487587	2.068103731095347	1	0.2948621757554905	2.312664441737434	0	-2.312664441737434	1	0.08694370269126184	-1.899831415686451
3	0	0.8003524692288255	2.199647530771173	1	0.2667841564096086	3.748348528106161	0	-3.748348528106161	1	0.0189880384861506	-3.079231972489789
0	0	0.8234741979063838	1.37617333286479	0	0.3743664320699973	0	0	0	0	0	0
1	0	0.8003524692288256	2.199647530771174	1	0.2667841564096086	1.24944950936872	0	-1.24944950936872	1	0.2667841564096085	-1.026410657496596
0	0	0.9999999999999997	1.999999999999999	0	0.3333333333333333	0	0	0	0	0	0
0	0	0.9228598878825978	2.077140112117401	0	0.3076199626275327	0	0	0	0	0	0
0	0	0.8003524692288255	2.199647530771173	0	0.2667841564096086	0	0	0	0	0	0
2	0	1.800352469228826	1.199647530771174	1	0.6001174897429419	1.110893580109173	0	-1.110893580109173	0.9999999999999998	0.3601410014953701	-0.9125883050245885
1	0	0.9999999999999996	1.999999999999999	1	0.3333333333333333	1	0	-1	1	0.3333333333333333	-0.8214903041701835
3	0	0.8003524692288253	2.199647530771173	1	0.2667841564096086	3.748348528106162	0	-3.748348528106162	1	0.01898803848615083	-3.07923197248979
0	1	0.9999999999999994	1.802663884435039	0	0.3568033989211588	0	0.5547345839867444	0.5547345839867444	0.6431966010788412	0.3568033989211588	0.4557090821329907
0	0	0.8234741979063838	2.109432901937722	0	0.2807706380983409	0	0	0	0	0	0
0	0	0	2.999999999999999	0	0	0	0	0	0	0	0
1	0	0.8003524692288253	2.199647530771173	1	0.2667841564096086	1.249449509368721	0	-1.249449509368721	1	0.2667841564096085	-1.026410657496597
1	0	0.8235091533974618	2.075150127878238	1	0.2841000177968607	1.21431558577632	0	-1.21431558577632	1	0.2841000177968607	-0.997548479917983
3	0	1.799354570628081	1.199734379310203	1	0.5999670568840942	1.667264500821994	0	-1.667264500821994	1	0.2159644233882339	-1.369641621912408
0	0	0.8003524692288255	2.199647530771173	0	0.2667841564096086	0	0	0	0	0	0
0	0	0.8234741979063838	2.109432901937722	0	0.2807706380983409	0	0	0	0	0	0
1	2	0.8290901531465351	2.069569128129165	0.3333333333333333	0.2860253906011514	1.206141450606829	0.966384728500442	-0.2397567221063871	0.801368201998355	0.6360444866998199	-0.196957822570022
0	0	0.9999999999999997	1.999999999999999	0	0.3333333333333333	0	0	0	0	0	0
0	1	0.8658763379171962	2.032866698440007	0	0.2987075180714628	0	0.4919161697947956	0.4919161697947956	0.7012924819285372	0.2987075180714628	0.4041043639509581
2	0	0.8651839939205991	2.033475287355102	1	0.2984772993188187	2.311647018499451	0	-2.311647018499451	0.9999999999999998	0.08908869820865584	-1.898995612361211
1	0	0.8235441698986919	1.376103360872481	1	0.3743982426175188	1.214263953957703	0	-1.214263953957703	1	0.3743982426175188	-0.9975060648796027
1	0	1.800352469228825	1.199647530771174	1	0.6001174897429419	0.5554467900545867	0	-0.5554467900545867	1	0.6001174897429419	-0.4562941525122943
2	0	0.9403335835629399	2.058073065884457	1	0.3136110919898882	2.126904786726819	0	-2.126904786726819	0.9999999999999998	0.0983519170190903	-1.747231660189233
0	0	0.8234741979063838	2.109432901937722	0	0.2807706380983409	0	0	0	0	0	0
0	0	0.8003524692288255	2.199647530771173	0	0.2667841564096086	0	0	0	0	0	0
0	0	0.9999999999999997	1.999999999999999	0	0.3333333333333333	0	0	0	0	0	0
0	0	0.8658141996882134	2.067092900155892	0	0.2952068272923594	0	0	0	0	0	0
0	0	0.8003524692288255	2.199647530771173	0	0.2667841564096086	0	0	0	0	0	0
0	1	0.00148810016703007	2.998511899832969	0	0.0004960333890100235	0	0.3334987598534142	0.3334987598534142	0.9995039666109899	0.0004960333890100532	0.2739659976723601
2	0	0.9999999999999998	1.987483173695682	1	0.3347299187506199	2	0	-2	1	0.1120441185067964	-1.642980608340367
1	0	0.8003524692288253	2.199647530771173	1	0.2667841564096086	1.249449509368721	0	-1.249449509368721	1	0.2667841564096085	-1.026410657496597
2	0	0.9999999999999996	1.999999999999999	1	0.3333333333333333	2.000000000000001	0	-2.000000000000001	1	0.1111111111111109	-1.642980608340367
0	0	0.8003524692288255	2.077140112117401	0	0.2781423223876334	0	0	0	0	0	0
0	0	0.8003524692288255	2.199647530771173	0	0.2667841564096086	0	0	0	0	0	0
0	1	0.8239122336875225	2.074998517120456	0	0.2842144186253003	0	0.4819280552487974	0.4819280552487974	0.7157855813746996	0.2842144186253004	0.3958992246944795
1	0	0.1827485728819777	2.817251427118021	1	0.06091619096065926	5.471998955886884	0	-5.471998955886884	1	0.06091619096065926	-4.495194086690441
0	0	0.8003524692288255	1.999999999999999	0	0.2858041900165627	0	0	0	0	0	0
0	0	0.8003524692288255	2.199647530771173	0	0.2667841564096086	0	0	0	0	0	0
0	0	0.8234741979063838	2.075185083369317	0	0.2840879586040801	0	0	0	0	0	0
0	0	0.8003524692288255	2.077140112117401	0	0.2781423223876334	0	0	0	0	0	0
1	1	0.8003524692288256	2.199647530771174	0.5	0.2667841564096086	1.24944950936872	0.4546182904355637	-0.7948312189331567	0.9288262138888135	0.4623945267080306	-0.6529461398053563
0	0	0.8003524692288255	2.199647530771173	0	0.2667841564096086	0	0	0	0	0	0
2	1	0.9999999999999997	1.999999999999999	0.6666666666666666	0.3333333333333333	2.000000000000001	0.5000000000000002	-1.500000000000001	0.962962962962963	0.2592592592592592	-1.232235456255275
0	0	0.8003524692288255	2.077140112117401	0	0.2781423223876334	0	0	0	0	0	0
0	1	0.1760880229246198	2.823911977075379	0	0.05869600764153996	0	0.3541186864597894	0.3541186864597894	0.9413039923584601	0.05869600764153993	0.2909050674521981
3	0	0.9999999999999998	1.935296573493579	1	0.3406810776908323	3.000000000000001	0	-3.000000000000001	0.9999999999999999	0.03954067120326743	-2.46447091251055
0	0	0.9999999999999997	1.800352469228825	0	0.3570979049917187	0	0	0	0	0	0
1	0	0.7545827038631406	2.245417296136859	1	0.2515275679543802	1.325235782480075	0	-1.325235782480075	1	0.2515275679543802	-1.088668346046768
0	0	0.8986592812757014	1.999999999999999	0	0.3100258409398849	0	0	0	0	0	0
0	0	0.8003524692288255	2.199647530771173	0	0.2667841564096086	0	0	0	0	0	0
0	1	0.9992689525488866	1.933638147295219	0	0.3407093776008115	0	0.5171598426514309	0.5171598426514309	0.6592906223991885	0.3407093776008115	0.4248417964443281
0	0	0.9999999999999997	1.999999999999999	0	0.3333333333333333	0	0	0	0	0	0
0	0	0.8003524692288255	1.999999999999999	0	0.2858041900165627	0	0	0	0	0	0
1	2	0.8003524692288257	2.199647530771173	0.3333333333333333	0.2667841564096087	1.24944950936872	0.9092365808711276	-0.3402129284975925	0.8244547186387419	0.6058191493814173	-0.2794816221141161
1	0	0.8003524692288254	2.199647530771174	1	0.2667841564096086	1.249449509368721	0	-1.249449509368721	1	0.2667841564096085	-1.026410657496596
0	4	0.8007858205788272	2.198604528984088	0	0.2669828622658339	0	1.8193358320099	1.8193358320099	0.2887064680776972	0.7112935319223028	1.494566746025526
5	0	1	2.000000000000001	1	0.3333333333333333	4.999999999999998	0	-4.999999999999998	1	0.004115226337448097	-4.107451520850915
0	0	0.8003524692288255	1.999999999999999	0	0.2858041900165627	0	0	0	0	0	0
1	0	0.9189415476808687	2.028263302049187	1	0.3118010435430158	1.088208496529184	0	-1.088208496529184	1	0.3118010435430159	-0.8939527288143375
1	0	0.8003524692288256	2.199647530771174	1	0.2667841564096086	1.24944950936872	0	-1.24944950936872	1	0.2667841564096085	-1.026410657496596
1	0	0.8235091364381851	2.10939796340592	1	0.2807825506924367	1.214315610783831	0	-1.214315610783831	1	0.2807825506924367	-0.9975485004614112
1	0	0.9999999999999997	1.999999999999999	1	0.3333333333333333	1	0	-1	1	0.3333333333333333	-0.8214903041701835
4	0	1.624491545576474	1.177072279234429	1	0.5798516996792398	2.462308905757058	0	-2.462308905757058	1	0.1130492636943379	-2.022762891951317
1	0	0.8003524692288256	2.199647530771174	1	0.2667841564096086	1.24944950936872	0	-1.24944950936872	1	0.2667841564096085	-1.026410657496596
0	1	0.8006203736573045	2.198205422298087	0	0.2669779534166759	0	0.4549165377613172	0.4549165377613172	0.7330220465833241	0.2669779534166759	0.3737095249775911
1	0	1.122507418653772	1.776196473576952	1	0.3872445963392061	0.8908627091296236	0	-0.8908627091296236	1	0.3872445963392062	-0.7318350778967679
3	0	0.8003524692288254	2.199647530771173	1	0.2667841564096086	3.748348528106162	0	-3.748348528106162	1	0.0189880384861506	-3.07923197248979
2	0	0.8655338781752561	1.334113652595917	1	0.3934875320100985	2.310712556065926	0	-2.310712556065926	0.9999999999999998	0.1548324378473984	-1.898227960532459
0	0	0.9228598878825978	2.077140112117401	0	0.3076199626275327	0	0	0	0	0	0
5	0	0.8626280797349717	2.036031201540729	1	0.2975955419483896	5.796240717710195	0	-5.796240717710195	1	0.002334167970906909	-4.761555550235349
4	0	1	1.947022125577891	1	0.3393255827028808	4	0	-4	1	0.01325764586935718	-3.285961216680733
0	1	0.9991062010138675	2.000893798986132	0	0.3330354003379559	0	0.4997766500684383	0.4997766500684383	0.6669645996620441	0.3330354003379559	0.4105616722818766
0	0	0.8658141996882134	2.067092900155892	0	0.2952068272923594	0	0	0	0	0	0
4	0	1.795049894223346	1.204342551594768	1	0.5984711659609879	2.228350316541289	0	-2.228350316541289	1	0.1282841274600093	-1.830568179333228
1	2	0.8658948336861761	2.033014893110673	0.3333333333333333	0.2986967223166852	1.15487465809552	0.9837606240748401	-0.1711140340206802	0.7856400872143934	0.6550806126731559	-0.1405685198554356
1	0	0.9999999999999997	1.801060698530431	1	0.3570076151954319	1	0	-1	1	0.3570076151954319	-0.8214903041701835
1	0	1	1.988661881561772	1	0.334597903553223	1	0	-1	1	0.3345979035532229	-0.8214903041701832
0	0	0.8003524692288255	1.999999999999999	0	0.2858041900165627	0	0	0	0	0	0
1	0	0.8235442046433487	2.075115076632352	1	0.284112110023813	1.2142639027289	0	-1.2142639027289	1	0.2841121100238131	-0.9975060227956374
1	1	0.8003524692288255	2.199647530771174	0.5	0.2667841564096086	1.249449509368721	0.4546182904355637	-0.7948312189331569	0.9288262138888135	0.4623945267080306	-0.6529461398053565
0	0	0	1.268371600623572	0	0	0	0	0	0	0	0
0	1	0.9230512752586288	2.07694872474137	0	0.307683758419543	0	0.4814755357643814	0.4814755357643814	0.6923162415804569	0.3076837584195431	0.3955274843255836
0	0	1.800352469228825	1.199647530771174	0	0.6001174897429419	0	0	0	0	0	0
0	0	0	1.268371600623572	0	0	0	0	0	0	0	0
0	0	0.9228598878825978	2.077140112117401	0	0.3076199626275327	0	0	0	0	0	0
0	0	0.9999999999999997	1.999999999999999	0	0.3333333333333333	0	0	0	0	0	0
0	0	0.8003524692288255	2.199647530771173	0	0.2667841564096086	0	0	0	0	0	0
0	0	0.9999999999999997	1.999999999999999	0	0.3333333333333333	0	0	0	0	0	0
0	2	0.1805642592998976	2.819435740700101	0	0.06018808643329924	0	0.7093617957412199	0.7093617957412199	0.8832464328819039	0.1167535671180961	0.5827338373501622
0	0	0.9999999999999997	1.800352469228825	0	0.3570979049917187	0	0	0	0	0	0
0	0	0.8003524692288255	2.077140112117401	0	0.2781423223876334	0	0	0	0	0	0
0	0	0.8003524692288255	2.199647530771173	0	0.2667841564096086	0	0	0	0	0	0
0	0	1.666166668917039	1.211325912429188	0	0.5790342187911142	0	0	0	0	0	0
0	0	0.9999999999999997	1.999999999999999	0	0.3333333333333333	0	0	0	0	0	0
1	0	0.8003524692288256	2.077140112117402	1	0.2781423223876334	1.24944950936872	0	-1.24944950936872	1	0.2781423223876334	-1.026410657496596
0	3	0.9990375304727592	2.00096246952724	0	0.3330125101575865	0	1.499278495067826	1.499278495067826	0.2967242664186671	0.7032757335813329	1.231642746949083
0	3	0.9999999999999997	1.999999999999999	0	0.3333333333333333	0	1.5	1.5	0.2962962962962963	0.7037037037037037	1.232235456255275
0	0	1.666166668917039	1.211325912429188	0	0.5790342187911142	0	0	0	0	0	0
0	0	1.666166668917039	1.211325912429188	0	0.5790342187911142	0	0	0	0	0	0
1	0	0.9999999999999998	1.999722291751567	1	0.3333641926620114	1	0	-1	1	0.3333641926620114	-0.8214903041701834
0	0	0.8003524692288255	2.199647530771173	0	0.2667841564096086	0	0	0	0	0	0
0	0	0.9228598878825978	2.077140112117401	0	0.3076199626275327	0	0	0	0	0	0
0	0	0	2.999999999999999	0	0	0	0	0	0	0	0
0	0	0	1.268371600623572	0	0	0	0	0	0	0	0
2	0	0.9999999999999998	2	1	0.3333333333333334	2	0	-2	1	0.111111111111111	-1.642980608340367
0	0	0.8003524692288255	2.077140112117401	0	0.2781423223876334	0	0	0	0	0	0
1	0	0.8235791695401162	1.376068361231057	1	0.374414154094669	1.214212351386202	0	-1.214212351386202	1	0.374414154094669	-0.9974636738674444
5	0	0.8460729438839659	2.052586337391736	1	0.2918842339799277	5.909655941776246	0	-5.909655941776246	0.9999999999999999	0.002118620580848218	-4.854725057150899
0	0	0.9999999999999997	1.999999999999999	0	0.3333333333333333	0	0	0	0	0	0
0	0	0.8003524692288255	2.199647530771173	0	0.2667841564096086	0	0	0	0	0	0
0	0	0.9228598878825978	2.077140112117401	0	0.3076199626275327	0	0	0	0	0	0
2	0	0.9401232138577039	2.057779916075539	1	0.3135935929586352	2.127380720441095	0	-2.127380720441095	1	0.09834094154470607	-1.747622635120939
0	0	0.8003524692288255	2.077140112117401	0	0.2781423223876334	0	0	0	0	0	0
0	0	0.8003524692288255	2.199647530771173	0	0.2667841564096086	0	0	0	0	0	0
2	0	0.9228598878825978	2.077140112117402	1	0.3076199626275327	2.167176216303846	0	-2.167176216303846	0.9999999999999998	0.09463004140696474	-1.780314249121834
0	0	0.8003524692288255	2.077140112117401	0	0.2781423223876334	0	0	0	0	0	0
0	0	0.9228598878825978	2.077140112117401	0	0.3076199626275327	0	0	0	0	0	0