Observed S Changes	Observed NS Changes	E[S Sites]	E[NS Sites]	Observed S. Prop.	P{S}	dS	dN	dN-dS	P{S leq. observed}	P{S geq. observed}	Scaled dN-dS
0	0	0	2.999999999999999	0	0	0	0	0	0	0	0
0	0	0.8896776309959348	2.026245025114655	0	0.3051101609747884	0	0	0	0	0	0
1	0	0.9999999999999996	1.999999999999999	1	0.3333333333333333	1	0	-1	1	0.3333333333333333	-4.345707162201954
0	0	0.935757237802011	2.064242762197988	0	0.3119190792673371	0	0	0	0	0	0
0	0	0.9357572378020113	2.064242762197988	0	0.3119190792673372	0	0	0	0	0	0
2	1	0.9999999999999997	1.999999999999999	0.6666666666666666	0.3333333333333333	2.000000000000001	0.5000000000000002	-1.500000000000001	0.962962962962963	0.2592592592592592	-6.518560743302931
0	1	1.709046962242712	1.189804400421957	0	0.589560052734725	0	0.8404742827017246	0.8404742827017246	0.410439947265275	0.589560052734725	3.652455109983433
0	0	0.8337570729765365	2.166242927023462	0	0.2779190243255123	0	0	0	0	0	0
0	1	0.8337570729765365	2.00040099004322	0	0.2941815715416308	0	0.4998997725842928	0.4998997725842928	0.7058184284583692	0.2941815715416308	2.172418022102688
0	1	0.9369647346836654	2.063035265316334	0	0.3123215782278885	0	0.4847226883669708	0.4847226883669708	0.6876784217721115	0.3123215782278885	2.10646285851813
0	0	1.833757072976536	1.166242927023463	0	0.6112523576588457	0	0	0	0	0	0
1	0	0.8337570729765367	2.064242762197988	1	0.2877008697021979	1.199390125027631	0	-1.199390125027631	1	0.2877008697021979	-5.212198256606871
0	0	1.833757072976536	1.166242927023463	0	0.6112523576588457	0	0	0	0	0	0
0	0	0.9999999999999996	1.999999999999999	0	0.3333333333333333	0	0	0	0	0	0
1	0	0.8337570729765365	2.166242927023462	1	0.2779190243255123	1.199390125027631	0	-1.199390125027631	1	0.2779190243255123	-5.212198256606872
0	1	0.9999999999999996	1.999999999999999	0	0.3333333333333333	0	0.5000000000000002	0.5000000000000002	0.6666666666666667	0.3333333333333333	2.172853581100977
0	0	0.8540856073038322	1.31215731971963	0	0.3942704655370269	0	0	0	0	0	0
0	0	0.8548259428419133	2.061096713268677	0	0.2931579618720493	0	0	0	0	0	0
1	1	0.9625192595597312	2.037480740440269	0.5	0.320839753186577	1.038940249837092	0.4908021853418429	-0.5481380644952492	0.8970618527751764	0.5387413591483303	-2.38204751275252
0	1	0.9986146000427708	2.001385399957228	0	0.3328715333475903	0	0.4996538897612479	0.4996538897612479	0.6671284666524097	0.3328715333475903	2.171349487357519
1	0	0.9933193601574393	1.951864530967665	1	0.3372690456275641	1.006725570959879	0	-1.006725570959879	1	0.3372690456275641	-4.374934524092197
0	0	0.8337570729765367	2.166242927023462	0	0.2779190243255123	0	0	0	0	0	0
0	0	0.8337570729765365	2.166242927023462	0	0.2779190243255123	0	0	0	0	0	0
1	0	0.8337570729765367	2.166242927023463	1	0.2779190243255122	1.199390125027631	0	-1.199390125027631	1	0.2779190243255123	-5.212198256606871
0	0	0.8337570729765365	2.166242927023462	0	0.2779190243255123	0	0	0	0	0	0
1	1	0.9958240298095971	2.004175970190402	0.5	0.3319413432698658	1.004193482046423	0.4989581827512867	-0.5052352992951362	0.8898149446281971	0.5536976311679287	-2.19560465874412
0	0	0.9999999999999996	1.999999999999999	0	0.3333333333333333	0	0	0	0	0	0
0	0	0.9999999999999996	1.999999999999999	0	0.3333333333333333	0	0	0	0	0	0
0	0	1.833757072976536	1.166242927023463	0	0.6112523576588457	0	0	0	0	0	0
0	0	0.8337570729765365	2.064242762197988	0	0.2877008697021978	0	0	0	0	0	0
0	0	0.9999999999999996	1.999999999999999	0	0.3333333333333333	0	0	0	0	0	0
2	0	0.9999999999999997	1.999540228585856	1	0.3333844268764661	2.000000000000001	0	-2.000000000000001	1	0.1111451760837496	-8.691414324403908
0	0	0.8337570729765363	2.166242927023462	0	0.2779190243255123	0	0	0	0	0	0
1	0	0.8337570729765367	2.166242927023462	1	0.2779190243255124	1.199390125027631	0	-1.199390125027631	1	0.2779190243255123	-5.212198256606871
0	0	0.9999999999999996	1.999999999999999	0	0.3333333333333333	0	0	0	0	0	0
0	0	0.9999999999999996	1.999999999999999	0	0.3333333333333333	0	0	0	0	0	0
0	0	0.9999999999999996	1.999999999999999	0	0.3333333333333333	0	0	0	0	0	0
0	0	0.8337570729765365	2.166242927023462	0	0.2779190243255123	0	0	0	0	0	0
0	0	0.9999999999999996	1.944838815497967	0	0.3395771594483352	0	0	0	0	0	0
3	0	0.9999999999999994	1.999999999999999	1	0.3333333333333334	3.000000000000002	0	-3.000000000000002	0.9999999999999999	0.0370370370370372	-13.03712148660586
0	0	0.1459143926961673	2.854085607303831	0	0.04863813089872247	0	0	0	0	0	0
0	0	0.9999999999999996	1.999999999999999	0	0.3333333333333333	0	0	0	0	0	0
0	0	0.8540856073038322	2.061837048806758	0	0.2929040677790323	0	0	0	0	0	0
0	0	0.9999999999999996	1.999999999999999	0	0.3333333333333333	0	0	0	0	0	0
0	0	0.935757237802011	2.064242762197988	0	0.3119190792673371	0	0	0	0	0	0
0	0	0.9999999999999998	2	0	0.3333333333333334	0	0	0	0	0	0
1	1	0.8337570729765368	2.166242927023462	0.5	0.2779190243255124	1.199390125027631	0.4616287432610595	-0.7377613817665714	0.9227610159179556	0.4785990645689798	-3.206094920738998
0	0	0.8337570729765365	2.166242927023462	0	0.2779190243255123	0	0	0	0	0	0
1	1	1.099410202637711	1.068567357495246	0.5	0.5071132759189106	0.9095786064207835	0.9358324423684717	0.02625383594768826	0.7428361253867908	0.7570626772246121	0.114091482913144
0	0	0.9357572378020113	2.064242762197988	0	0.3119190792673372	0	0	0	0	0	0
0	0	0.8540856073038322	2.090753208194134	0	0.2900279644539418	0	0	0	0	0	0
2	0	0.9999999999999996	1.999999999999999	1	0.3333333333333333	2.000000000000001	0	-2.000000000000001	1	0.1111111111111109	-8.691414324403908
2	0	0.9999999999999996	1.999999999999999	1	0.3333333333333333	2.000000000000001	0	-2.000000000000001	1	0.1111111111111109	-8.691414324403908
0	0	0.8337570729765367	2.166242927023462	0	0.2779190243255123	0	0	0	0	0	0
1	0	0.9999999999999997	1.999999999999999	1	0.3333333333333333	1	0	-1	1	0.3333333333333333	-4.345707162201954
0	0	0.9999999999999996	1.999999999999999	0	0.3333333333333333	0	0	0	0	0	0
2	0	0.8887879181039725	2.056050897393994	1	0.3018120765817467	2.250255611334756	0	-2.250255611334756	1	0.09109052957058594	-9.778951926962582
2	0	1.827785182476982	1.166693418546788	1	0.6103851207526039	1.09422049110259	0	-1.09422049110259	0.9999999999999999	0.3725699956361709	-4.755161825212661
0	0	0.9999999999999996	1.999999999999999	0	0.3333333333333333	0	0	0	0	0	0
0	0	0.8896776309959348	1.276565296027527	0	0.4107007667041301	0	0	0	0	0	0
0	0	0.8337570729765367	2.166242927023462	0	0.2779190243255123	0	0	0	0	0	0
0	0	0.9999999999999996	1.999999999999999	0	0.3333333333333333	0	0	0	0	0	0
0	0	0.9999999999999996	1.833757072976536	0	0.3528884001865463	0	0	0	0	0	0
0	1	0.1476931645893488	2.85230683541065	0	0.04923105486311628	0	0.3505934170844662	0.3505934170844662	0.9507689451368837	0.0492310548631163	1.523576323644821
0	1	0.9965238867134814	2.003476113286518	0	0.3321746289044939	0	0.4991324794781767	0.4991324794781767	0.6678253710955061	0.3321746289044939	2.169083590955931
0	1	0.8540856073038322	2.090572500071934	0	0.2900457629238934	0	0.4783378715474307	0.4783378715474307	0.7099542370761066	0.2900457629238934	2.078716314336107
0	0	0.1459143926961673	2.854085607303831	0	0.04863813089872247	0	0	0	0	0	0
0	0	0.8337570729765365	2.064242762197988	0	0.2877008697021978	0	0	0	0	0	0
0	2	0.8337570729765365	2.166242927023462	0	0.2779190243255123	0	0.9232574865221191	0.9232574865221191	0.5214009354310202	0.4785990645689798	4.012206671735745
0	1	0.8337570729765367	2.166242927023462	0	0.2779190243255123	0	0.4616287432610595	0.4616287432610595	0.7220809756744877	0.2779190243255123	2.006103335867872
0	0	0.9999999999999996	1.999999999999999	0	0.3333333333333333	0	0	0	0	0	0
1	0	0.8337570729765366	2.166242927023462	1	0.2779190243255122	1.199390125027631	0	-1.199390125027631	1	0.2779190243255123	-5.212198256606871
1	1	0.8899885436089826	1.284936358898422	0.5	0.4092042638267381	1.123609969118154	0.7782486603906998	-0.3453613087274544	0.8325518704660173	0.6509603981194936	-1.500839112884338
0	0	0.935757237802011	2.064242762197988	0	0.3119190792673371	0	0	0	0	0	0
1	0	1.003472012517557	1.996527987482442	1	0.3344906708391858	0.9965400006435193	0	-0.9965400006435193	1	0.3344906708391858	-4.33067101821728
0	0	0.8337570729765367	2.166242927023462	0	0.2779190243255123	0	0	0	0	0	0
0	0	0.9999999999999996	1.944838815497967	0	0.3395771594483352	0	0	0	0	0	0
1	1	0.8542337864915021	2.088317936671757	0.5	0.290303745476119	1.170639719259042	0.4788542886308506	-0.691785430628191	0.9157237353625367	0.4963312263147748	-3.006296900587891
1	0	0.8337570729765365	2.166242927023462	1	0.2779190243255123	1.199390125027631	0	-1.199390125027631	1	0.2779190243255123	-5.212198256606872
0	0	0.8337570729765365	2.064242762197988	0	0.2877008697021978	0	0	0	0	0	0
0	0	0.9999999999999996	1.999999999999999	0	0.3333333333333333	0	0	0	0	0	0
0	0	1.833757072976536	1.166242927023463	0	0.6112523576588457	0	0	0	0	0	0
0	1	0.1450031191061125	2.854996880893887	0	0.04833437303537085	0	0.3502630796874652	0.3502630796874652	0.9516656269646292	0.0483343730353708	1.522140774052731
0	0	0.8337570729765367	2.166242927023462	0	0.2779190243255123	0	0	0	0	0	0
0	0	0.9999999999999996	1.999999999999999	0	0.3333333333333333	0	0	0	0	0	0
0	0	1.833757072976536	1.166242927023463	0	0.6112523576588457	0	0	0	0	0	0
0	0	1.723434703972472	1.174565131202053	0	0.5946979993077474	0	0	0	0	0	0
1	0	0.9999999999999997	1.945643112202799	1	0.3394844391899817	1	0	-1	1	0.3394844391899817	-4.345707162201954
0	0	0.8337570729765363	2.166242927023462	0	0.2779190243255123	0	0	0	0	0	0
0	0	0.9999999999999996	1.999999999999999	0	0.3333333333333333	0	0	0	0	0	0
1	0	0.889010097379232	1.277232829644231	1	0.4103926139995669	1.124846616419726	0	-1.124846616419726	1	0.4103926139995668	-4.888253997353834
0	0	0.8337570729765367	2.064242762197988	0	0.2877008697021979	0	0	0	0	0	0
0	0	0.8337570729765367	2.166242927023462	0	0.2779190243255123	0	0	0	0	0	0
0	2	0.9979225795831018	2.002077420416897	0	0.3326408598610341	0	0.9989623675909276	0.9989623675909276	0.44536822192702	0.55463177807298	4.341197915610113
0	0	0.8337570729765367	2.166242927023462	0	0.2779190243255123	0	0	0	0	0	0
0	0	0.8540856073038322	1.31215731971963	0	0.3942704655370269	0	0	0	0	0	0
0	0	0.8337570729765367	2.166242927023462	0	0.2779190243255123	0	0	0	0	0	0
1	0	0.8896035510435489	2.026319105067041	1	0.3050847556533439	1.124096232335123	0	-1.124096232335123	1	0.3050847556533439	-4.884993047862975
0	0	0.8556293352512234	2.060293320859367	0	0.2934334809800842	0	0	0	0	0	0
0	0	0	1.220644738008129	0	0	0	0	0	0	0	0
0	0	0.8337570729765365	2.166242927023462	0	0.2779190243255123	0	0	0	0	0	0
1	0	0.9999999999999997	1.999999999999999	1	0.3333333333333333	1	0	-1	1	0.3333333333333333	-4.345707162201954
0	0	0.8337570729765367	2.166242927023462	0	0.2779190243255123	0	0	0	0	0	0
0	1	0.9997326613662074	2.000267338633791	0	0.3332442204554026	0	0.4999331742741013	0.4999331742741013	0.6667557795445973	0.3332442204554027	2.172563176065319
0	0	0.8540856073038322	2.090753208194134	0	0.2900279644539418	0	0	0	0	0	0
0	0	1.102000164825474	1.123259884292504	0	0.4952230932570205	0	0	0	0	0	0
1	0	0.8337570729765365	2.166242927023462	1	0.2779190243255123	1.199390125027631	0	-1.199390125027631	1	0.2779190243255123	-5.212198256606872
0	0	0.8540856073038322	2.061837048806758	0	0.2929040677790323	0	0	0	0	0	0
0	0	0.9999999999999996	1.999999999999999	0	0.3333333333333333	0	0	0	0	0	0
0	3	0.8337570729765367	2.00901402333627	0	0.2932902596547273	0	1.493269815517788	1.493269815517788	0.3529581636767432	0.6470418363232568	6.489313332395637
0	0	0.8337570729765365	2.166242927023462	0	0.2779190243255123	0	0	0	0	0	0
0	0	0.8337570729765365	2.166242927023462	0	0.2779190243255123	0	0	0	0	0	0
0	0	0.8337570729765367	2.064242762197988	0	0.2877008697021979	0	0	0	0	0	0
0	0	0.8337570729765365	1.999999999999999	0	0.2942231996269076	0	0	0	0	0	0
1	0	0.9999999999999997	1.999999999999999	1	0.3333333333333333	1	0	-1	1	0.3333333333333333	-4.345707162201954
0	0	0.8337570729765367	1.999999999999999	0	0.2942231996269076	0	0	0	0	0	0
0	0	0.8337570729765367	2.166242927023462	0	0.2779190243255123	0	0	0	0	0	0
1	0	0.9999999999999997	1.999999999999999	1	0.3333333333333333	1	0	-1	1	0.3333333333333333	-4.345707162201954
0	0	0.9999999999999996	1.999999999999999	0	0.3333333333333333	0	0	0	0	0	0
1	1	0.8337570729765367	2.166242927023462	0.5	0.2779190243255123	1.199390125027631	0.4616287432610595	-0.7377613817665716	0.9227610159179555	0.4785990645689798	-3.206094920738999
0	0	0.8337570729765367	1.999999999999999	0	0.2942231996269076	0	0	0	0	0	0
0	0	0.9999999999999996	1.999999999999999	0	0.3333333333333333	0	0	0	0	0	0
0	0	0.9999999999999996	1.999999999999999	0	0.3333333333333333	0	0	0	0	0	0
0	0	0.9999999999999996	1.999999999999999	0	0.3333333333333333	0	0	0	0	0	0
0	0	0.9515146798026934	2.048485320197305	0	0.3171715599342314	0	0	0	0	0	0
0	0	0.9999999999999996	1.833757072976536	0	0.3528884001865463	0	0	0	0	0	0
1	0	1.833453393313284	1.166200618911529	1	0.6112216228409058	0.5454188274690051	0	-0.5454188274690051	1	0.6112216228409058	-2.370230504931846
0	0	0.9999999999999996	1.999999999999999	0	0.3333333333333333	0	0	0	0	0	0
0	0	0.9999999999999996	1.999999999999999	0	0.3333333333333333	0	0	0	0	0	0
0	1	0.9999999999999996	1.834796037872593	0	0.3527590650756172	0	0.545019707563506	0.545019707563506	0.6472409349243828	0.3527590650756172	2.368496046699942
2	1	0.999653929606824	2.000346070393175	0.6666666666666666	0.3332179765356081	2.000692380398709	0.4999134973697059	-1.500778883029003	0.9630014019232158	0.2591054635058865	-6.521945540860584
0	0	0.9999999999999996	1.999999999999999	0	0.3333333333333333	0	0	0	0	0	0
0	0	0.9999999999999996	1.999999999999999	0	0.3333333333333333	0	0	0	0	0	0
0	0	1.833757072976536	1.166242927023463	0	0.6112523576588457	0	0	0	0	0	0
0	0	0.8896776309959348	2.055161184502031	0	0.3021142027583238	0	0	0	0	0	0
1	0	0.8337570729765367	2.166242927023462	1	0.2779190243255123	1.199390125027631	0	-1.199390125027631	1	0.2779190243255123	-5.212198256606871
0	1	0.8337570729765365	2.166242927023462	0	0.2779190243255123	0	0.4616287432610596	0.4616287432610596	0.7220809756744877	0.2779190243255123	2.006103335867873
0	1	0.8337570729765368	2.166242927023462	0	0.2779190243255124	0	0.4616287432610595	0.4616287432610595	0.7220809756744877	0.2779190243255123	2.006103335867872
0	0	0.8540856073038322	2.090753208194134	0	0.2900279644539418	0	0	0	0	0	0
1	5	0.8346133968836286	2.164510354973644	0.1666666666666667	0.2782857480845117	1.198159535581276	2.309991258998104	1.111831723416828	0.4682565402520629	0.8586838851017413	4.831695083615847
0	0	0.8337570729765365	2.166242927023462	0	0.2779190243255123	0	0	0	0	0	0
0	0	0.8337570729765367	2.166242927023462	0	0.2779190243255123	0	0	0	0	0	0
0	0	0	1.220644738008129	0	0	0	0	0	0	0	0
1	1	1	2	0.5	0.3333333333333333	1	0.5	-0.5	0.8888888888888891	0.5555555555555555	-2.172853581100976
0	0	0.9999999999999996	1.944838815497967	0	0.3395771594483352	0	0	0	0	0	0
0	0	0.9999999999999996	1.999999999999999	0	0.3333333333333333	0	0	0	0	0	0
2	0	0.9999999999999997	1.999999999999999	1	0.3333333333333333	2.000000000000001	0	-2.000000000000001	1	0.1111111111111109	-8.691414324403908
0	0	0.8540856073038322	1.31215731971963	0	0.3942704655370269	0	0	0	0	0	0
3	0	0.8337570729765365	2.166242927023462	1	0.2779190243255123	3.598170375082894	0	-3.598170375082894	1	0.02146618309597559	-15.63659476982062
1	0	0.9999999999999996	1.945183110574398	1	0.3395374625128046	1	0	-1	1	0.3395374625128046	-4.345707162201954
1	2	0.9981748646452704	2.000773473965959	0.3333333333333333	0.3328416337800307	1.001828472564652	0.9996134125246944	-0.002215060039958083	0.7413960981389385	0.7030476206435214	-0.009626002280353185
0	0	0.8337570729765367	2.166242927023462	0	0.2779190243255123	0	0	0	0	0	0
0	0	0.9999999999999996	1.999999999999999	0	0.3333333333333333	0	0	0	0	0	0
0	0	1	2	0	0.3333333333333333	0	0	0	0	0	0
0	0	0.8337570729765365	2.064242762197988	0	0.2877008697021978	0	0	0	0	0	0
0	1	0.1488655320774963	2.850784095081145	0	0.04962764008492093	0	0.3507806858209429	0.3507806858209429	0.9503723599150791	0.04962764008492093	1.524390138734184
0	0	0.9515146798026934	2.048485320197305	0	0.3171715599342314	0	0	0	0	0	0
0	1	0.9515101194230484	1.977183379859413	0	0.3248923520526035	0	0.5057699807648115	0.5057699807648115	0.6751076479473965	0.3248923520526035	2.197928227836385
0	0	0.9999999999999996	1.999999999999999	0	0.3333333333333333	0	0	0	0	0	0
0	0	0.8337570729765369	2.166242927023463	0	0.2779190243255123	0	0	0	0	0	0
0	0	0.8337570729765367	2.166242927023462	0	0.2779190243255123	0	0	0	0	0	0
0	0	0.8337570729765367	2.166242927023462	0	0.2779190243255123	0	0	0	0	0	0
0	0	0.8337570729765365	2.166242927023462	0	0.2779190243255123	0	0	0	0	0	0
0	0	0.8337570729765367	2.166242927023462	0	0.2779190243255123	0	0	0	0	0	0
0	0	0.8337570729765367	2.166242927023462	0	0.2779190243255123	0	0	0	0	0	0
1	0	0.915996676934819	2.000100835046497	1	0.3141172999775488	1.09170701726373	0	-1.09170701726373	1	0.3141172999775488	-4.744239003949122
0	0	1.687842680280369	1.145914392696167	0	0.5956201032107118	0	0	0	0	0	0
0	0	0.8337570729765367	2.166242927023462	0	0.2779190243255123	0	0	0	0	0	0
0	0	0	1.220644738008129	0	0	0	0	0	0	0	0
0	0	1.723434703972472	1.174565131202053	0	0.5946979993077474	0	0	0	0	0	0
0	0	0.9999999999999996	1.999999999999999	0	0.3333333333333333	0	0	0	0	0	0
2	0	0.8337570729765366	2.166242927023462	1	0.2779190243255123	2.398780250055262	0	-2.398780250055262	1	0.07723898408204455	-10.42439651321374
0	1	1.619103774823233	1.214653298153304	0	0.5713629408333687	0	0.8232801915742939	0.8232801915742939	0.4286370591666313	0.5713629408333687	3.577734625023404
0	0	0.8337570729765365	2.166242927023462	0	0.2779190243255123	0	0	0	0	0	0
0	0	0.8669924702903435	2.042967082317506	0	0.2979396979979881	0	0	0	0	0	0
0	1	0.9361644535640911	2.027052861116881	0	0.3159283826150567	0	0.4933270459700851	0.4933270459700851	0.6840716173849433	0.3159283826150567	2.14385487698013
0	0	0.8337570729765365	1.999999999999999	0	0.2942231996269076	0	0	0	0	0	0
0	0	0.9999999999999996	1.999999999999999	0	0.3333333333333333	0	0	0	0	0	0
0	0	0.9999999999999996	1.999999999999999	0	0.3333333333333333	0	0	0	0	0	0
2	0	1.716326128431116	1.168640965484663	1	0.5949205216415618	1.165279702307037	0	-1.165279702307037	1	0.353930427070268	-5.063964348284248
1	0	0.8337570729765365	2.166242927023462	1	0.2779190243255123	1.199390125027631	0	-1.199390125027631	1	0.2779190243255123	-5.212198256606872
0	1	0.9958363573129927	2.004163642687006	0	0.3319454524376644	0	0.4989612518163877	0.4989612518163877	0.6680545475623356	0.3319454524376644	2.168339485679728
0	0	0.9999999999999996	1.999999999999999	0	0.3333333333333333	0	0	0	0	0	0
0	0	0	2.999999999999999	0	0	0	0	0	0	0	0
0	0	0.9999999999999996	1.999999999999999	0	0.3333333333333333	0	0	0	0	0	0
0	0	0.8337570729765365	2.166242927023462	0	0.2779190243255123	0	0	0	0	0	0
0	0	0.8337570729765367	2.166242927023462	0	0.2779190243255123	0	0	0	0	0	0
0	0	0.855418607291574	2.089420208206392	0	0.2904806208033238	0	0	0	0	0	0
0	0	0.8540856073038322	1.31215731971963	0	0.3942704655370269	0	0	0	0	0	0
0	0	0.8337570729765367	2.166242927023462	0	0.2779190243255123	0	0	0	0	0	0
0	0	0.8337570729765365	2.166242927023462	0	0.2779190243255123	0	0	0	0	0	0
0	0	0.8540856073038322	2.061837048806758	0	0.2929040677790323	0	0	0	0	0	0
0	0	1.723434703972472	1.174565131202053	0	0.5946979993077474	0	0	0	0	0	0
0	0	0.8337570729765365	1.999999999999999	0	0.2942231996269076	0	0	0	0	0	0
0	0	0.9357572378020113	2.064242762197988	0	0.3119190792673372	0	0	0	0	0	0
0	0	0	1.220644738008129	0	0	0	0	0	0	0	0
1	0	0.9999999999999997	1.995980629694307	1	0.3337805291825382	1	0	-1	1	0.3337805291825382	-4.345707162201954
1	0	0.9999999999999996	1.999999999999999	1	0.3333333333333333	1	0	-1	1	0.3333333333333333	-4.345707162201954
1	0	0.8337570729765365	2.166242927023462	1	0.2779190243255123	1.199390125027631	0	-1.199390125027631	1	0.2779190243255123	-5.212198256606872
1	0	0.8337570729765365	2.166242927023462	1	0.2779190243255123	1.199390125027631	0	-1.199390125027631	1	0.2779190243255123	-5.212198256606872
0	0	0.9999999999999996	1.999999999999999	0	0.3333333333333333	0	0	0	0	0	0
0	0	0.9999999999999996	1.999999999999999	0	0.3333333333333333	0	0	0	0	0	0
0	0	0.9999999999999996	1.999999999999999	0	0.3333333333333333	0	0	0	0	0	0
0	1	0.8337570729765365	2.166242927023462	0	0.2779190243255123	0	0.4616287432610596	0.4616287432610596	0.7220809756744877	0.2779190243255123	2.006103335867873
2	0	0.8893069442657645	2.026615711844826	1	0.3049830359533502	2.248942294779058	0	-2.248942294779058	1	0.09301465221932248	-9.773244637800245
0	0	0.8337570729765365	2.166242927023462	0	0.2779190243255123	0	0	0	0	0	0
0	0	0.8540856073038322	1.31215731971963	0	0.3942704655370269	0	0	0	0	0	0
0	0	0.935757237802011	2.064242762197988	0	0.3119190792673371	0	0	0	0	0	0
0	0	0.8337570729765365	2.166242927023462	0	0.2779190243255123	0	0	0	0	0	0
0	0	1.833757072976536	1.166242927023463	0	0.6112523576588457	0	0	0	0	0	0
0	0	0.8337570729765367	1.999999999999999	0	0.2942231996269076	0	0	0	0	0	0
0	0	1	2	0	0.3333333333333333	0	0	0	0	0	0
0	0	0.8571816415586911	1.309061285464771	0	0.3956996839391906	0	0	0	0	0	0
0	0	0.9999999999999999	1.845235174717092	0	0.3514647959107395	0	0	0	0	0	0
0	0	0.9999999999999996	1.833757072976536	0	0.3528884001865463	0	0	0	0	0	0
1	0	0.9999999999999997	1.945298458961863	1	0.3395241650153419	1	0	-1	1	0.3395241650153419	-4.345707162201954
0	0	0.9159226561105908	1.999999999999999	0	0.314110751254389	0	0	0	0	0	0
1	0	0.907816438746176	2.092183561253823	1	0.3026054795820587	1.101544274061772	0	-1.101544274061772	1	0.3026054795820587	-4.786988841272795
0	0	0.9999999999999996	1.999999999999999	0	0.3333333333333333	0	0	0	0	0	0
1	0	0.9999999999999996	1.999999999999999	1	0.3333333333333333	1	0	-1	1	0.3333333333333333	-4.345707162201954
1	0	0.9999999999999996	1.999999999999999	1	0.3333333333333333	1	0	-1	1	0.3333333333333333	-4.345707162201954
0	0	0.9999999999999996	1.999999999999999	0	0.3333333333333333	0	0	0	0	0	0
0	0	0.8540856073038322	2.061837048806758	0	0.2929040677790323	0	0	0	0	0	0
0	0	0.9173223087448129	1.999081720548919	0	0.3145388291645454	0	0	0	0	0	0
0	0	0.8337570729765365	2.166242927023462	0	0.2779190243255123	0	0	0	0	0	0
0	0	0.8540856073038322	1.31215731971963	0	0.3942704655370269	0	0	0	0	0	0
0	0	0.8540856073038322	1.31215731971963	0	0.3942704655370269	0	0	0	0	0	0
0	0	0.9999999999999996	1.999999999999999	0	0.3333333333333333	0	0	0	0	0	0
0	0	0.9999999999999996	1.999999999999999	0	0.3333333333333333	0	0	0	0	0	0
0	1	0.9365613509785397	2.06343864902146	0	0.3121871169928466	0	0.4846279294391563	0.4846279294391563	0.6878128830071535	0.3121871169928465	2.106051063966844
0	0	1	2	0	0.3333333333333333	0	0	0	0	0	0
1	0	0.8337570729765367	2.166242927023462	1	0.2779190243255123	1.199390125027631	0	-1.199390125027631	1	0.2779190243255123	-5.212198256606871
0	1	0.9364283816291167	2.063571618370882	0	0.3121427938763724	0	0.4845967017076274	0.4845967017076274	0.6878572061236277	0.3121427938763723	2.105915357390279
0	0	0.9999999999999996	1.944838815497967	0	0.3395771594483352	0	0	0	0	0	0
0	0	0.9999999999999996	1.999999999999999	0	0.3333333333333333	0	0	0	0	0	0
0	0	0.9159226561105908	1.999999999999999	0	0.314110751254389	0	0	0	0	0	0
0	0	0.9999999999999996	1.999999999999999	0	0.3333333333333333	0	0	0	0	0	0
0	0	0.9159226561105908	1.999999999999999	0	0.314110751254389	0	0	0	0	0	0
0	0	0.1459143926961673	2.854085607303831	0	0.04863813089872247	0	0	0	0	0	0
1	0	0.9514406070863015	2.048384414460581	1	0.3171653680639293	1.051037755328109	0	-1.051037755328109	1	0.3171653680639293	-4.567502301074028
0	0	0.8337570729765371	2.166242927023463	0	0.2779190243255124	0	0	0	0	0	0
1	0	0.9357572378020111	2.064242762197988	1	0.3119190792673372	1.068653235692719	0	-1.068653235692719	1	0.3119190792673372	-4.644054020260138
1	0	0.9999999999999996	1.999999999999999	1	0.3333333333333333	1	0	-1	1	0.3333333333333333	-4.345707162201954
0	0	0.8337570729765365	2.166242927023462	0	0.2779190243255123	0	0	0	0	0	0
0	0	0.9159226561105908	1.999999999999999	0	0.314110751254389	0	0	0	0	0	0
0	0	0.1459143926961673	2.854085607303831	0	0.04863813089872247	0	0	0	0	0	0
0	0	0.8337570729765365	2.166242927023462	0	0.2779190243255123	0	0	0	0	0	0
0	0	0.935757237802011	2.064242762197988	0	0.3119190792673371	0	0	0	0	0	0
1	0	0.8337570729765367	1.999999999999999	1	0.2942231996269076	1.199390125027631	0	-1.199390125027631	1	0.2942231996269076	-5.212198256606871
0	0	0	1.220644738008129	0	0	0	0	0	0	0	0
0	0	0.9999999999999996	1.999999999999999	0	0.3333333333333333	0	0	0	0	0	0
0	1	0.1530287376530794	2.846971262346919	0	0.05100957921769316	0	0.351250472115986	0.351250472115986	0.9489904207823069	0.05100957921769311	1.526431692401257
0	0	0.9999999999999996	1.999999999999999	0	0.3333333333333333	0	0	0	0	0	0
0	0	0.8540856073038322	2.061837048806758	0	0.2929040677790323	0	0	0	0	0	0
3	0	0.9999999999999997	1.999999999999999	1	0.3333333333333333	3.000000000000001	0	-3.000000000000001	1	0.03703703703703698	-13.03712148660586
0	0	0.9999999999999996	1.945757789126188	0	0.3394712232252584	0	0	0	0	0	0
0	0	0.8337570729765365	2.166242927023462	0	0.2779190243255123	0	0	0	0	0	0
0	0	0.1459143926961673	2.854085607303831	0	0.04863813089872247	0	0	0	0	0	0
0	0	0.9999999999999996	1.999999999999999	0	0.3333333333333333	0	0	0	0	0	0
0	0	1.723434703972472	1.174565131202053	0	0.5946979993077474	0	0	0	0	0	0
0	0	0.9357572378020113	2.064242762197988	0	0.3119190792673372	0	0	0	0	0	0
0	0	0.8337570729765365	2.166242927023462	0	0.2779190243255122	0	0	0	0	0	0
0	0	0.8337570729765365	2.166242927023462	0	0.2779190243255123	0	0	0	0	0	0
0	0	0.9999999999999996	1.999999999999999	0	0.3333333333333333	0	0	0	0	0	0
0	0	0.9999999999999996	1.999999999999999	0	0.3333333333333333	0	0	0	0	0	0
0	0	0.8337570729765367	2.166242927023462	0	0.2779190243255123	0	0	0	0	0	0
0	0	1.833757072976536	1.166242927023463	0	0.6112523576588457	0	0	0	0	0	0
0	0	0.9357572378020113	2.064242762197988	0	0.3119190792673372	0	0	0	0	0	0
1	0	0.9999999999999996	1.999999999999999	1	0.3333333333333333	1	0	-1	1	0.3333333333333333	-4.345707162201954
0	0	0.9999999999999996	1.999999999999999	0	0.3333333333333333	0	0	0	0	0	0
0	0	0.9515146798026934	2.048485320197305	0	0.3171715599342314	0	0	0	0	0	0
0	0	0.9999999999999996	1.999999999999999	0	0.3333333333333333	0	0	0	0	0	0
0	0	0.8337570729765365	1.999999999999999	0	0.2942231996269076	0	0	0	0	0	0
0	0	0.8337570729765365	2.166242927023462	0	0.2779190243255123	0	0	0	0	0	0
1	0	0.8541595902746839	2.061763065835906	1	0.292929439841181	1.170741406390363	0	-1.170741406390363	1	0.292929439841181	-5.087699314836988
0	1	0.152342391076547	2.846964574575317	0	0.05079253068164605	0	0.3512512972344134	0.3512512972344134	0.949207469318354	0.05079253068164602	1.526435278124317
0	1	1.094778686659802	1.07146424036366	0	0.5053813092717577	0	0.9333022627620265	0.9333022627620265	0.4946186907282423	0.5053813092717577	4.055858327784227
0	1	0.8337570729765367	2.166242927023462	0	0.2779190243255123	0	0.4616287432610595	0.4616287432610595	0.7220809756744877	0.2779190243255123	2.006103335867872
1	0	0.9999999999999996	1.999885271821144	1	0.3333460813962824	1	0	-1	1	0.3333460813962823	-4.345707162201954
2	1	0.8545304704882517	2.061572893744538	0.6666666666666666	0.2930384707789924	2.340466570907955	0.4850665251926407	-1.855400045715315	0.9748363336653056	0.2072873034000811	-8.063025267414872
0	0	0.8337570729765365	2.166242927023462	0	0.2779190243255123	0	0	0	0	0	0
0	0	0.9999999999999996	1.833757072976536	0	0.3528884001865463	0	0	0	0	0	0
0	0	0.1459143926961673	2.854085607303831	0	0.04863813089872247	0	0	0	0	0	0
0	1	0.006254343471642982	2.993745656528356	0	0.002084781157214328	0	0.3340297121832428	0.3340297121832428	0.9979152188427857	0.002084781157214333	1.451595312622975
0	0	0.9159226561105908	1.999999999999999	0	0.314110751254389	0	0	0	0	0	0
0	0	0.9999999999999996	1.833757072976536	0	0.3528884001865463	0	0	0	0	0	0
0	0	0.8337570729765367	2.166242927023462	0	0.2779190243255123	0	0	0	0	0	0
0	0	0.9999999999999996	1.999999999999999	0	0.3333333333333333	0	0	0	0	0	0
0	0	0.9999999999999996	1.999999999999999	0	0.3333333333333333	0	0	0	0	0	0
0	0	0.9357572378020113	2.064242762197988	0	0.3119190792673372	0	0	0	0	0	0
0	0	0.9999999999999996	1.999999999999999	0	0.3333333333333333	0	0	0	0	0	0
0	0	0.8540856073038322	2.061837048806758	0	0.2929040677790323	0	0	0	0	0	0
1	0	0.8337570729765365	2.064242762197988	1	0.2877008697021978	1.199390125027631	0	-1.199390125027631	1	0.2877008697021979	-5.212198256606872
0	0	0.8896776309959348	2.026245025114655	0	0.3051101609747884	0	0	0	0	0	0
1	0	0.9999999999999997	1.999308166683815	1	0.3334102214330479	1	0	-1	1	0.3334102214330479	-4.345707162201954
0	0	0.855418607291574	2.089420208206392	0	0.2904806208033238	0	0	0	0	0	0
0	0	0.8337570729765365	2.064242762197988	0	0.2877008697021978	0	0	0	0	0	0
1	0	0.9357572378020111	2.064242762197988	1	0.3119190792673372	1.068653235692719	0	-1.068653235692719	1	0.3119190792673372	-4.644054020260138
1	0	0.9999999999999996	1.999999999999999	1	0.3333333333333333	1	0	-1	1	0.3333333333333333	-4.345707162201954
0	0	0.9999999999999996	1.999999999999999	0	0.3333333333333333	0	0	0	0	0	0
0	0	0.8337570729765367	2.166242927023462	0	0.2779190243255123	0	0	0	0	0	0
2	0	0.9999999999999996	1.946336062693012	1	0.3394045956475105	2.000000000000001	0	-2.000000000000001	1	0.11519547954665	-8.691414324403908
0	0	0.8337570729765365	2.166242927023462	0	0.2779190243255123	0	0	0	0	0	0
0	0	0.9357572378020113	2.064242762197988	0	0.3119190792673372	0	0	0	0	0	0
0	0	0.9999999999999996	1.999999999999999	0	0.3333333333333333	0	0	0	0	0	0
0	0	0.8337570729765367	2.166242927023462	0	0.2779190243255123	0	0	0	0	0	0
0	0	0.8337570729765365	2.166242927023462	0	0.2779190243255123	0	0	0	0	0	0
1	0	0.8551242838139241	2.060798372296666	1	0.2932602763046306	1.169420654901669	0	-1.169420654901669	1	0.2932602763046306	-5.081959715633081
0	0	0.9999999999999996	1.999999999999999	0	0.3333333333333333	0	0	0	0	0	0
1	0	0.8337570729765365	2.166242927023462	1	0.2779190243255123	1.199390125027631	0	-1.199390125027631	1	0.2779190243255123	-5.212198256606872
0	0	0.8540856073038322	1.31215731971963	0	0.3942704655370269	0	0	0	0	0	0
0	0	0.8337570729765367	2.166242927023462	0	0.2779190243255123	0	0	0	0	0	0
0	0	0.9999999999999996	1.999999999999999	0	0.3333333333333333	0	0	0	0	0	0
0	0	0.8337570729765365	2.166242927023462	0	0.2779190243255123	0	0	0	0	0	0
1	0	0.9512175829757029	2.048080599327515	1	0.3171467207189266	1.051284183448008	0	-1.051284183448008	1	0.3171467207189266	-4.568573205519641
0	1	0.9366933786925175	2.063306621307481	0	0.3122311262308393	0	0.4846589400107279	0.4846589400107279	0.6877688737691607	0.3122311262308393	2.106185826829826
2	0	0.9999999999999997	1.999999999999999	1	0.3333333333333333	2.000000000000001	0	-2.000000000000001	1	0.1111111111111109	-8.691414324403908
2	0	0.8337570729765366	1.999999999999999	1	0.2942231996269076	2.398780250055262	0	-2.398780250055262	1	0.08656729119869511	-10.42439651321374
0	0	0.9999999999999996	1.999999999999999	0	0.3333333333333333	0	0	0	0	0	0
0	0	0.9999999999999996	1.999999999999999	0	0.3333333333333333	0	0	0	0	0	0
1	0	0.8337570729765367	2.064242762197988	1	0.2877008697021979	1.199390125027631	0	-1.199390125027631	1	0.2877008697021979	-5.212198256606871
0	0	0.9999999999999996	1.999999999999999	0	0.3333333333333333	0	0	0	0	0	0
1	0	0.9166980909950098	1.996100448621918	1	0.3147138665880985	1.090871694643295	0	-1.090871694643295	1	0.3147138665880984	-4.740608936454749
0	0	0.8337570729765367	1.999999999999999	0	0.2942231996269076	0	0	0	0	0	0
0	0	0.9999999999999996	1.999999999999999	0	0.3333333333333333	0	0	0	0	0	0
0	0	0.8893808629738237	2.026541793136766	0	0.3050083859769198	0	0	0	0	0	0
0	0	0.8426505280569152	1.792592182653012	0	0.3197620183644896	0	0	0	0	0	0
0	2	0.8356527328518987	2.163470307581342	0	0.2786323607220809	0	0.9244406974255662	0.9244406974255662	0.5203712709973981	0.4796287290026019	4.017348559833251
1	0	0.9999999999999997	1.999999999999999	1	0.3333333333333333	1	0	-1	1	0.3333333333333333	-4.345707162201954
1	0	1.833757072976536	1.166242927023463	1	0.6112523576588456	0.5453285032879573	0	-0.5453285032879573	1	0.6112523576588456	-2.369837982491347
0	0	0.8540856073038322	2.061837048806758	0	0.2929040677790323	0	0	0	0	0	0
0	0	1.723434703972472	1.174565131202053	0	0.5946979993077474	0	0	0	0	0	0
0	0	0.9999999999999996	1.999999999999999	0	0.3333333333333333	0	0	0	0	0	0
0	0	0.9999999999999996	1.999999999999999	0	0.3333333333333333	0	0	0	0	0	0
1	0	0.9999999999999996	1.944953562183761	1	0.3395639282197961	1	0	-1	1	0.3395639282197962	-4.345707162201954
0	0	0	2.999999999999999	0	0	0	0	0	0	0	0
0	0	1.102000164825474	1.064242762197988	0	0.5087149511618642	0	0	0	0	0	0
0	0	0.8337570729765367	2.166242927023462	0	0.2779190243255123	0	0	0	0	0	0
1	0	0.9999999999999996	1.999999999999999	1	0.3333333333333333	1	0	-1	1	0.3333333333333333	-4.345707162201954
1	0	0.9999999999999997	1.999999999999999	1	0.3333333333333333	1	0	-1	1	0.3333333333333333	-4.345707162201954
0	0	0.8896776309959348	2.055161184502031	0	0.3021142027583238	0	0	0	0	0	0
0	0	0.8641289520088559	2.051793704101735	0	0.2963483788563432	0	0	0	0	0	0
0	0	0.8540856073038322	1.31215731971963	0	0.3942704655370269	0	0	0	0	0	0
0	1	0.9999999999999996	1.999999999999999	0	0.3333333333333333	0	0.5000000000000002	0.5000000000000002	0.6666666666666667	0.3333333333333333	2.172853581100977
1	0	0.9160707380997399	2.000201725047202	1	0.3141238514837569	1.091618756510397	0	-1.091618756510397	1	0.3141238514837569	-4.743855448561223
0	0	0.9999999999999996	1.999999999999999	0	0.3333333333333333	0	0	0	0	0	0
0	0	0.1459143926961673	2.854085607303831	0	0.04863813089872247	0	0	0	0	0	0
0	0	0.8337570729765367	2.166242927023462	0	0.2779190243255123	0	0	0	0	0	0
0	0	0.9999999999999996	1.999999999999999	0	0.3333333333333333	0	0	0	0	0	0
0	0	0.9999999999999996	1.999999999999999	0	0.3333333333333333	0	0	0	0	0	0
0	0	0.1459143926961673	2.854085607303831	0	0.04863813089872247	0	0	0	0	0	0
0	0	0.9999999999999996	1.999999999999999	0	0.3333333333333333	0	0	0	0	0	0
0	0	0.9999999999999996	1.999999999999999	0	0.3333333333333333	0	0	0	0	0	0
0	0	0.8337570729765365	2.166242927023462	0	0.2779190243255123	0	0	0	0	0	0
0	0	0.1459143926961673	2.854085607303831	0	0.04863813089872247	0	0	0	0	0	0
0	0	0.8540856073038322	2.090753208194134	0	0.2900279644539418	0	0	0	0	0	0
0	0	0.8337570729765367	2.166242927023462	0	0.2779190243255123	0	0	0	0	0	0
0	0	0.9999999999999996	1.999999999999999	0	0.3333333333333333	0	0	0	0	0	0
0	0	0	1.220644738008129	0	0	0	0	0	0	0	0
0	0	0.8896776309959348	2.055161184502031	0	0.3021142027583238	0	0	0	0	0	0
1	0	0.9999999999999996	1.9452985924717	1	0.3395241496247747	1	0	-1	1	0.3395241496247747	-4.345707162201954
0	0	0	2.999999999999999	0	0	0	0	0	0	0	0
0	0	0.9732228224961239	2.019074916009406	0	0.3252426421249742	0	0	0	0	0	0
0	0	0.8337570729765367	2.166242927023462	0	0.2779190243255123	0	0	0	0	0	0
0	0	0.9999999999999996	1.999999999999999	0	0.3333333333333333	0	0	0	0	0	0
0	0	0	1.220644738008129	0	0	0	0	0	0	0	0
0	0	0.8337570729765365	1.999999999999999	0	0.2942231996269076	0	0	0	0	0	0
0	0	1	2	0	0.3333333333333333	0	0	0	0	0	0
0	0	0.8337570729765365	2.166242927023462	0	0.2779190243255123	0	0	0	0	0	0
1	0	0.9507704562217846	2.047471499827581	1	0.3171093161122218	1.05177857963093	0	-1.05177857963093	1	0.3171093161122218	-4.570721706552728
0	0	0.8337570729765367	2.166242927023462	0	0.2779190243255123	0	0	0	0	0	0
0	0	0.8540856073038322	1.31215731971963	0	0.3942704655370269	0	0	0	0	0	0
1	0	0.8337570729765367	2.166242927023462	1	0.2779190243255123	1.199390125027631	0	-1.199390125027631	1	0.2779190243255123	-5.212198256606871
1	0	0.9999999999999996	1.999999999999999	1	0.3333333333333333	1	0	-1	1	0.3333333333333333	-4.345707162201954
3	0	0.8891582573187252	2.055680558179241	1	0.3019378353203248	3.373977551585205	0	-3.373977551585205	0.9999999999999999	0.02752660249861394	-14.66231841103243
0	0	0.9999999999999996	1.945297976220122	0	0.3395242206642058	0	0	0	0	0	0
0	1	0.9155365620572178	2.000386094053372	0	0.3139783423742824	0	0.4999034951166377	0.4999034951166377	0.6860216576257177	0.3139783423742823	2.172434199138161
0	0	0.9999999999999996	1.944838815497967	0	0.3395771594483352	0	0	0	0	0	0
0	0	0.8540856073038322	1.31215731971963	0	0.3942704655370269	0	0	0	0	0	0
0	0	0.9999999999999996	1.999999999999999	0	0.3333333333333333	0	0	0	0	0	0
0	0	0.9999999999999996	1.999999999999999	0	0.3333333333333333	0	0	0	0	0	0
0	0	0.8337570729765367	2.166242927023462	0	0.2779190243255123	0	0	0	0	0	0
2	0	1.008689599263488	1.991310400736511	1	0.3362298664211629	1.982770518760512	0	-1.982770518760512	0.9999999999999998	0.1130505230735932	-8.616540044380438
0	0	0.8540856073038322	2.061837048806758	0	0.2929040677790323	0	0	0	0	0	0
0	0	0.8337570729765365	2.166242927023462	0	0.2779190243255123	0	0	0	0	0	0
0	0	0.9999999999999996	1.999999999999999	0	0.3333333333333333	0	0	0	0	0	0
0	0	0.8540856073038322	1.31215731971963	0	0.3942704655370269	0	0	0	0	0	0
1	0	0.9999999999999996	1.999999999999999	1	0.3333333333333333	1	0	-1	1	0.3333333333333333	-4.345707162201954
0	0	0.9999999999999996	1.999999999999999	0	0.3333333333333333	0	0	0	0	0	0
1	1	0.9358909279454204	2.064109072054578	0.5	0.3119636426484736	1.068500580719721	0.4844705221922296	-0.5840300585274911	0.9026786856654955	0.5266059709624427	-2.538023608284143
0	0	0.8337570729765367	2.166242927023462	0	0.2779190243255123	0	0	0	0	0	0
0	0	0.8540856073038322	1.31215731971963	0	0.3942704655370269	0	0	0	0	0	0
0	0	0.935757237802011	2.064242762197988	0	0.3119190792673371	0	0	0	0	0	0
0	0	0.8337570729765368	2.166242927023462	0	0.2779190243255124	0	0	0	0	0	0
0	0	0.9999999999999996	1.999310949536503	0	0.3334099120848188	0	0	0	0	0	0
1	0	0.8891582468413602	2.02676440926923	1	0.3049320409709927	1.124659197114117	0	-1.124659197114117	1	0.3049320409709927	-4.887439527935115
0	0	1.833757072976536	1.166242927023463	0	0.6112523576588457	0	0	0	0	0	0
0	0	0.8337570729765367	2.166242927023462	0	0.2779190243255123	0	0	0	0	0	0
1	0	1.102000164825474	1.11284713811719	1	0.4975513044900873	0.9074408806085542	0	-0.9074408806085542	1	0.4975513044900872	-3.943472334135441
0	0	1.723434703972472	1.174565131202053	0	0.5946979993077474	0	0	0	0	0	0
1	0	0.935757237802011	2.064242762197988	1	0.3119190792673371	1.068653235692719	0	-1.068653235692719	1	0.3119190792673372	-4.644054020260138
1	0	0.9999999999999996	1.999655704923569	1	0.3333715927326665	1	0	-1	1	0.3333715927326666	-4.345707162201954
0	0	0.8540856073038322	2.061837048806758	0	0.2929040677790323	0	0	0	0	0	0
2	0	0.9999999999999996	1.999999999999999	1	0.3333333333333333	2.000000000000001	0	-2.000000000000001	1	0.1111111111111109	-8.691414324403908
1	0	0.8337570729765365	2.166242927023462	1	0.2779190243255123	1.199390125027631	0	-1.199390125027631	1	0.2779190243255123	-5.212198256606872
0	0	0.8896776309959348	2.055161184502031	0	0.3021142027583238	0	0	0	0	0	0
0	0	0.8540856073038322	2.061837048806758	0	0.2929040677790323	0	0	0	0	0	0
0	0	0.8337570729765365	2.166242927023462	0	0.2779190243255123	0	0	0	0	0	0
0	0	0.8337570729765367	2.166242927023462	0	0.2779190243255123	0	0	0	0	0	0
1	0	0.8894549755180383	1.276787951505424	1	0.4105979825356886	1.124284002591112	0	-1.124284002591112	1	0.4105979825356886	-4.885809042409275
0	0	0.9357572378020113	2.064242762197988	0	0.3119190792673372	0	0	0	0	0	0
0	0	0.8540856073038322	2.090753208194134	0	0.2900279644539418	0	0	0	0	0	0
1	0	0.8544568460256228	2.061465810084968	1	0.2930313821030294	1.170334118863169	0	-1.170334118863169	1	0.2930313821030294	-5.085929362512985
0	0	0.8540856073038322	2.090753208194134	0	0.2900279644539418	0	0	0	0	0	0
1	0	0.8337570729765365	2.166242927023462	1	0.2779190243255123	1.199390125027631	0	-1.199390125027631	1	0.2779190243255123	-5.212198256606872
0	0	0.9999999999999996	1.833757072976536	0	0.3528884001865463	0	0	0	0	0	0
0	0	0.8540856073038322	2.090753208194134	0	0.2900279644539418	0	0	0	0	0	0
0	1	0.99822268368117	2.001777316318829	0	0.3327408945603901	0	0.4995560654263739	0.4995560654263739	0.6672591054396099	0.3327408945603901	2.17092437144482
0	0	0.8540856073038322	2.090753208194134	0	0.2900279644539418	0	0	0	0	0	0
0	0	1	1.969662911835309	0	0.3367385557514272	0	0	0	0	0	0
0	0	0.9159226561105908	1.999999999999999	0	0.314110751254389	0	0	0	0	0	0
0	1	0.9161907020971867	2.083809297902812	0	0.3053969006990623	0	0.4798903628112324	0.4798903628112324	0.6946030993009377	0.3053969006990623	2.085462986740466
1	0	0.8896035727566639	1.276639354266798	1	0.4106665792922073	1.124096204898598	0	-1.124096204898598	1	0.4106665792922073	-4.884992928631871
1	0	0.8337570729765365	2.166242927023462	1	0.2779190243255123	1.199390125027631	0	-1.199390125027631	1	0.2779190243255123	-5.212198256606872
0	0	0.9999999999999996	1.999999999999999	0	0.3333333333333333	0	0	0	0	0	0
0	0	0.8896776309959348	2.055161184502031	0	0.3021142027583238	0	0	0	0	0	0
0	0	0.8540856073038322	2.061837048806758	0	0.2929040677790323	0	0	0	0	0	0
0	0	0.8337570729765367	1.999999999999999	0	0.2942231996269076	0	0	0	0	0	0
1	0	0.9997324469373254	2.000267553062673	1	0.3332441489791087	1.000267624666474	0	-1.000267624666474	1	0.3332441489791087	-4.346870180631829
0	0	0.8893813361010224	2.055457479396944	0	0.3020135877795505	0	0	0	0	0	0
1	0	0.8337570729765365	2.166242927023462	1	0.2779190243255123	1.199390125027631	0	-1.199390125027631	1	0.2779190243255123	-5.212198256606872
1	0	0.9999999999999998	2	1	0.3333333333333334	1	0	-1	1	0.3333333333333334	-4.345707162201953
0	0	0.8540856073038322	2.061837048806758	0	0.2929040677790323	0	0	0	0	0	0
0	0	0.1459143926961673	2.854085607303831	0	0.04863813089872247	0	0	0	0	0	0
1	0	0.8337570729765367	2.166242927023462	1	0.2779190243255124	1.199390125027631	0	-1.199390125027631	1	0.2779190243255123	-5.212198256606871
1	0	0.9999999999999996	1.999999999999999	1	0.3333333333333333	1	0	-1	1	0.3333333333333333	-4.345707162201954
0	0	0	1.220644738008129	0	0	0	0	0	0	0	0
0	0	0.9999999999999996	1.833757072976536	0	0.3528884001865463	0	0	0	0	0	0
0	0	0.8337570729765365	1.999999999999999	0	0.2942231996269076	0	0	0	0	0	0
0	0	0.8337570729765365	2.166242927023462	0	0.2779190243255123	0	0	0	0	0	0
1	0	0.9999999999999997	1.999999999999999	1	0.3333333333333333	1	0	-1	1	0.3333333333333333	-4.345707162201954
0	0	0.8896776309959348	2.055161184502031	0	0.3021142027583238	0	0	0	0	0	0
0	0	0.9999999999999996	1.999999999999999	0	0.3333333333333333	0	0	0	0	0	0
0	0	0.9999999999999996	1.999999999999999	0	0.3333333333333333	0	0	0	0	0	0
1	0	0.9999999999999996	1.999999999999999	1	0.3333333333333333	1	0	-1	1	0.3333333333333333	-4.345707162201954
0	0	0.9999999999999996	1.999999999999999	0	0.3333333333333333	0	0	0	0	0	0
0	0	1.833757072976536	1.166242927023463	0	0.6112523576588457	0	0	0	0	0	0
1	0	0.8893811572793719	2.055457658218594	1	0.3020135270558023	1.124377317660982	0	-1.124377317660982	1	0.3020135270558023	-4.886214562376748
0	0	0.8337570729765363	2.166242927023462	0	0.2779190243255123	0	0	0	0	0	0
0	0	0.8540856073038322	1.31215731971963	0	0.3942704655370269	0	0	0	0	0	0
0	0	0.8337570729765367	2.166242927023462	0	0.2779190243255123	0	0	0	0	0	0
0	0	0.9999999999999996	1.999999999999999	0	0.3333333333333333	0	0	0	0	0	0
0	0	0.9357572378020113	2.064242762197988	0	0.3119190792673372	0	0	0	0	0	0
0	1	0.8339901822227851	2.165779874039225	0	0.2780180369098069	0	0.4617274414573717	0.4617274414573717	0.7219819630901931	0.2780180369098069	2.006532249326483
0	0	1.833757072976536	1.166242927023463	0	0.6112523576588457	0	0	0	0	0	0
0	0	0.9999999999999996	1.999999999999999	0	0.3333333333333333	0	0	0	0	0	0
0	0	0.8337570729765365	2.166242927023462	0	0.2779190243255123	0	0	0	0	0	0
1	0	0.9999999999999997	1.834449357986509	1	0.3528022108358865	1	0	-1	1	0.3528022108358866	-4.345707162201954
0	0	0.8540856073038322	2.090753208194134	0	0.2900279644539418	0	0	0	0	0	0
0	0	0	2.999999999999999	0	0	0	0	0	0	0	0
0	0	0.8337570729765365	2.166242927023462	0	0.2779190243255123	0	0	0	0	0	0
0	0	0.8540856073038322	2.061837048806758	0	0.2929040677790323	0	0	0	0	0	0
2	0	1.83352756305895	1.166260240179556	1	0.6112190872566098	1.090793528439418	0	-1.090793528439418	0.9999999999999999	0.3735887726268032	-4.740269249022718
0	0	0.8337570729765367	2.166242927023462	0	0.2779190243255123	0	0	0	0	0	0
0	0	0.8545304202536476	2.090308395244319	0	0.2901790127719259	0	0	0	0	0	0
0	0	0.8540856073038322	2.061837048806758	0	0.2929040677790323	0	0	0	0	0	0
1	0	0.9999999999999996	1.999999999999999	1	0.3333333333333333	1	0	-1	1	0.3333333333333333	-4.345707162201954
0	0	0.8896776309959348	2.026245025114655	0	0.3051101609747884	0	0	0	0	0	0
0	1	0.8875447271853437	2.028903385318603	0	0.3043238531760927	0	0.4928770917512012	0.4928770917512012	0.6956761468239073	0.3043238531760927	2.141899507708464
1	0	0.8549011959580795	1.311341731065383	1	0.394646964702505	1.169725817121252	0	-1.169725817121252	1	0.394646964702505	-5.083285861276355
2	0	1.833757072976536	1.166242927023463	1	0.6112523576588456	1.090657006575915	0	-1.090657006575915	0.9999999999999999	0.3736294447434974	-4.739675964982694
1	0	0.9513663035957782	2.04828319435124	1	0.3171591561770468	1.051119843345729	0	-1.051119843345729	1	0.3171591561770468	-4.56785903156013
0	0	0.8540856073038322	2.090753208194134	0	0.2900279644539418	0	0	0	0	0	0
1	0	0.8337570729765367	2.166242927023462	1	0.2779190243255123	1.199390125027631	0	-1.199390125027631	1	0.2779190243255123	-5.212198256606871
0	0	0.9999999999999996	1.999999999999999	0	0.3333333333333333	0	0	0	0	0	0
1	0	0.8893809659933625	2.055457849504604	1	0.3020134620994425	1.124377559489465	0	-1.124377559489465	1	0.3020134620994426	-4.88621561329252
1	0	0.8337570729765366	2.166242927023462	1	0.2779190243255122	1.199390125027631	0	-1.199390125027631	1	0.2779190243255123	-5.212198256606871
0	0	0	2.999999999999999	0	0	0	0	0	0	0	0
0	0	0.9999999999999998	1.975648718315883	0	0.3360611734324495	0	0	0	0	0	0
0	0	0.8337570729765367	2.166242927023462	0	0.2779190243255123	0	0	0	0	0	0
0	0	0.9999999999999996	1.999999999999999	0	0.3333333333333333	0	0	0	0	0	0
0	0	0.8337570729765367	2.064242762197988	0	0.2877008697021979	0	0	0	0	0	0
0	0	0.8337570729765365	2.166242927023462	0	0.2779190243255123	0	0	0	0	0	0
0	0	0.8540856073038322	2.061837048806758	0	0.2929040677790323	0	0	0	0	0	0
0	0	0.1459143926961673	2.854085607303831	0	0.04863813089872247	0	0	0	0	0	0
1	0	0.8337570729765365	1.999999999999999	1	0.2942231996269076	1.199390125027631	0	-1.199390125027631	1	0.2942231996269076	-5.212198256606872
1	0	0.8337570729765365	2.166242927023462	1	0.2779190243255123	1.199390125027631	0	-1.199390125027631	1	0.2779190243255123	-5.212198256606872
0	0	0.8540856073038322	2.061837048806758	0	0.2929040677790323	0	0	0	0	0	0
0	0	0.8337570729765367	2.064242762197988	0	0.2877008697021979	0	0	0	0	0	0
0	1	0.8337570729765365	2.166242927023462	0	0.2779190243255123	0	0.4616287432610596	0.4616287432610596	0.7220809756744877	0.2779190243255123	2.006103335867873
0	0	0.8337570729765367	2.166242927023462	0	0.2779190243255123	0	0	0	0	0	0
0	1	0.9999999999999997	1.999999999999999	0	0.3333333333333333	0	0.5000000000000002	0.5000000000000002	0.6666666666666667	0.3333333333333333	2.172853581100977
0	0	0.8337570729765365	2.064242762197988	0	0.2877008697021978	0	0	0	0	0	0
0	0	0.1459143926961673	2.854085607303831	0	0.04863813089872247	0	0	0	0	0	0
1	0	0.9999999999999996	1.945875616469713	1	0.3394576452614733	1	0	-1	1	0.3394576452614733	-4.345707162201954
0	0	0.9999999999999996	1.833757072976536	0	0.3528884001865463	0	0	0	0	0	0
0	0	0.4914598093214651	2.508540190678535	0	0.1638199364404884	0	0	0	0	0	0
0	0	0.9159226561105908	1.999999999999999	0	0.314110751254389	0	0	0	0	0	0
1	0	0.8337570729765367	2.166242927023462	1	0.2779190243255123	1.199390125027631	0	-1.199390125027631	1	0.2779190243255123	-5.212198256606871
1	0	0.9999999999999996	1.945183422735999	1	0.3395374265250433	1	0	-1	1	0.3395374265250433	-4.345707162201954
0	0	0.9999999999999996	1.999999999999999	0	0.3333333333333333	0	0	0	0	0	0
0	0	0.8337570729765367	1.999999999999999	0	0.2942231996269076	0	0	0	0	0	0
1	0	0.8337570729765365	2.166242927023462	1	0.2779190243255123	1.199390125027631	0	-1.199390125027631	1	0.2779190243255123	-5.212198256606872
0	0	0.8337570729765365	2.166242927023462	0	0.2779190243255123	0	0	0	0	0	0
0	0	0.8337570729765369	2.166242927023463	0	0.2779190243255123	0	0	0	0	0	0
0	0	1	2	0	0.3333333333333333	0	0	0	0	0	0
1	0	0.8337570729765366	1.999999999999999	1	0.2942231996269076	1.199390125027631	0	-1.199390125027631	1	0.2942231996269076	-5.212198256606871
1	0	0.9512177701140236	2.048080854257145	1	0.3171467363685587	1.05128397662307	0	-1.05128397662307	1	0.3171467363685587	-4.568572306719024
0	0	0.8337570729765368	2.166242927023462	0	0.2779190243255124	0	0	0	0	0	0
0	0	0.8540856073038322	2.090753208194134	0	0.2900279644539418	0	0	0	0	0	0
0	0	0.9999999999999997	1.999999999999999	0	0.3333333333333333	0	0	0	0	0	0
0	0	1.687842680280369	1.145914392696167	0	0.5956201032107118	0	0	0	0	0	0
1	0	0.8337570729765365	2.166242927023462	1	0.2779190243255123	1.199390125027631	0	-1.199390125027631	1	0.2779190243255123	-5.212198256606872
3	0	0.8337570729765365	2.166242927023462	1	0.2779190243255123	3.598170375082894	0	-3.598170375082894	1	0.02146618309597559	-15.63659476982062
0	0	1.102000164825474	1.897999835174524	0	0.3673333882751583	0	0	0	0	0	0
0	0	0.8337570729765363	2.166242927023462	0	0.2779190243255123	0	0	0	0	0	0
1	0	0.8893810217567715	1.276861905266691	1	0.4105638433538155	1.12437748899198	0	-1.12437748899198	1	0.4105638433538155	-4.886215306931093
1	0	0.9357572378020111	2.064242762197988	1	0.3119190792673372	1.068653235692719	0	-1.068653235692719	1	0.3119190792673372	-4.644054020260138
1	0	0.8887144465838321	2.027208209526758	1	0.3047798420583782	1.125220821878099	0	-1.125220821878099	1	0.3047798420583782	-4.889880184694424
0	0	0.9999999999999996	1.945986690157803	0	0.3394448465571426	0	0	0	0	0	0
0	2	0.9990634045758521	2.000936595424147	0	0.3330211348586175	0	0.9995319214880228	0.9995319214880228	0.4448608065452865	0.5551391934547135	4.34367303005998
0	0	0.8896776309959348	2.055161184502031	0	0.3021142027583238	0	0	0	0	0	0
2	0	1.832836900798073	1.166312340514287	1	0.6111189385147318	1.091204568791222	0	-1.091204568791222	1	0.3734663570113724	-4.742055510023505
1	0	0.8890086489013058	2.026914007209284	1	0.3048807371616338	1.124848449152733	0	-1.124848449152733	1	0.3048807371616338	-4.888261961874789
0	0	0.9999999999999996	1.833757072976536	0	0.3528884001865463	0	0	0	0	0	0
0	2	0.9914351596224298	1.993618591575734	0	0.3321331011960773	0	1.003200917392741	1.003200917392741	0.4460461945179691	0.5539538054820309	4.359617411841201
0	0	0.8337570729765365	1.999999999999999	0	0.2942231996269076	0	0	0	0	0	0
0	0	0.8540856073038322	2.061837048806758	0	0.2929040677790323	0	0	0	0	0	0
0	0	0.8337570729765367	2.166242927023462	0	0.2779190243255123	0	0	0	0	0	0
0	0	0	1.220644738008129	0	0	0	0	0	0	0	0
1	0	0.9357572378020109	2.064242762197988	1	0.3119190792673371	1.068653235692719	0	-1.068653235692719	1	0.3119190792673372	-4.644054020260139
0	0	1.833757072976536	1.166242927023463	0	0.6112523576588457	0	0	0	0	0	0
0	0	0	1.220644738008129	0	0	0	0	0	0	0	0
0	0	0.9357572378020113	2.064242762197988	0	0.3119190792673372	0	0	0	0	0	0
0	0	0.9999999999999996	1.999999999999999	0	0.3333333333333333	0	0	0	0	0	0
0	0	0.8337570729765367	2.166242927023462	0	0.2779190243255123	0	0	0	0	0	0
0	0	0.9999999999999996	1.999999999999999	0	0.3333333333333333	0	0	0	0	0	0
0	0	0.1459143926961673	2.854085607303831	0	0.04863813089872247	0	0	0	0	0	0
0	0	0.9999999999999996	1.833757072976536	0	0.3528884001865463	0	0	0	0	0	0
1	0	0.8337570729765367	2.064242762197988	1	0.2877008697021978	1.199390125027631	0	-1.199390125027631	1	0.2877008697021979	-5.212198256606871
0	0	0.8337570729765367	2.166242927023462	0	0.2779190243255123	0	0	0	0	0	0
1	0	1.723138033257214	1.174326318282655	1	0.5947055163392935	0.5803365607975814	0	-0.5803365607975814	1	0.5947055163392935	-2.521972748745698
0	0	0.9999999999999996	1.999999999999999	0	0.3333333333333333	0	0	0	0	0	0
0	0	0.8337570729765367	2.064667125125284	0	0.2876587469572482	0	0	0	0	0	0
1	1	0.9993312539683453	2.000668746031653	0.5	0.3331104179894486	1.000669193552187	0.4998328693760574	-0.5008363241761298	0.8890374494268947	0.5552582854057921	-2.176488001063106
0	0	0.9999999999999996	1.999999999999999	0	0.3333333333333333	0	0	0	0	0	0
0	0	1.723434703972472	1.174565131202053	0	0.5946979993077474	0	0	0	0	0	0
0	0	1.723434703972472	1.174565131202053	0	0.5946979993077474	0	0	0	0	0	0
0	0	0.9999999999999996	1.999999999999999	0	0.3333333333333333	0	0	0	0	0	0
1	0	0.8337570729765365	2.166242927023462	1	0.2779190243255123	1.199390125027631	0	-1.199390125027631	1	0.2779190243255123	-5.212198256606872
0	0	0.935757237802011	2.064242762197988	0	0.3119190792673371	0	0	0	0	0	0
0	0	0	2.999999999999999	0	0	0	0	0	0	0	0
0	0	0	1.220644738008129	0	0	0	0	0	0	0	0
0	0	0.9999999999999996	1.999999999999999	0	0.3333333333333333	0	0	0	0	0	0
0	0	0.8337570729765365	2.064242762197988	0	0.2877008697021978	0	0	0	0	0	0
0	0	0.8540856073038322	1.31215731971963	0	0.3942704655370269	0	0	0	0	0	0
1	0	0.8890848767774431	2.026837779333147	1	0.3049068791019824	1.124752007507514	0	-1.124752007507514	1	0.3049068791019824	-4.887842854726427
0	0	0.9999999999999996	1.999999999999999	0	0.3333333333333333	0	0	0	0	0	0
0	0	0.8337570729765365	2.166242927023462	0	0.2779190243255123	0	0	0	0	0	0
1	0	0.9357572378020113	2.064242762197988	1	0.3119190792673372	1.068653235692719	0	-1.068653235692719	1	0.3119190792673372	-4.644054020260137
0	0	0.9515146798026934	2.048485320197305	0	0.3171715599342314	0	0	0	0	0	0
0	0	0.8337570729765365	2.064242762197988	0	0.2877008697021978	0	0	0	0	0	0
1	0	0.8337570729765363	2.166242927023462	1	0.2779190243255123	1.199390125027632	0	-1.199390125027632	1	0.2779190243255123	-5.212198256606873
1	0	0.9357572378020114	2.064242762197988	1	0.3119190792673372	1.068653235692718	0	-1.068653235692718	1	0.3119190792673372	-4.644054020260136
0	0	0.8337570729765365	2.064242762197988	0	0.2877008697021978	0	0	0	0	0	0
0	0	0.9357572378020113	2.064242762197988	0	0.3119190792673372	0	0	0	0	0	0