Observed S Changes	Observed NS Changes	E[S Sites]	E[NS Sites]	Observed S. Prop.	P{S}	dS	dN	dN-dS	P{S leq. observed}	P{S geq. observed}	Scaled dN-dS
0	0	0	3.000000000000001	0	0	0	0	0	0	0	0
1	3	0.8694776804415512	2.031746264400283	0.25	0.2996934042225246	1.150115779271258	1.476562330919565	0.3264465516483075	0.6522407953442232	0.7594790741497439	0.2614613273791951
11	2	0.9999075307686037	2.000092469231396	0.8461538461538461	0.3333025102562012	11.0010172556102	0.9999537675218426	-10.00106348808836	0.999983082999115	0.0002124304658599474	-8.010166814738794
0	5	0.9246276404527672	2.075372359547234	0	0.3082092134842557	0	2.409206221234828	2.409206221234828	0.1584432960181513	0.8415567039818487	1.929609160683989
0	0	0.9245628874021129	2.075437112597888	0	0.3081876291340375	0	0	0	0	0	0
8	0	1	2	1	0.3333333333333333	7.999999999999998	0	-7.999999999999998	1	0.000152415790275473	-6.407452026900298
2	1	1.671706571377149	1.208466750709452	0.6666666666666666	0.5804187402742993	1.196382208602796	0.8274948395666921	-0.3688873690361034	0.8044651021442076	0.6195879464732288	-0.2954535150535375
0	1	0.8048577186614897	2.195142281338511	0	0.2682859062204965	0	0.4555513364674656	0.4555513364674656	0.7317140937795035	0.2682859062204965	0.3648654167757003
0	2	0.8047193048655261	2.000238363678799	0	0.2868917823216731	0	0.9998808323632187	0.9998808323632187	0.5085233301203602	0.4914766698796398	0.800836058248058
1	2	0.9237235275873825	2.076276472412618	0.3333333333333333	0.3079078425291275	1.082575002297321	0.9632628537547385	-0.1193121485425823	0.7739620666627705	0.6684937016823549	-0.09556085850162484
1	2	1.79720436275234	1.201652981701909	0.3333333333333333	0.5992963840297	0.5564197487638768	1.66437401683753	1.107954268073653	0.3530135033458064	0.9356616698953926	0.8873954775851707
3	1	0.804719304865526	2.075347724638809	0.75	0.2794099222767116	3.728007992179733	0.4818469638258037	-3.246161028353929	0.9939050899853354	0.06896929393627493	-2.599952632596393
7	1	1.804219997141507	1.195496872079751	0.875	0.6014634299836077	3.87979293605567	0.8364722847499766	-3.043320651305693	0.9828732951684809	0.1079135139237732	-2.437491384464525
1	7	0.9995897675797335	2.000410232420267	0.125	0.3331965891932445	1.000410400779972	3.499282240488643	2.498871839708672	0.1953163963130179	0.9609174851853489	2.001425179288176
7	7	0.8077623176958821	2.192237682304119	0.5	0.2692541058986273	8.665915513324874	3.193084425336013	-5.472831087988861	0.9836100541768387	0.05556849129704877	-4.38336283095215
7	7	1	2	0.5	0.3333333333333333	6.999999999999998	3.499999999999999	-3.499999999999999	0.9423836951483485	0.1494621855169872	-2.80326026176888
0	0	0.8274622269964718	1.367818468138003	0	0.3769277563595504	0	0	0	0	0	0
1	5	0.8280748214969708	2.074022684246628	0.1666666666666667	0.2853366642085979	1.207620343041258	2.410774018036457	1.203153674995199	0.4523979371846524	0.8667678571447992	0.9636436816900666
7	10	0.97757673938552	2.022423260614478	0.4117647058823529	0.3258589131285068	7.160563174201569	4.944563383315554	-2.215999790886015	0.8449441770391911	0.3021481935066905	-1.774864043965405
2	1	1	2	0.6666666666666666	0.3333333333333333	2	0.5	-1.5	0.962962962962963	0.2592592592592592	-1.201397255043806
4	5	0.9960837276049763	1.938696340733451	0.4444444444444444	0.3394066009753587	4.015726679541046	2.57905268346893	-1.436673996072117	0.845654070641189	0.3646863952270011	-1.150677463515905
0	3	0.805768408631708	2.194231591368293	0	0.2685894695439026	0	1.367221223047491	1.367221223047491	0.3912763750621558	0.6087236249378442	1.095050549604594
0	2	0.8049039304106383	2.195003885915926	0	0.2683095547236702	0	0.9111601181359388	0.9111601181359388	0.5353709077086738	0.4646290922913262	0.7297768432226047
3	1	0.8047193048655258	2.195280695134474	0.75	0.2682397682885086	3.728007992179734	0.4555226136759445	-3.272485378503789	0.9948228271967352	0.06167064794007215	-2.621036633936962
1	1	0.8047193048655259	2.195280695134475	0.5	0.2682397682885085	1.242669330726578	0.4555226136759444	-0.7871467170506333	0.9280474267085275	0.4645269632855442	-0.6304506034542496
4	0	1	2	1	0.3333333333333333	3.999999999999999	0	-3.999999999999999	1	0.01234567901234551	-3.203726013450149
3	0	1	2	1	0.3333333333333333	3	0	-3	1	0.03703703703703698	-2.402794510087612
6	3	0.9971623937942773	2.002481868113915	0.6666666666666666	0.3324268835665009	6.017074086768909	1.498140905927713	-4.518933180841196	0.9918570609894811	0.04186799135520358	-3.619355946125992
2	0	1.803672588556729	1.196242271421881	1	0.6012412594168054	1.108848697201951	0	-1.108848697201951	0.9999999999999999	0.3614910520251063	-0.8881118540515498
4	0	0.8047193048655259	2.075437112597888	1	0.2794012505661937	4.970677322906311	0	-4.970677322906311	1	0.006094153408250369	-3.981172060965425
0	0	1	2	0	0.3333333333333333	0	0	0	0	0	0
7	0	1	1.999752598120949	1	0.3333608246981442	6.999999999999998	0	-6.999999999999998	1	0.0004575114135900726	-5.60652052353776
3	0	0.8047193048655259	2.195280695134475	1	0.2682397682885085	3.728007992179733	0	-3.728007992179733	1	0.01930054158746652	-2.985879045724069
0	2	0.8047193048655261	2.195096198510941	0	0.2682562657469326	0	0.9111218002002435	0.9111218002002435	0.5354488926186237	0.4645511073813763	0.7297461531807625
1	2	1	1.999953770894747	0.3333333333333333	0.3333384699797379	0.9999999999999998	1.000023115086921	2.311508692165454e-05	0.7407338918524831	0.7037105525128063	1.85136013185165e-05
3	0	0.9999999999999992	1.999999999999998	1	0.3333333333333333	3.000000000000002	0	-3.000000000000002	1	0.03703703703703698	-2.402794510087614
1	0	1	2	1	0.3333333333333333	0.9999999999999998	0	-0.9999999999999998	1	0.3333333333333333	-0.8009315033625373
5	0	0.8047193048655259	2.195280695134475	1	0.2682397682885085	6.213346653632889	0	-6.213346653632889	1	0.001388723633137134	-4.976465076206781
3	0	1	1.934795850508888	1	0.3407392033168515	3	0	-3	0.9999999999999999	0.03956091346417534	-2.402794510087612
10	0	1	2	1	0.3333333333333333	10	0	-10	1.000000000000001	1.693508780764574e-05	-8.009315033625375
0	6	0.175977034132959	2.824022965867042	0	0.05865901137765297	0	2.124628614044525	2.124628614044525	0.6957958225533863	0.3042041774466137	1.701681989933745
4	0	1	2	1	0.3333333333333333	3.999999999999999	0	-3.999999999999999	1	0.01234567901234551	-3.203726013450149
2	1	0.8275807536601384	2.073366427525003	0.6666666666666666	0.2852794973406038	2.416682590979318	0.4823074140318311	-1.934375176947487	0.9767827016721518	0.197718578153026	-1.549302018539725
3	0	1	2	1	0.3333333333333333	3	0	-3	1	0.03703703703703698	-2.402794510087612
4	0	0.9220656964073327	2.077934303592667	1	0.3073552321357776	4.338085686936732	0	-4.338085686936732	1	0.008924059191614986	-3.474509490953743
7	2	0.9985832472094052	2.001416752790595	0.7777777777777778	0.3328610824031351	7.009931339787522	0.9992921250466102	-6.010639214740912	0.9990450172952695	0.008208960141768862	-4.814110302432261
4	3	0.8047193048655261	2.195280695134475	0.5714285714285714	0.2682397682885087	4.97067732290631	1.366567841027833	-3.604109481878477	0.9823758518141262	0.08862558154070155	-2.886644825604105
0	0	0.804719304865526	2.195280695134475	0	0.2682397682885086	0	0	0	0	0	0
7	6	0.9882580683988513	1.208685943633407	0.5384615384615384	0.4498330694757553	7.083170098819641	4.964068649597695	-2.119101449221946	0.8215577787406334	0.3557973830926811	-1.697255109503065
1	1	0.9239042438824554	2.076095756117545	0.5	0.3079680812941517	1.08236324989457	0.4816733510741696	-0.6006898988204006	0.9051556609039989	0.5210918234923021	-0.4811114637169139
2	0	0.8275310168554658	2.106986358449669	1	0.2819990175622722	2.416827840000243	0	-2.416827840000243	1	0.07952344590608651	-1.935713555259829
4	0	1	2	1	0.3333333333333333	3.999999999999999	0	-3.999999999999999	1	0.01234567901234551	-3.203726013450149
0	0	1	2	0	0.3333333333333333	0	0	0	0	0	0
1	0	0.804719304865526	2.195280695134475	1	0.2682397682885086	1.242669330726578	0	-1.242669330726578	1	0.2682397682885086	-0.9952930152413562
2	0	1	2	1	0.3333333333333333	2	0	-2	1	0.1111111111111109	-1.601863006725075
2	0	1	2	1	0.3333333333333333	2	0	-2	1	0.1111111111111109	-1.601863006725075
12	0	0.8683270050242919	2.066190370280843	1	0.2959011292049352	13.81967845128149	0	-13.81967845128149	1	4.505670927468231e-07	-11.06861583797175
6	0	1.793053420783522	1.196271370729047	1	0.5998188707611978	3.34624720627573	0	-3.34624720627573	1	0.04657155609504382	-2.680114805545111
3	2	0.9998750899849256	2.000124910015075	0.6	0.3332916966616418	3.000374776858606	0.9999375488928469	-2.000437227965759	0.9547530683971865	0.2098148631045278	-1.602213196377003
1	0	0.8690052967091336	1.326275398425341	1	0.3958515640551842	1.150740972220693	0	-1.150740972220693	1	0.3958515640551842	-0.9216646968615874
2	8	0.8050888652956403	2.19491113470436	0.2	0.2683629550985467	2.484197814940058	3.644794485530525	1.160596670590467	0.4712434250705268	0.7948432583287763	0.9295584361735785
3	0	1	1.999858958813438	1	0.3333490053130829	3	0	-3	0.9999999999999999	0.03704226127590182	-2.402794510087612
3	2	1	1.805903675621434	0.6	0.3563914216615174	3	1.107478780290857	-1.892521219709143	0.9423344699089449	0.2451759360220194	-1.515779865647147
0	6	0.5339808608282424	2.465825822726713	0	0.178005090713193	0	2.433261889262394	2.433261889262394	0.3084713026519978	0.6915286973480022	1.948876103041698
1	3	0.9992155850485092	2.000274056595194	0.25	0.3331285333264044	1.000785030741342	1.499794485714877	0.4990094549735351	0.5929566814594346	0.8022262979973086	0.3996723929640739
0	5	0.8359280944459702	2.098549547982499	0	0.2848643596255809	0	2.382598021003075	2.382598021003075	0.1870432814481199	0.81295671855188	1.9082978148706
0	2	0.1728065183417175	2.827193481658283	0	0.05760217278057247	0	0.7074153265332606	0.7074153265332606	0.888113664747898	0.111886335252102	0.5665912209819847
3	0	0.8047193048655258	2.075437112597887	1	0.2794012505661937	3.728007992179734	0	-3.728007992179734	0.9999999999999999	0.02181147505925962	-2.985879045724069
1	14	0.8054444535493027	2.194462442053554	0.06666666666666667	0.2684898170439525	1.241550544663088	6.37969451274771	5.138143968084622	0.05978441169361798	0.9908102088578971	4.11530137285117
5	6	0.8046332691804627	2.195366730819539	0.4545454545454545	0.2682110897268208	6.21401101783004	2.733028571385965	-3.480982446444075	0.9524978981067963	0.1459804083992911	-2.788028504009056
3	0	1	2	1	0.3333333333333333	3	0	-3	1	0.03703703703703698	-2.402794510087612
4	0	0.8047193048655261	2.195280695134474	1	0.2682397682885087	4.97067732290631	0	-4.97067732290631	0.9999999999999999	0.005177172803264907	-3.981172060965424
2	3	0.8694352629195836	1.336109532970387	0.4	0.3942043093115927	2.300343780954955	2.245324897376127	-0.05501888357882745	0.6925257307089927	0.6529529671744456	-0.04406635713811869
3	3	0.9249909332376108	2.075009066762389	0.5	0.3083303110792036	3.243275033517937	1.445776815173565	-1.797498218344372	0.9227196626610974	0.2712683486619343	-1.43967295031004
1	1	0.9999464551526692	2.000053544847331	0.5	0.3333154850508897	1.000053547714535	0.4999866141465389	-0.5000669335679959	0.8889007874252901	0.5555317575270695	-0.4005193608845091
1	0	0.804719304865526	2.195280695134474	1	0.2682397682885087	1.242669330726578	0	-1.242669330726578	1	0.2682397682885087	-0.9952930152413562
2	0	1	1.934594684145349	1	0.3407625609773886	2	0	-2	1	0.1161191229638684	-1.601863006725075
1	6	0.8280320413879402	2.104273156305148	0.1428571428571428	0.2823826258055853	1.207682734503617	2.851340845185366	1.643658110681749	0.3679619704770132	0.9019944627150134	1.316457561602361
4	0	0.804719304865526	2.195280695134475	1	0.2682397682885086	4.970677322906311	0	-4.970677322906311	1	0.005177172803264796	-3.981172060965425
1	0	0.8047193048655258	2.075437112597887	1	0.2794012505661937	1.242669330726578	0	-1.242669330726578	1	0.2794012505661937	-0.9952930152413563
3	0	1	2	1	0.3333333333333333	3	0	-3	1	0.03703703703703698	-2.402794510087612
5	1	1.80280852680012	1.196775357571585	0.8333333333333334	0.6010195401412278	2.773450383482881	0.8355787021125934	-1.937871681370287	0.9528662980533278	0.2348689566751025	-1.552102479083592
0	4	0.1717220509499549	2.828277949050046	0	0.05724068364998493	0	1.414288154155255	1.414288154155255	0.7899567805604266	0.2100432194395734	1.132747937495397
0	0	0.8047193048655261	2.195280695134475	0	0.2682397682885087	0	0	0	0	0	0
4	1	1	2	0.8	0.3333333333333333	3.999999999999999	0.4999999999999999	-3.499999999999999	0.9958847736625519	0.04526748971193373	-2.80326026176888
1	0	1.804719304865526	1.195280695134474	1	0.601573101621842	0.5541027888957571	0	-0.5541027888957571	1	0.601573101621842	-0.4437983797276535
2	0	1.673665558292498	1.206330273009659	1	0.5811347155790046	1.194981870834716	0	-1.194981870834716	1	0.3377175576510905	-0.957098626298627
5	0	1	1.934903771123173	1	0.3407266738484256	5	0	-5	1	0.004592304411944803	-4.004657516812688
6	0	0.8047193048655259	2.195280695134475	1	0.2682397682885085	7.456015984359467	0	-7.456015984359467	1	0.0003725109055694453	-5.971758091448137
2	0	1	2	1	0.3333333333333333	2	0	-2	1	0.1111111111111109	-1.601863006725075
3	0	0.8687205046204435	1.326560190514031	1	0.3957218348185898	3.453354656697948	0	-3.453354656697948	1	0.06196836564774388	-2.765900536833108
1	0	0.804719304865526	2.075437112597888	1	0.2794012505661936	1.242669330726578	0	-1.242669330726578	1	0.2794012505661936	-0.9952930152413562
2	0	0.804719304865526	2.195280695134475	1	0.2682397682885086	2.485338661453155	0	-2.485338661453155	0.9999999999999999	0.07195257329147287	-1.990586030482712
0	6	0.9983379323615842	2.001662067638416	0	0.3327793107871947	0	2.997508968673653	2.997508968673653	0.08823015187130288	0.9117698481286971	2.400799364622478
2	2	0.8053521215957894	2.194509427613197	0.5	0.2684630968413017	2.483385771725589	0.9113654171790228	-1.572020354546567	0.9381881516794153	0.2932276021664024	-1.259080625883491
0	0	0.8274622269964718	1.367818468138003	0	0.3769277563595504	0	0	0	0	0	0
6	1	0.8047193048655252	2.195280695134472	0.8571428571428571	0.2682397682885087	7.456015984359473	0.4555226136759449	-7.000493370683528	0.9999000777610051	0.002008042905017215	-5.606915679661035
1	2	0.8690868485252743	2.031915077664271	0.3333333333333333	0.2995816171921046	1.150632991049017	0.9842931045617528	-0.1663398864872639	0.7845269521384686	0.656384609606393	-0.1332268553533981
1	4	0.8292675292185595	2.073219886008833	0.2	0.2857092591919443	1.205883463135625	1.92936601997409	0.7234825568384649	0.5578137638240876	0.8140590256010135	0.5794599719052042
0	0	0	1.261930498779465	0	0	0	0	0	0	0	0
1	1	0.8048115155638086	2.195188484436192	0.5	0.2682705051879362	1.242526952785278	0.4555417482780929	-0.7869852045071847	0.9280309360462097	0.4645719464220818	-0.6303212429700135
4	0	1.001711828102444	1.998288171897557	1	0.3339039427008146	3.993164388981263	0	-3.993164388981263	0.9999999999999999	0.0124304310446437	-3.198251157240512
1	0	0.8047193048655261	2.195280695134475	1	0.2682397682885087	1.242669330726577	0	-1.242669330726577	1	0.2682397682885087	-0.9952930152413559
2	3	0.9998219388666639	2.000178061133337	0.4	0.3332739796222213	2.0003561856895	1.499866466038602	-0.5004897196508979	0.7902113803847117	0.5389774030891414	-0.4008579835774886
0	0	0.8274622269964718	2.107055148308663	0	0.2819755759362069	0	0	0	0	0	0
4	0	1.094285642829881	1.284589255027152	1	0.4600013408925575	3.655352719108868	0	-3.655352719108868	1	0.0447750820707542	-2.927687148636204
0	1	0.8048114879588399	2.195188512041161	0	0.2682704959862799	0	0.4555417425495571	0.4555417425495571	0.7317295040137202	0.2682704959862798	0.3648577327046068
0	5	0.8290151232053941	2.071978969431032	0	0.2857693248358132	0	2.413151906350191	2.413151906350191	0.1858628074461365	0.8141371925538635	1.932769384195232
2	0	1	2	1	0.3333333333333333	2	0	-2	1	0.1111111111111109	-1.601863006725075
1	11	0.8047193048655252	2.02705949574778	0.08333333333333333	0.2841744929693094	1.242669330726579	5.426579744242836	4.183910413516257	0.1043276938045444	0.9818996890960148	3.351025657431751
2	0	0.8047193048655259	2.195280695134475	1	0.2682397682885085	2.485338661453155	0	-2.485338661453155	1	0.07195257329147253	-1.990586030482712
1	3	0.8047461548582548	2.195136904695411	0.25	0.2682591750686402	1.242627869624474	1.366657356806758	0.1240294871822847	0.7071239242658247	0.7132990429876185	0.09933912363019184
0	0	0.8047193048655261	2.075437112597888	0	0.2794012505661937	0	0	0	0	0	0
0	0	0.804719304865526	2	0	0.2869161642912101	0	0	0	0	0	0
7	0	1	2	1	0.3333333333333333	6.999999999999998	0	-6.999999999999998	1	0.0004572473708274183	-5.60652052353776
0	0	0.8047193048655261	2	0	0.2869161642912101	0	0	0	0	0	0
0	2	0.8047193048655261	2.19518843726611	0	0.2682480176186082	0	0.9110835161334953	0.9110835161334953	0.5354609637190968	0.4645390362809032	0.729715490265627
3	0	1	2	1	0.3333333333333333	3	0	-3	1	0.03703703703703698	-2.402794510087612
2	1	1	1.999943368465603	0.6666666666666666	0.333339625844829	2	0.5000141582845018	-1.499985841715498	0.9629608654195355	0.2592676493141817	-1.201385915227715
2	0	0.8047193048655259	2.195280695134474	1	0.2682397682885087	2.485338661453155	0	-2.485338661453155	0.9999999999999998	0.07195257329147298	-1.990586030482712
0	2	0.804719304865526	2.000138208585529	0	0.286902026575821	0	0.9999309004823088	0.9999309004823088	0.508508719701671	0.491491280298329	0.8008761593819514
4	1	1	2	0.8	0.3333333333333333	3.999999999999999	0.4999999999999999	-3.499999999999999	0.9958847736625519	0.04526748971193373	-2.80326026176888
4	0	1	2	1	0.3333333333333333	3.999999999999999	0	-3.999999999999999	1	0.01234567901234551	-3.203726013450149
3	0	1	2	1	0.3333333333333333	3	0	-3	1	0.03703703703703698	-2.402794510087612
5	0	0.9423724043544457	2.057276630080532	1	0.3141608880026705	5.305758081302429	0	-5.305758081302429	1	0.003060275878792651	-4.249548796535486
1	0	1	1.80473710609819	1	0.3565396549379811	0.9999999999999998	0	-0.9999999999999998	1	0.3565396549379811	-0.8009315033625373
5	1	1.797920004208039	1.201018934470504	0.8333333333333334	0.5995187101076079	2.780991361293873	0.8326263402673765	-1.948365021026497	0.9535681007854411	0.2325322484723412	-1.560506925389734
0	4	0.9997499938801712	2.000250006119829	0	0.333249997960057	0	1.999750025127794	1.999750025127794	0.1976296505683084	0.8023703494316916	1.601662793974876
3	0	1	2	1	0.3333333333333333	3	0	-3	1	0.03703703703703698	-2.402794510087612
1	1	1	1.808412231993501	0.5	0.3560730823658918	1	0.5529712652394808	-0.4470287347605192	0.873211960014453	0.5853581247462363	-0.3580393965779957
8	1	0.9999538974886546	2.000046102511345	0.8888888888888888	0.3333179658295515	8.000368837095079	0.4999884746378377	-7.500380362457242	0.9999492158129403	0.000964962771578648	-6.007290919493732
4	0	1	1.999782883630599	1	0.3333574591204125	3.999999999999998	0	-3.999999999999998	1	0.0123492535910783	-3.203726013450149
1	0	1	2	1	0.3333333333333333	0.9999999999999998	0	-0.9999999999999998	1	0.3333333333333333	-0.8009315033625373
6	0	1.802285449503389	1.197232695317344	1	0.6008583253998295	3.329106386368082	0	-3.329106386368082	1	0.04705789522174286	-2.666386182887612
6	0	0.8685432799339775	2.065974095371157	1	0.2959748295385933	6.908118614948113	0	-6.908118614948113	0.9999999999999996	0.0006722466932894688	-5.532929827677122
1	0	0.8047193048655261	2.195280695134475	1	0.2682397682885087	1.242669330726577	0	-1.242669330726577	1	0.2682397682885087	-0.9952930152413559
1	3	0.804797499167983	2.195108865276565	0.25	0.2682742063907706	1.242548592700427	1.366674813926381	0.1241262212259548	0.707098015255142	0.7133225997525677	0.09941660097321492
0	6	0.8047193048655261	2.195280695134475	0	0.2682397682885087	0	2.733135682055666	2.733135682055666	0.1535369190474253	0.8464630809525747	2.189054470722639
0	0	0.8274622269964718	2.107055148308663	0	0.2819755759362069	0	0	0	0	0	0
1	7	0.8052056919795065	2.194513029833697	0.125	0.2684270648858682	1.241918692280495	3.189773724209998	1.947855031929503	0.3228817402189006	0.9179533144721961	1.56009845905558
0	0	0.804719304865526	2.195280695134475	0	0.2682397682885086	0	0	0	0	0	0
1	1	0.8047193048655261	2.195280695134475	0.5	0.2682397682885087	1.242669330726577	0.4555226136759444	-0.7871467170506331	0.928047426708527	0.4645269632855445	-0.6304506034542495
0	0	0	1.261930498779465	0	0	0	0	0	0	0	0
4	8	0.9993540785151395	2.00064592148486	0.3333333333333333	0.3331180261717132	4.002585355876349	3.998708574110143	-0.003876781766205539	0.6321366843875613	0.6063090534415413	-0.003105036648215476
2	1	0.9999593073932465	1.934897900103447	0.6666666666666666	0.3407182144463405	2.000081388525418	0.5168231357047502	-1.483258252820668	0.9604463967109005	0.2691594983883081	-1.187988262306548
1	0	1	2	1	0.3333333333333333	0.9999999999999998	0	-0.9999999999999998	1	0.3333333333333333	-0.8009315033625373
3	2	0.9998615221773132	2.000138477822687	0.6	0.3332871740591044	3.00041549100435	0.9999307658823512	-2.000484725121999	0.954755301045906	0.2098081638350771	-1.602251238345755
0	0	0.8274622269964718	1.367818468138003	0	0.3769277563595504	0	0	0	0	0	0
8	1	0.8047193048655259	2.195280695134475	0.8888888888888888	0.2682397682885085	9.941354645812622	0.4555226136759444	-9.485832032136678	0.9999928103377754	0.0001837107663157367	-7.597501710143743
4	0	1	1.934827185156055	1	0.3407355653027408	3.999999999999999	0	-3.999999999999999	0.9999999999999998	0.0134793784528443	-3.203726013450149
1	2	0.9995945560372583	2.00017268120777	0.3333333333333333	0.3332240393942302	1.000405608414225	0.9999136668501714	-0.0004919415640531888	0.7408864540451021	0.7035579545599304	-0.0003940114964636385
2	0	0.8047193048655259	2.195280695134475	1	0.2682397682885085	2.485338661453155	0	-2.485338661453155	1	0.07195257329147253	-1.990586030482712
1	1	0.9999077296716448	1.999943398072988	0.5	0.3333191172134604	1.000092278842954	0.5000141508822366	-0.5000781279607179	0.8888983661000395	0.5555366005269602	-0.4005283268263012
1	9	1	2	0.1	0.3333333333333333	0.9999999999999998	4.499999999999999	3.499999999999999	0.1040491794949958	0.9826584700841674	2.80326026176888
1	0	0.8047193048655259	2.075437112597888	1	0.2794012505661937	1.242669330726578	0	-1.242669330726578	1	0.2794012505661937	-0.9952930152413562
0	10	0.2147655713452774	2.778661696026127	0	0.071745712243033	0	3.598854806362858	3.598854806362858	0.4749737842503758	0.5250262157496242	2.882436190443697
2	0	0.9424508610476128	2.05738510831307	1	0.3141674647125675	2.122126556048591	0	-2.122126556048591	1	0.09870119588392223	-1.699678012861562
3	22	0.9199437687388032	1.988961538711101	0.12	0.3162508474864289	3.261068884800263	11.06104847771796	7.799979592917699	0.02268568882628326	0.9942792599649163	6.247249381552685
3	2	0.9999077614225557	1.999677123296622	0.6	0.333348713189081	3.000276741258553	1.000161464418239	-2.000115276840314	0.9547249148595284	0.2098993287069866	-1.601955335578091
1	6	0.8054216415876708	2.191605002722638	0.1428571428571428	0.268740233963792	1.241585709106066	2.737719613044404	1.496133903938338	0.3994630679596807	0.888184565903246	1.198300776912996
2	6	0.8047246747353869	2.195251937735811	0.25	0.268243649430488	2.485322076967068	2.733171485632951	0.2478494086658833	0.6326302256865122	0.6766954215328361	0.1985103994902819
2	1	0.8047653998509413	2.195234600149059	0.6666666666666666	0.268255133283647	2.485196307359189	0.4555321786255094	-2.029664128733679	0.9806961415697327	0.1772747327385471	-1.625621941947681
1	0	0.8047193048655259	2.195280695134475	1	0.2682397682885085	1.242669330726578	0	-1.242669330726578	1	0.2682397682885085	-0.9952930152413562
2	0	0.804719304865526	2.195280695134475	1	0.2682397682885086	2.485338661453155	0	-2.485338661453155	0.9999999999999999	0.07195257329147287	-1.990586030482712
1	0	0.8047193048655261	2.195280695134475	1	0.2682397682885087	1.242669330726577	0	-1.242669330726577	1	0.2682397682885087	-0.9952930152413559
3	3	0.900914051395736	2.000243758240345	0.5	0.3105360378547439	3.329951392535467	1.499817203598806	-1.830134188936661	0.9208497731377701	0.2754413819335105	-1.465812127300218
9	0	1.651865520878078	1.187289001088233	1	0.5818159977196474	5.448385408042109	0	-5.448385408042109	0.9999999999999994	0.007639605393277016	-4.363783515761678
1	0	0.804719304865526	2.195280695134475	1	0.2682397682885086	1.242669330726578	0	-1.242669330726578	1	0.2682397682885086	-0.9952930152413562
0	0	0	1.261930498779465	0	0	0	0	0	0	0	0
6	0	1.674051607002371	1.206003904645442	1	0.5812567154459356	3.58411889747166	0	-3.58411889747166	0.9999999999999998	0.03856629339323747	-2.870633736782057
2	0	1	2	1	0.3333333333333333	2	0	-2	1	0.1111111111111109	-1.601863006725075
5	3	0.8049097309201589	2.194854034135422	0.625	0.2683243728378208	6.211876696140927	1.366833490219651	-4.845043205921277	0.9937925199699844	0.03671763455478227	-3.880547738774976
5	9	1.570943389932138	1.234577153660788	0.3571428571428572	0.5599472060611927	3.182800877513474	7.289945365757865	4.107144488244391	0.1043437057773608	0.9638497230383032	3.289541409496739
2	9	0.8094230867700077	2.171606261025905	0.1818181818181818	0.271524695779487	2.470895669631779	4.14439770299255	1.673502033360771	0.3906327510443395	0.8436362698716675	1.340360499459905
0	6	0.8120998611504128	2.140974404922892	0	0.2750015028339466	0	2.802462274282112	2.802462274282112	0.1452187312192621	0.8547812687807379	2.244580322457568
4	18	0.8662826790582635	2.056944259748608	0.1818181818181818	0.2963446551336999	4.617430426230388	8.750844810058148	4.13341438382776	0.1738002449389873	0.927097755754451	3.310581796459504
4	1	0.8047193048655258	2.000046074068791	0.8	0.2869114511001567	4.970677322906312	0.4999884817481485	-4.470688841158164	0.9980558068442054	0.02610464180520633	-3.580715534614928
0	1	1	1.999721577816943	0	0.3333642720027881	0	0.5000696152369773	0.5000696152369773	0.6666357279972119	0.3333642720027881	0.4005215087176779
2	0	1	2	1	0.3333333333333333	2	0	-2	1	0.1111111111111109	-1.601863006725075
12	0	1.671416443335257	1.204303428161578	1	0.5812167102581071	7.179539275115897	0	-7.179539275115897	1.000000000000001	0.001486131035233873	-5.750319185068958
3	0	0.804719304865526	2.195280695134475	1	0.2682397682885086	3.728007992179733	0	-3.728007992179733	1	0.01930054158746664	-2.985879045724068
4	0	1	2	1	0.3333333333333333	4	0	-4	1	0.01234567901234551	-3.20372601345015
3	0	1	2	1	0.3333333333333333	3	0	-3	1	0.03703703703703698	-2.402794510087612
0	3	0.003306864830401894	2.996693135169599	0	0.001102288276800631	0	1.001103504657047	1.001103504657047	0.99669677894861	0.003303221051390026	0.801815335006474
0	0	1	2	0	0.3333333333333333	0	0	0	0	0	0
0	0	0.804719304865526	2.195280695134475	0	0.2682397682885086	0	0	0	0	0	0
1	4	0.8051856360060832	2.194065922486662	0.2	0.2684621880835911	1.241949626623053	1.823099278378367	0.5811496517553143	0.5939148653942745	0.7905000638999797	0.465461064258999
3	1	0.8282292377428169	2.106288137562318	0.75	0.2822369513680922	3.622185577722342	0.4747688515006953	-3.147416726221647	0.9936546513536538	0.07089333595922942	-2.520865210241099
0	5	0.8271176853784233	1.460374574690321	0	0.361582725247589	0	3.423779136294722	3.423779136294722	0.1060530467706087	0.8939469532293913	2.742212570813822
1	0	0.8047193048655261	2.195280695134475	1	0.2682397682885087	1.242669330726577	0	-1.242669330726577	1	0.2682397682885087	-0.9952930152413559
1	0	0.804719304865526	2.195280695134475	1	0.2682397682885086	1.242669330726578	0	-1.242669330726578	1	0.2682397682885086	-0.9952930152413562
1	0	0.8275113628880423	2.073435818297099	1	0.2852555773007815	1.208442620666823	0	-1.208442620666823	1	0.2852555773007815	-0.9678797648980429
5	0	1.674296929260078	1.206258977533811	1	0.5812409074620603	2.986328119355538	0	-2.986328119355538	1	0.06634082388611862	-2.39184427016925
5	0	0.8047193048655259	2	1	0.2869161642912101	6.213346653632889	0	-6.213346653632889	0.9999999999999996	0.001944352850621223	-4.976465076206781
0	0	0.9245628874021129	2.075437112597888	0	0.3081876291340375	0	0	0	0	0	0
0	0	0	1.261930498779465	0	0	0	0	0	0	0	0
3	0	1	1.99849987711532	1	0.333500097042539	2.999999999999999	0	-2.999999999999999	1	0.03709265275487805	-2.402794510087611
4	3	0.9996041711370707	2.00039582886293	0.5714285714285714	0.3332013903790235	4.001583942421845	1.49970318709636	-2.501880755325485	0.9548084816795892	0.1730941030189688	-2.003835114596642
2	1	0.8049042141180307	2.19509578588197	0.6666666666666666	0.2683014047060102	2.484767708902467	0.4555609857353941	-2.029206723167073	0.9806861506585887	0.1773292326188327	-1.625255591419572
6	0	0.8047193048655259	2.195280695134475	1	0.2682397682885085	7.456015984359467	0	-7.456015984359467	1	0.0003725109055694453	-5.971758091448137
11	0	1	2	1	0.3333333333333333	11	0	-11	1	5.645029269252255e-06	-8.810246536987911
4	9	1	2.000000000000001	0.3076923076923077	0.3333333333333333	3.999999999999998	4.499999999999998	0.5	0.552038702320672	0.6775759993426673	0.4004657516812687
7	0	1	2	1	0.3333333333333333	7	0	-7	1	0.0004572473708274183	-5.606520523537762
0	1	0.804719304865526	2.19509578588197	0	0.2682563026459759	0	0.4555609857353942	0.4555609857353942	0.7317436973540241	0.2682563026459759	0.3648731451783687
2	3	0.8555222283153335	2.064348799989368	0.4	0.2930000058297287	2.337753402314671	1.453242785335235	-0.8845106169794357	0.8460566352019635	0.4573279345489222	-0.7084324181974649
2	0	0.8047193048655259	2.195280695134475	1	0.2682397682885085	2.485338661453155	0	-2.485338661453155	1	0.07195257329147253	-1.990586030482712
0	0	0.8274622269964718	1.367818468138003	0	0.3769277563595504	0	0	0	0	0	0
4	6	0.9247060287823446	2.075293971217656	0.4	0.3082353429274482	4.32569906056221	2.891156666580381	-1.434542393981828	0.8352480895507332	0.3724819245343568	-1.148970196249159
1	5	0.8052574400761816	2.194666218874228	0.1666666666666667	0.2684259773323428	1.241838883109723	2.278250768613366	1.036411885503643	0.4907975146995999	0.8466973526152971	0.830094929559235
6	5	1.800125764255351	1.199675962187456	0.5454545454545454	0.6000815815217084	3.3331004528353	4.167792101863189	0.8346916490278895	0.4670007173768939	0.753678171816302	0.668530837300063
1	0	0.804719304865526	2	1	0.2869161642912101	1.242669330726578	0	-1.242669330726578	1	0.2869161642912101	-0.9952930152413562
2	0	1	2	1	0.3333333333333333	2	0	-2	1	0.1111111111111109	-1.601863006725075
2	6	0.8387119536630269	1.358031464526807	0.25	0.3817978680250898	2.384608912827716	4.418159782542772	2.033550869715056	0.354560211218949	0.8732682726374668	1.628734955245076
3	4	1	1.886154322498663	0.4285714285714285	0.3464818191475841	3	2.120717245819547	-0.8792827541804527	0.8059132159931327	0.4596329856526662	-0.7042452581865024
2	2	0.9999999999999999	1.817037097087186	0.5	0.3549829006632533	2	1.100692992568019	-0.8993070074319818	0.8687080805585853	0.4458555972197803	-0.7202833134469618
3	0	1	1.934625646970601	1	0.3407589656392103	3	0	-3	1	0.03956779727028259	-2.402794510087612
0	0	0.9009471811851406	2	0	0.3105700052136321	0	0	0	0	0	0
2	3	0.92136636306731	2.078633636932691	0.4	0.3071221210224366	2.170689185289794	1.443255774705403	-0.7274334105843914	0.8273705624971477	0.486385614937988	-0.5826243351354945
1	1	0.9988258237743867	2.001174176225614	0.5	0.3329419412581288	1.00117555653615	0.4997066281787054	-0.5014689283574445	0.8891496637512686	0.5550335462675264	-0.4016422626789286
4	0	0.9999999999999998	2	1	0.3333333333333334	4.000000000000001	0	-4.000000000000001	1	0.01234567901234573	-3.20372601345015
3	0	1	1.99986144627348	1	0.3333487289028735	2.999999999999999	0	-2.999999999999999	1	0.03704216913057756	-2.402794510087611
0	0	1	2	0	0.3333333333333333	0	0	0	0	0	0
0	3	0.8275490483968406	2.072563623402362	0	0.2853506542845581	0	1.447482705054496	1.447482705054496	0.364988348992841	0.6350116510071591	1.15933449905057
0	4	0.9012473998827398	2.000134305555975	0	0.310626967211287	0	1.99986570346241	1.99986570346241	0.2258484747283424	0.7741515252716575	1.601755444397327
3	0	0.8047193048655259	2.195280695134475	1	0.2682397682885085	3.728007992179733	0	-3.728007992179733	1	0.01930054158746652	-2.985879045724069
0	0	0.8274622269964718	1.367818468138003	0	0.3769277563595504	0	0	0	0	0	0
3	0	0.8277472154780645	1.36753347965641	1	0.3770575750575532	3.624294886050874	0	-3.624294886050874	1	0.05360718600539305	-2.902811951713883
1	4	0.9999999999999998	2	0.2	0.3333333333333334	1	2	1	0.4609053497942386	0.8683127572016461	0.8009315033625376
6	2	1	2	0.75	0.3333333333333333	5.999999999999999	0.9999999999999998	-4.999999999999999	0.9974089315653105	0.0196616369455872	-4.004657516812687
2	5	0.9253303408337797	2.074669659166217	0.2857142857142857	0.3084434469445936	2.161390275172299	2.410022230724401	0.2486319555521024	0.6278414463909116	0.6881744252597746	0.1991371659443129
5	1	1	1.999886686691924	0.8333333333333334	0.3333459241764675	4.999999999999998	0.5000283299320982	-4.4999716700679	0.9986279469731425	0.01783575651794078	-3.604169074796312
0	1	0.804719304865526	2.195280695134475	0	0.2682397682885086	0	0.4555226136759444	0.4555226136759444	0.7317602317114914	0.2682397682885086	0.3648424117871065
5	1	0.9246342321711313	2.075365767828869	0.8333333333333334	0.3082114107237104	5.407543681634534	0.4818427746575699	-4.925700906976965	0.9991427800302198	0.01240153610398709	-3.945149032539275
4	1	0.9999297667663745	1.934873585293107	0.8	0.3407144012101115	4.000280952666716	0.5168296304218312	-3.483451322244885	0.9954085225798275	0.04901423926319293	-2.790005904415815
2	9	0.9983372024821638	2.000184476945788	0.1818181818181818	0.3329431330550271	2.003331134037081	4.499584965154157	2.496253831117076	0.2349490094827374	0.9244804403576385	1.999328333731094
1	0	0.9009668330784403	2.000027171711745	1	0.3105717666395532	1.109918770908782	0	-1.109918770908782	1	0.3105717666395531	-0.8889689097942705
3	4	0.9999076929921947	2.000092307007806	0.4285714285714285	0.3333025643307315	3.000276946587527	1.999907697252289	-1.000369249335238	0.8267505151766039	0.4292843732178997	-0.8012272467877249
3	1	0.9019959291683538	2.001532792399697	0.75	0.3106550737618434	3.325957360767714	0.4996170953567393	-2.826340265410975	0.9906864810099538	0.09198047154892119	-2.263704957789686
1	5	0.4929587626425153	2.507041237357485	0.1666666666666667	0.1643195875475051	2.028567246962971	1.994382830842538	-0.03418441612043344	0.7424267992345077	0.6594025932140262	-0.02737937579490931
4	0	0.9422934308780058	2.057167437317038	1	0.3141542671450288	4.24496220489715	0	-4.24496220489715	0.9999999999999998	0.009740289214175468	-3.399923960485426
4	21	0.8047193048655259	2.195280695134475	0.16	0.2682397682885085	4.970677322906311	9.565974887194832	4.595297564288521	0.1594764361622301	0.9334048160998111	3.680518586563812
7	0	0.9233180677350643	2.076681932264937	1	0.3077726892450213	7.58135278038182	0	-7.58135278038182	1	0.000261583625789541	-6.072144279912965
3	0	0.9999999999999998	2	1	0.3333333333333334	3.000000000000001	0	-3.000000000000001	0.9999999999999999	0.0370370370370372	-2.402794510087613
1	0	0.8047193048655261	2.195280695134475	1	0.2682397682885087	1.242669330726577	0	-1.242669330726577	1	0.2682397682885087	-0.9952930152413559
3	0	0.9011829733452936	2.000326018287887	1	0.3105911358344756	3.328957701967736	0	-3.328957701967736	1	0.02996174964831133	-2.666267096867317
0	3	0.2771271044120868	2.722872895587911	0	0.09237570147069567	0	1.101777466315501	1.101777466315501	0.7476844394319073	0.2523155605680927	0.8824482824670418
2	0	0.8047193048655259	2.195280695134475	1	0.2682397682885085	2.485338661453155	0	-2.485338661453155	1	0.07195257329147253	-1.990586030482712
2	0	0.9242076956345531	2.075792304365447	1	0.3080692318781843	2.164015739586346	0	-2.164015739586346	1	0.09490665163001455	-1.733228379607086
1	0	0.8047193048655261	2	1	0.2869161642912101	1.242669330726577	0	-1.242669330726577	1	0.2869161642912101	-0.9952930152413559
0	0	0	1.261930498779465	0	0	0	0	0	0	0	0
1	0	1	2	1	0.3333333333333333	0.9999999999999998	0	-0.9999999999999998	1	0.3333333333333333	-0.8009315033625373
0	2	0.1740907676279891	2.825909232372012	0	0.05803025587599636	0	0.707736815142233	0.707736815142233	0.8873069988450408	0.1126930011549592	0.5668487113368829
0	0	1	2	0	0.3333333333333333	0	0	0	0	0	0
2	2	0.82749167135327	2.073519031491937	0.5	0.2852425434148506	2.416942755120694	0.9645438356844797	-1.452398919436214	0.9270268556332919	0.3223735987630079	-1.163272050026172
11	0	1	2	1	0.3333333333333333	11	0	-11	1	5.645029269252255e-06	-8.810246536987911
4	0	1	1.93507506193971	1	0.3407067890587873	4	0	-4	0.9999999999999999	0.01347482551751733	-3.20372601345015
1	0	0.8047193048655258	2.195280695134474	1	0.2682397682885086	1.242669330726578	0	-1.242669330726578	1	0.2682397682885086	-0.9952930152413563
0	4	0.1737583992647265	2.826124522630926	0	0.05792172687690327	0	1.415365801460255	1.415365801460255	0.7876766141574307	0.2123233858425693	1.133611059171485
1	0	1	2	1	0.3333333333333333	0.9999999999999998	0	-0.9999999999999998	1	0.3333333333333333	-0.8009315033625373
3	1	1.672550342307877	1.206372320624325	0.75	0.5809639709475118	1.793667983625794	0.8289314856647885	-0.9647364979610051	0.8860808331449378	0.4425883284490844	-0.7726878536606174
3	0	0.9245628874021129	2.075437112597888	1	0.3081876291340375	3.244776575912065	0	-3.244776575912065	1	0.02927154228625461	-2.598843781020797
1	2	0.8047193048655259	2.195280695134475	0.3333333333333333	0.2682397682885085	1.242669330726578	0.9110452273518888	-0.3316241033746889	0.822743363300515	0.6081621265785739	-0.2656081916671432
2	1	0.804719304865526	2.195252386809629	0.6666666666666666	0.268242299451892	2.485338661453155	0.4555284877532031	-2.029810173699953	0.9806989120362208	0.177259617718158	-1.625738913962076
1	0	1	2	1	0.3333333333333333	0.9999999999999998	0	-0.9999999999999998	1	0.3333333333333333	-0.8009315033625373
2	0	1	1.999829782064925	1	0.3333522475104079	2	0	-2	1	0.1111237209202403	-1.601863006725075
2	0	0.8047193048655261	2.195280695134475	1	0.2682397682885087	2.485338661453155	0	-2.485338661453155	0.9999999999999998	0.07195257329147298	-1.990586030482712
1	0	1.80463783889163	1.195269956765314	1	0.6015644352483961	0.5541278025147575	0	-0.5541278025147575	1	0.6015644352483961	-0.4438184139231239
1	0	0.9245628874021129	2.075437112597888	1	0.3081876291340375	1.081592191970688	0	-1.081592191970688	1	0.3081876291340375	-0.8662812603402656
0	0	1	2	0	0.3333333333333333	0	0	0	0	0	0
2	0	1	2	1	0.3333333333333333	2	0	-2	1	0.1111111111111109	-1.601863006725075
2	0	0.94585573362679	2.054074046848287	1	0.3152926244416966	2.114487367255467	0	-2.114487367255467	0.9999999999999999	0.0994094390273329	-1.693559545897015
0	0	1	2	0	0.3333333333333333	0	0	0	0	0	0
3	0	0.8047193048655259	2	1	0.2869161642912101	3.728007992179733	0	-3.728007992179733	0.9999999999999999	0.02361919266039381	-2.985879045724069
1	0	0.8047193048655259	2.195280695134474	1	0.2682397682885087	1.242669330726578	0	-1.242669330726578	1	0.2682397682885087	-0.9952930152413562
2	1	0.8276256506116686	2.073321530573472	0.6666666666666666	0.2852949739931335	2.416551491029636	0.4823178582066835	-1.934233632822952	0.9767789227933013	0.1977375121438305	-1.549188651391269
0	2	0.1735144883971641	2.826485511602837	0	0.05783816279905468	0	0.7075925179131184	0.7075925179131184	0.8876689274778607	0.1123310725221393	0.5667331391402372
4	7	1.123622372126545	1.09045566899434	0.3636363636363636	0.5074899580132719	3.559914878189618	6.419334778144322	2.859419899954704	0.2577745531175812	0.896086741219802	2.290199479215477
1	4	0.8048826857166533	2.195117314283347	0.2	0.2682942285722177	1.242417084807356	1.822226071459832	0.5798089866524752	0.5942679198813925	0.7902594497581744	0.4643872833426763
11	0	1	1.999086306805774	1	0.3334348857286026	11	0	-11	0.9999999999999994	5.663975899627971e-06	-8.810246536987911
1	1	0.8275786895332851	2.073368491651856	0.5	0.2852787858051209	1.208344309305442	0.4823069338742089	-0.7260373754312328	0.9186160143695559	0.4891735859797978	-0.5815062066015283
2	0	0.804719304865526	2.195280695134475	1	0.2682397682885086	2.485338661453155	0	-2.485338661453155	0.9999999999999999	0.07195257329147287	-1.990586030482712
0	1	1	1.8048576721747	0	0.3565243291737746	0	0.5540603092514685	0.5540603092514685	0.6434756708262254	0.3565243291737746	0.4437643564422911
0	2	0.1730428577033259	2.826957142296675	0	0.0576809525677753	0	0.7074744678920606	0.7074744678920606	0.8879651871535754	0.1120348128464246	0.5666385891593994
0	2	0.0003681405375219389	2.999631859462479	0	0.0001227135125073129	0	0.6667484857153075	0.6667484857153075	0.9997545880335914	0.000245411966408593	0.5340198670286566
3	2	0.9005414508494036	2.000780900532976	0.6	0.3103900021382756	3.331329165548523	0.9996097021254211	-2.331719463423102	0.9651150169605142	0.1770950268175775	-1.867547575259154
0	0	1	1.804719304865526	0	0.356541917854395	0	0	0	0	0	0
0	0	0.8047193048655261	2.195280695134475	0	0.2682397682885087	0	0	0	0	0	0
1	0	1	2	1	0.3333333333333333	0.9999999999999998	0	-0.9999999999999998	1	0.3333333333333333	-0.8009315033625373
3	2	0.9998615986015079	2.000138401398492	0.6	0.3332871995338359	3.000415261668272	0.9999308040891592	-2.000484457579113	0.9547552884701458	0.2098082015701943	-1.602251024062229
2	1	0.9239050077205957	2.076094992279405	0.6666666666666666	0.3079683359068652	2.164724710102268	0.4816735282917238	-1.683051181810544	0.9707908984212089	0.2261152846061496	-1.348008713283614
3	2	0.9995375910995455	1.999924455886877	0.6	0.3332389526661246	3.001387868464094	1.000037773483344	-2.00135009498075	0.9547791015310673	0.209736739796911	-1.602944340327689
2	1	0.8275346869902617	2.073482713719802	0.6666666666666666	0.2852567126235476	2.416817121314863	0.4822803650029049	-1.934536756311958	0.976788264188867	0.1976907046681138	-1.549431432543023
3	0	0.8047193048655259	2.075437112597888	1	0.2794012505661937	3.728007992179733	0	-3.728007992179733	0.9999999999999999	0.02181147505925962	-2.985879045724069
4	2	0.8403705129089448	2.104148552272033	0.6666666666666666	0.2854016205384269	4.759805274644858	0.9505032322173381	-3.80930204242752	0.9913407035955335	0.05948004430703424	-3.050990011603458
2	0	1	1.999585276718064	1	0.3333794200690737	2	0	-2	1	0.1111418377255919	-1.601863006725075
2	6	0.8497890930715007	2.092877828458363	0.25	0.2887819504321283	2.353525146776297	2.866865862122333	0.5133407153460361	0.5803379417158823	0.7218761707630865	0.4111507508793011
1	0	0.804719304865526	2.075437112597888	1	0.2794012505661936	1.242669330726578	0	-1.242669330726578	1	0.2794012505661936	-0.9952930152413562
1	0	0.9240298636395384	2.075970136360462	1	0.3080099545465127	1.082216105073956	0	-1.082216105073956	1	0.3080099545465127	-0.8667809720000335
4	0	1	2	1	0.3333333333333333	3.999999999999999	0	-3.999999999999999	1	0.01234567901234551	-3.203726013450149
1	0	1	2	1	0.3333333333333333	0.9999999999999998	0	-0.9999999999999998	1	0.3333333333333333	-0.8009315033625373
3	0	0.8047193048655259	2.195280695134474	1	0.2682397682885087	3.728007992179733	0	-3.728007992179733	0.9999999999999998	0.01930054158746686	-2.985879045724069
1	0	1	1.93453282597295	1	0.3407697440455273	0.9999999999999998	0	-0.9999999999999998	1	0.3407697440455273	-0.8009315033625373
3	0	0.8047193048655259	2.195280695134475	1	0.2682397682885085	3.728007992179733	0	-3.728007992179733	1	0.01930054158746652	-2.985879045724069
3	0	0.9245628874021128	2.075437112597887	1	0.3081876291340376	3.244776575912065	0	-3.244776575912065	1	0.02927154228625439	-2.598843781020797
1	2	1	2	0.3333333333333333	0.3333333333333333	1	1	0	0.7407407407407408	0.7037037037037037	0
0	2	0.804719304865526	2.195280695134475	0	0.2682397682885086	0	0.9110452273518888	0.9110452273518888	0.5354730367144556	0.4645269632855444	0.7296848235742129
1	4	0.8048222164312443	2.19514687066294	0.2	0.268276836549275	1.242510432222182	1.822201536242534	0.5796911040203518	0.5943044795520566	0.790234521802026	0.4642928674289095
2	1	0.8279991160495902	2.072948065135551	0.6666666666666666	0.2854237131305931	2.415461515879465	0.4824047533166778	-1.933056762562787	0.9767474731262739	0.1978950343043127	-1.548246058924532
0	0	1	2	0	0.3333333333333333	0	0	0	0	0	0
3	0	0.8047193048655257	2.195280695134474	1	0.2682397682885086	3.728007992179735	0	-3.728007992179735	1	0.01930054158746664	-2.98587904572407
1	0	0.8275015574616853	1.367779137672789	1	0.3769456722758616	1.208456940029749	0	-1.208456940029749	1	0.3769456722758615	-0.9678912337269189
1	0	0.804719304865526	2.195280695134474	1	0.2682397682885087	1.242669330726578	0	-1.242669330726578	1	0.2682397682885087	-0.9952930152413562
3	0	1	2	1	0.3333333333333333	3	0	-3	1	0.03703703703703698	-2.402794510087612
1	0	0.8047193048655259	2.195280695134475	1	0.2682397682885085	1.242669330726578	0	-1.242669330726578	1	0.2682397682885085	-0.9952930152413562
8	1	0.9421087928458864	2.05653034337228	0.8888888888888888	0.3141787824573177	8.491588297179463	0.4862558936816895	-8.005332403497773	0.9999701742295509	0.0006157861411409948	-6.411722916850307
2	3	0.9242429026445013	2.0757570973555	0.4	0.308080967548167	2.163933306144386	1.445255807542212	-0.7186774986021747	0.8260657162105918	0.4883437183193347	-0.5756114493882677
1	0	1	2	1	0.3333333333333333	0.9999999999999998	0	-0.9999999999999998	1	0.3333333333333333	-0.8009315033625373
11	0	0.8047193048655257	2	1	0.2869161642912101	13.66936263799236	0	-13.66936263799236	1	1.08468885662294e-06	-10.94822316765492
2	0	1	1.999907018405293	1	0.3333436649418506	2	0	-2	0.9999999999999998	0.1111179989568649	-1.601863006725075
3	5	1	2	0.375	0.3333333333333333	3	2.5	-0.5	0.7413504039018446	0.5317786922725192	-0.4004657516812687
3	0	0.8047193048655261	2.075437112597888	1	0.2794012505661937	3.728007992179732	0	-3.728007992179732	0.9999999999999999	0.02181147505925962	-2.985879045724068
1	0	1	2	1	0.3333333333333333	0.9999999999999998	0	-0.9999999999999998	1	0.3333333333333333	-0.8009315033625373
1	1	0.9004996141349686	2.000681616884758	0.5	0.3103906796675556	1.110494645753527	0.499829653834222	-0.6106649919193055	0.9036576259755128	0.5244389853106242	-0.4891008300288011
0	0	0.8047193048655261	2	0	0.2869161642912101	0	0	0	0	0	0
3	2	0.9997862269628272	2.000213773037173	0.6	0.3332620756542757	3.000641456237567	0.9998931249049203	-2.000748331332646	0.9547676898631146	0.2097709875628267	-1.602462368864345
6	0	0.8687100270110648	2.032237154174076	1	0.2994573746965519	6.906792615994034	0	-6.906792615994034	0.9999999999999999	0.0007211242116457184	-5.531867793341374
2	2	0.8222513312325663	1.565067848962122	0.5	0.3444245486962957	2.432346320439484	1.277899869533646	-1.154446450905838	0.8787840460701359	0.4271197114603286	-0.9246325314755585
3	5	0.8047420127035997	2.195234612828874	0.375	0.2682494276303783	3.727902796973707	2.277660879971633	-1.450241917002074	0.8594034251875259	0.3673844295902304	-1.16154443882384
4	0	1	2	1	0.3333333333333333	3.999999999999999	0	-3.999999999999999	1	0.01234567901234551	-3.203726013450149
6	0	1.804719304865526	1.195280695134474	1	0.601573101621842	3.324616733374543	0	-3.324616733374543	1	0.04739477386010282	-2.662790278365921
2	0	0.8275507700831509	2.07339641110199	1	0.2852691615519407	2.416770151514744	0	-2.416770151514744	0.9999999999999998	0.08137849453254742	-1.935667350734412
3	0	1.674654227563759	1.206325918701179	1	0.5812793363865674	1.791414580169374	0	-1.791414580169374	1	0.1964059562359822	-1.434800372840626
1	0	1	2	1	0.3333333333333333	0.9999999999999998	0	-0.9999999999999998	1	0.3333333333333333	-0.8009315033625373
2	0	1	2	1	0.3333333333333333	2	0	-2	1	0.1111111111111109	-1.601863006725075
6	0	0.9999999999999997	1.94883848123271	1	0.3391165729707811	6.000000000000002	0	-6.000000000000002	0.9999999999999999	0.001520876986268238	-4.805589020175226
0	0	0	3.000000000000001	0	0	0	0	0	0	0	0
5	0	1.093780256013675	1.189322491968566	1	0.4790762294777732	4.571302117138864	0	-4.571302117138864	0.9999999999999999	0.02523615081349406	-3.661299877004381
2	0	0.804719304865526	2.195280695134475	1	0.2682397682885086	2.485338661453155	0	-2.485338661453155	0.9999999999999999	0.07195257329147287	-1.990586030482712
4	3	0.9984356363600069	2.001564363639994	0.5714285714285714	0.3328118787866688	4.006267258831811	1.498827644265347	-2.507439614566465	0.9550322323631421	0.1724965566845293	-2.0082873800855
2	0	1	2	1	0.3333333333333333	2	0	-2	1	0.1111111111111109	-1.601863006725075
3	0	0.8689464188311687	2.065570956473965	1	0.2961122078007171	3.452456831613783	0	-3.452456831613783	0.9999999999999999	0.02596384077786018	-2.76518144043869
3	1	0.8298835323549798	2.071063648830161	0.75	0.2860732996923931	3.614965092133869	0.4828436830344877	-3.132121409099381	0.993302552755531	0.07355424816744027	-2.508614708903957
0	1	0.8276692256558709	1.367611469478604	0	0.3770220489299073	0	0.7312018232643559	0.7312018232643559	0.6229779510700927	0.3770220489299073	0.585642575568549
3	1	1	2	0.75	0.3333333333333333	3	0.4999999999999999	-2.5	0.9876543209876545	0.1111111111111109	-2.002328758406343
3	0	0.9010257065435975	2.000108573172676	1	0.3105770432079816	3.32953874480255	0	-3.32953874480255	1	0.02995767141934746	-2.666732472378522
2	0	1	1.999907297616465	1	0.3333436339164668	2	0	-2	1	0.1111179782726355	-1.601863006725075
0	0	0.1725377730035285	2.827462226996472	0	0.05751259100117617	0	0	0	0	0	0
1	0	0.804719304865526	2.195280695134475	1	0.2682397682885086	1.242669330726578	0	-1.242669330726578	1	0.2682397682885086	-0.9952930152413562
7	0	1	1.999984539945549	1	0.3333350511260137	6.999999999999998	0	-6.999999999999998	0.9999999999999998	0.0004572638656628047	-5.60652052353776
2	0	1	2	1	0.3333333333333333	2	0	-2	1	0.1111111111111109	-1.601863006725075
1	0	0.3382520916801927	2.661747908319807	1	0.1127506972267309	2.956374918578391	0	-2.956374918578391	1	0.1127506972267309	-2.36785380804029
12	0	0.9999999999999998	2	1	0.3333333333333334	12	0	-12	0.9999999999999996	1.881676423565182e-06	-9.611178040350453
4	0	1	2	1	0.3333333333333333	3.999999999999999	0	-3.999999999999999	1	0.01234567901234551	-3.203726013450149
1	0	0.804719304865526	2.195280695134475	1	0.2682397682885086	1.242669330726578	0	-1.242669330726578	1	0.2682397682885086	-0.9952930152413562
0	0	0.1725377730035285	2.827462226996472	0	0.05751259100117617	0	0	0	0	0	0
0	0	0.8274622269964718	2.107055148308663	0	0.2819755759362069	0	0	0	0	0	0
0	0	0.8047193048655261	2.195280695134475	0	0.2682397682885087	0	0	0	0	0	0
3	0	1	2	1	0.3333333333333333	3	0	-3	1	0.03703703703703698	-2.402794510087612
0	0	0	1.261930498779465	0	0	0	0	0	0	0	0
7	0	0.8677546139533417	2.066762761351793	1	0.2957060746192077	8.06679663517915	0	-8.06679663517915	1	0.0001977068531371362	-6.460951556333895
1	0	1	1.934656546230533	1	0.3407553777577367	0.9999999999999998	0	-0.9999999999999998	1	0.3407553777577367	-0.8009315033625373
0	1	0.006481465236855117	2.993518534763145	0	0.002160488412285038	0	0.334055055409611	0.334055055409611	0.997839511587715	0.002160488412285	0.2675552177350755
2.5	17.5	0.9221412860831042	2.073414877509682	0.125	0.3078364202583048	2.711081303624332	8.440182517171255	5.729101213546923	0.06218862164352464	0.9817256919747512	4.588617647882275
1	0	0.804719304865526	2.195280695134475	1	0.2682397682885086	1.242669330726578	0	-1.242669330726578	1	0.2682397682885086	-0.9952930152413562
1	0	1	2	1	0.3333333333333333	0.9999999999999998	0	-0.9999999999999998	1	0.3333333333333333	-0.8009315033625373
0	0	0	1.261930498779465	0	0	0	0	0	0	0	0
5	0	0.8047193048655259	2	1	0.2869161642912101	6.213346653632889	0	-6.213346653632889	0.9999999999999996	0.001944352850621223	-4.976465076206781
5	0	1	1.999969069934292	1	0.3333367700427335	4.999999999999999	0	-4.999999999999999	1	0.004115438484378453	-4.004657516812687
1	0	0.8047193048655259	2.195280695134475	1	0.2682397682885085	1.242669330726578	0	-1.242669330726578	1	0.2682397682885085	-0.9952930152413562
5	1	0.9422094703890777	2.057087261560671	0.8333333333333334	0.3141434658172607	5.306675592992385	0.486124248925308	-4.820551344067077	0.9990389008682001	0.01355106883549839	-3.860931435039944
1	0	0.8047193048655259	2.195280695134475	1	0.2682397682885085	1.242669330726578	0	-1.242669330726578	1	0.2682397682885085	-0.9952930152413562
2	2	0.8289070575439713	1.367514896477903	0.5	0.377389716045297	2.412815745502209	1.462506920510403	-0.9503088249918066	0.8458570321299976	0.485399120033347	-0.7611322758593742
2	0	0.8047193048655261	2.195280695134475	1	0.2682397682885087	2.485338661453155	0	-2.485338661453155	0.9999999999999998	0.07195257329147298	-1.990586030482712
1	3	0.9998156095676866	2.000138267528327	0.25	0.3332769937568235	1.000184424438415	1.499896306522475	0.49971188208406	0.5926927518390058	0.8024023545061788	0.4002349889657092
7	0	0.8687792998055345	2.0657380754996	1	0.2960552583932811	8.057282213753094	0	-8.057282213753094	0.9999999999999998	0.000199346885359275	-6.4533311564775
3	0	1	1.936637439278214	1	0.3405255230437253	3	0	-3	1	0.03948653323465878	-2.402794510087612
3	8	0.8183526894262149	2.106854170437573	0.2727272727272727	0.2797589123199039	3.665901070238359	3.797130391012529	0.1312293207741706	0.6287755835444421	0.6328371511202352	0.1051056971729011
2	0	1	1.93467240997353	1	0.3407535357614311	2	0	-2	1	0.1161129721339169	-1.601863006725075
2	0	0.8282089371933445	1.36707175794113	1	0.3772678997400885	2.414849575008996	0	-2.414849575008996	1	0.1423310681742973	-1.93412910050634
0	1	1	2	0	0.3333333333333333	0	0.4999999999999999	0.4999999999999999	0.6666666666666667	0.3333333333333333	0.4004657516812686
0	0	1	2	0	0.3333333333333333	0	0	0	0	0	0
4	0	0.804719304865526	2.195280695134475	1	0.2682397682885086	4.970677322906311	0	-4.970677322906311	1	0.005177172803264796	-3.981172060965425
1	1	0.999910741316796	2.000089258683205	0.5	0.3333035804389319	1.000089266651028	0.4999776863250435	-0.5001115803259842	0.8889087232665884	0.5555158841444523	-0.400555119879505
3	0	0.8276685493462439	2.073278631838897	1	0.2853097618303108	3.624639358798435	0	-3.624639358798435	1	0.02322468828301816	-2.903087850789454
0	0	0.804719304865526	2.195280695134475	0	0.2682397682885086	0	0	0	0	0	0
2	0	1	2	1	0.3333333333333333	2	0	-2	1	0.1111111111111109	-1.601863006725075
2	0	0.8275014544364556	1.367779240698019	1	0.3769456253455398	2.41691418096907	0	-2.41691418096907	1	0.14208800446714	-1.935782708461793
3	1	1	2	0.75	0.3333333333333333	3	0.4999999999999999	-2.5	0.9876543209876545	0.1111111111111109	-2.002328758406343
0	1	1	2	0	0.3333333333333333	0	0.4999999999999999	0.4999999999999999	0.6666666666666667	0.3333333333333333	0.4004657516812686
5	2	0.9232847301445619	2.076715269855439	0.7142857142857143	0.3077615767148538	5.415447517709009	0.963059322108813	-4.452388195600196	0.9956209206335768	0.03216358597662416	-3.566057971055681
4	3	0.804719304865526	2.195280695134474	0.5714285714285714	0.2682397682885087	4.970677322906311	1.366567841027833	-3.604109481878477	0.9823758518141262	0.08862558154070155	-2.886644825604105
1	0	0.8274916977888421	1.367788997345633	1	0.376941180971918	1.208471338953757	0	-1.208471338953757	1	0.3769411809719181	-0.9679027662787715
4	1	0.9246342093900728	2.075365790609928	0.8	0.3082114031300242	4.326035051892106	0.4818427693684353	-3.84419228252367	0.9972187276838085	0.0339944664678643	-3.078934704056348
1	0	0.8047193048655261	2.195280695134475	1	0.2682397682885087	1.242669330726577	0	-1.242669330726577	1	0.2682397682885087	-0.9952930152413559
7	0	1	1.997987628865438	1	0.3335570802133168	6.999999999999998	0	-6.999999999999998	0.9999999999999999	0.0004594001631990086	-5.60652052353776
5	0	0.8688283078845681	2.032118873300572	1	0.2994981478875533	5.754876947062246	0	-5.754876947062246	0.9999999999999999	0.002409742876782861	-4.609262244876975
2	0	1.804719304865526	1.195280695134474	1	0.601573101621842	1.108205577791514	0	-1.108205577791514	1	0.3618901965949228	-0.887596759455307
2	0	0.804719304865526	2.195280695134475	1	0.2682397682885086	2.485338661453155	0	-2.485338661453155	0.9999999999999999	0.07195257329147287	-1.990586030482712
10	2	1.036468894382026	1.528760887357624	0.8333333333333334	0.4040452445079321	9.64814289575212	1.308249064022619	-8.339893831729501	0.9996460080887339	0.003072123707895558	-6.679683704531063
4	0	1.673744104471711	1.206199417260222	1	0.581172544475858	2.389851584428751	0	-2.389851584428751	1	0.1140828487515517	-1.914107422329862
6	1	0.923035484593654	2.076964515406346	0.8571428571428571	0.3076784948645513	6.500291809086156	0.4814718752209186	-6.018819933865237	0.9997389762668792	0.004372414121619816	-4.820662498099093
5	1	0.9997829056977969	1.999379927345294	0.8333333333333334	0.3333539928818638	5.001085707211865	0.5001550662398441	-4.500930640972021	0.9986277476961605	0.01783774913867897	-3.60493714480423
0	2	0.8275840437624014	2.07336313742274	0	0.2852806314881968	0	0.9646163587561739	0.9646163587561739	0.5108237757259108	0.4891762242740892	0.7725916303866791
2	0	1	2	1	0.3333333333333333	2	0	-2	1	0.1111111111111109	-1.601863006725075
3	0	0.8047193048655259	2.195280695134475	1	0.2682397682885085	3.728007992179733	0	-3.728007992179733	1	0.01930054158746652	-2.985879045724069
4	0	0.8688279944856463	2.065689380819488	1	0.2960718521543272	4.603903218344196	0	-4.603903218344196	0.9999999999999998	0.007684019922117646	-3.687411126004041
1	0	0.8274720310501619	2.073475150134979	1	0.2852420190263891	1.208500061000103	0	-1.208500061000103	1	0.2852420190263891	-0.967925770670531
2	0	0.8047193048655259	2.195280695134474	1	0.2682397682885087	2.485338661453155	0	-2.485338661453155	0.9999999999999998	0.07195257329147298	-1.990586030482712
1	0	0.804719304865526	2.195280695134475	1	0.2682397682885086	1.242669330726578	0	-1.242669330726578	1	0.2682397682885086	-0.9952930152413562
0	0	0.869034750610268	1.326245944524206	0	0.3958649809732119	0	0	0	0	0	0
0	0	0.9245628874021129	2.075437112597888	0	0.3081876291340375	0	0	0	0	0	0
3	0	0.827776302778036	2.106741072527099	1	0.2820826040234173	3.624167531653095	0	-3.624167531653095	1	0.02244548078025554	-2.90270994956461
7	0	0.8278158501216474	2.073131331063493	1	0.28536053861672	8.455986919036826	0	-8.455986919036826	1.000000000000001	0.0001540839532613303	-6.772666315478117
0	0	0.8274622269964718	2.107055148308663	0	0.2819755759362069	0	0	0	0	0	0
2	0	0.8047193048655259	2.195280695134474	1	0.2682397682885087	2.485338661453155	0	-2.485338661453155	0.9999999999999998	0.07195257329147298	-1.990586030482712
2	0	1	1.804893174142638	1	0.3565198165900442	2	0	-2	0.9999999999999998	0.1271063796213989	-1.601863006725075
2	0	0.8275112735448633	2.107006101760271	1	0.2819922896039481	2.41688550227536	0	-2.41688550227536	1	0.07951965139607697	-1.935759738792526
5	2	0.9999643550166499	2.000035644983351	0.7142857142857143	0.3333214516722166	5.000178231269801	0.9999821778259602	-4.00019605344384	0.9931426584080818	0.04526064467646718	-3.203883038829664
2	0	0.8277767291614146	2.106740646143721	1	0.282082749322737	2.416110443242485	0	-2.416110443242485	1	0.07957067746547408	-1.93513896959613
6	0	0.9999999999999999	1.984326825947544	1	0.3350839429868721	6.000000000000001	0	-6.000000000000001	0.9999999999999998	0.001415538556788443	-4.805589020175225
1	2	0.901117976777625	2.001702254908178	0.3333333333333333	0.3104284471154812	1.109732605242185	0.9991495963478066	-0.1105830088943779	0.7707319218629877	0.6721025711101438	-0.08856941556012693
3	3	0.9252220843424904	2.07477791565751	0.5	0.3084073614474967	3.242464756050383	1.445937889236343	-1.79652686681404	0.9226548161636936	0.2714137909142479	-1.438894964268558
6	0	0.8682770660643903	1.327003629070084	1	0.3955198385285318	6.910236645079197	0	-6.910236645079197	1	0.003828332326806905	-5.534626224734178
1	2	0.8047193048655259	2.195280695134474	0.3333333333333333	0.2682397682885087	1.242669330726578	0.911045227351889	-0.3316241033746887	0.8227433633005146	0.6081621265785742	-0.265608191667143
2	2	0.9998928959296075	2.000107104070393	0.5	0.3332976319765358	2.000214231085806	0.9999464508324706	-1.000267780253336	0.888920620879091	0.4073439383288382	-0.8011459770034125
1	0	0.8690249241756338	2.065492451129501	1	0.2961389601877111	1.150714982022651	0	-1.150714982022651	1	0.2961389601877111	-0.9216438804931969
0	1	0.8275490799265031	2.073398101258638	0	0.2852685789295962	0	0.4823000461864794	0.4823000461864794	0.7147314210704039	0.2852685789295961	0.3862893010639581
0	0	0.8047193048655261	2	0	0.2869161642912101	0	0	0	0	0	0
0	0	1	2	0	0.3333333333333333	0	0	0	0	0	0
5	0	0.8686025587129511	2.065914816592184	1	0.2959950300592896	5.756372635384281	0	-5.756372635384281	0.9999999999999997	0.002272072029055883	-4.610460188773304
2	0	0.8047193048655259	2.195280695134475	1	0.2682397682885085	2.485338661453155	0	-2.485338661453155	1	0.07195257329147253	-1.990586030482712
8	1	0.9999999999999999	2	0.8888888888888888	0.3333333333333334	8.000000000000002	0.5000000000000001	-7.500000000000002	0.9999491947365745	0.0009653000050807714	-6.006986275219032
0	0	0.8274622269964718	2.07348495418867	0	0.2852386394220469	0	0	0	0	0	0
2	1	0.1771781972490671	2.822821802750933	0.6666666666666666	0.05905939908302236	11.28807060379169	0.3542554471647722	-10.93381515662692	0.999794000070666	0.01005203800147503	-8.757237010885298
3	0	0.8047193048655259	2.195280695134475	1	0.2682397682885085	3.728007992179733	0	-3.728007992179733	1	0.01930054158746652	-2.985879045724069
3	0	1	2	1	0.3333333333333333	3	0	-3	1	0.03703703703703698	-2.402794510087612
0	0	0	1.261930498779465	0	0	0	0	0	0	0	0
3	0	1	1.804933439171043	1	0.3565146987215267	3	0	-3	1	0.04531399163684391	-2.402794510087612
1	0	0.8047193048655261	2.000000000000001	1	0.2869161642912101	1.242669330726577	0	-1.242669330726577	1	0.2869161642912101	-0.9952930152413559
4	0	0.8047193048655258	2.195280695134474	1	0.2682397682885086	4.970677322906312	0	-4.970677322906312	1	0.005177172803264796	-3.981172060965425
14	0	1	2	1	0.3333333333333333	14	0	-14	1	2.090751577421557e-07	-11.21304104707552
3	0	0.868975856456875	2.065541518848259	1	0.2961222393057114	3.452339875393169	0	-3.452339875393169	0.9999999999999999	0.02596647962774801	-2.765087766517086
0	3	0.9997693582505213	2.00023064174948	0	0.3332564527501737	0	1.499827038633947	1.499827038633947	0.2963988155622117	0.7036011844377883	1.201258724836869
1	2	1.000354531390522	1.999645468609478	0.3333333333333333	0.3334515104635073	0.9996455942574387	1.000177297123959	0.0005317028665199341	0.7405831572713091	0.7038612452805846	0.0004258575762239814
0	0	1	2	0	0.3333333333333333	0	0	0	0	0	0
4	1	1	2	0.8	0.3333333333333333	3.999999999999999	0.4999999999999999	-3.499999999999999	0.9958847736625519	0.04526748971193373	-2.80326026176888
6	4	1.798991043625136	1.200895650307646	0.6	0.5996863305749395	3.335202818969813	3.330847271347248	-0.004355547622564959	0.618505843531165	0.6323162984324362	-0.003488495305308079
9	0	0.8681919993058814	2.066325375999253	1	0.2958551230986001	10.36637058069585	0	-10.36637058069585	1	1.736648182826261e-05	-8.302752773609907
3	0	0.804719304865526	2.195280695134475	1	0.2682397682885086	3.728007992179733	0	-3.728007992179733	1	0.01930054158746664	-2.985879045724068
0	0	0.8274622269964718	1.367818468138003	0	0.3769277563595504	0	0	0	0	0	0
7	0	0.8047193048655252	2.195280695134473	1	0.2682397682885086	8.698685315086053	0	-8.698685315086053	0.9999999999999996	9.992223899535357e-05	-6.9670511066895
1	0	1	2	1	0.3333333333333333	0.9999999999999998	0	-0.9999999999999998	1	0.3333333333333333	-0.8009315033625373
0	0	0.9245628874021129	2.075437112597888	0	0.3081876291340375	0	0	0	0	0	0
0	2	0.8047497495016647	2.195219253361348	0	0.2682526881889959	0	0.9110707265060538	0.9110707265060538	0.5354541283426307	0.4645458716573693	0.7297052466500928
7	0	1.804515180837049	1.195253788696516	1	0.6015513858447683	3.879158277157278	0	-3.879158277157278	1	0.02850421739144637	-3.10694007070481
1	0	1	2	1	0.3333333333333333	0.9999999999999998	0	-0.9999999999999998	1	0.3333333333333333	-0.8009315033625373
5	0	0.8047193048655258	2.195280695134474	1	0.2682397682885086	6.21334665363289	0	-6.21334665363289	1	0.001388723633137245	-4.976465076206781
0	1	1	1.80536472383801	0	0.3564598896901731	0	0.5539046968161138	0.5539046968161138	0.6435401103098268	0.3564598896901732	0.4436397215405005
0	0	0.8274622269964718	2.107055148308663	0	0.2819755759362069	0	0	0	0	0	0
0	0	0	3.000000000000001	0	0	0	0	0	0	0	0
1	2	0.8047300477139124	2.195223163689238	0.3333333333333333	0.2682475328798614	1.242652741550801	0.9110691036253689	-0.331583637925432	0.8227342186775387	0.6081745996341552	-0.2655757816140356
2	1	0.8275544189822229	2.073463002728594	0.6666666666666666	0.285263512307413	2.416759495357081	0.4822849497116854	-1.934474545645396	0.9767866042500737	0.1976990228620322	-1.549381606060329
10	1	1.801125403788424	1.197148067473333	0.9090909090909091	0.6007208552028646	5.55208425741281	0.8353185601431674	-4.716765697269643	0.9963237942878235	0.03055417217792378	-3.777806240923022
1	0	0.804719304865526	2.195280695134475	1	0.2682397682885086	1.242669330726578	0	-1.242669330726578	1	0.2682397682885086	-0.9952930152413562
1	0	0.8275604665487797	2.106956908756355	1	0.2820090531795638	1.208370917197573	0	-1.208370917197573	1	0.2820090531795638	-0.96782233533062
1	4	0.8316748927118789	2.068270263266746	0.2	0.2867898694557274	1.20239291670722	1.933983227937614	0.7315903112303941	0.5555642808750036	0.8154612745903933	0.5859537278192262
0	0	1	2	0	0.3333333333333333	0	0	0	0	0	0
3	3	0.8690431523211812	2.032052968215581	0.5	0.2995568282516577	3.452072537465043	1.476339468962961	-1.975733068502082	0.9298812330933969	0.2548695909614652	-1.582426856798451
6	0	0.86817068892702	2.032776492258121	1	0.2992714567703164	6.911083357830767	0	-6.911083357830767	1	0.0007184421204684543	-5.535304383651209
1	2	0.8290642052202211	1.367357421347758	0.3333333333333333	0.3774613194442437	1.206179200239834	1.462675353770098	0.2564961535302637	0.6801280057832835	0.7587323897094888	0.2054358498537023
1	0	1.804719304865526	1.195280695134474	1	0.601573101621842	0.554102788895757	0	-0.554102788895757	1	0.601573101621842	-0.4437983797276534
6	0	0.9416247890895955	2.056242939017665	1	0.3140981772681817	6.371964788438786	0	-6.371964788438786	1	0.0009602680891963589	-5.10350733737743
0	0	0.8274622269964718	2.107055148308663	0	0.2819755759362069	0	0	0	0	0	0
0	0	0.8047193048655261	2.195280695134475	0	0.2682397682885087	0	0	0	0	0	0
0	0	1	2	0	0.3333333333333333	0	0	0	0	0	0
1	0	0.8689655799074335	2.065551795397701	1	0.2961187373501503	1.15079356780337	0	-1.15079356780337	1	0.2961187373501504	-0.9217068223206916
0	0	0.8047193048655261	2.195280695134475	0	0.2682397682885087	0	0	0	0	0	0
0	2	0.009385115286625126	2.990614884713376	0	0.003128371762208375	0	0.6687587927897585	0.6687587927897585	0.9937530431854659	0.006246956814534133	0.5356299852960169
6	0	1	1.985116072803943	1	0.3349953487941566	6	0	-6	0.9999999999999998	0.001413294480919203	-4.805589020175224
3	0	0.804719304865526	2.195280695134475	1	0.2682397682885086	3.728007992179733	0	-3.728007992179733	1	0.01930054158746664	-2.985879045724068
2	0	1	2	1	0.3333333333333333	2	0	-2	1	0.1111111111111109	-1.601863006725075
0	0	0.8047193048655261	2.075437112597888	0	0.2794012505661937	0	0	0	0	0	0
0	1	0.8048577076356493	2.195142292364352	0	0.2682859025452164	0	0.4555513341793058	0.4555513341793058	0.7317140974547836	0.2682859025452164	0.3648654149430411
1	2	0.8290737165973521	2.072763096915327	0.3333333333333333	0.2857065265478374	1.206165362597859	0.9648956038325788	-0.2412697587652805	0.8017587720797601	0.6355566367153471	-0.1932405506037928
1	0	0.1839305020572331	2.816069497942768	1	0.06131016735241101	5.436836135470521	0	-5.436836135470521	1	0.06131016735241102	-4.354533339518174
3	0	0.804719304865526	2	1	0.2869161642912101	3.728007992179733	0	-3.728007992179733	0.9999999999999999	0.02361919266039381	-2.985879045724068
0	0	0.804719304865526	2.195280695134475	0	0.2682397682885086	0	0	0	0	0	0
1	1	0.8274728840364584	2.073684837928484	0.5	0.2852216126588299	1.208498815238446	0.4822333566362736	-0.7262654586021725	0.9186486316722964	0.4890918569899563	-0.5816888855985207
1	0	0.8047193048655261	2.075437112597887	1	0.2794012505661937	1.242669330726577	0	-1.242669330726577	1	0.2794012505661938	-0.9952930152413559
1	4	0.8047193048655259	2.195280695134475	0.2	0.2682397682885085	1.242669330726578	1.822090454703778	0.5794211239771998	0.5943824013181821	0.7901813840192944	0.4640766319070698
1	1	0.804804278934774	2.195195721065227	0.5	0.2682680929782579	1.242538125323568	0.4555402465502012	-0.7869978787733667	0.9280322302898087	0.4645684162463246	-0.6303313941890806
5	3	1	2	0.625	0.3333333333333333	4.999999999999999	1.5	-3.499999999999999	0.9803383630544128	0.08794391098917809	-2.80326026176888
2	0	0.804719304865526	2.075437112597887	1	0.2794012505661937	2.485338661453155	0	-2.485338661453155	1	0.07806505881795278	-1.990586030482712
0	2	0.1721712279788422	2.827828772021159	0	0.05739040932628071	0	0.7072564010198265	0.7072564010198265	0.8885128404300766	0.1114871595699234	0.5664639325315872
4	4	0.9996290386860793	1.936695455889842	0.5	0.3404354799793511	4.00148439590914	2.065373772543988	-1.936110623365152	0.9045873045149877	0.2733497696116286	-1.550691992248031
2	1	1	1.804929001148137	0.6666666666666666	0.3565152628072482	2	0.554038413346945	-1.445961586653055	0.9546857932723095	0.2906809843881825	-1.158116187402511
2	0	0.7169905850145565	2.283009414985443	1	0.2389968616715189	2.789436907263427	0	-2.789436907263427	0.9999999999999999	0.05711949988883525	-2.234147895669444
2	1	0.9010381750888186	2.000167102642975	0.6666666666666666	0.3105737405087254	2.219661780482112	0.4999582278293764	-1.719703552652736	0.9700432842867719	0.2294547134542881	-1.377364751764052
1	0	0.8047193048655261	2.195280695134475	1	0.2682397682885087	1.242669330726577	0	-1.242669330726577	1	0.2682397682885087	-0.9952930152413559
2	1	0.9988185376237638	1.935760665160857	0.6666666666666666	0.3403617583999728	2.002365719761363	0.5165927885598929	-1.48577293120147	0.9605704086530238	0.2686791970494116	-1.190002347442557
1	0	1	2	1	0.3333333333333333	0.9999999999999998	0	-0.9999999999999998	1	0.3333333333333333	-0.8009315033625373
2	0	0.804719304865526	2	1	0.2869161642912101	2.485338661453155	0	-2.485338661453155	0.9999999999999998	0.08232088533158088	-1.990586030482712
7	7	0.8048115483337586	2.195188451666242	0.5	0.2682705161112529	8.697688315348417	3.188792285549198	-5.508896029799219	0.9839759799347191	0.05457290097517831	-4.412248379015002
2	0	0.8047193048655258	2.195280695134474	1	0.2682397682885086	2.485338661453156	0	-2.485338661453156	0.9999999999999999	0.07195257329147287	-1.990586030482713
1	16	0.8050239908491182	2.193424522558101	0.05882352941176471	0.2684801780819466	1.242199004461005	7.294529552053998	6.052330547592993	0.03560734122438056	0.9950813754047181	4.847502204330665
8	2	0.9987052276518629	2.00129477234814	0.8	0.3329017425506207	8.010371607655896	0.9993530326636387	-7.011018574992257	0.9996482909202375	0.003372500045534466	-5.615345647371224
1	0	0.804719304865526	2	1	0.2869161642912101	1.242669330726578	0	-1.242669330726578	1	0.2869161642912101	-0.9952930152413562
3	0	0.9227249638581689	2.030111075009525	1	0.3124877073134072	3.251239662419198	0	-3.251239662419198	1	0.03051397689363866	-2.604020270613317
1	2	0.8047462207371919	2.195176281661027	0.3333333333333333	0.2682556699694262	1.242627767899233	0.9110885611822741	-0.3315392067169585	0.8227246351708422	0.6081876707875814	-0.2655401952594366
2	0	0.8275899823270443	2.10692739297809	1	0.2820191113167256	2.416655641935558	0	-2.416655641935558	1	0.07953477914787555	-1.935575636405004
1	0	1	2.000000000000001	1	0.3333333333333333	0.9999999999999996	0	-0.9999999999999996	1	0.3333333333333333	-0.8009315033625372
6	1	1.63242421093639	1.174220286033188	0.8571428571428571	0.5816284223737525	3.675515199911354	0.8516289591438176	-2.823886240767536	0.9774825427477616	0.1358968009475094	-2.261739452142727
2	1	0.8047193048655261	2.195280695134474	0.6666666666666666	0.2682397682885087	2.485338661453155	0.4555226136759445	-2.02981604777721	0.9806994584125331	0.1772566366994854	-1.625743618695605
1	1	0.804848432748698	2.194589173345095	0.5	0.2683331138855936	1.242469959946154	0.4556661502506883	-0.7868038096954661	0.9279973399924613	0.4646635677636481	-0.6301759581507616
4	0	1.11952108696649	1.778764337569706	1	0.3862701297425333	3.572956370869798	0	-3.572956370869798	1	0.02226201657966487	-2.861693317569503
7	0	0.8047193048655258	2.195280695134475	1	0.2682397682885085	8.698685315086045	0	-8.698685315086045	1	9.992223899479846e-05	-6.967051106689494
4	3	0.8686810008132262	1.328767796149585	0.5714285714285714	0.39531342073311	4.604682266856708	2.257730815491767	-2.346951451364941	0.9082084964659385	0.2807756042852174	-1.879747354260612
2	1	0.9246342644395644	2.075365735560436	0.6666666666666666	0.3082114214798547	2.163017397167551	0.4818427821494113	-1.68117461501814	0.9707216778268398	0.2264261966455778	-1.346505711821414
9	1	0.866262976422486	2.034730938189464	0.9	0.2986090291535001	10.3894547556083	0.4914654715427958	-9.897989284065508	0.9999943632424511	0.0001380363323678635	-7.927611437552873
8	1	0.9999766369124609	1.946526277124751	0.8888888888888888	0.339377447125047	8.000186909067086	0.513735679683255	-7.486451229383831	0.9999402762861037	0.001106032165088533	-5.996134638000709
0	5	0.9991795023294072	2.000820497670593	0	0.3330598341098023	0	2.49897479849948	2.49897479849948	0.1319575872142431	0.8680424127857569	2.001507642227283
1	0	0.8690151212210122	2.065502254084122	1	0.2961356196197854	1.15072796270213	0	-1.15072796270213	1	0.2961356196197854	-0.9216542771283269
9	0	1.797064861628842	1.202199086816925	1	0.5991686268759672	5.008166478667047	0	-5.008166478667047	1	0.009952715420015745	-4.011198306848663
2	3	0.8689775142212451	2.032086655819155	0.4	0.2995375018571698	2.301555526200638	1.476314994446272	-0.8252405317543656	0.8375313457465989	0.4708279697500363	-0.6609611397337239
0	1	1.001198052232514	1.803521252633012	0	0.3569690736950653	0	0.5544708711028893	0.5544708711028893	0.6430309263049347	0.3569690736950653	0.4440931883631729
6	0	0.9999999999999993	1.9917813407014	1	0.3342490262893201	6.000000000000004	0	-6.000000000000004	1	0.001394507661606093	-4.805589020175228
0	1	0.8047193048655259	2.000138306072989	0	0.2869020166040671	0	0.4999654258726586	0.4999654258726586	0.7130979833959329	0.2869020166040671	0.4004380601734798
2	0	0.827609622701607	2.073337558483535	1	0.2852894489321583	2.416598291198332	0	-2.416598291198332	1	0.08139006967201434	-1.935529702392819
1	2	0.804719304865526	2.195280695134475	0.3333333333333333	0.2682397682885086	1.242669330726578	0.9110452273518888	-0.3316241033746889	0.8227433633005148	0.608162126578574	-0.2656081916671432
0	0	0	1.261930498779465	0	0	0	0	0	0	0	0
2	2	0.924474379879628	2.075525620120372	0.5	0.3081581266265427	2.16339148334258	0.9636113284325577	-1.199780154910022	0.9100004734137962	0.362716512727364	-0.9609417231766219
2	0	1.804515696158974	1.195253856623244	1	0.6015514406716097	1.108330619820668	0	-1.108330619820668	0.9999999999999998	0.3618641357740893	-0.8876969095557009
0	0	0	1.261930498779465	0	0	0	0	0	0	0	0
1	0	0.9245628874021128	2.075437112597887	1	0.3081876291340376	1.081592191970689	0	-1.081592191970689	1	0.3081876291340375	-0.8662812603402658
1	0	1	1.999861186750018	1	0.3333487577414799	0.9999999999999998	0	-0.9999999999999998	1	0.33334875774148	-0.8009315033625373
0	0	0.8047193048655261	2.195280695134475	0	0.2682397682885087	0	0	0	0	0	0
0	1	1	2	0	0.3333333333333333	0	0.4999999999999999	0.4999999999999999	0.6666666666666667	0.3333333333333333	0.4004657516812686
0	7	0.1773764956036623	2.822623504396338	0	0.0591254985345541	0	2.479962343223334	2.479962343223334	0.6527124437847879	0.3472875562152121	1.986279967840346
0	0	1	1.804719304865526	0	0.356541917854395	0	0	0	0	0	0
2	2	0.804719304865526	2.075663969242885	0.5	0.2793792451508446	2.485338661453155	0.9635471008968356	-1.52179156055632	0.9310514136463023	0.312142701760602	-1.218850802400795
1	5	0.8059626032349729	2.193852806820694	0.1666666666666667	0.2686707323835025	1.240752357474403	2.279095472793337	1.038343115318934	0.4902330745755737	0.8470048284997801	0.8316417123585342
5	0	1.673956058870654	1.206288541152557	1	0.5811853822613412	2.986936230197874	0	-2.986936230197874	1	0.06630914266921484	-2.392331325300413
0	1	0.9999539116633757	2.000046088336625	0	0.3333179705544584	0	0.4999884781813544	0.4999884781813544	0.6666820294455416	0.3333179705544584	0.4004565234937394
2	0	0.8047193048655261	2.075437112597888	1	0.2794012505661936	2.485338661453155	0	-2.485338661453155	1	0.07806505881795278	-1.990586030482712
0	5	0.9985186993322662	2.001481300667734	0	0.3328395664440887	0	2.498149744557643	2.498149744557643	0.1321756367226922	0.8678243632773077	2.000846830533292
0	11	1	2	0	0.3333333333333333	0	5.499999999999999	5.499999999999999	0.01156101994388842	0.9884389800561115	4.405123268493956
4	0	1.674036108242538	1.206325236514509	1	0.5811896175074309	2.389434720257821	0	-2.389434720257821	0.9999999999999998	0.1140962549313632	-1.913773542682741
0	0	1.673754055475794	1.20640236198762	0	0.5811330403193476	0	0	0	0	0	0
2	0	1	1.999613418763821	1	0.3333762923397352	2	0	-2	1	0.1111397522941886	-1.601863006725075
0	0	0.804719304865526	2.195280695134475	0	0.2682397682885086	0	0	0	0	0	0
1	0	0.9245628874021127	2.075437112597887	1	0.3081876291340376	1.081592191970689	0	-1.081592191970689	1	0.3081876291340375	-0.8662812603402658
0	1	8.144060835684279e-05	2.999918559391644	0	2.714686945228092e-05	0	0.3333423825354749	0.3333423825354749	0.9999728531305477	2.714686945226585e-05	0.2669844155785879
0	0	0	1.261930498779465	0	0	0	0	0	0	0	0
6	0	1	2	1	0.3333333333333333	5.999999999999999	0	-5.999999999999999	1	0.001371742112482699	-4.805589020175224
0	0	0.804719304865526	2.075437112597888	0	0.2794012505661936	0	0	0	0	0	0
1	0	0.8274916644746777	1.367789030659797	1	0.3769411657965628	1.208471387605864	0	-1.208471387605864	1	0.3769411657965628	-0.9679028052457764
9	1	0.8516448288732019	2.049349093226274	0.9	0.2935700148785071	10.56778564828223	0.4879598128524349	-10.0798258354298	0.9999952453675669	0.0001191673703986318	-8.073250060003332
0	0	1	2	0	0.3333333333333333	0	0	0	0	0	0
0	0	0.804719304865526	2.195280695134475	0	0.2682397682885086	0	0	0	0	0	0
1	0	0.9245628874021129	2.075437112597888	1	0.3081876291340375	1.081592191970688	0	-1.081592191970688	1	0.3081876291340375	-0.8662812603402656
2	1	0.941613074675309	2.056298703220494	0.6666666666666666	0.3140896545448764	2.124014686913357	0.4863106699594953	-1.637704016953862	0.9690143296890225	0.2339855926544041	-1.311688740361723
0	0	0.804719304865526	2.075437112597888	0	0.2794012505661936	0	0	0	0	0	0
2	1	0.8047193048655259	2.195280695134475	0.6666666666666666	0.2682397682885085	2.485338661453155	0.4555226136759444	-2.029816047777211	0.9806994584125335	0.177256636699485	-1.625743618695606
2	0	0.9245628874021127	2.075437112597887	1	0.3081876291340376	2.163184383941377	0	-2.163184383941377	1	0.09497961475125904	-1.732562520680532
0	1	0.8047193048655259	2.0754938610268	0	0.2793957455632329	0	0.4818130367802073	0.4818130367802073	0.720604254436767	0.279395745563233	0.385899239888041
1	0	0.9245628874021128	2.075437112597888	1	0.3081876291340375	1.081592191970689	0	-1.081592191970689	1	0.3081876291340375	-0.8662812603402658