Observed S Changes	Observed NS Changes	E[S Sites]	E[NS Sites]	Observed S. Prop.	P{S}	dS	dN	dN-dS	P{S leq. observed}	P{S geq. observed}	Scaled dN-dS
0	0	0	2.999999999999994	0	0	0	0	0	0	0	0
2	2	0.8567702340806818	2.035535938870728	0.5	0.2962239067541054	2.334348137276278	0.9825422198684233	-1.351805917407854	0.9191265160581882	0.3416451977624633	-1.189198673766687
9	1	0.9999999999999981	1.999999999999996	0.9	0.3333333333333334	9.000000000000018	0.500000000000001	-8.500000000000016	0.9999830649121917	0.0003556368439768809	-7.4775443699786
0	3	0.9181917412020035	2.081808258797991	0	0.3060639137340018	0	1.441054903746112	1.441054903746112	0.3341630430390679	0.6658369569609321	1.267711997921973
1	1	0.9180855277419275	2.081914472258067	0.5	0.3060285092473098	1.089223138566997	0.4803271283836119	-0.6088960101833849	0.906346551527869	0.5184035700224889	-0.5356525803351992
9	0	0.9999999999999981	1.999999999999996	1	0.3333333333333334	9.000000000000018	0	-9.000000000000018	0.9999999999999998	5.080526342549074e-05	-7.917399921153812
5	0	1.644412370521608	1.225123814441115	1	0.5730585936287712	3.040599845654287	0	-3.040599845654287	1	0.0618009495798002	-2.674849442027055
0	0	0.787775803654245	2.212224196345749	0	0.2625919345514155	0	0	0	0	0	0
0	4	0.7877758036542449	2.000445214939871	0	0.2825370723485398	0	1.999554884146243	1.999554884146243	0.2649707051138714	0.7350292948861286	1.759030631342462
2	1	0.9178738668500002	2.082126133149994	0.6666666666666666	0.3059579556166673	2.178948624895148	0.4802783001849778	-1.69867032471017	0.9713591929809311	0.2235491977772542	-1.494339143880733
0	1	1.785695206669053	1.214304793330942	0	0.5952317355563519	0	0.8235164725463319	0.8235164725463319	0.4047682644436481	0.5952317355563519	0.7244565838674645
2	4	0.7879411050036597	2.081804730473837	0.3333333333333333	0.2745682545341351	2.538260775201861	1.921409794803168	-0.6168509803986928	0.7898754795299564	0.5232930634073687	-0.5426506559524725
8	2	1.785936309428996	1.21335090264923	0.8	0.5954535805163883	4.479443056151191	1.648327780226808	-2.831115275924383	0.9563247827984844	0.1600697350553173	-2.490563540264557
1	2	0.9997231404191342	2.00027685958086	0.3333333333333333	0.3332410468063787	1.000276936253321	0.9998615893697245	-0.0004153468835963459	0.7408637809249721	0.7035806379667053	-0.0003653852648263537
7	4	0.7886563044754259	2.211343695524569	0.6363636363636364	0.2628854348251424	8.875856263719395	1.808854954612169	-7.067001309107226	0.9983002321413174	0.01015293748520851	-6.216919511946593
3	7	0.9999999999999981	1.999999999999996	0.3	0.3333333333333334	3.000000000000006	3.500000000000007	0.5000000000000009	0.5592643397856017	0.7008586089518875	0.4398555511752117
0	0	0.8119436108426334	1.400280585503116	0	0.3670259154491837	0	0	0	0	0	0
1	5	0.8123527811590422	2.080980840077502	0.1666666666666667	0.2807670623244136	1.230992277238502	2.402713135894987	1.171720858656485	0.4626499826761708	0.8615740834877722	1.030775848215679
2	11	0.9758700991360748	2.024129900863922	0.1538461538461539	0.3252900330453586	2.049453100131436	5.434433825272317	3.384980725140882	0.1525166133513364	0.95635746672893	2.977805125148615
5	0	0.9999999999999982	1.999999999999996	1	0.3333333333333333	5.000000000000009	0	-5.000000000000009	1	0.004115226337448097	-4.398555511752117
1	4	0.9973114035503526	1.931050811886103	0.2	0.3405696871422407	1.002695844487565	2.071411055254991	1.068715210767426	0.4466905564485547	0.8753062933119479	0.9401606361628756
0	2	0.7887335429573781	2.211266457042616	0	0.2629111809857932	0	0.9044590685262023	0.9044590685262023	0.543299927115758	0.456700072884242	0.7956626842040211
0	1	0.7877758036542449	2.212114182256578	0	0.2626015645087269	0	0.4520562311028175	0.4520562311028175	0.737398435491273	0.262601564508727	0.3976788853878366
1	3	0.7878008991278141	2.212087011584547	0.25	0.2626101116360514	1.269356256266164	1.35618535088774	0.08682909462157551	0.7168327449562049	0.7043426283478775	0.07638451854563527
1	2	0.787775803654245	2.212224196345749	0.3333333333333333	0.2625919345514155	1.269396693020163	0.9040675006193718	-0.3653291924007914	0.8293502314801299	0.5990191332571293	-0.3213841465676896
3	4	0.9970676843396775	2.002876338921285	0.4285714285714285	0.3323620962953359	3.008822818269146	1.997127791800831	-1.011695026468315	0.8281921436628878	0.4271170489813934	-0.8899993469768804
1	0	0.9999999999999981	1.999999999999996	1	0.3333333333333334	1.000000000000002	0	-1.000000000000002	1	0.3333333333333334	-0.8797111023504236
5	4	0.9981384602249825	2.00143573779804	0.5555555555555556	0.3327600500373825	5.009325057841163	1.998565292134116	-3.010759765707046	0.9579288516056237	0.1439665567793903	-2.648598792402443
1	0	1.787738673239306	1.212227576146539	1	0.5959195952972115	0.5593658709569911	0	-0.5593658709569911	1	0.5959195952972115	-0.4920803669567784
4	0	0.787775803654245	2.081956962975043	1	0.2745119032736785	5.077586772080653	0	-5.077586772080653	1	0.005678645051404363	-4.466809456546991
1	2	1.000528004762488	1.999471995237506	0.3333333333333333	0.3335093349208301	0.9994722738794165	1.000264072096909	0.0007917982174928673	0.7405060409917569	0.703938310539367	0.0006965536827497494
5	0	0.9999999999999981	1.999721230219421	1	0.3333643106319088	5.00000000000001	0	-5.00000000000001	1	0.004117138871810866	-4.398555511752118
3	0	0.787775803654245	2.212224196345749	1	0.2625919345514155	3.808190079060489	0	-3.808190079060489	0.9999999999999998	0.01810690187724751	-3.350107092410243
0	2	0.787775803654245	2.211838984050563	0	0.2626256567620875	0	0.9042249523685399	0.9042249523685399	0.5437209220655428	0.4562790779344572	0.795456729620886
0	0	0.9999999999999981	1.999999999999996	0	0.3333333333333334	0	0	0	0	0	0
3	0	0.9999999999999989	1.999999999999998	1	0.3333333333333334	3.000000000000004	0	-3.000000000000004	0.9999999999999999	0.0370370370370372	-2.639133307051269
1	1	0.9999999999999982	1.999834775742125	0.5	0.3333516925953397	1.000000000000002	0.5000413094771325	-0.4999586905228692	0.8888766490438222	0.5555800342345015	-0.4398192107695467
1	0	0.7877758036542448	2.212224196345749	1	0.2625919345514155	1.269396693020163	0	-1.269396693020163	1	0.2625919345514155	-1.116702364136748
5	0	0.999999999999998	1.928734114968657	1	0.3414444468991001	5.00000000000001	0	-5.00000000000001	1	0.004640879260056407	-4.398555511752118
8	0	0.9999999999999982	1.999999999999996	1	0.3333333333333333	8.000000000000014	0	-8.000000000000014	1	0.000152415790275473	-7.037688818803387
0	5	0.1882492297145723	2.811750770285422	0	0.06274974323819088	0	1.778251491149213	1.778251491149213	0.7232323442775227	0.2767676557224773	1.564347579535155
1	0	0.999999999999998	1.999999999999996	1	0.3333333333333334	1.000000000000002	0	-1.000000000000002	1	0.3333333333333334	-0.8797111023504236
0	0	0.8119436108426334	2.080110536524802	0	0.2807497956363388	0	0	0	0	0	0
0	0	0.9999999999999981	1.999999999999996	0	0.3333333333333334	0	0	0	0	0	0
3	0	0.9148178204748091	2.085182179525184	1	0.3049392734916037	3.279341452315543	0	-3.279341452315543	1	0.02835568112369879	-2.88487308399994
8	2	0.9999999999999984	1.999999999999997	0.8	0.3333333333333333	8.000000000000012	1.000000000000002	-7.000000000000011	0.9996443631560238	0.003403952649493669	-6.157977716452963
1	5	0.787775803654245	2.21222419634575	0.1666666666666667	0.2625919345514155	1.269396693020163	2.260168751548429	0.9907720585282658	0.5043214938107421	0.8392143445061361	0.8715931797858973
0	1	0.7878829589108575	2.211799332065604	0	0.2626554689744774	0	0.4521205814209636	0.4521205814209636	0.7373445310255226	0.2626554689744774	0.3977354950771496
5	2	0.969857329408684	1.244530562649575	0.7142857142857143	0.4379798737551839	5.155397447012612	1.607031647131308	-3.548365799881304	0.9691384969988628	0.1377654650987727	-3.121536789356118
3	1	0.9164463494468031	2.083553650553191	0.75	0.3054821164822684	3.273514048924847	0.4799492442800772	-2.79356480464477	0.991291503863278	0.08790404938410268	-2.457529973781392
3	0	0.8120597628874345	2.116284112481101	1	0.2773102468320036	3.694309381039794	0	-3.694309381039794	1	0.02132542780370406	-3.249924978018022
5	0	0.999999999999998	1.999999999999996	1	0.3333333333333334	5.00000000000001	0	-5.00000000000001	1	0.004115226337448541	-4.398555511752118
0	0	0.9999999999999981	1.999999999999996	0	0.3333333333333334	0	0	0	0	0	0
0	1	0.7878308043035124	2.212169195696482	0	0.2626102681011713	0	0.4520449891199027	0.4520449891199027	0.7373897318988287	0.2626102681011713	0.397668995690654
3	0	0.999999999999998	1.999999999999996	1	0.3333333333333334	3.000000000000006	0	-3.000000000000006	0.9999999999999999	0.0370370370370372	-2.639133307051271
1	0	0.999999999999998	1.999999999999996	1	0.3333333333333334	1.000000000000002	0	-1.000000000000002	1	0.3333333333333334	-0.8797111023504236
8	0	0.8560491586438047	2.072294716724731	1	0.2923321833355619	9.345257710052532	0	-9.345257710052532	1	5.33350911352537e-05	-8.221126961859092
7	0	1.774343406845898	1.213404008646332	1	0.5938732965328583	3.945121318112437	0	-3.945121318112437	1.000000000000001	0.02605293067716574	-3.470567023662841
2	0	0.999999999999998	1.999999999999996	1	0.3333333333333334	2.000000000000004	0	-2.000000000000004	1	0.111111111111111	-1.759422204700847
1	0	0.8566529002706177	1.355571296075132	1	0.3872360232229967	1.167333933830258	0	-1.167333933830258	1	0.3872360232229967	-1.026916621740871
2	8	0.7877758036542462	2.212224196345752	0.2	0.2625919345514156	2.538793386040323	3.616270002477483	1.07747661643716	0.4881331981046316	0.7831596510160819	0.9478681420027365
2	0	0.999999999999998	1.999999999999996	1	0.3333333333333334	2.000000000000004	0	-2.000000000000004	1	0.111111111111111	-1.759422204700847
1	1	0.999999999999998	1.788293315322479	0.5	0.3586423259363387	1.000000000000002	0.5591923827214398	-0.4408076172785622	0.8713756820469729	0.5886603339196504	-0.3877833549205868
0	6	0.5831321035108196	2.416783845060456	0	0.1943828138880154	0	2.482638243491697	2.482638243491697	0.2733835220501133	0.7266164779498867	2.184004425919396
3	2	0.9994480945346995	1.999882950228349	0.6	0.3332236687509956	3.001656630699439	1.000058528311188	-2.00159810238825	0.9547866433693353	0.2097141038915213	-1.76082807311448
2	7	0.8233672248832994	2.104740276929594	0.2222222222222222	0.2811943292292117	2.429049808587501	3.32582603028419	0.8967762216966895	0.5138132543415317	0.7684121342681624	0.788903998550441
1	1	0.191361483928485	2.808638516071509	0.5	0.06378716130949511	5.225711984830328	0.3560443945626428	-4.869667590267685	0.9959311980520764	0.1235055206710667	-4.283900643914508
3	0	0.7877758036542449	2.081956962975043	1	0.2745119032736785	3.80819007906049	0	-3.80819007906049	1	0.02068633448562407	-3.350107092410244
0	18	0.7883458799953791	2.211598303134985	0	0.2627868493115631	0	8.138910205567006	8.138910205567006	0.004136902896867934	0.995863097103132	7.159889668870449
1	2	0.7878028663467892	2.212169119155494	0.3333333333333333	0.2626034076831181	1.269353086562397	0.9040900095212925	-0.3652630770411041	0.8293369015275526	0.5990378492229516	-0.3213259841517367
2	0	0.9999999999999981	1.999999999999996	1	0.3333333333333334	2.000000000000004	0	-2.000000000000004	1	0.111111111111111	-1.759422204700847
4	2	0.787775803654245	2.211276986482571	0.6666666666666666	0.2626748706275047	5.077586772080653	0.9044547617625033	-4.17313201031815	0.9941392539980276	0.04468324063353024	-3.671150561050812
1	5	0.8571385965580209	1.365536224837471	0.1666666666666667	0.3856338265531222	1.166672465824853	3.661565258435463	2.49489279261061	0.2562905758812838	0.9462270609191328	2.194784888833602
3	3	0.91845128803186	2.081548711968134	0.5	0.306150429343954	3.266368112378251	1.441234587858123	-1.825133524520128	0.924540139428859	0.2671636006072056	-1.605590224792313
1	0	1.000408419047444	1.999591580952551	1	0.3334694730158151	0.9995917476905757	0	-0.9995917476905757	1	0.3334694730158152	-0.8793519582612611
0	0	0.7877758036542452	2.212224196345749	0	0.2625919345514155	0	0	0	0	0	0
2	0	0.9999999999999981	1.928436798734363	1	0.3414791128264019	2.000000000000004	0	-2.000000000000004	1	0.1166079844967064	-1.759422204700847
3	4	0.8126198273646399	2.113152623319966	0.4285714285714285	0.2777453958097437	3.691763231681321	1.892906340913329	-1.798856890767991	0.9009709105555443	0.3030947482541886	-1.582474378348162
3	0	0.787775803654245	2.212224196345749	1	0.2625919345514155	3.808190079060489	0	-3.808190079060489	0.9999999999999998	0.01810690187724751	-3.350107092410243
1	0	0.787775803654245	2.081956962975043	1	0.2745119032736785	1.269396693020163	0	-1.269396693020163	1	0.2745119032736785	-1.116702364136748
1	0	0.9999999999999981	1.999999999999996	1	0.3333333333333334	1.000000000000002	0	-1.000000000000002	1	0.3333333333333334	-0.8797111023504236
3	0	1.78758069918939	1.212199122764847	1	0.5959039680535129	1.67824591156103	0	-1.67824591156103	1	0.2116064162365809	-1.476371560874442
0	1	0.1879099727359319	2.812090027264063	0	0.06263665757864409	0	0.3556073917636697	0.3556073917636697	0.9373633424213559	0.06263665757864412	0.3128317706123762
0	0	0.7877758036542452	2.212224196345749	0	0.2625919345514155	0	0	0	0	0	0
5	0	0.999999999999998	1.999999999999996	1	0.3333333333333334	5.00000000000001	0	-5.00000000000001	1	0.004115226337448541	-4.398555511752118
0	0	1.787775803654243	1.212224196345751	0	0.5959252678847489	0	0	0	0	0	0
2	0	1.644526239370075	1.225252806032429	1	0.5730497760810782	1.216155724438964	0	-1.216155724438964	1	0.3283860458665738	-1.069865692975977
2	0	0.9999999999999982	1.928677940116396	1	0.3414509961311263	2.000000000000004	0	-2.000000000000004	1	0.1165887827589384	-1.759422204700847
4	0	0.7877758036542448	2.212224196345749	1	0.2625919345514155	5.077586772080654	0	-5.077586772080654	0.9999999999999999	0.004754726392679154	-4.466809456546992
0	0	0.9999999999999981	1.999999999999996	0	0.3333333333333334	0	0	0	0	0	0
4	0	0.8563742455991786	1.355849950746571	1	0.3871100619068247	4.670855085327004	0	-4.670855085327004	1	0.02245628126648302	-4.109003076032092
1	0	0.787775803654245	2.081956962975043	1	0.2745119032736785	1.269396693020163	0	-1.269396693020163	1	0.2745119032736785	-1.116702364136748
1	0	0.7877758036542452	2.212224196345749	1	0.2625919345514155	1.269396693020163	0	-1.269396693020163	1	0.2625919345514155	-1.116702364136748
1	7	0.9985128023289292	2.001487197671065	0.125	0.3328376007763104	1.001489412722202	3.497399337924927	2.495909925202725	0.1959058141032814	0.9607488401488332	2.195679671667448
3	3	0.7894926661885283	2.210507333811471	0.5	0.2631642220628428	3.799908635609301	1.357154511144392	-2.442754124464909	0.9550268443889632	0.1907950204551656	-2.148917923604065
0	0	0.8119436108426334	1.400280585503116	0	0.3670259154491837	0	0	0	0	0	0
3	0	0.7877758036542458	2.212224196345751	1	0.2625919345514156	3.808190079060485	0	-3.808190079060485	0.9999999999999999	0.01810690187724739	-3.35010709241024
1	3	0.8564378396271471	2.035756324009762	0.25	0.2961204508310687	1.167627063787085	1.473653778999934	0.3060267152128495	0.6585369457565303	0.7545328451685418	0.2692150989885744
3	6	0.8145384067165545	2.078750396246631	0.3333333333333333	0.2815268236901682	3.683067581912008	2.886349419744445	-0.7967181621675627	0.7707109273650645	0.4871003909172581	-0.7008818127030287
0	0	0	1.286624498525831	0	0	0	0	0	0	0	0
1	0	0.7877758036542449	2.212224196345749	1	0.2625919345514155	1.269396693020163	0	-1.269396693020163	1	0.2625919345514155	-1.116702364136748
6	0	1.000612586397312	1.999387413602682	1	0.3335375287991048	5.996326731810253	0	-5.996326731810253	1	0.001376791703587177	-5.2750351992941
0	0	0.7877758036542452	2.212224196345749	0	0.2625919345514155	0	0	0	0	0	0
1	3	0.9997022941684219	2.000297705831573	0.25	0.3332340980561412	1.000297794486733	1.49977675385716	0.4994789593704265	0.5927690108592472	0.8023514973591133	0.4393971859485995
0	0	0.8119436108426334	2.116400264525903	0	0.2772705820761741	0	0	0	0	0	0
6	0	1.100297323567481	1.302197926466732	1	0.457981060962269	5.453071521201442	0	-5.453071521201442	1	0.009227522506433106	-4.797127559111813
2	3	0.7878858173457829	2.212114182654211	0.4	0.2626286057819281	2.538438890469647	1.356168693064678	-1.182270197404969	0.8827193064731313	0.393811113145651	-1.040056218635176
1	4	0.8131237678323845	2.078958333957941	0.2	0.2811551467812844	1.229825076526527	1.924040484440475	0.6942154079139482	0.5673121121661094	0.8080554267098293	0.6107090017646272
1	0	0.9999999999999981	1.999999999999996	1	0.3333333333333334	1.000000000000002	0	-1.000000000000002	1	0.3333333333333334	-0.8797111023504236
2	7	0.7878857634362817	2.034641196795893	0.2222222222222222	0.2791419797001592	2.538439064157231	3.440410039383575	0.9019709752263441	0.5194609726356365	0.7642662147132215	0.7934738809044521
0	0	0.787775803654245	2.212224196345749	0	0.2625919345514155	0	0	0	0	0	0
0	0	0.787775803654245	2.212224196345749	0	0.2625919345514155	0	0	0	0	0	0
0	0	0.7877758036542452	2.081956962975043	0	0.2745119032736786	0	0	0	0	0	0
1	0	0.787775803654245	1.999999999999996	1	0.2825821942430312	1.269396693020163	0	-1.269396693020163	1	0.2825821942430311	-1.116702364136748
4	0	0.9999999999999981	1.999999999999996	1	0.3333333333333334	4.000000000000008	0	-4.000000000000008	1	0.01234567901234573	-3.518844409401694
0	0	0.7877758036542452	1.999999999999996	0	0.2825821942430312	0	0	0	0	0	0
1	1	0.7877758036542452	2.212169166465606	0.5	0.2625967514406681	1.269396693020163	0.4520449950930765	-0.8173516979270865	0.9310429461328079	0.4562364490141443	-0.7190333631914263
2	0	0.9999999999999981	1.999999999999996	1	0.3333333333333334	2.000000000000004	0	-2.000000000000004	1	0.111111111111111	-1.759422204700847
5	0	0.9999999999999981	1.999999999999996	1	0.3333333333333334	5.00000000000001	0	-5.00000000000001	1	0.004115226337448541	-4.398555511752118
2	1	0.7879961813999674	2.212003818600027	0.6666666666666666	0.2626653937999896	2.538083365387337	0.4520787855750168	-2.08600457981232	0.9818778978287356	0.1707351229577821	-1.835081388414725
0	0	0.7877758036542452	1.999999999999996	0	0.2825821942430312	0	0	0	0	0	0
1	3	0.9999999999999981	1.999999999999996	0.25	0.3333333333333334	1.000000000000002	1.500000000000003	0.5000000000000009	0.5925925925925926	0.8024691358024691	0.4398555511752117
2	0	0.999999999999998	1.999834759023457	1	0.3333516944531741	2.000000000000004	0	-2.000000000000004	1	0.1111233521948023	-1.759422204700847
2	0	0.9999999999999981	1.999999999999996	1	0.3333333333333334	2.000000000000004	0	-2.000000000000004	1	0.111111111111111	-1.759422204700847
8	0	0.9366029228813877	2.062440942153476	1	0.3123005081056058	8.541506549422895	0	-8.541506549422895	0.9999999999999994	9.048602838024333e-05	-7.514058142326163
3	0	0.9999999999999981	1.788026057437339	1	0.3586767050947743	3.000000000000006	0	-3.000000000000006	1	0.04614339182177285	-2.63913330705127
3	0	1.787043493070193	1.2121300844622	1	0.5958453043389722	1.678750411858142	0	-1.678750411858142	1	0.2115439276626914	-1.476815375386951
0	7	0.9989316291794262	2.001068370820568	0	0.332977209726476	0	3.498131349269963	3.498131349269963	0.05874686686903046	0.9412531331309696	3.077344985432847
2	0	0.999999999999998	1.999999999999996	1	0.3333333333333334	2.000000000000004	0	-2.000000000000004	1	0.111111111111111	-1.759422204700847
3	3	0.999999999999998	1.794145830432965	0.5	0.3578911269083777	3.000000000000006	1.672104880836825	-1.327895119163181	0.8738133894322297	0.3689084212284102	-1.168164079084787
7	0	0.999999999999998	1.999999999999996	1	0.3333333333333334	7.000000000000014	0	-7.000000000000014	1	0.0004572473708274183	-6.157977716452965
3	0	0.999999999999998	1.999888005528429	1	0.3333457776280715	3.000000000000006	0	-3.000000000000006	1	0.03704118529014533	-2.639133307051271
2	0	0.9999999999999981	1.999999999999996	1	0.3333333333333334	2.000000000000004	0	-2.000000000000004	1	0.111111111111111	-1.759422204700847
3	0	1.786696805138932	1.212322412324164	1	0.5957603721693783	1.679076154035392	0	-1.679076154035392	1	0.2114534797374308	-1.477101934396782
7	0	0.8559313077123245	2.07241256765621	1	0.2922919384270076	8.178226379765366	0	-8.178226379765366	1	0.0001822711199560567	-7.19447654381469
1	0	0.7877758036542449	2.212224196345749	1	0.2625919345514156	1.269396693020163	0	-1.269396693020163	1	0.2625919345514156	-1.116702364136748
1	4	0.7878259984001222	2.211949806057464	0.2	0.2626282928308956	1.26931581596793	1.808359298681158	0.5390434827132287	0.6061895458875386	0.7820121194195336	0.474202536392465
0	6	0.7881314448161204	2.211868555183873	0	0.262710481605374	0	2.712638590542835	2.712638590542835	0.1606306286553107	0.8393693713446893	2.386338284764732
2	0	0.8120016317165646	2.116342243651972	1	0.2772903956214408	2.463049237686896	0	-2.463049237686896	0.9999999999999999	0.07688996350389521	-2.166771760028905
2	4	0.7882971437447307	2.211562506834178	0.3333333333333333	0.2627780081620172	2.537114355760811	1.808675987063077	-0.7284383686977347	0.8098465564378535	0.4961118709554725	-0.6408153203214272
0	0	0.787775803654245	2.212224196345749	0	0.2625919345514155	0	0	0	0	0	0
0	0	0.7877758036542452	2.212224196345749	0	0.2625919345514155	0	0	0	0	0	0
0	0	0	1.286624498525831	0	0	0	0	0	0	0	0
2	8	0.9991628628598358	2.000837137140159	0.2	0.3330542876199458	2.001675677051824	3.998326426225063	1.996650749173239	0.2997950768386388	0.8956237722429607	1.756475831563986
1	0	0.9999999999999982	1.928714989209242	1	0.3414466766771322	1.000000000000002	0	-1.000000000000002	1	0.3414466766771322	-0.8797111023504234
1	0	0.9999999999999981	1.999999999999996	1	0.3333333333333334	1.000000000000002	0	-1.000000000000002	1	0.3333333333333334	-0.8797111023504236
3.5	2.5	0.9994886867840721	2.000361552839039	0.5833333333333334	0.3331795279585836	3.501790511768078	1.24977407031836	-2.252016441449718	0.9411099803806116	0.209648735976654	-1.981123866219006
1	0	0.8119551934215675	1.400269002924182	1	0.3670311511657776	1.231595053645774	0	-1.231595053645774	1	0.3670311511657776	-1.08344784229205
4	1	0.7877758036542449	2.212224196345749	0.8	0.2625919345514155	5.077586772080653	0.4520337503096859	-4.625553021770967	0.9987514471982835	0.01877942075653039	-4.069150347762462
5	0	0.9999999999999981	1.92867885288299	1	0.3414508897128134	5.00000000000001	0	-5.00000000000001	0.9999999999999996	0.004641317127025091	-4.398555511752118
2	1	0.9999512399162771	2.000020771410557	0.6666666666666666	0.3333201897020421	2.000097524922769	0.4999948072012915	-1.500102717721477	0.9629673440006405	0.2592417345902972	-1.319657015445625
3	1	0.7879303874844479	2.212069612515551	0.75	0.2626434624948161	3.807442951372673	0.4520653393284521	-3.355377612044221	0.9952415404630177	0.05819487428295123	-2.951762937893347
1	0	0.9999999999999981	1.999999999999996	1	0.3333333333333334	1.000000000000002	0	-1.000000000000002	1	0.3333333333333334	-0.8797111023504236
1	11	0.9999999999999981	1.999999999999996	0.08333333333333333	0.3333333333333334	1.000000000000002	5.500000000000011	4.500000000000009	0.05395142640481253	0.992292653370741	3.958699960576906
1	0	0.7877758036542449	2.081956962975043	1	0.2745119032736785	1.269396693020163	0	-1.269396693020163	1	0.2745119032736785	-1.116702364136748
0	12	0.2340823399907559	2.757929368528227	0	0.07823577004203115	0	4.351090400260619	4.351090400260619	0.3762168217939366	0.6237831782060634	3.827702532439607
3	0	0.9366821000991394	2.063037596773398	1	0.3122565421948291	3.202794202731617	0	-3.202794202731617	0.9999999999999998	0.0304463081489329	-2.817533618686571
2	15	0.9084913051273487	1.990566555085548	0.1176470588235294	0.3133746716806239	2.201451999278791	7.535543065203035	5.334091065924243	0.06215334095161321	0.9853215512946373	4.692459131641752
4	1	0.9999999999999981	1.999504720794233	0.8	0.3333883734429365	4.000000000000008	0.5001238504717234	-3.499876149528284	0.9958813750027313	0.04529467562336853	-3.078879905591477
1	6	0.789093720604737	2.205911803789044	0.1428571428571428	0.2634698714836118	1.267276590711723	2.719963685626024	1.452687094914301	0.4120032924745458	0.8824199562072412	1.277944965637292
2	8	0.7879724438007507	2.211887433133612	0.2	0.2626697499637886	2.538159824921145	3.616820585063086	1.078660760141942	0.4879041881554598	0.7833203945852545	0.9489098463666114
3	0	0.7877758036542452	2.212224196345749	1	0.2625919345514155	3.808190079060489	0	-3.808190079060489	0.9999999999999998	0.01810690187724751	-3.350107092410243
1	0	0.787775803654245	2.212224196345749	1	0.2625919345514155	1.269396693020163	0	-1.269396693020163	1	0.2625919345514155	-1.116702364136748
2	0	0.787775803654245	2.212224196345749	1	0.2625919345514156	2.538793386040326	0	-2.538793386040326	0.9999999999999999	0.06895452409145497	-2.233404728273495
1	0	0.7877758036542452	2.212224196345749	1	0.2625919345514155	1.269396693020163	0	-1.269396693020163	1	0.2625919345514155	-1.116702364136748
2	1	0.8921372292446296	2.000167432040485	0.6666666666666666	0.3084520248459004	2.241807576726055	0.4999581454937714	-1.741849431232284	0.9706530564550445	0.2267340678046972	-1.532324283277807
5	0	1.622069975938804	1.20633582781287	1	0.5734926628234346	3.082481073053679	0	-3.082481073053679	1	0.06203536329074577	-2.711692822750363
1	0	0.787775803654245	2.212224196345749	1	0.2625919345514155	1.269396693020163	0	-1.269396693020163	1	0.2625919345514155	-1.116702364136748
0	0	0	1.286624498525831	0	0	0	0	0	0	0	0
1	0	1.644500700277196	1.22526583102893	1	0.5730433755977804	0.6080873056675747	0	-0.6080873056675747	1	0.5730433755977804	-0.5349411539941201
0	0	0.9999999999999981	1.999999999999996	0	0.3333333333333334	0	0	0	0	0	0
5	2	0.7877883522571237	2.211747612538713	0.7142857142857143	0.2626367416503854	6.346882364627887	0.9042623076257499	-5.442620057002137	0.9982198075794226	0.01604808039478867	-4.787933290019866
5	6	1.55849642237867	1.230289551131708	0.4545454545454545	0.5588440408056542	3.208220389988898	4.876900721851023	1.668680331862124	0.3443239620896951	0.8413059663868292	1.467956614212897
2	7	0.792799237904799	2.186064931079039	0.2222222222222222	0.2661414528931818	2.522706764054892	3.202100678933086	0.6793939148781938	0.5555123624698975	0.736777696415493	0.5976703697876645
0	5	0.7940505001013073	2.152821541394956	0	0.2694553712953655	0	2.322533430597395	2.322533430597395	0.2080816389255791	0.7919183610744209	2.043158444476542
3	14	0.8572035542430644	2.06086615626882	0.1764705882352941	0.2937570515039871	3.499752171057068	6.793260182091048	3.29350801103398	0.2178718563584517	0.914510942496904	2.897335562986648
2	0	0.7877758036542449	1.999999999999996	1	0.2825821942430311	2.538793386040326	0	-2.538793386040326	0.9999999999999999	0.07985269650320626	-2.233404728273495
0	2	0.9999024255467788	1.998476005313153	0	0.3334810627156252	0	1.000762578426159	1.000762578426159	0.4442474937586923	0.5557525062413078	0.8803819510583265
1	0	0.9999999999999982	1.999999999999996	1	0.3333333333333333	1.000000000000002	0	-1.000000000000002	1	0.3333333333333333	-0.8797111023504234
5	0	1.642032558235933	1.222972471518139	1	0.5731342671942474	3.045006613858861	0	-3.045006613858861	1	0.06184176507017858	-2.678726124942103
4	0	0.7877758036542449	2.212224196345749	1	0.2625919345514155	5.077586772080653	0	-5.077586772080653	0.9999999999999999	0.004754726392679154	-4.466809456546991
1	1	0.9997406862843159	2.000259313715678	0.5	0.333246895428106	1.000259380976729	0.4999351799754412	-0.5003242010012878	0.8889465066875289	0.555440297543741	-0.4401407543954369
1	0	0.999999999999998	1.999999999999996	1	0.3333333333333334	1.000000000000002	0	-1.000000000000002	1	0.3333333333333334	-0.8797111023504236
0	3	0.0008113310734987305	2.999188668926496	0	0.000270443691166244	0	1.000270516850744	1.000270516850744	0.9991888883260913	0.0008111116739086821	0.8799490790273938
2	0	0.9999999999999981	1.999999999999996	1	0.3333333333333334	2.000000000000004	0	-2.000000000000004	1	0.111111111111111	-1.759422204700847
1	0	0.7877758036542449	2.212224196345749	1	0.2625919345514155	1.269396693020163	0	-1.269396693020163	1	0.2625919345514155	-1.116702364136748
1	3	0.7882357696326995	2.211007381396004	0.25	0.2628115594303664	1.268655951081715	1.35684757330201	0.08819162222029497	0.7164875237715245	0.7046655789288174	0.07758314920148765
2	3	0.812867375299658	2.115476500068878	0.4	0.2775860383532852	2.460425969565716	1.418120220150081	-1.042305749415635	0.8652799304655182	0.4252250816569901	-0.9169279398046105
2	6	0.8117369809801959	1.485924705106381	0.25	0.3532882956162108	2.463852266019644	4.037889658460485	1.574037392440841	0.4199874846940988	0.8356831541083862	1.384698169644916
0	1	0.787775803654245	2.212003817737899	0	0.2626112258502017	0	0.4520787857512145	0.4520787857512145	0.7373887741497982	0.2626112258502018	0.3976987269624411
1	0	0.7877758036542449	2.212224196345749	1	0.2625919345514155	1.269396693020163	0	-1.269396693020163	1	0.2625919345514155	-1.116702364136748
0	0	0.8119436108426334	2.080110536524802	0	0.2807497956363388	0	0	0	0	0	0
3	0	1.645155081381045	1.225152691603356	1	0.5731633021606237	1.823536293904653	0	-1.823536293904653	0.9999999999999999	0.1882934133512382	-1.604185123286865
3	0	0.7877758036542449	1.999999999999996	1	0.2825821942430311	3.80819007906049	0	-3.80819007906049	1	0.02256495019409877	-3.350107092410244
2	2	0.9181494822608797	2.081850517739115	0.5	0.3060498274202937	2.178294535520663	0.9606837680987758	-1.217610767421887	0.9116537771031639	0.3589862974859611	-1.071145710442452
0	0	0	1.286624498525831	0	0	0	0	0	0	0	0
5	0	0.9999999999999981	1.998122255696682	1	0.3335421022608119	5.00000000000001	0	-5.00000000000001	1	0.00412812946078811	-4.398555511752118
3	2	0.9999574915387579	2.000042508461236	0.6	0.3333191638462533	3.000127530804864	0.9999787462211146	-2.00014878458375	0.9547395071938385	0.2098555518233398	-1.759553092151027
3	5	0.7887680512722834	2.211231948727711	0.375	0.2629226837574283	3.803399485008296	2.26118295861132	-1.542216526396976	0.867531566253967	0.3538989264115364	-1.356705000499722
3	0	0.7877758036542449	2.212224196345749	1	0.2625919345514155	3.80819007906049	0	-3.80819007906049	0.9999999999999998	0.01810690187724751	-3.350107092410244
8	0	0.9999999999999986	1.999999999999997	1	0.3333333333333334	8.000000000000012	0	-8.000000000000012	1	0.0001524157902758061	-7.037688818803385
4	10	0.9997247895099967	2.000237973394325	0.2857142857142857	0.3332457328710787	4.00110114500667	4.999405137294938	0.9983039922882675	0.4757820878708066	0.7385812464878196	0.8782191055367388
9	0	0.999999999999998	1.999999999999996	1	0.3333333333333334	9.000000000000018	0	-9.000000000000018	0.9999999999999998	5.080526342549074e-05	-7.917399921153812
1	3	0.7878984268937983	2.211954322606316	0.25	0.2626457005348317	1.26919913261204	1.356266704669173	0.08706757205713211	0.7167717617769528	0.7043997018646964	0.07659430979335448
2	3	0.8414889709211492	2.071448951515593	0.4	0.2888798159547539	2.376739409680757	1.448261613111453	-0.9284777965693045	0.8513169015842664	0.4487813148036651	-0.8167922259278736
3	0	0.787775803654245	2.21222419634575	1	0.2625919345514155	3.808190079060489	0	-3.808190079060489	0.9999999999999998	0.01810690187724751	-3.350107092410243
1	0	0.8120133362992852	1.400210860046464	1	0.3670574337088461	1.231506867310155	0	-1.231506867310155	1	0.3670574337088461	-1.083370263793531
5.5	5.5	0.917557218774718	2.082122505586209	0.5	0.3058850621028219	5.994176589166349	2.641535253206202	-3.352641335960147	0.9454122926785423	0.154256747927455	-2.949355805443092
1	3	0.7884470410664446	2.211461476376212	0.25	0.262823694950063	1.268316003377235	1.356568962221272	0.08825295884403661	0.7164667246975513	0.7046850255071287	0.07763710771037385
6	3	1.786699537964368	1.213063685688989	0.6666666666666666	0.5956135217193507	3.358147171648095	2.473077081930845	-0.8850700897172499	0.7763741120764891	0.4716286135867012	-0.7786059842825487
2	0	0.787775803654245	1.999999999999996	1	0.2825821942430312	2.538793386040326	0	-2.538793386040326	1	0.07985269650320614	-2.233404728273495
5	1	0.9999999999999982	1.999999999999996	0.8333333333333334	0.3333333333333333	5.000000000000009	0.5000000000000009	-4.500000000000008	0.9986282578875173	0.01783264746227697	-3.958699960576905
1	7	0.8216975327633775	1.398527595235332	0.125	0.3700964926489451	1.216992822939348	5.005264124818432	3.788271301879084	0.1412844411107195	0.9752148122922395	3.332584322978517
2	3	0.9999999999999992	1.884996124154134	0.4	0.3466209162735684	2.000000000000002	1.59151520873615	-0.4084847912638516	0.770053767046101	0.5650699886706237	-0.3593486060161049
2	4	1.000466578027761	1.807182066709922	0.3333333333333333	0.3563361034874911	1.999067279131541	2.213390711253697	0.2143234321221561	0.6342531481795302	0.6926713850784181	0.1885427027317078
1	0	0.9999999999999981	1.928362401238193	1	0.3414877883888862	1.000000000000002	0	-1.000000000000002	1	0.3414877883888863	-0.8797111023504236
2	1	0.8921564558085994	2.000028361551895	0.6666666666666666	0.3084714539864058	2.241759264284329	0.4999929097125719	-1.741766354571757	0.9706475104858835	0.2267589347452286	-1.532251199817196
3	1	0.9164469961640385	2.083553003835954	0.75	0.3054823320546802	3.273511738875314	0.4799493932522648	-2.793562345623049	0.9912914792816294	0.08790421704418727	-2.457527810552683
1	0	0.9999999999999981	1.999999999999996	1	0.3333333333333334	1.000000000000002	0	-1.000000000000002	1	0.3333333333333334	-0.8797111023504236
3	0	0.9999999999999989	1.999999999999998	1	0.3333333333333334	3.000000000000004	0	-3.000000000000004	0.9999999999999999	0.0370370370370372	-2.639133307051269
3	0	0.9999999999999981	1.999999999999996	1	0.3333333333333334	3.000000000000006	0	-3.000000000000006	0.9999999999999999	0.0370370370370372	-2.63913330705127
2	0	0.999999999999998	1.999999999999996	1	0.3333333333333334	2.000000000000004	0	-2.000000000000004	1	0.111111111111111	-1.759422204700847
1	3	0.8121057296974766	2.078889675600213	0.25	0.2809086891695883	1.23136675857775	1.443078021508691	0.2117112629309412	0.6851929761404029	0.7326155395138514	0.1862447484929783
3	3	0.8935051335751746	2.000057125224415	0.5	0.3087907062852866	3.357563249800396	1.499957157305388	-1.857606092495008	0.9223316807555729	0.2721377597632615	-1.634156703361643
2	1	0.7880511907010032	2.211948809298991	0.6666666666666666	0.2626837302336682	2.537906196450157	0.4520900283930708	-2.085816168057086	0.9818741023010777	0.1707564309905791	-1.834915640501832
0	0	0.8119436108426334	1.400280585503116	0	0.3670259154491837	0	0	0	0	0	0
3	0	0.8121991497057943	1.400025046639955	1	0.3671414276398483	3.693675376398387	0	-3.693675376398387	0.9999999999999997	0.04948803126693657	-3.249367237096035
1	4	0.999999999999999	1.999999999999998	0.2	0.3333333333333334	1.000000000000001	2.000000000000002	1.000000000000001	0.4609053497942386	0.8683127572016461	0.8797111023504228
4	1	0.9999999999999982	1.999999999999996	0.8	0.3333333333333333	4.000000000000007	0.5000000000000009	-3.500000000000006	0.9958847736625519	0.04526748971193373	-3.078988858226482
2	6	0.9182638285171933	2.081736171482804	0.25	0.3060879428390647	2.178023284691054	2.882209610512867	0.7041863258218135	0.5363284956338361	0.7565429821932199	0.6194805289488009
5	1	0.9999999999999991	1.999864748579117	0.8333333333333334	0.3333483619465339	5.000000000000004	0.5000338151419937	-4.49996618485801	0.9986278867688204	0.01783635852375842	-3.958670213021062
2	4	0.787775803654245	2.212114103515328	0.3333333333333333	0.262601571401505	2.538793386040326	1.808224988775893	-0.7305683972644332	0.810139360733136	0.4957009535813242	-0.6426891300998755
2	3	0.9183195917008883	2.081680408299106	0.4	0.3061065305669634	2.177891028433414	1.441143408968927	-0.7367476194644871	0.8287476903169211	0.4843094332858854	-0.648125060473153
4	2	0.9998879629458973	1.928622523631071	0.6666666666666666	0.3414322631006286	4.000448198431243	1.037009562780872	-2.96343863565037	0.9800810082203187	0.1083308233376281	-2.606969868915817
2	5	0.9986213928739548	2.000165327475865	0.2857142857142857	0.3330084750933744	2.002761020614785	2.499793357736991	0.4970323371222061	0.5713933629408599	0.7360261610345737	0.4372448651935824
1	0	0.8920889665898211	2.000049182630301	1	0.3084530961394001	1.12096443006429	0	-1.12096443006429	1	0.3084530961394001	-0.9861248544674687
2	4	0.9999999999999981	1.999999999999996	0.3333333333333333	0.3333333333333334	2.000000000000004	2.000000000000004	0	0.6803840877914951	0.6488340192043897	0
5	1	0.8955571929069348	1.992098439186792	0.8333333333333334	0.3101329614769893	5.583116343212257	0.5019832254917166	-5.08113311772054	0.999110209924073	0.01276540964884332	-4.469929216179172
1	6	0.522918432217987	2.477081567782011	0.1428571428571428	0.1743061440726625	1.91234414086045	2.422205258816901	0.5098611179564503	0.6483138773002607	0.7383423896084518	0.4485304861230873
2	0	0.9367169074643247	2.06308676265525	1	0.3122594044386199	2.135116793625475	0	-2.135116793625475	1	0.09750593566036159	-1.878285948167165
3	18	0.7877758036542464	2.212224196345753	0.1428571428571428	0.2625919345514156	3.808190079060483	8.136607505574334	4.328417426513852	0.1586161423941951	0.9414846904047455	3.807756865711276
7	2	0.917285084436685	2.082714915563309	0.7777777777777778	0.305761694812229	7.631215331816692	0.9602850515232724	-6.67093028029342	0.9994993146856496	0.004835805924166214	-5.868491430579732
5	0	0.9999999999999986	1.999999999999997	1	0.3333333333333334	5.000000000000007	0	-5.000000000000007	1	0.004115226337448541	-4.398555511752115
2	0	0.7877758036542449	2.212224196345749	1	0.2625919345514155	2.538793386040326	0	-2.538793386040326	1	0.06895452409145486	-2.233404728273495
4	0	0.8922982521526176	2.000344801364985	1	0.3084716073307203	4.482806046465106	0	-4.482806046465106	0.9999999999999999	0.009054423122703326	-3.943574248758954
0	2	0.3142745690303497	2.685725430969647	0	0.1047581896767834	0	0.7446777607783702	0.7446777607783702	0.8014578989507901	0.1985421010492099	0.6551012938301838
0	0	0.787775803654245	2.212224196345749	0	0.2625919345514155	0	0	0	0	0	0
2	0	0.9172848193090817	2.082715180690912	1	0.3057616064363612	2.180347867859017	0	-2.180347867859017	1	0.09349015997054422	-1.918076226341648
1	0	0.7877758036542452	1.999999999999996	1	0.2825821942430312	1.269396693020163	0	-1.269396693020163	1	0.2825821942430311	-1.116702364136748
0	0	0	1.286624498525831	0	0	0	0	0	0	0	0
0	0	0.9999999999999981	1.999999999999996	0	0.3333333333333334	0	0	0	0	0	0
0	0	0.1880563891573646	2.81194361084263	0	0.06268546305245498	0	0	0	0	0	0
3	0	0.999999999999998	1.999999999999996	1	0.3333333333333334	3.000000000000006	0	-3.000000000000006	0.9999999999999999	0.0370370370370372	-2.639133307051271
1	1	0.8121451282304024	2.079909019137033	0.5	0.2808194753095055	1.231307022894933	0.4807902609196368	-0.7505167619752957	0.921140422286894	0.482779372905905	-0.6602379280097566
13	0	0.9999999999999982	1.999999999999996	1	0.3333333333333333	13.00000000000002	0	-13.00000000000002	1.000000000000001	6.272254737815786e-07	-11.4362443305555
4	0	0.9999999999999981	1.928585795758237	1	0.3414617394676975	4.000000000000008	0	-4.000000000000008	0.9999999999999998	0.0135946550871936	-3.518844409401694
2	0	0.787775803654245	2.212224196345749	1	0.2625919345514155	2.538793386040326	0	-2.538793386040326	1	0.06895452409145486	-2.233404728273495
0	1	0.1884774807717139	2.81152251922828	0	0.06282582692390477	0	0.35567917139589	0.35567917139589	0.9371741730760952	0.06282582692390482	0.312894915951763
0	0	0.9999999999999981	1.999999999999996	0	0.3333333333333334	0	0	0	0	0	0
5	1	1.643282935759887	1.225125440802252	0.8333333333333334	0.5728901606853498	3.042689661770206	0.8162429467999355	-2.22644671497027	0.9646468447694485	0.1934953069308626	-1.958629893950971
3	0	0.9180430370249514	2.081956962975043	1	0.3060143456749843	3.267820656558678	0	-3.267820656558678	0.9999999999999999	0.02865664600379447	-2.874738112064714
3	5	0.7879409401064801	2.212059059893514	0.375	0.2626469800354939	3.807391959598633	2.260337479524934	-1.547054480073699	0.8679453549003112	0.3532024221822505	-1.360961002061792
2	1	0.7882167445665391	2.211783255433455	0.6666666666666666	0.2627389148555136	2.537373144870009	0.4521238677177817	-2.085249277152227	0.9818626762303317	0.1708205645990221	-1.834416940279006
1	1	0.9997895291050981	2.000210470894896	0.5	0.3332631763683667	1.000210515202225	0.4999473878129431	-0.5002631273892819	0.888935655276867	0.5554620080136002	-0.4400870272608947
2	0	0.9999999999999981	1.999888414502848	1	0.3333457321830826	2.000000000000004	0	-2.000000000000004	1	0.1111193771646755	-1.759422204700847
1	0	0.7877758036542449	2.212224196345749	1	0.2625919345514155	1.269396693020163	0	-1.269396693020163	1	0.2625919345514155	-1.116702364136748
1	0	1.787238532110355	1.212155149635141	1	0.5958666056368672	0.5595224039956264	0	-0.5595224039956264	1	0.5958666056368672	-0.4922180708087505
2	0	0.9180430370249514	2.081956962975043	1	0.3060143456749844	2.178547104372452	0	-2.178547104372452	0.9999999999999999	0.09364477975888896	-1.91649207470981
3	0	0.9999999999999981	1.999999999999996	1	0.3333333333333334	3.000000000000006	0	-3.000000000000006	0.9999999999999999	0.0370370370370372	-2.63913330705127
1	0	0.999999999999998	1.999999999999996	1	0.3333333333333334	1.000000000000002	0	-1.000000000000002	1	0.3333333333333334	-0.8797111023504236
3	0	0.9436244742058179	2.056263478210162	1	0.3145532397121245	3.179230808447278	0	-3.179230808447278	0.9999999999999999	0.03112307415917903	-2.796804639125578
2	0	0.9999999999999981	1.999999999999996	1	0.3333333333333334	2.000000000000004	0	-2.000000000000004	1	0.111111111111111	-1.759422204700847
0	0	0.787775803654245	1.999999999999996	0	0.2825821942430312	0	0	0	0	0	0
2	0	0.7877758036542449	2.212224196345749	1	0.2625919345514155	2.538793386040326	0	-2.538793386040326	1	0.06895452409145486	-2.233404728273495
2	1	0.8121174587895419	2.079936688577893	0.6666666666666666	0.2808099079088101	2.462697948866895	0.4807838649568348	-1.98191408391006	0.9778569581298988	0.1922765293990605	-1.743511823520346
0	2	0.1868842370784097	2.813115762921584	0	0.06229474569280335	0	0.7109554559969063	0.7109554559969063	0.8792911439553244	0.1207088560446756	0.6254354079170853
4	9	1.130153374241265	1.09576023371041	0.3076923076923077	0.5077256234042488	3.539342615939562	8.213475651990617	4.674133036051055	0.1216585592910726	0.9590068693094773	4.111886725676998
1	5	0.7879696555550387	2.212030344444955	0.1666666666666667	0.2626565518516801	1.269084403124139	2.260366822072057	0.9912824189479172	0.5041709855642824	0.8392988615574688	0.872042149513265
8	0	0.999999999999998	1.998698528740832	1	0.3334780040125952	8.000000000000016	0	-8.000000000000016	0.9999999999999999	0.0001529457971565229	-7.037688818803389
0	2	0.8121524974540713	2.079985769402197	0	0.2808138555342565	0	0.9615450400772763	0.9615450400772763	0.5172287103915012	0.4827712896084988	0.8458818471659613
2	2	0.7882720035753951	2.211727996424599	0.5	0.2627573345251322	2.537195271338478	0.9042703276502033	-1.632924943688274	0.9417355970706562	0.283419543501205	-1.436502202267512
0	0	0.9999999999999981	1.787775803654243	0	0.3587089028784844	0	0	0	0	0	0
0	2	0.1895313615190889	2.810468638480906	0	0.06317712050636307	0	0.7116250907823777	0.7116250907823777	0.8776371075427495	0.1223628924572505	0.6260244930723845
0	2	0.0004890441552250515	2.999510955844769	0	0.0001630147184083508	0	0.6667753608643608	0.6667753608643608	0.9996739971369816	0.0003260028630184264	0.5865696877260872
3	2	0.8920479089597011	2.000342418573654	0.6	0.3084120080433417	3.363048071598055	0.999828820020775	-2.36321925157728	0.965924203292049	0.1743858291378	-2.078950212900788
0	1	0.9999999999999981	1.788106706879137	0	0.3586663299265712	0	0.559250740547439	0.559250740547439	0.6413336700734288	0.3586663299265712	0.4919790854572773
0	0	0.7877758036542452	2.212224196345749	0	0.2625919345514155	0	0	0	0	0	0
2	1	0.9999999999999981	1.999999999999996	0.6666666666666666	0.3333333333333334	2.000000000000004	0.500000000000001	-1.500000000000003	0.9629629629629628	0.2592592592592594	-1.319566653525635
1	2	0.9999999999999981	1.999999999999996	0.3333333333333333	0.3333333333333334	1.000000000000002	1.000000000000002	0	0.7407407407407406	0.7037037037037037	0
3	0	0.9169062156234916	2.083093784376503	1	0.3056354052078311	3.271872246999673	0	-3.271872246999673	1	0.02855032038681082	-2.878302341157834
4	2	0.9988313463235583	2.0000371748045	0.6666666666666666	0.3330694024384358	4.00468008410326	0.9999814129432348	-3.004698671160025	0.9822324304150125	0.09987670810737104	-2.643266780237033
1	1	0.8120574822722882	2.079996665095146	0.5	0.2807891695290298	1.231439918762664	0.4807700015972172	-0.7506699171654467	0.9211574422751977	0.4827357813332573	-0.660372660330915
4	0	0.7877758036542452	2.081956962975043	1	0.2745119032736786	5.077586772080652	0	-5.077586772080652	1	0.005678645051404585	-4.46680945654699
6	2	0.8221171010284232	2.123526547228808	0.75	0.279095912200657	7.298230376784926	0.9418295253289818	-6.356400851455945	0.9992024350200622	0.00767511664074183	-5.591796400015469
2	1	0.9997799010426073	1.999999984926822	0.6666666666666666	0.3332844205399129	2.000440294823217	0.5000000037682946	-1.500440291054923	0.9629792648350921	0.2591940445940607	-1.319953982454914
1	2	0.8414720132753339	2.098048125760778	0.3333333333333333	0.2862616935671883	1.188393653292893	0.9532669796479409	-0.2351266736449522	0.8010785908638351	0.63640574032755	-0.2068435452641888
2	0	0.787775803654245	2.081956962975043	1	0.2745119032736785	2.538793386040326	0	-2.538793386040326	1	0.07535678503893739	-2.233404728273495
1	1	0.9174960739915564	2.082503926008437	0.5	0.3058320246638528	1.089922919941784	0.4801911715560186	-0.609731748385765	0.9064667726900084	0.5181308220177142	-0.5363877885104914
3	0	0.999999999999998	1.999999999999996	1	0.3333333333333334	3.000000000000006	0	-3.000000000000006	0.9999999999999999	0.0370370370370372	-2.639133307051271
0	0	0.9999999999999981	1.999999999999996	0	0.3333333333333334	0	0	0	0	0	0
1	0	0.7877758036542452	2.212224196345749	1	0.2625919345514155	1.269396693020163	0	-1.269396693020163	1	0.2625919345514155	-1.116702364136748
3	0	0.9999999999999981	1.928492612304934	1	0.3414726046424707	3.000000000000006	0	-3.000000000000006	0.9999999999999999	0.03981691441916868	-2.63913330705127
1	0	0.787775803654245	2.212224196345749	1	0.2625919345514156	1.269396693020163	0	-1.269396693020163	1	0.2625919345514156	-1.116702364136748
3	0	0.9180430370249514	2.081956962975043	1	0.3060143456749844	3.267820656558678	0	-3.267820656558678	0.9999999999999999	0.02865664600379447	-2.874738112064714
3	1	0.999999999999998	1.999999999999996	0.75	0.3333333333333334	3.000000000000006	0.500000000000001	-2.500000000000005	0.9876543209876543	0.1111111111111112	-2.199277755876059
0	0	0.7877758036542452	2.212224196345749	0	0.2625919345514155	0	0	0	0	0	0
0	2	0.7877820694782101	2.212199352722835	0	0.2625956493091298	0	0.904077653552491	0.904077653552491	0.5437651764178238	0.4562348235821762	0.7953271492170446
2	0	0.8123032698470781	2.079750877520357	1	0.2808741567257645	2.462134616762671	0	-2.462134616762671	1	0.07889029191640917	-2.165967157847422
1	0	0.9999999999999982	1.999999999999996	1	0.3333333333333333	1.000000000000002	0	-1.000000000000002	1	0.3333333333333333	-0.8797111023504234
5	0	0.787775803654245	2.21222419634575	1	0.2625919345514155	6.346983465100815	0	-6.346983465100815	0.9999999999999997	0.00124855280171654	-5.583511820683738
0	0	0.8119436108426334	1.400280585503116	0	0.3670259154491837	0	0	0	0	0	0
1	0	0.7877758036542449	2.212224196345749	1	0.2625919345514155	1.269396693020163	0	-1.269396693020163	1	0.2625919345514155	-1.116702364136748
4	2	1.000466682884732	1.999368170885599	0.6666666666666666	0.3335072534500688	3.998134139226362	1.000316014390747	-2.997818124835615	0.9821243700727949	0.1003090367942553	-2.637213887245214
0	0	0.787775803654245	2.212224196345749	0	0.2625919345514155	0	0	0	0	0	0
8	2	0.9360603675679489	2.062425328379488	0.8	0.3121776998413128	8.546457340978362	0.9697320782864233	-7.576725262691939	0.9997975256654112	0.002122822739315189	-6.665329333049015
1	2	0.9183406527286704	2.081659347271323	0.3333333333333333	0.3061135509095574	1.088920540573582	0.9607719930840923	-0.1281485474894897	0.776252532242391	0.6659086597741803	-0.1127336999765843
3	0	0.9999999999999981	1.999999999999996	1	0.3333333333333334	3.000000000000006	0	-3.000000000000006	0.9999999999999999	0.0370370370370372	-2.63913330705127
5	0	0.7877758036542452	1.999999999999996	1	0.2825821942430312	6.346983465100815	0	-6.346983465100815	1	0.001801872119458925	-5.583511820683738
2	0	0.999999999999998	1.999925590591163	1	0.3333416012504962	2.000000000000004	0	-2.000000000000004	1	0.1111166231242448	-1.759422204700847
1	5	0.999999999999998	1.999999999999996	0.1666666666666667	0.3333333333333334	1.000000000000002	2.500000000000005	1.500000000000003	0.3511659807956103	0.9122085048010974	1.319566653525635
3	0	0.787775803654245	2.081956962975042	1	0.2745119032736786	3.808190079060489	0	-3.808190079060489	0.9999999999999998	0.0206863344856244	-3.350107092410243
2	0	0.9999999999999982	1.999999999999996	1	0.3333333333333333	2.000000000000004	0	-2.000000000000004	1	0.1111111111111109	-1.759422204700847
5	0	0.8923320797681935	1.999741634198144	1	0.3085440303471393	5.603295133465201	0	-5.603295133465201	1	0.002796312737214368	-4.929280938655426
1	0	0.787775803654245	1.999999999999996	1	0.2825821942430312	1.269396693020163	0	-1.269396693020163	1	0.2825821942430311	-1.116702364136748
2	2	0.9998298281880948	2.0001701718119	0.5	0.3332766093960322	2.000340401550559	0.9999149213330454	-1.000425480217514	0.8889393037312796	0.4073065648529356	-0.880085402021599
5	0	0.8563623795077103	2.035691767859725	1	0.2961086950212311	5.838649758148305	0	-5.838649758148305	1.000000000000001	0.002276437869280001	-5.136325014978669
0	1	0.8058245345505028	1.605857569005428	0	0.3341338119822451	0	0.6227202332890207	0.6227202332890207	0.665866188017755	0.334133811982245	0.5478139028825962
2	5	0.7878833625789752	2.211636223962422	0.2857142857142857	0.2626698509035061	2.538446799350361	2.260769626499369	-0.2776771728509924	0.729679024292052	0.5860755942765188	-0.2442756918262951
1	1	0.999999999999998	1.999999999999996	0.5	0.3333333333333334	1.000000000000002	0.500000000000001	-0.500000000000001	0.888888888888889	0.5555555555555556	-0.4398555511752118
6	0	1.787441105542142	1.212254662284384	1	0.5958741298745969	3.356753954799625	0	-3.356753954799625	1	0.04476382451596528	-2.952973721895916
1	0	0.8120365763112491	2.080017571056186	1	0.2807819407705163	1.231471622303754	0	-1.231471622303754	1	0.2807819407705163	-1.083339258370098
1	0	1.644451950077413	1.225259561157805	1	0.573037374537201	0.6081053325716963	0	-0.6081053325716963	1	0.573037374537201	-0.5349570124618168
0	0	0.9999999999999981	1.999999999999996	0	0.3333333333333334	0	0	0	0	0	0
2	0	0.9999999999999981	1.999999999999996	1	0.3333333333333334	2.000000000000004	0	-2.000000000000004	1	0.111111111111111	-1.759422204700847
4	0	0.9999999999999989	1.944793019163675	1	0.3395824404270018	4.000000000000004	0	-4.000000000000004	0.9999999999999999	0.01329783378850813	-3.518844409401691
0	0	0	2.999999999999994	0	0	0	0	0	0	0	0
3	0	1.094040986277317	1.223612876814173	1	0.4720467554279175	2.742127614622623	0	-2.742127614622623	0.9999999999999998	0.1051853001793371	-2.4122801066452
2	0	0.7877758036542452	2.212224196345749	1	0.2625919345514155	2.538793386040326	0	-2.538793386040326	1	0.06895452409145486	-2.233404728273495
1	5	0.9974724722386059	2.002527527761388	0.1666666666666667	0.332490824079536	1.002533932345743	2.496844578006609	1.494310645660865	0.3528322980027419	0.9115407117540282	1.31456166534829
1	0	0.9999999999999981	1.999999999999996	1	0.3333333333333334	1.000000000000002	0	-1.000000000000002	1	0.3333333333333334	-0.8797111023504236
2	1	0.8566924180220417	2.071688580079627	0.6666666666666666	0.2925481413031278	2.33456017343735	0.4826980317483644	-1.851862141688985	0.9749624384731104	0.2066781218859652	-1.62910368606623
2	2	0.8137282488011142	2.078325898566321	0.5	0.2813668788123592	2.457822993052839	0.9623129853598262	-1.495510007693013	0.9297021464181661	0.3156058218900468	-1.315616757443708
0	1	0.8121911127226257	1.400033083623124	0	0.3671377946522053	0	0.7142688352850318	0.7142688352850318	0.6328622053477947	0.3671377946522053	0.6283502244631473
4	0	0.9999999999999981	1.999999999999996	1	0.3333333333333334	4.000000000000008	0	-4.000000000000008	1	0.01234567901234573	-3.518844409401694
1	1	0.8919942144555926	2.000115858771652	0.5	0.3084233282518999	1.121083504572197	0.4999710369848966	-0.6211124675873008	0.9048750505900208	0.5217217070938206	-0.546399533544815
2	0	0.999999999999998	1.999944270824971	1	0.3333395255789212	2.000000000000004	0	-2.000000000000004	1	0.1111152393131802	-1.759422204700847
0	2	0.1903508515095146	2.809428881153449	0	0.06345494285359958	0	0.7118884601125312	0.7118884601125312	0.8771166440653545	0.1228833559346455	0.6262561819961391
1	0	0.787775803654245	2.212224196345749	1	0.2625919345514156	1.269396693020163	0	-1.269396693020163	1	0.2625919345514156	-1.116702364136748
14	0	0.9999999999999981	1.999665064217963	1	0.333370552575578	14.00000000000003	0	-14.00000000000003	1	2.094022230059167e-07	-12.31595543290593
0	0	0.9999999999999981	1.999999999999996	0	0.3333333333333334	0	0	0	0	0	0
2	0	0.3586640368582438	2.641335963141753	1	0.119554678952748	5.576249064498396	0	-5.576249064498396	1	0.01429332125949467	-4.905488211510392
7	0	0.9999999999999987	1.999999999999997	1	0.3333333333333333	7.00000000000001	0	-7.00000000000001	1	0.0004572473708274183	-6.157977716452962
2	0	0.9999999999999981	1.999999999999996	1	0.3333333333333334	2.000000000000004	0	-2.000000000000004	1	0.111111111111111	-1.759422204700847
0	0	0.787775803654245	2.212224196345749	0	0.2625919345514155	0	0	0	0	0	0
1	0	0.1886252493977197	2.811374750602275	1	0.06287508313257335	5.301517178601483	0	-5.301517178601483	1	0.06287508313257339	-4.663803521317209
0	0	0.8119436108426334	2.116400264525903	0	0.2772705820761741	0	0	0	0	0	0
0	0	0.7877758036542452	2.212224196345749	0	0.2625919345514155	0	0	0	0	0	0
4	0	0.999999999999998	1.999999999999996	1	0.3333333333333334	4.000000000000008	0	-4.000000000000008	1	0.01234567901234573	-3.518844409401694
0	0	0	1.286624498525831	0	0	0	0	0	0	0	0
5	0	0.8558380144264515	2.072505860942084	1	0.2922600797075935	5.842227051985767	0	-5.842227051985767	0.9999999999999998	0.00213229599894682	-5.139472000083854
1	0	0.999999999999998	1.928529760598156	1	0.3414682730749328	1.000000000000002	0	-1.000000000000002	1	0.3414682730749328	-0.8797111023504236
0	2	0.007904431059072931	2.992028046238131	0	0.002634869657531241	0	0.6684429320489141	0.6684429320489141	0.9947372032230497	0.005262796776950296	0.5880366686110984
2.5	12.5	0.9390066415363874	2.056961041408824	0.1666666666666667	0.3134234881376587	2.662387984721323	6.076925983701996	3.414537998980673	0.1824131977995549	0.9332855961905082	3.003806987100691
1	0	0.7877758036542452	2.212224196345749	1	0.2625919345514155	1.269396693020163	0	-1.269396693020163	1	0.2625919345514155	-1.116702364136748
1	0	0.999999999999998	1.999999999999996	1	0.3333333333333334	1.000000000000002	0	-1.000000000000002	1	0.3333333333333334	-0.8797111023504236
0	0	0	1.286624498525831	0	0	0	0	0	0	0	0
3	0	0.7877758036542449	1.999999999999996	1	0.2825821942430312	3.80819007906049	0	-3.80819007906049	1	0.02256495019409854	-3.350107092410244
3	0	0.9999999999999983	1.999999999999997	1	0.3333333333333333	3.000000000000005	0	-3.000000000000005	1	0.03703703703703698	-2.63913330705127
0	0	0.787775803654245	2.212224196345749	0	0.2625919345514155	0	0	0	0	0	0
7	2	0.9361582869726217	2.062408405732798	0.7777777777777778	0.3122019227552963	7.47736798083241	0.9697400352135284	-6.507627945618882	0.999413109280693	0.005510384906594057	-5.724832553726798
3	0	0.7877758036542449	2.212224196345749	1	0.2625919345514155	3.80819007906049	0	-3.80819007906049	0.9999999999999998	0.01810690187724751	-3.350107092410244
2	2	0.8134967767405361	1.399953188171985	0.5	0.3675243577383899	2.458522341063802	1.428619197340117	-1.029903143723685	0.8561629147621879	0.468035669854111	-0.9060172298793274
2	0	0.787775803654245	2.212224196345749	1	0.2625919345514155	2.538793386040326	0	-2.538793386040326	1	0.06895452409145486	-2.233404728273495
0	3	0.9997248647001459	2.000220172518305	0	0.3332477269740551	0	1.499834888787747	1.499834888787747	0.2964104527661922	0.7035895472338078	1.319421403359091
4	0	0.8563741727548672	2.07196970261367	1	0.2924431723877002	4.670855482636069	0	-4.670855482636069	0.9999999999999999	0.007314185081444879	-4.109003425549288
2	0	0.999999999999998	1.929998808356001	1	0.3412970671346761	2.000000000000004	0	-2.000000000000004	1	0.1164836880347315	-1.759422204700847
3	5	0.8253647665525154	2.095451666177713	0.375	0.2825801571449689	3.634756560460858	2.386120415328136	-1.248636145132722	0.8362999160941108	0.4038486160353236	-1.098439079669288
3	0	0.9999999999999982	1.928548221943681	1	0.341466120484879	3.000000000000005	0	-3.000000000000005	0.9999999999999997	0.03981464623505759	-2.63913330705127
2	0	0.8126867228671567	1.399537473478592	1	0.3673618271645293	2.460972898565397	0	-2.460972898565397	1	0.1349547120576614	-2.164945181451478
0	0	0.9999999999999981	1.999999999999996	0	0.3333333333333334	0	0	0	0	0	0
3	0	0.9999999999999981	1.999999999999996	1	0.3333333333333334	3.000000000000006	0	-3.000000000000006	0.9999999999999999	0.0370370370370372	-2.63913330705127
2	0	0.7877758036542452	2.212224196345749	1	0.2625919345514155	2.538793386040326	0	-2.538793386040326	1	0.06895452409145486	-2.233404728273495
1	0	0.9999999999999981	1.999999999999996	1	0.3333333333333334	1.000000000000002	0	-1.000000000000002	1	0.3333333333333334	-0.8797111023504236
1	1	0.8119721735524283	2.080110003970367	0.5	0.2807569507751404	1.231569298274026	0.4807438059002989	-0.7508254923737274	0.9211755345914454	0.4826894361417262	-0.66050952156889
1	0	0.7877758036542449	2.212224196345749	1	0.2625919345514155	1.269396693020163	0	-1.269396693020163	1	0.2625919345514155	-1.116702364136748
2	0	0.9999999999999982	1.999999999999996	1	0.3333333333333333	2.000000000000004	0	-2.000000000000004	1	0.1111111111111109	-1.759422204700847
0	0	0.8119436108426334	1.400280585503116	0	0.3670259154491837	0	0	0	0	0	0
1	1	0.999999999999998	1.999999999999996	0.5	0.3333333333333334	1.000000000000002	0.500000000000001	-0.500000000000001	0.888888888888889	0.5555555555555556	-0.4398555511752118
1	1	0.999999999999998	1.999999999999996	0.5	0.3333333333333334	1.000000000000002	0.500000000000001	-0.500000000000001	0.888888888888889	0.5555555555555556	-0.4398555511752118
6	1	0.9171379516883361	2.082862048311657	0.8571428571428571	0.3057126505627794	6.542091065967504	0.4801086086380938	-6.061982457329409	0.9997504291413868	0.004217078343928593	-5.332793269966174
5	3	0.7877758036542454	2.21222419634575	0.625	0.2625919345514156	6.346983465100813	1.356101250929057	-4.990882214171755	0.9944776485227415	0.03355851541521837	-4.390534494330149
0	0	0.8119436108426334	1.400280585503116	0	0.3670259154491837	0	0	0	0	0	0
0	0	0.9180430370249512	2.081956962975043	0	0.3060143456749844	0	0	0	0	0	0
1	1	0.787775803654245	2.212224196345749	0.5	0.2625919345514156	1.269396693020163	0.452033750309686	-0.8173629427104773	0.931045475908545	0.4562293450113762	-0.7190432553522187
10	0	0.9999999999999977	1.99795559523935	1	0.3335606443230726	10.00000000000002	0	-10.00000000000002	0.9999999999999998	1.705092879256132e-05	-8.797111023504238
6	0	0.8565136632214362	2.035540484145999	1	0.2961610051461516	7.005142191699992	0	-7.005142191699992	1	0.0006747878468892354	-6.16250135958185
1	0	1.787775803654243	1.212224196345751	1	0.5959252678847489	0.5593542534561567	0	-0.5593542534561567	1	0.5959252678847489	-0.4920701469123129
2	0	0.787775803654245	2.212224196345749	1	0.2625919345514156	2.538793386040326	0	-2.538793386040326	0.9999999999999999	0.06895452409145497	-2.233404728273495
10	1	1.027295927133378	1.583329357527907	0.9090909090909091	0.3935056988719331	9.734293435684629	0.6315805332892493	-9.10271290239538	0.9999649682938235	0.0006289540619938139	-8.007757601745647
2	0	1.644835649739211	1.225235342211139	1	0.5730992906978469	1.215926953137902	0	-1.215926953137902	1	0.3284427969983752	-1.069664440322533
5	3	0.9169930588167172	2.083006941183277	0.625	0.3056643529389064	5.452603977670204	1.440225637604364	-4.01237834006584	0.9875295918209136	0.06248772405973424	-3.529733772586276
5	0	0.999999999999998	1.999329779145271	1	0.333407818957798	5.00000000000001	0	-5.00000000000001	1	0.004119826270816085	-4.398555511752118
0	1	0.8120478204853866	2.080006326882049	0	0.2807858287247399	0	0.4807677683841521	0.4807677683841521	0.71921417127526	0.28078582872474	0.4229367434997748
1	0	0.9999999999999981	1.999999999999996	1	0.3333333333333334	1.000000000000002	0	-1.000000000000002	1	0.3333333333333334	-0.8797111023504236
4	0	0.7877758036542448	2.212224196345749	1	0.2625919345514155	5.077586772080654	0	-5.077586772080654	0.9999999999999999	0.004754726392679154	-4.466809456546992
2	0	0.8565249082936522	2.071818967074884	1	0.2924946470591189	2.335016741059347	0	-2.335016741059347	0.9999999999999998	0.08555311855823877	-2.054140151284008
1	0	0.812199316125009	2.079854831242426	1	0.2808382121283358	1.231224873188746	0	-1.231224873188746	1	0.2808382121283357	-1.08312219043413
2	0	0.787775803654245	2.212224196345749	1	0.2625919345514156	2.538793386040326	0	-2.538793386040326	0.9999999999999999	0.06895452409145497	-2.233404728273495
5	0	0.7877758036542452	2.212224196345749	1	0.2625919345514155	6.346983465100815	0	-6.346983465100815	0.9999999999999997	0.00124855280171654	-5.583511820683738
4	0	0.8564668198934531	1.355757376452296	1	0.3871519086122479	4.670350219168574	0	-4.670350219168574	0.9999999999999997	0.0224659929621146	-4.10855893966732
1	0	0.9180430370249515	2.081956962975043	1	0.3060143456749844	1.089273552186226	0	-1.089273552186226	1	0.3060143456749844	-0.9582460373549047
3	0	0.8123728178371149	2.115971057531421	1	0.2774171519507342	3.69288574670345	0	-3.69288574670345	0.9999999999999998	0.02135010063576315	-3.248672591086653
6	0	0.8123966437375508	2.079657503629885	1	0.2809064430820063	7.385554884121768	0	-7.385554884121768	1	0.000491326516992463	-6.497154628580303
1	0	0.8120016959276745	2.116342179440862	1	0.2772904175488894	1.231524521457491	0	-1.231524521457491	1	0.2772904175488895	-1.083385794342945
4	0	0.787775803654245	2.212224196345749	1	0.2625919345514155	5.077586772080653	0	-5.077586772080653	0.9999999999999999	0.004754726392679154	-4.466809456546991
3	0	0.999999999999998	1.788601639743204	1	0.3586026723028415	3.000000000000006	0	-3.000000000000006	1	0.04611482498969643	-2.639133307051271
2	0	0.8119900097808707	2.116353865587665	1	0.277286426847216	2.463084491076108	0	-2.463084491076108	1	0.07688776251369656	-2.166802772826791
3	3	0.998861617875003	2.001138382124994	0.5	0.3329538726250013	3.003419038547358	1.499146699097502	-1.504272339449856	0.9002371751993178	0.3188665739158976	-1.323325077972681
2	0	0.8122109213269986	2.116132954041537	1	0.2773618659197875	2.462414561887914	0	-2.462414561887914	1	0.076929604666506	-2.166213428682148
4	1	0.9999671838992981	1.981964295401358	0.8	0.3353421065643727	4.000131268710535	0.5045499569897626	-3.495581311720773	0.9957592717740393	0.04626696701502397	-3.075101689089415
2	0	0.8929364491733864	2.001246263430679	1	0.3085280156241274	2.239801053984805	0	-2.239801053984805	0.9999999999999998	0.09518953642496197	-1.970377854246609
4	4	0.9185987622966252	2.081401237703369	0.5	0.306199587432209	4.354458294717752	1.921782272222354	-2.432676022495398	0.9370733332270402	0.2055053698134148	-2.140052105410867
3	0	0.8562579267437823	1.355966269601967	1	0.3870574818583883	3.503617200261772	0	-3.503617200261772	1	0.05798643383767121	-3.082170949456182
4	0	0.7877758036542449	2.212224196345749	1	0.2625919345514155	5.077586772080653	0	-5.077586772080653	0.9999999999999999	0.004754726392679154	-4.466809456546991
2	2	0.9993575838548486	2.000642416145146	0.5	0.3331191946182834	2.001285658217899	0.9996788950689228	-1.001606763148976	0.8890791427026055	0.4070267163977137	-0.8811245897314237
2	0	0.8566413607412875	2.071702514627249	1	0.2925344143994967	2.334699317190704	0	-2.334699317190704	1	0.08557638360805653	-2.053860909982612
0	1	0.8120059418911998	2.080048205476235	0	0.2807713481541653	0	0.4807580888593138	0.4807580888593138	0.7192286518458346	0.2807713481541654	0.422928228314309
0	0	0.7877758036542452	1.999999999999996	0	0.2825821942430312	0	0	0	0	0	0
2	1	0.9999787619612065	2.000021238038788	0.6666666666666666	0.3333262539870694	2.000042476979715	0.4999946905466842	-1.500047786433031	0.9629653226949342	0.2592498201810252	-1.319608691781312
4	0	0.8562930116487834	2.072050863719753	1	0.2924154566857411	4.671298195343252	0	-4.671298195343252	0.9999999999999999	0.007311412728023603	-4.109392884832948
2	0	0.7877758036542449	2.212224196345749	1	0.2625919345514155	2.538793386040326	0	-2.538793386040326	1	0.06895452409145486	-2.233404728273495
7	1	0.999999999999999	1.999999999999998	0.875	0.3333333333333334	7.000000000000007	0.5000000000000006	-6.500000000000006	0.9998475842097242	0.002591068434689814	-5.718122165277747
2	0	0.8120133311504465	2.080040816216989	1	0.280773903175223	2.463013750237862	0	-2.463013750237862	1	0.0788339847042494	-2.166740541325996
0	1	0.1882666121570967	2.811733387842898	0	0.06275553738569901	0	0.3556524968987828	0.3556524968987828	0.9372444626143009	0.06275553738569906	0.3128714501005082
3	0	0.7877758036542449	2.212224196345749	1	0.2625919345514155	3.80819007906049	0	-3.80819007906049	0.9999999999999998	0.01810690187724751	-3.350107092410244
3	0	1.000408326720614	1.99959167327938	1	0.3334694422402052	2.998775519826132	0	-2.998775519826132	1	0.03708242520081706	-2.638056118247706
0	0	0	1.286624498525831	0	0	0	0	0	0	0	0
0	0	0.9999999999999981	1.787775803654243	0	0.3587089028784844	0	0	0	0	0	0
1	0	0.7877758036542449	1.999999999999996	1	0.2825821942430311	1.269396693020163	0	-1.269396693020163	1	0.2825821942430311	-1.116702364136748
3	0	0.7877758036542452	2.212224196345749	1	0.2625919345514155	3.808190079060489	0	-3.808190079060489	0.9999999999999998	0.01810690187724751	-3.350107092410243
12	0	0.9999999999999982	1.999999999999996	1	0.3333333333333333	12.00000000000002	0	-12.00000000000002	0.9999999999999999	1.881676423232115e-06	-10.55653322820508
1	1	0.8566117309963189	2.07175073164963	0.5	0.2925224393917137	1.167390036600254	0.4826835510292066	-0.6847064855710477	0.9144306224523213	0.4994755012357485	-0.6023438972081896
1	2	1.000801767469165	1.999198232530829	0.3333333333333333	0.3336005891563891	0.9991988748469213	1.000401044506805	0.001202169659883956	0.7403843282558359	0.7040599019688505	0.001057561996708747
0	2	0.9996592346155648	2.000340765384429	0	0.3332197448718556	0	0.9998296463331018	0.9998296463331018	0.4445959086287532	0.5554040913712468	0.8795612403383254
1	0	0.9999999999999981	1.999999999999996	1	0.3333333333333334	1.000000000000002	0	-1.000000000000002	1	0.3333333333333334	-0.8797111023504236
3	2	0.9999999999999982	1.999999999999996	0.6	0.3333333333333333	3.000000000000005	1.000000000000002	-2.000000000000004	0.9547325102880663	0.2098765432098761	-1.759422204700847
7	2	1.782194243902193	1.217602810415666	0.7777777777777778	0.5941049383113872	3.927742457900207	1.642571767157172	-2.285170690743035	0.9340820077171992	0.2208610677746796	-2.01029002741243
4	0	0.855888880721889	2.072454994646647	1	0.2922774500362169	4.673503874271914	0	-4.673503874271914	1	0.007297619893800955	-4.111333245074713
4	0	0.7877758036542452	2.21222419634575	1	0.2625919345514155	5.077586772080652	0	-5.077586772080652	0.9999999999999999	0.004754726392679154	-4.46680945654699
0	0	0.8119436108426334	1.400280585503116	0	0.3670259154491837	0	0	0	0	0	0
5	0	0.7877758036542457	2.212224196345751	1	0.2625919345514156	6.34698346510081	0	-6.34698346510081	0.9999999999999994	0.001248552801716762	-5.583511820683734
1	0	0.9999999999999981	1.999999999999996	1	0.3333333333333334	1.000000000000002	0	-1.000000000000002	1	0.3333333333333334	-0.8797111023504236
0	0	0.9180430370249514	2.081956962975043	0	0.3060143456749844	0	0	0	0	0	0
3	3	0.7877936795954896	2.212187732616349	0.5	0.2625995202465811	3.808103666864169	1.356123603692489	-2.45198006317168	0.955361290920859	0.189857236365204	-2.157034084314016
6	0	1.787727050247258	1.21221793086897	1	0.5959199456991626	3.356217046204089	0	-3.356217046204089	0.9999999999999996	0.0447844794062493	-2.952501397443476
2	0	0.999999999999998	1.999999999999996	1	0.3333333333333334	2.000000000000004	0	-2.000000000000004	1	0.111111111111111	-1.759422204700847
3	0	0.7877758036542449	2.212224196345749	1	0.2625919345514156	3.80819007906049	0	-3.80819007906049	0.9999999999999999	0.01810690187724739	-3.350107092410244
1	1	0.9999999999999981	1.788381071365697	0.5	0.3586310387303761	1.000000000000002	0.5591649430936719	-0.4408350569063301	0.8713837780591716	0.5886458555199237	-0.3878074938657786
2	0	0.812036491100267	2.116307384268269	1	0.2773022997505958	2.462943503056254	0	-2.462943503056254	1	0.07689656544696932	-2.166678744100426
0	0	0	2.999999999999994	0	0	0	0	0	0	0	0
0	0	0.787775803654245	2.212224196345749	0	0.2625919345514155	0	0	0	0	0	0
2	1	0.8120292702643725	2.080108940358275	0.6666666666666666	0.2807712533522218	2.462965404373736	0.4807440517167151	-1.982221352657021	0.9778661010941354	0.1922296923152035	-1.743782131248452
5	0	1.782328343614864	1.212720052095356	1	0.5950916673559187	2.80531924317556	0	-2.80531924317556	1.000000000000001	0.07463101461960742	-2.467870483858823
0	0	0.7877758036542452	2.212224196345749	0	0.2625919345514155	0	0	0	0	0	0
2	0	0.8120831827288703	2.116260692639666	1	0.2773182444724558	2.462801893371727	0	-2.462801893371727	1	0.07690540871728468	-2.166554168488748
2	2	0.8168561625861617	2.075197984781274	0.5	0.2824484331767181	2.44841147267349	0.963763464819864	-1.484648007853626	0.9289614781274267	0.3174924952948837	-1.306061335591271
0	0	0.9999999999999981	1.999999999999996	0	0.3333333333333334	0	0	0	0	0	0
2	2	0.8565219658814548	2.035672104462554	0.5	0.2961495477305839	2.335024762548595	0.982476497868024	-1.352548264680571	0.9191816099640986	0.3415142809505548	-1.189851724904295
4	1	0.8563421685919974	2.036137780752409	0.8	0.296058117459411	4.671030046992573	0.4911258999528373	-4.179904147039736	0.9977255056290582	0.02931499342984922	-3.677108084911426
2	0	0.8123497679846484	1.399874428361101	1	0.3672095121853038	2.461993686490221	0	-2.461993686490221	1	0.1348428258393688	-2.165843179922091
2	1	1.786383533108747	1.213616466891247	0.6666666666666666	0.5954611777029167	1.119580405289288	0.8239835461046116	-0.2955968591846762	0.7888649399505895	0.6414519223552132	-0.2600398388446739
6	0	0.9363802248688773	2.062611193860508	1	0.3122317119752225	6.407653473075202	0	-6.407653473075202	1	0.000926535495713865	-5.636883900278495
1	0	0.811966806777733	2.116377068590803	1	0.2772785032548631	1.231577438452775	0	-1.231577438452775	1	0.277278503254863	-1.0834323460112
1	0	0.787775803654245	2.212224196345749	1	0.2625919345514156	1.269396693020163	0	-1.269396693020163	1	0.2625919345514156	-1.116702364136748
0	0	0.9999999999999981	1.999999999999996	0	0.3333333333333334	0	0	0	0	0	0
1	0	0.8565946306771005	2.071749244691436	1	0.2925184565522712	1.16741334137192	0	-1.16741334137192	1	0.2925184565522712	-1.026986477436881
1	0	0.7877758036542452	2.212224196345749	1	0.2625919345514155	1.269396693020163	0	-1.269396693020163	1	0.2625919345514155	-1.116702364136748
0	4	0.006129501684938796	2.993870498315055	0	0.002043167228312936	0	1.336063133743157	1.336063133743157	0.9918523441810417	0.008147655818958266	1.175349572194952
3	0	0.9999999999999982	1.982786493476668	1	0.3352569827532045	3.000000000000005	0	-3.000000000000005	0.9999999999999996	0.03768196105574284	-2.63913330705127
2	0	0.787775803654245	2.212224196345749	1	0.2625919345514156	2.538793386040326	0	-2.538793386040326	0.9999999999999999	0.06895452409145497	-2.233404728273495
3	0	0.9999999999999982	1.999999999999996	1	0.3333333333333333	3.000000000000005	0	-3.000000000000005	1	0.03703703703703698	-2.63913330705127
1	0	0.787775803654245	2.081956962975043	1	0.2745119032736785	1.269396693020163	0	-1.269396693020163	1	0.2745119032736785	-1.116702364136748
0	0	0.787775803654245	2.212224196345749	0	0.2625919345514155	0	0	0	0	0	0
0	1	0.8143832031274303	2.079071289479208	0	0.281457062901229	0	0.4809839879278467	0.4809839879278467	0.718542937098771	0.281457062901229	0.423126954232908
1	0	0.1956464581121487	2.804353541887845	1	0.06521548603738304	5.111260431951079	0	-5.111260431951079	1	0.06521548603738303	-4.496432548991777
3	0	0.7877758036542449	1.999999999999996	1	0.2825821942430311	3.80819007906049	0	-3.80819007906049	1	0.02256495019409877	-3.350107092410244
0	0	0.787775803654245	2.212224196345749	0	0.2625919345514155	0	0	0	0	0	0
2	2	0.8119533086352482	2.080231652694187	0.5	0.2807404503832362	2.463195825092025	0.9614313854948435	-1.501764439597182	0.9301290479600079	0.3145137913275489	-1.3211188506287
0	0	0.7877758036542452	2.081956962975043	0	0.2745119032736786	0	0	0	0	0	0
2	2	0.7877758036542449	2.212224196345749	0.5	0.2625919345514155	2.538793386040326	0.9040675006193719	-1.634725885420955	0.9418365716690477	0.2831361087087879	-1.438086510704437
1	0	0.787775803654245	2.212224196345749	1	0.2625919345514155	1.269396693020163	0	-1.269396693020163	1	0.2625919345514155	-1.116702364136748
6	2	0.999999999999998	1.999999999999996	0.75	0.3333333333333334	6.000000000000012	1.000000000000002	-5.000000000000011	0.9974089315653102	0.01966163694558754	-4.398555511752119
1	0	0.7877758036542449	2.081956962975043	1	0.2745119032736785	1.269396693020163	0	-1.269396693020163	1	0.2745119032736785	-1.116702364136748
0	4	0.1873244749987572	2.812675525001237	0	0.06244149166625253	0	1.422133468451979	1.422133468451979	0.7726690518677561	0.2273309481322439	1.251066601221319
3	1	0.9998048164122426	1.931939404479634	0.75	0.3410273001606151	3.000585665075483	0.5176145782219029	-2.48297108685358	0.9864743985146598	0.1180685764735412	-2.184297231920188
0	0	0.9999999999999981	1.787775803654243	0	0.3587089028784844	0	0	0	0	0	0
3	0	0.7146411375118102	2.285358862488186	1	0.2382137125039371	4.197911150826273	0	-4.197911150826273	0.9999999999999998	0.01351762121352662	-3.692949046062509
2	0	0.8921819919352734	2.000180582209654	1	0.3084613249772222	2.241695100415227	0	-2.241695100415227	1	0.0951483890067033	-1.972044067919819
0	0	0.7877758036542452	2.212224196345749	0	0.2625919345514155	0	0	0	0	0	0
1	2	0.998730294619122	1.929706621657266	0.3333333333333333	0.3410455212704541	1.001271319582192	1.036426976802497	0.03515565722030445	0.7303992630570721	0.7138681239719447	0.03092682196712759
0	0	0.9999999999999981	1.999999999999996	0	0.3333333333333334	0	0	0	0	0	0
1	0	0.787775803654245	1.999999999999996	1	0.2825821942430312	1.269396693020163	0	-1.269396693020163	1	0.2825821942430311	-1.116702364136748
4	2	0.7877758036542454	2.21222419634575	0.6666666666666666	0.2625919345514156	5.07758677208065	0.9040675006193716	-4.173519271461279	0.9941479826676636	0.04463422760491809	-3.671491238977931
3	0	0.7877758036542453	2.21222419634575	1	0.2625919345514155	3.808190079060488	0	-3.808190079060488	0.9999999999999998	0.01810690187724751	-3.350107092410242
0	9	0.7878308026953362	2.211948819558939	0	0.2626295601352532	0	4.068810236664786	4.068810236664786	0.06444237092198679	0.9355576290780132	3.57937753855106
9	1	0.9993687004170932	2.000631299582905	0.9	0.3331229001390312	9.005685285364439	0.4998422249059492	-8.50584306045849	0.9999831715201228	0.0003537169931243644	-7.482684575135624
0	0	0.787775803654245	1.999999999999996	0	0.2825821942430312	0	0	0	0	0	0
2	0	0.9138760220344037	2.030823697971666	1	0.3103460824292535	2.188480660153165	0	-2.188480660153165	1	0.09631469087918498	-1.925230734015919
2	0	0.787775803654245	2.212224196345749	1	0.2625919345514155	2.538793386040326	0	-2.538793386040326	1	0.06895452409145486	-2.233404728273495
2	0	0.8120827866186763	2.11626108874986	1	0.2773181092048059	2.462803094654345	0	-2.462803094654345	1	0.07690533369292862	-2.166555225270404
3	0	0.999999999999998	1.999999999999996	1	0.3333333333333334	3.000000000000006	0	-3.000000000000006	0.9999999999999999	0.0370370370370372	-2.639133307051271
6	1	1.600199141050533	1.189568730630419	0.8571428571428571	0.5735958024659399	3.749533321247124	0.8406407921213968	-2.908892529125727	0.9795712519743202	0.1267341412964543	-2.5589850534161
3	1	0.7878433550442575	2.212156644955737	0.75	0.2626144516814196	3.807863556622209	0.4520475538114567	-3.355816002810752	0.9952436425356864	0.05817716860957012	-2.952148595117833
1	1	0.7879200523082465	2.21143565903842	0.5	0.2626964348801704	1.2691642979138	0.4521949331480083	-0.8169693647657914	0.9309905831012484	0.4563834528615891	-0.7186970204646382
3	0	1.130217076850371	1.747525176264943	1	0.392744372998259	2.65435734554661	0	-2.65435734554661	0.9999999999999999	0.06058009002086884	-2.335067626482747
7	1	0.7878308276641569	2.212169172335837	0.875	0.2626102758880528	8.885156247000808	0.452044993893526	-8.433111253107281	0.9999773799413023	0.0005307433234250647	-7.418701596714754
6	1	0.8564323527245361	1.356674021182144	0.8571428571428571	0.3869820099124839	7.005807266519563	0.7370967412854604	-6.268710525234102	0.9987003230057252	0.01571140030103746	-5.514654246469384
1	0	0.91785349393509	2.082146506064904	1	0.3059511646450306	1.089498494702815	0	-1.089498494702815	1	0.3059511646450306	-0.9584439217841388
8	2	0.8534620187244717	2.038648048287533	0.8	0.2951001168521326	9.37358643323844	0.9810423146261086	-8.392544118612332	0.9998753584179477	0.001410586725704266	-7.383014238109004
8	1	0.9999025091596735	1.94023576452012	0.8888888888888888	0.3400868993512417	8.000780002765737	0.5154012817856343	-7.485378720980102	0.9999391431984628	0.001123649299779039	-6.584970766143797
0	5	0.9993407947373306	2.000659205262663	0	0.3331135982457775	0	2.499176264926918	2.499176264926918	0.1319044082164605	0.8680955917835396	2.198553106986869
2	0	0.856629753424039	2.071714121944497	1	0.2925304506173241	2.33473095232309	0	-2.33473095232309	1	0.08557406453837457	-2.053888739759795
8	0	1.775962825514553	1.222782522320543	1	0.5922352916017647	4.504598792872899	0	-4.504598792872899	1	0.01513401880339682	-3.962745569724597
1	1	0.8566156291190116	2.035466471850481	0.5	0.2961933994999154	1.167384724264782	0.4912878761844115	-0.6760968480803704	0.9122694700926836	0.5046562690925143	-0.5947699035204284
1	0	0.999999999999998	1.788139184548932	1	0.3586621519979032	1.000000000000002	0	-1.000000000000002	1	0.3586621519979032	-0.8797111023504236
8	0	0.9999999999999989	1.9907135975683	1	0.3343683597162506	8.000000000000009	0	-8.000000000000009	1	0.0001562432980772854	-7.037688818803383
0	0	0.787775803654245	1.999999999999996	0	0.2825821942430312	0	0	0	0	0	0
2	0	0.8121643066489935	2.079889840718442	1	0.2808261067270426	2.46255589371077	0	-2.46255589371077	1	0.07886330221946813	-2.16633775985583
2	1	0.7877758036542449	2.212224196345749	0.6666666666666666	0.2625919345514156	2.538793386040326	0.4520337503096861	-2.08675963573064	0.9818930981227526	0.1706497685198701	-1.835745619488966
0	0	0	1.286624498525831	0	0	0	0	0	0	0	0
2	2	0.9181705093741308	2.081829490625863	0.5	0.3060568364580442	2.178244650182999	0.9606934712980445	-1.217551178884955	0.9116483099660764	0.3589986936965872	-1.071093289744939
1	0	1.787580577509311	1.212199107127299	1	0.5959039547685504	0.55941534193291	0	-0.55941534193291	1	0.5959039547685504	-0.4921238871235384
0	0	0	1.286624498525831	0	0	0	0	0	0	0	0
0	0	0.9180430370249514	2.081956962975043	0	0.3060143456749844	0	0	0	0	0	0
0	0	0.9999999999999981	1.999999999999996	0	0.3333333333333334	0	0	0	0	0	0
0	0	0.7877758036542452	2.212224196345749	0	0.2625919345514155	0	0	0	0	0	0
0	0	0.9999999999999981	1.999999999999996	0	0.3333333333333334	0	0	0	0	0	0
0	3	0.1882338452491293	2.811766154750865	0	0.06274461508304321	0	1.066945056910614	1.066945056910614	0.8233297964746358	0.1766702035253642	0.93860341216217
0	0	0.9999999999999981	1.787775803654243	0	0.3587089028784844	0	0	0	0	0	0
1	0	0.787775803654245	2.081956962975042	1	0.2745119032736786	1.269396693020163	0	-1.269396693020163	1	0.2745119032736787	-1.116702364136748
0	1	0.7878858077303209	2.212114192269673	0	0.2626286025767741	0	0.4520562290565932	0.4520562290565932	0.7373713974232259	0.2626286025767741	0.3976788835877504
2	0	1.644626394179269	1.22523299540846	1	0.5730686319149345	1.216081662728073	0	-1.216081662728073	1	0.3284076568848547	-1.069800540066647
1	0	0.999999999999998	1.999999999999996	1	0.3333333333333334	1.000000000000002	0	-1.000000000000002	1	0.3333333333333334	-0.8797111023504236
2	0	0.7877758036542452	2.081956962975043	1	0.2745119032736786	2.538793386040326	0	-2.538793386040326	1	0.07535678503893739	-2.233404728273495
0	3	0.9989777391564669	2.001022260843528	0	0.3329925797188229	0	1.499233696048616	1.499233696048616	0.2967508667145944	0.7032491332854056	1.318892527431826
2	8	0.999999999999998	1.999999999999996	0.2	0.3333333333333334	2.000000000000004	4.000000000000008	2.000000000000004	0.2991413910481125	0.8959508205050044	1.759422204700847
2	0	1.644382154403199	1.225201513465249	1	0.5730385814554976	1.216262287111639	0	-1.216262287111639	1	0.3283732158365289	-1.069959437342225
0	0	1.644463554391327	1.225269212237962	0	0.5730371738839188	0	0	0	0	0	0
1	0	0.9999999999999981	1.999758478785491	1	0.3333601711844707	1.000000000000002	0	-1.000000000000002	1	0.3333601711844707	-0.8797111023504236
0	0	0.787775803654245	2.212224196345749	0	0.2625919345514155	0	0	0	0	0	0
3	0	0.917285203790934	2.08271479620906	1	0.3057617345969786	3.27052043094304	0	-3.27052043094304	1	0.02858573744387094	-2.877113133564479
0	3	0.002743375564956074	2.997256624435038	0	0.0009144585216520265	0	1.000915295521443	1.000915295521443	0.9972591323735056	0.002740867626494392	0.8805162979825671
0	0	0	1.286624498525831	0	0	0	0	0	0	0	0
4	0	0.9999999999999981	1.999999999999996	1	0.3333333333333334	4.000000000000008	0	-4.000000000000008	1	0.01234567901234573	-3.518844409401694
0	0	0.787775803654245	2.081956962975043	0	0.2745119032736785	0	0	0	0	0	0
2	0	0.8120480543511506	1.400176141994598	1	0.3670731274400344	2.462908431691345	0	-2.462908431691345	1	0.1347426808886076	-2.166647891431341
7	2	0.8358861492989347	2.056336002726701	0.7777777777777778	0.2890117374675047	8.374346202375722	0.9726036977167158	-7.401742504659007	0.9996744527629405	0.003390584290967613	-6.511395058087547
0	0	0.9999999999999981	1.999999999999996	0	0.3333333333333334	0	0	0	0	0	0
0	0	0.787775803654245	2.212224196345749	0	0.2625919345514155	0	0	0	0	0	0
0	0	0.9180430370249514	2.081956962975043	0	0.3060143456749844	0	0	0	0	0	0
5	1	0.935677273142093	2.061684657498941	0.8333333333333334	0.3121669303853417	5.343722823585877	0.485040229776514	-4.858682593809363	0.9990746173273072	0.01315939100037122	-4.274237020570842
0	0	0.787775803654245	2.081956962975043	0	0.2745119032736785	0	0	0	0	0	0
0	2	0.7877758036542449	2.212224196345749	0	0.2625919345514155	0	0.9040675006193718	0.9040675006193718	0.5437706549886239	0.4562293450113761	0.7953182175690582
2	3	0.9179840806916428	2.082015919308352	0.4	0.3059946935638815	2.178687018725997	1.44091117276212	-0.737775845963877	0.8288990286240019	0.4840806669288822	-0.6490296027403972
0	0	0.787775803654245	2.081956962975043	0	0.2745119032736785	0	0	0	0	0	0
0	0	0.9180430370249514	2.081956962975043	0	0.3060143456749844	0	0	0	0	0	0