Observed S Changes	Observed NS Changes	E[S Sites]	E[NS Sites]	Observed S. Prop.	P{S}	dS	dN	dN-dS	P{S leq. observed}	P{S geq. observed}	Scaled dN-dS
0	0	0	2.999999999999999	0	0	0	0	0	0	0	0
0	0	0.8644960793042145	2.033148737323943	0	0.2983443913979026	0	0	0	0	0	0
1	0	0.9999999999999997	1.999999999999999	1	0.3333333333333333	1	0	-1	1	0.3333333333333333	-4.958823690447422
1	0	0.9218989391903103	2.078101060809688	1	0.3072996463967703	1.084717594835595	0	-1.084717594835595	1	0.3072996463967703	-5.378923306715895
0	0	0.9218989391903103	2.078101060809688	0	0.3072996463967703	0	0	0	0	0	0
0	0	0.9999999999999996	1.999999999999999	0	0.3333333333333333	0	0	0	0	0	0
0	0	1.662170218348326	1.213604981505474	0	0.5779903166397805	0	0	0	0	0	0
0	1	0.799195586025202	2.200804413974796	0	0.2663985286750675	0	0.4543793140590511	0.4543793140590511	0.7336014713249325	0.2663985286750675	2.253186907005271
0	0	0.7976741390441112	1.999999999999999	0	0.2851204605682401	0	0	0	0	0	0
0	1	0.9126468290826202	2.087353170917378	0	0.3042156096942069	0	0.4790756130456383	0.4790756130456383	0.6957843903057931	0.3042156096942069	2.375651499486332
0	0	1.797674139044111	1.202325860955888	0	0.5992247130147038	0	0	0	0	0	0
0	0	0.7976741390441112	2.078101060809688	0	0.2773770839544982	0	0	0	0	0	0
5	0	1.794277249274786	1.202608612399574	1	0.5987139090683699	2.7866373505103	0	-2.7866373505103	1.000000000000001	0.07693017813101921	-13.81844331039611
0	0	0.9999999999999996	1.999999999999999	0	0.3333333333333333	0	0	0	0	0	0
0	1	0.8017390100393238	2.198260989960676	0	0.2672463366797747	0	0.4549050383766711	0.4549050383766711	0.7327536633202254	0.2672463366797746	2.255793881206129
2	0	0.9999999999999997	1.999999999999999	1	0.3333333333333333	2.000000000000001	0	-2.000000000000001	1	0.1111111111111109	-9.917647380894843
0	1	0.8211067626204068	1.391701213024646	0	0.371070048399047	0	0.7185450372832944	0.7185450372832944	0.628929951600953	0.371070048399047	3.563138153533825
0	1	0.8211067626204069	2.077494291103123	0	0.2832769144155305	0	0.4813490964969211	0.4813490964969211	0.7167230855844695	0.2832769144155305	2.386925303084394
1	1	0.9954992362098557	2.004500763790143	0.5	0.3318330787366187	1.004521112248443	0.4988773354763825	-0.5056437767720607	0.889886807856177	0.5535529653294144	-2.507398339184602
0	0	0.9999999999999998	2	0	0.3333333333333334	0	0	0	0	0	0
0	0	0.9999999999999996	1.932248039652106	0	0.3410352693487157	0	0	0	0	0	0
1	0	0.7976741390441111	2.202325860955888	1	0.2658913796813705	1.253644754233032	0	-1.253644754233032	1	0.2658913796813704	-6.216603306695892
0	0	0.7976741390441112	2.202325860955888	0	0.2658913796813705	0	0	0	0	0	0
0	1	0.7976741390441113	2.202325860955888	0	0.2658913796813705	0	0.4540654122664501	0.4540654122664501	0.7341086203186296	0.2658913796813704	2.251630323359647
0	0	0.7976741390441112	2.202325860955888	0	0.2658913796813705	0	0	0	0	0	0
0	1	0.987463983103136	2.012536016896862	0	0.3291546610343788	0	0.4968855173791643	0.4968855173791643	0.6708453389656212	0.3291546610343788	2.463967675020023
1	0	0.9999999999999996	1.999999999999999	1	0.3333333333333333	1	0	-1	1	0.3333333333333333	-4.958823690447422
1	0	0.9999999999999997	1.999999999999999	1	0.3333333333333333	1	0	-1	1	0.3333333333333333	-4.958823690447422
0	0	1.797674139044111	1.202325860955888	0	0.5992247130147038	0	0	0	0	0	0
0	0	0.7976741390441112	2.078101060809688	0	0.2773770839544982	0	0	0	0	0	0
0	0	0.9999999999999996	1.999999999999999	0	0.3333333333333333	0	0	0	0	0	0
1	0	0.9999999999999996	1.999490380043051	1	0.33338996739361	1	0	-1	1	0.33338996739361	-4.958823690447422
0	0	0.7976741390441112	2.202325860955888	0	0.2658913796813705	0	0	0	0	0	0
0	0	0.7976741390441112	2.202325860955888	0	0.2658913796813705	0	0	0	0	0	0
0	1	0.9999999999999994	1.999999999999999	0	0.3333333333333334	0	0.5000000000000003	0.5000000000000003	0.6666666666666666	0.3333333333333334	2.479411845223711
0	0	0.9999999999999998	2	0	0.3333333333333334	0	0	0	0	0	0
0	0	0.9999999999999996	1.999999999999999	0	0.3333333333333333	0	0	0	0	0	0
0	0	0.7976741390441112	2.202325860955888	0	0.2658913796813705	0	0	0	0	0	0
0	0	0.9999999999999996	1.932248039652106	0	0.3410352693487157	0	0	0	0	0	0
2	0	0.9999999999999994	1.999999999999999	1	0.3333333333333334	2.000000000000001	0	-2.000000000000001	1	0.111111111111111	-9.917647380894845
0	1	0.1850639297276061	2.814936070272393	0	0.06168797657586872	0	0.3552478546708995	0.3552478546708995	0.9383120234241313	0.06168797657586866	1.761611477722678
0	0	0.9999999999999996	1.999999999999999	0	0.3333333333333333	0	0	0	0	0	0
0	0	0.8211067626204068	2.07653805400775	0	0.2833703971958466	0	0	0	0	0	0
0	0	0.9999999999999996	1.999999999999999	0	0.3333333333333333	0	0	0	0	0	0
1	0	0.9218989391903103	2.078101060809688	1	0.3072996463967703	1.084717594835595	0	-1.084717594835595	1	0.3072996463967703	-5.378923306715895
0	0	0.9999999999999996	1.999999999999999	0	0.3333333333333333	0	0	0	0	0	0
0	0	0.7976741390441112	2.202325860955888	0	0.2658913796813705	0	0	0	0	0	0
0	0	0.7976741390441112	2.202325860955888	0	0.2658913796813705	0	0	0	0	0	0
0	0	0.9337039366881154	1.268621924267772	0	0.4239626629470966	0	0	0	0	0	0
1	1	0.916891086248505	2.083108913751493	0.5	0.3056303620828352	1.090642078429989	0.4800517118421279	-0.6105903665878614	0.9065900817731152	0.5178508059387854	-3.027809974994861
0	0	0.8211067626204068	2.111141277031699	0	0.2800263659543025	0	0	0	0	0	0
0	0	0.9999999999999996	1.999999999999999	0	0.3333333333333333	0	0	0	0	0	0
0	0	0.9999999999999996	1.999999999999999	0	0.3333333333333333	0	0	0	0	0	0
0	0	0.7976741390441112	2.202325860955888	0	0.2658913796813705	0	0	0	0	0	0
0	0	0.9999999999999996	1.999999999999999	0	0.3333333333333333	0	0	0	0	0	0
1	0	0.9999999999999996	1.999999999999999	1	0.3333333333333333	1	0	-1	1	0.3333333333333333	-4.958823690447422
1	0	0.8634036210897824	2.068844418562323	1	0.2944510864750106	1.158206863596202	0	-1.158206863596202	1	0.2944510864750105	-5.743343633639647
0	0	1.797674139044111	1.202325860955888	0	0.5992247130147038	0	0	0	0	0	0
0	1	0.9996087287470051	2.000391271252993	0	0.3332029095823352	0	0.4999022013196577	0.4999022013196577	0.6667970904176648	0.3332029095823352	2.478926878810734
0	0	0.8644960793042145	1.337829781651673	0	0.392537768651998	0	0	0	0	0	0
0	0	0.7976741390441111	2.202325860955888	0	0.2658913796813705	0	0	0	0	0	0
0	0	0.9999999999999996	1.999999999999999	0	0.3333333333333333	0	0	0	0	0	0
0	0	0.9999999999999996	1.797674139044111	0	0.35743976971588	0	0	0	0	0	0
0	1	0.6607578997716765	2.339242100228322	0	0.2202526332572256	0	0.4274888862090824	0.4274888862090824	0.7797473667427743	0.2202526332572257	2.119842016336579
0	0	0.9999999999999996	1.999999999999999	0	0.3333333333333333	0	0	0	0	0	0
0	1	0.8288224924959038	2.103425547156203	0	0.2826577019706145	0	0.4754149731384521	0.4754149731384521	0.7173422980293855	0.2826577019706145	2.35749903159238
0	0	0.1788932373795928	2.821106762620406	0	0.05963107912653097	0	0	0	0	0	0
0	0	0.7976741390441112	2.078101060809688	0	0.2773770839544982	0	0	0	0	0	0
0	0	0.7976741390441113	2.202325860955888	0	0.2658913796813705	0	0	0	0	0	0
0	0	0.7976741390441112	2.202325860955888	0	0.2658913796813705	0	0	0	0	0	0
0	0	0.9999999999999996	1.999999999999999	0	0.3333333333333333	0	0	0	0	0	0
0	0	0.7976741390441112	2.202325860955888	0	0.2658913796813705	0	0	0	0	0	0
0	1	0.8670998491809003	1.343222662618689	0	0.3922956240783746	0	0.7444782073959677	0.7444782073959677	0.6077043759216254	0.3922956240783746	3.691736171856952
0	0	0.9218989391903104	2.078101060809688	0	0.3072996463967703	0	0	0	0	0	0
0	0	0.9999999999999996	1.999999999999999	0	0.3333333333333333	0	0	0	0	0	0
0	0	0.7976741390441112	2.202325860955888	0	0.2658913796813705	0	0	0	0	0	0
0	0	0.9999999999999996	1.932248039652106	0	0.3410352693487157	0	0	0	0	0	0
0	1	0.8238036248532449	2.106537288023381	0	0.2811289366480373	0	0.474712698268126	0.474712698268126	0.7188710633519627	0.2811289366480373	2.354016574328201
2	0	0.7976741390441112	2.202325860955888	1	0.2658913796813705	2.507289508466064	0	-2.507289508466064	1	0.07069822578886265	-12.43320661339178
0	0	0.7976741390441111	2.078101060809688	0	0.2773770839544982	0	0	0	0	0	0
0	0	0.9999999999999996	1.999999999999999	0	0.3333333333333333	0	0	0	0	0	0
1	0	1.797674139044111	1.202325860955888	1	0.5992247130147039	0.5562743426524102	0	-0.5562743426524102	1	0.5992247130147039	-2.758466388732837
0	0	0.1788932373795928	2.821106762620406	0	0.05963107912653097	0	0	0	0	0	0
0	0	0.7976741390441112	2.202325860955888	0	0.2658913796813705	0	0	0	0	0	0
1	0	0.9999999999999994	1.999999999999999	1	0.3333333333333334	1.000000000000001	0	-1.000000000000001	1	0.3333333333333334	-4.958823690447423
0	0	1.797674139044111	1.202325860955888	0	0.5992247130147038	0	0	0	0	0	0
0	0	1.662170218348326	1.213604981505474	0	0.5779903166397805	0	0	0	0	0	0
1	0	0.9999999999999997	1.932757201824815	1	0.340976061495231	1	0	-1	1	0.340976061495231	-4.958823690447422
2	0	0.7976741390441112	2.202325860955888	1	0.2658913796813705	2.507289508466064	0	-2.507289508466064	1	0.07069822578886265	-12.43320661339178
0	0	0.9999999999999996	1.999999999999999	0	0.3333333333333333	0	0	0	0	0	0
0	0	0.8644960793042145	1.337829781651673	0	0.392537768651998	0	0	0	0	0	0
0	0	0.7976741390441112	2.078101060809688	0	0.2773770839544982	0	0	0	0	0	0
0	0	0.7976741390441112	2.202325860955888	0	0.2658913796813705	0	0	0	0	0	0
0	0	0.9999999999999996	1.999999999999999	0	0.3333333333333333	0	0	0	0	0	0
0	1	0.7986877525892881	2.20131224741071	0	0.2662292508630962	0	0.4542744906708479	0.4542744906708479	0.7337707491369038	0.2662292508630962	2.252667106304536
0	0	0.8211067626204068	1.381219098335481	0	0.3728361806840053	0	0	0	0	0	0
1	0	0.7976741390441113	2.202325860955888	1	0.2658913796813705	1.253644754233032	0	-1.253644754233032	1	0.2658913796813704	-6.21660330669589
0	0	0.8644960793042145	2.033148737323943	0	0.2983443913979026	0	0	0	0	0	0
0	0	0.8211067626204068	2.07653805400775	0	0.2833703971958466	0	0	0	0	0	0
0	0	0	1.27100784139157	0	0	0	0	0	0	0	0
1	0	0.797674139044111	2.202325860955887	1	0.2658913796813705	1.253644754233032	0	-1.253644754233032	1	0.2658913796813704	-6.216603306695892
0	0	0.9999999999999996	1.999999999999999	0	0.3333333333333333	0	0	0	0	0	0
0	0	0.7976741390441112	2.202325860955888	0	0.2658913796813705	0	0	0	0	0	0
0	1	0.9994126968118282	2.00058730318817	0	0.3331375656039429	0	0.4998532173059295	0.4998532173059295	0.6668624343960572	0.3331375656039428	2.478683975723005
0	0	0.8211067626204068	2.111141277031699	0	0.2800263659543025	0	0	0	0	0	0
0	0	1.08357729603782	1.379754924403324	0	0.4398827275696368	0	0	0	0	0	0
0	0	0.7976741390441112	2.202325860955888	0	0.2658913796813705	0	0	0	0	0	0
0	0	0.8222594207790147	2.075385395849142	0	0.2837681885855964	0	0	0	0	0	0
0	0	0.9999999999999996	1.999999999999999	0	0.3333333333333333	0	0	0	0	0	0
0	1	0.7976741390441113	2.025879644931147	0	0.282507152359277	0	0.4936127387932695	0.4936127387932695	0.717492847640723	0.282507152359277	2.447738543034699
0	0	0.7976741390441112	2.202325860955888	0	0.2658913796813705	0	0	0	0	0	0
0	0	0.7976741390441112	2.202325860955888	0	0.2658913796813705	0	0	0	0	0	0
0	0	0.7976741390441112	2.078101060809688	0	0.2773770839544982	0	0	0	0	0	0
0	0	0.7976741390441112	1.999999999999999	0	0.2851204605682401	0	0	0	0	0	0
0	0	0.9999999999999996	1.999999999999999	0	0.3333333333333333	0	0	0	0	0	0
0	0	0.7976741390441112	1.999999999999999	0	0.2851204605682401	0	0	0	0	0	0
0	0	0.7976741390441112	2.202325860955888	0	0.2658913796813705	0	0	0	0	0	0
0	0	0.9999999999999996	1.999999999999999	0	0.3333333333333333	0	0	0	0	0	0
1	0	0.9999999999999997	1.999999999999999	1	0.3333333333333333	1	0	-1	1	0.3333333333333333	-4.958823690447422
0	0	0.7976741390441112	2.202325860955888	0	0.2658913796813705	0	0	0	0	0	0
0	0	0.7976741390441112	1.999999999999999	0	0.2851204605682401	0	0	0	0	0	0
0	1	0.9999999999999994	1.999999999999999	0	0.3333333333333334	0	0.5000000000000003	0.5000000000000003	0.6666666666666666	0.3333333333333334	2.479411845223711
0	0	0.9999999999999996	1.999999999999999	0	0.3333333333333333	0	0	0	0	0	0
0	0	0.9999999999999996	1.999999999999999	0	0.3333333333333333	0	0	0	0	0	0
0	0	0.9410341333119654	2.058965866688033	0	0.3136780444373219	0	0	0	0	0	0
0	0	0.9999999999999996	1.797674139044111	0	0.35743976971588	0	0	0	0	0	0
0	0	1.797674139044111	1.202325860955888	0	0.5992247130147038	0	0	0	0	0	0
0	2	0.9958476565517872	2.004152343448212	0	0.3319492188505958	0	0.9979281298341484	0.9979281298341484	0.4462918461943292	0.5537081538056708	4.948549651585463
0	0	0.9999999999999996	1.999999999999999	0	0.3333333333333333	0	0	0	0	0	0
0	0	0.9999999999999996	1.797674139044111	0	0.35743976971588	0	0	0	0	0	0
2	0	0.9999999999999996	1.999999999999999	1	0.3333333333333333	2.000000000000001	0	-2.000000000000001	1	0.1111111111111109	-9.917647380894843
0	0	0.9999999999999996	1.999999999999999	0	0.3333333333333333	0	0	0	0	0	0
0	0	0.9999999999999996	1.999999999999999	0	0.3333333333333333	0	0	0	0	0	0
0	0	1.797674139044111	1.202325860955888	0	0.5992247130147038	0	0	0	0	0	0
0	0	0.8644960793042145	2.067751960347892	0	0.2948236532564216	0	0	0	0	0	0
0	0	0.7976741390441112	2.202325860955888	0	0.2658913796813705	0	0	0	0	0	0
0	0	0.7976741390441112	2.202325860955888	0	0.2658913796813705	0	0	0	0	0	0
0	0	0.7976741390441112	2.202325860955888	0	0.2658913796813705	0	0	0	0	0	0
0	0	0.8211067626204068	2.111141277031699	0	0.2800263659543025	0	0	0	0	0	0
0	0	0.7976741390441112	2.202325860955888	0	0.2658913796813705	0	0	0	0	0	0
0	0	0.7976741390441112	2.202325860955888	0	0.2658913796813705	0	0	0	0	0	0
0	0	0.7976741390441112	2.202325860955888	0	0.2658913796813705	0	0	0	0	0	0
0	0	0	1.27100784139157	0	0	0	0	0	0	0	0
0	0	0.9999999999999994	1.999999999999999	0	0.3333333333333334	0	0	0	0	0	0
0	0	0.9999999999999996	1.933264820737021	0	0.3409170535610681	0	0	0	0	0	0
0	0	0.9999999999999996	1.999999999999999	0	0.3333333333333333	0	0	0	0	0	0
0	0	0.9999999999999996	1.999999999999999	0	0.3333333333333333	0	0	0	0	0	0
0	0	0.8211067626204068	1.381219098335481	0	0.3728361806840053	0	0	0	0	0	0
0	1	0.7976741390441113	2.202325860955888	0	0.2658913796813705	0	0.4540654122664501	0.4540654122664501	0.7341086203186296	0.2658913796813704	2.251630323359647
0	0	0.9999999999999996	1.932248039652106	0	0.3410352693487157	0	0	0	0	0	0
0	0	0.9999999999999996	1.999999999999999	0	0.3333333333333333	0	0	0	0	0	0
0	0	0.7976741390441111	2.202325860955888	0	0.2658913796813705	0	0	0	0	0	0
0	0	0.9999999999999996	1.999999999999999	0	0.3333333333333333	0	0	0	0	0	0
0	0	0.9999999999999994	1.999999999999999	0	0.3333333333333334	0	0	0	0	0	0
0	0	0.7976741390441112	2.078101060809688	0	0.2773770839544982	0	0	0	0	0	0
0	1	0.2676410540838086	2.717857006443078	0	0.08964703666113746	0	0.3679369435659616	0.3679369435659616	0.9103529633388625	0.08964703666113749	1.824534432345706
0	0	0.9410341333119654	2.058965866688033	0	0.3136780444373219	0	0	0	0	0	0
0	0	0.9126455591044892	1.99020010877174	0	0.3143968586425733	0	0	0	0	0	0
1	0	0.9999999999999997	1.996958117981122	1	0.3336716632775777	1	0	-1	1	0.3336716632775777	-4.958823690447422
0	1	0.7989656078709073	2.195393174526832	0	0.2668236059645243	0	0.4554992753020322	0.4554992753020322	0.7331763940354756	0.2668236059645244	2.258740597349349
0	2	0.7976741390441113	2.202325860955888	0	0.2658913796813705	0	0.9081308245329004	0.9081308245329004	0.5389154664261218	0.4610845335738782	4.503260646719295
0	0	0.7976741390441112	2.202325860955888	0	0.2658913796813705	0	0	0	0	0	0
0	0	0.7976741390441112	2.202325860955888	0	0.2658913796813705	0	0	0	0	0	0
1	0	0.7976741390441112	2.202325860955887	1	0.2658913796813706	1.253644754233032	0	-1.253644754233032	1	0.2658913796813706	-6.216603306695891
0	0	0.7976741390441112	2.202325860955888	0	0.2658913796813705	0	0	0	0	0	0
0	0	0.8976448166281578	1.999999999999999	0	0.309784281177947	0	0	0	0	0	0
3	0	1.648992603846192	1.198547023974394	1	0.5790938211133086	1.819292574753005	0	-1.819292574753005	1	0.194198912342137	-9.021551119540284
1	0	0.7976741390441112	2.202325860955888	1	0.2658913796813705	1.253644754233032	0	-1.253644754233032	1	0.2658913796813704	-6.216603306695891
0	0	0	1.27100784139157	0	0	0	0	0	0	0	0
0	0	1.662170218348326	1.213604981505474	0	0.5779903166397805	0	0	0	0	0	0
0	0	0.9999999999999996	1.999999999999999	0	0.3333333333333333	0	0	0	0	0	0
0	1	0.7976741390441112	2.201819369112121	0	0.2659362778666042	0	0.4541698624457319	0.4541698624457319	0.7340637221333958	0.2659362778666042	2.252148273383141
0	1	1.579882594174376	1.217791544869734	0	0.5647128706398165	0	0.8211585999367149	0.8211585999367149	0.4352871293601835	0.5647128706398165	4.071980718980817
0	0	0.8045193927208781	2.165580105825199	0	0.2708728758463164	0	0	0	0	0	0
0	0	0.8037569623524866	2.18610496426666	0	0.2688274515945132	0	0	0	0	0	0
0	0	0.8318085256851548	2.070965068623877	0	0.2865564601097167	0	0	0	0	0	0
1	0	0.797674139044111	1.999999999999999	1	0.28512046056824	1.253644754233032	0	-1.253644754233032	1	0.28512046056824	-6.216603306695892
0	0	0.9999999999999996	1.999999999999999	0	0.3333333333333333	0	0	0	0	0	0
0	0	0.9999999999999996	1.999999999999999	0	0.3333333333333333	0	0	0	0	0	0
1	0	1.658581054462827	1.210733626343853	1	0.5780408351713217	0.6029250106946837	0	-0.6029250106946837	1	0.5780408351713217	-2.989798826596061
0	0	0.7976741390441112	2.202325860955888	0	0.2658913796813705	0	0	0	0	0	0
1	0	0.9999999999999996	1.999999999999999	1	0.3333333333333333	1	0	-1	1	0.3333333333333333	-4.958823690447422
0	0	0.9999999999999996	1.999999999999999	0	0.3333333333333333	0	0	0	0	0	0
0	0	0	2.999999999999999	0	0	0	0	0	0	0	0
0	0	0.9999999999999996	1.999999999999999	0	0.3333333333333333	0	0	0	0	0	0
1	0	0.7976741390441111	2.202325860955888	1	0.2658913796813705	1.253644754233032	0	-1.253644754233032	1	0.2658913796813704	-6.216603306695892
0	0	0.7976741390441112	2.202325860955888	0	0.2658913796813705	0	0	0	0	0	0
1	0	0.8217588231329872	2.110489216519119	1	0.280248741586842	1.216902054288217	0	-1.216902054288217	1	0.280248741586842	-6.034402735758544
0	2	0.8211067626204072	1.537728961087431	0	0.3480983242570682	0	1.300619322787331	1.300619322787331	0.4249757948364425	0.5750242051635575	6.449541910091495
0	0	0.7976741390441112	2.202325860955888	0	0.2658913796813705	0	0	0	0	0	0
0	0	0.7976741390441112	2.202325860955888	0	0.2658913796813705	0	0	0	0	0	0
0	0	0.8211067626204068	2.07653805400775	0	0.2833703971958466	0	0	0	0	0	0
2	0	1.66207442050915	1.213228818241602	1	0.5780518722718373	1.203315552733994	0	-1.203315552733994	1	0.3341439670369765	-5.96702966998116
1	0	0.7976741390441112	1.999999999999999	1	0.2851204605682401	1.253644754233032	0	-1.253644754233032	1	0.28512046056824	-6.216603306695891
0	0	0.9218989391903103	2.078101060809688	0	0.3072996463967703	0	0	0	0	0	0
0	0	0	1.27100784139157	0	0	0	0	0	0	0	0
1	0	0.9999999999999994	1.999319912677248	1	0.3334089157256256	1.000000000000001	0	-1.000000000000001	1	0.3334089157256257	-4.958823690447423
1	0	0.9999999999999996	1.999999999999999	1	0.3333333333333333	1	0	-1	1	0.3333333333333333	-4.958823690447422
1	0	0.7976741390441111	2.202325860955888	1	0.2658913796813705	1.253644754233032	0	-1.253644754233032	1	0.2658913796813704	-6.216603306695892
0	0	0.7976741390441112	2.202325860955888	0	0.2658913796813705	0	0	0	0	0	0
1	0	0.9999999999999997	1.999999999999999	1	0.3333333333333333	1	0	-1	1	0.3333333333333333	-4.958823690447422
0	0	0.9999999999999996	1.999999999999999	0	0.3333333333333333	0	0	0	0	0	0
2	0	0.9999999999999998	2	1	0.3333333333333334	2	0	-2	1	0.111111111111111	-9.917647380894842
0	1	0.7976741390441113	2.19359947357071	0	0.2666670597033164	0	0.4558717359519668	0.4558717359519668	0.7333329402966836	0.2666670597033164	2.260587564044004
0	0	0.8425843594963358	2.084960958585744	0	0.2878125760486391	0	0	0	0	0	0
0	0	0.7976741390441112	2.202325860955888	0	0.2658913796813705	0	0	0	0	0	0
0	0	0.8211067626204068	1.381219098335481	0	0.3728361806840053	0	0	0	0	0	0
0	0	0.9226809360347485	2.07731906396525	0	0.307560312011583	0	0	0	0	0	0
0	2	0.7994600925282591	2.198753953987592	0	0.266645436291412	0	0.9096060959312258	0.9096060959312258	0.5378089161122135	0.4621910838877865	4.51057625747915
2	0	1.795283797408091	1.20252482901031	1	0.5988653783924114	1.114029995083487	0	-1.114029995083487	1	0.3586397414370861	-5.524278331489019
0	0	0.7976741390441112	1.999999999999999	0	0.2851204605682401	0	0	0	0	0	0
0	0	0.9999999999999994	1.999999999999999	0	0.3333333333333334	0	0	0	0	0	0
0	0	0.8226243819003145	1.379701479055573	0	0.3735252791080002	0	0	0	0	0	0
0	0	0.9999999999999996	1.916739780172033	0	0.3428485485054202	0	0	0	0	0	0
0	0	0.9999999999999996	1.804768110278067	0	0.356535713713908	0	0	0	0	0	0
0	0	0.9999999999999996	1.932248039652106	0	0.3410352693487157	0	0	0	0	0	0
0	0	0.8976448166281578	1.999999999999999	0	0.309784281177947	0	0	0	0	0	0
0	0	0.9218989391903103	2.078101060809688	0	0.3072996463967703	0	0	0	0	0	0
0	0	0.9999999999999996	1.999999999999999	0	0.3333333333333333	0	0	0	0	0	0
0	0	0.9999999999999996	1.999999999999999	0	0.3333333333333333	0	0	0	0	0	0
1	0	0.9999999999999996	1.999999999999999	1	0.3333333333333333	1	0	-1	1	0.3333333333333333	-4.958823690447422
0	0	0.9999999999999996	1.999999999999999	0	0.3333333333333333	0	0	0	0	0	0
0	0	0.8211067626204068	2.07653805400775	0	0.2833703971958466	0	0	0	0	0	0
0	1	0.8979010479577906	1.999830392811449	0	0.3098634453575971	0	0.5000424053932674	0.5000424053932674	0.6901365546424029	0.3098634453575971	2.479622126092447
0	0	0.7976741390441112	2.202325860955888	0	0.2658913796813705	0	0	0	0	0	0
0	0	0.8211067626204068	1.381219098335481	0	0.3728361806840053	0	0	0	0	0	0
0	0	0.8211067626204068	1.381219098335481	0	0.3728361806840053	0	0	0	0	0	0
1	1	0.9999999999999993	1.999999999999999	0.5	0.3333333333333333	1.000000000000001	0.5000000000000003	-0.5000000000000003	0.8888888888888891	0.5555555555555555	-2.479411845223711
1	0	0.9999999999999999	2	1	0.3333333333333334	1	0	-1	1	0.3333333333333334	-4.958823690447421
1	3	0.9198462944595311	2.080153705540467	0.25	0.3066154314865105	1.087138151257721	1.442201118123883	0.3550629668661618	0.6400132661359168	0.7688485147674325	1.76069465169647
1	0	0.9999999999999996	1.999999999999999	1	0.3333333333333333	1	0	-1	1	0.3333333333333333	-4.958823690447422
0	0	0.7976741390441112	2.202325860955888	0	0.2658913796813705	0	0	0	0	0	0
1	0	0.9218989391903103	2.078101060809688	1	0.3072996463967703	1.084717594835595	0	-1.084717594835595	1	0.3072996463967703	-5.378923306715895
1	0	0.9999999999999998	1.935170206147817	1	0.340695744970927	1	0	-1	1	0.340695744970927	-4.958823690447421
1	0	0.9999999999999997	1.999999999999999	1	0.3333333333333333	1	0	-1	1	0.3333333333333333	-4.958823690447422
1	0	0.8977534462341807	2.000147627097097	1	0.3097943730709101	1.11389157479118	0	-1.11389157479118	1	0.3097943730709101	-5.523591929664285
1	0	0.9999999999999997	1.999999999999999	1	0.3333333333333333	1	0	-1	1	0.3333333333333333	-4.958823690447422
1	0	0.8995162135122352	2.002543219106008	1	0.3099578883195683	1.111708699608001	0	-1.111708699608001	1	0.3099578883195684	-5.512767436492649
0	1	0.6310442721214381	2.368955727878561	0	0.2103480907071461	0	0.4221269263210404	0.4221269263210404	0.7896519092928539	0.2103480907071461	2.093253002616527
0	0	0.9410341333119654	2.058965866688033	0	0.3136780444373219	0	0	0	0	0	0
0	1	0.7976741390441112	2.202325860955888	0	0.2658913796813705	0	0.4540654122664502	0.4540654122664502	0.7341086203186296	0.2658913796813704	2.251630323359648
1	1	0.9224856896946418	2.077514310305357	0.5	0.307495229898214	1.084027656115746	0.4813444581534642	-0.6026831979622819	0.9054466835898443	0.5204371433862727	-2.988599719889975
0	0	0.9999999999999999	2	0	0.3333333333333334	0	0	0	0	0	0
1	0	0.7976741390441111	2.202325860955887	1	0.2658913796813706	1.253644754233032	0	-1.253644754233032	1	0.2658913796813706	-6.216603306695892
0	0	0.8976448166281578	1.999999999999999	0	0.309784281177947	0	0	0	0	0	0
0	0	0.2777437078059201	2.722256292194079	0	0.0925812359353067	0	0	0	0	0	0
0	0	0.7976741390441112	2.202325860955888	0	0.2658913796813705	0	0	0	0	0	0
0	0	0.9218989391903103	2.078101060809688	0	0.3072996463967703	0	0	0	0	0	0
0	0	0.7976741390441112	1.999999999999999	0	0.2851204605682401	0	0	0	0	0	0
0	0	0	1.27100784139157	0	0	0	0	0	0	0	0
0	0	0.9999999999999996	1.999999999999999	0	0.3333333333333333	0	0	0	0	0	0
0	0	0.1788932373795928	2.821106762620406	0	0.05963107912653097	0	0	0	0	0	0
0	0	0.9999999999999996	1.999999999999999	0	0.3333333333333333	0	0	0	0	0	0
0	0	0.8211067626204068	2.07653805400775	0	0.2833703971958466	0	0	0	0	0	0
0	0	0.9999999999999994	1.999999999999999	0	0.3333333333333334	0	0	0	0	0	0
0	0	0.9999999999999996	1.932248039652106	0	0.3410352693487157	0	0	0	0	0	0
0	0	0.7976741390441112	2.202325860955888	0	0.2658913796813705	0	0	0	0	0	0
0	0	0.1788932373795928	2.821106762620406	0	0.05963107912653097	0	0	0	0	0	0
0	0	0.9999999999999996	1.999999999999999	0	0.3333333333333333	0	0	0	0	0	0
0	0	1.662170218348326	1.213604981505474	0	0.5779903166397805	0	0	0	0	0	0
0	0	0.9218989391903103	2.078101060809688	0	0.3072996463967703	0	0	0	0	0	0
0	0	0.7976741390441112	2.202325860955888	0	0.2658913796813705	0	0	0	0	0	0
0	0	0.7976741390441112	2.202325860955888	0	0.2658913796813705	0	0	0	0	0	0
0	0	0.9999999999999996	1.999999999999999	0	0.3333333333333333	0	0	0	0	0	0
1	0	0.9999999999999996	1.999491147331533	1	0.3333898821103838	1	0	-1	1	0.3333898821103838	-4.958823690447422
0	0	0.7976741390441112	2.202325860955888	0	0.2658913796813705	0	0	0	0	0	0
0	0	1.797674139044111	1.202325860955888	0	0.5992247130147038	0	0	0	0	0	0
0	0	0.9218989391903103	2.078101060809688	0	0.3072996463967703	0	0	0	0	0	0
0	0	0.9999999999999996	1.999999999999999	0	0.3333333333333333	0	0	0	0	0	0
0	0	0.9999999999999996	1.999999999999999	0	0.3333333333333333	0	0	0	0	0	0
1	0	0.9489352128704169	2.051064787129583	1	0.3163117376234724	1.053812722340778	0	-1.053812722340778	1	0.3163117376234723	-5.22567149283834
0	0	0.9999999999999996	1.999999999999999	0	0.3333333333333333	0	0	0	0	0	0
0	0	0.7976741390441112	1.999999999999999	0	0.2851204605682401	0	0	0	0	0	0
0	0	0.7976741390441112	2.202325860955888	0	0.2658913796813705	0	0	0	0	0	0
0	0	0.8211067626204068	2.07653805400775	0	0.2833703971958466	0	0	0	0	0	0
0	0	0.1788932373795928	2.821106762620406	0	0.05963107912653097	0	0	0	0	0	0
0	1	1.112759642006858	1.08956621894903	0	0.5052656656013114	0	0.9177964428491335	0.9177964428491335	0.4947343343986886	0.5052656656013114	4.551190743808655
0	0	0.7976741390441112	2.202325860955888	0	0.2658913796813705	0	0	0	0	0	0
1	0	0.9999999999999996	1.999320789349485	1	0.3334088182734489	1	0	-1	1	0.3334088182734489	-4.958823690447422
0	0	0.8211067626204068	2.07653805400775	0	0.2833703971958466	0	0	0	0	0	0
0	0	0.7976741390441112	2.202325860955888	0	0.2658913796813705	0	0	0	0	0	0
0	0	0.9999999999999996	1.797674139044111	0	0.35743976971588	0	0	0	0	0	0
0	0	0.1788932373795928	2.821106762620406	0	0.05963107912653097	0	0	0	0	0	0
0	0	0	2.999999999999999	0	0	0	0	0	0	0	0
0	0	0.8976448166281578	1.999999999999999	0	0.309784281177947	0	0	0	0	0	0
0	0	0.9999999999999996	1.797674139044111	0	0.35743976971588	0	0	0	0	0	0
0	0	0.7976741390441112	2.202325860955888	0	0.2658913796813705	0	0	0	0	0	0
0	0	0.9999999999999996	1.999999999999999	0	0.3333333333333333	0	0	0	0	0	0
0	0	0.9999999999999996	1.999999999999999	0	0.3333333333333333	0	0	0	0	0	0
0	0	0.9218989391903103	2.078101060809688	0	0.3072996463967703	0	0	0	0	0	0
2	0	0.9999999999999998	1.99743734504888	1	0.3336183162099399	2	0	-2	1	0.1113011809107554	-9.917647380894842
0	0	0.8211067626204068	2.07653805400775	0	0.2833703971958466	0	0	0	0	0	0
1	0	0.7976741390441111	2.078101060809688	1	0.2773770839544982	1.253644754233032	0	-1.253644754233032	1	0.2773770839544982	-6.216603306695892
0	0	0.824955316181782	2.132923943405653	0	0.2789009434742264	0	0	0	0	0	0
1	0	0.9999999999999996	1.999377330919146	1	0.3334025331496234	1	0	-1	1	0.3334025331496234	-4.958823690447422
1	2	0.8430781350902254	2.096631147329739	0.3333333333333333	0.2867896292099349	1.186129681672958	0.9539112316189672	-0.2322184500539907	0.8004310397332296	0.6372119703628616	-1.15153035148671
0	0	0.7976741390441111	2.078101060809688	0	0.2773770839544982	0	0	0	0	0	0
0	0	0.9218989391903103	2.078101060809688	0	0.3072996463967703	0	0	0	0	0	0
0	0	0.9999999999999996	1.999999999999999	0	0.3333333333333333	0	0	0	0	0	0
0	0	0.9999999999999996	1.999999999999999	0	0.3333333333333333	0	0	0	0	0	0
1	0	0.7976741390441112	2.202325860955888	1	0.2658913796813705	1.253644754233032	0	-1.253644754233032	1	0.2658913796813704	-6.216603306695891
0	0	0.9999999999999996	1.932248039652106	0	0.3410352693487157	0	0	0	0	0	0
0	0	0.7976741390441112	2.202325860955888	0	0.2658913796813705	0	0	0	0	0	0
0	0	0.9218989391903103	2.078101060809688	0	0.3072996463967703	0	0	0	0	0	0
0	0	0.9999999999999994	1.999999999999999	0	0.3333333333333334	0	0	0	0	0	0
0	0	0.7976741390441112	2.202325860955888	0	0.2658913796813705	0	0	0	0	0	0
0	0	0.7976741390441112	2.202325860955888	0	0.2658913796813705	0	0	0	0	0	0
1	0	0.8215425661936088	2.076102250434548	1	0.283520796434118	1.217222382807533	0	-1.217222382807533	1	0.283520796434118	-6.035991188408854
0	0	0.9999999999999996	1.999999999999999	0	0.3333333333333333	0	0	0	0	0	0
0	0	0.7976741390441113	2.202325860955888	0	0.2658913796813705	0	0	0	0	0	0
1	0	0.8214325469000429	1.380893314055845	1	0.3729841080572482	1.217385412562288	0	-1.217385412562288	1	0.3729841080572482	-6.036799624218982
0	0	0.7976741390441112	2.202325860955888	0	0.2658913796813705	0	0	0	0	0	0
0	0	0.9999999999999996	1.999999999999999	0	0.3333333333333333	0	0	0	0	0	0
0	0	0.7976741390441112	2.202325860955888	0	0.2658913796813705	0	0	0	0	0	0
1	0	0.9402687289628129	2.057925685964666	1	0.3136116604985258	1.06352574449974	0	-1.06352574449974	1	0.3136116604985257	-5.273836657226041
1	0	0.9218989391903103	2.078101060809688	1	0.3072996463967703	1.084717594835595	0	-1.084717594835595	1	0.3072996463967703	-5.378923306715895
0	0	0.9999999999999996	1.999999999999999	0	0.3333333333333333	0	0	0	0	0	0
0	0	0.7976741390441113	2	0	0.28512046056824	0	0	0	0	0	0
0	0	0.9999999999999996	1.999999999999999	0	0.3333333333333333	0	0	0	0	0	0
0	1	0.9999999999999996	1.999999999999999	0	0.3333333333333333	0	0.5000000000000002	0.5000000000000002	0.6666666666666667	0.3333333333333333	2.479411845223711
1	0	0.7976741390441112	2.078101060809688	1	0.2773770839544982	1.253644754233032	0	-1.253644754233032	1	0.2773770839544982	-6.216603306695891
1	0	0.9999999999999998	2	1	0.3333333333333334	1	0	-1	1	0.3333333333333334	-4.958823690447421
0	0	0.8976448166281578	1.999999999999999	0	0.309784281177947	0	0	0	0	0	0
0	0	0.7976741390441112	1.999999999999999	0	0.2851204605682401	0	0	0	0	0	0
3	0	0.9999999999999998	2	1	0.3333333333333334	3.000000000000001	0	-3.000000000000001	0.9999999999999999	0.0370370370370372	-14.87647107134226
0	0	0.8644960793042145	2.033148737323943	0	0.2983443913979026	0	0	0	0	0	0
0	0	0.8199326089249769	1.422362828423326	0	0.3656666268271117	0	0	0	0	0	0
0	1	0.7984261032993873	2.200803996554909	0	0.26621035289629	0	0.4543794002398115	0.4543794002398115	0.73378964710371	0.26621035289629	2.253187334360467
0	0	0.9999999999999996	1.999999999999999	0	0.3333333333333333	0	0	0	0	0	0
0	0	1.797674139044111	1.202325860955888	0	0.5992247130147038	0	0	0	0	0	0
0	0	0.8211067626204068	2.07653805400775	0	0.2833703971958466	0	0	0	0	0	0
0	0	1.662170218348326	1.213604981505474	0	0.5779903166397805	0	0	0	0	0	0
0	0	0.9999999999999996	1.999999999999999	0	0.3333333333333333	0	0	0	0	0	0
0	0	0.9999999999999996	1.999999999999999	0	0.3333333333333333	0	0	0	0	0	0
1	0	0.9999999999999996	1.956122969992264	1	0.3382809207029085	1	0	-1	1	0.3382809207029085	-4.958823690447422
0	0	0	2.999999999999999	0	0	0	0	0	0	0	0
1	0	1.092950587206084	1.205348239866915	1	0.4755476417303021	0.9149544468943519	0	-0.9149544468943519	1	0.4755476417303022	-4.537097786939928
1	0	0.7976741390441112	2.202325860955887	1	0.2658913796813706	1.253644754233032	0	-1.253644754233032	1	0.2658913796813706	-6.216603306695891
1	0	0.9999999999999996	1.999999999999999	1	0.3333333333333333	1	0	-1	1	0.3333333333333333	-4.958823690447422
0	0	0.9999999999999996	1.999999999999999	0	0.3333333333333333	0	0	0	0	0	0
0	0	0.8644960793042145	2.067751960347892	0	0.2948236532564216	0	0	0	0	0	0
0	1	0.821681440829132	2.075963375799025	0	0.2835687231623099	0	0.4817040664867733	0.4817040664867733	0.7164312768376901	0.2835687231623099	2.38868553667947
0	0	0.8211067626204068	1.381219098335481	0	0.3728361806840053	0	0	0	0	0	0
0	0	0.9999999999999996	1.999999999999999	0	0.3333333333333333	0	0	0	0	0	0
0	0	0.8976448166281578	1.999999999999999	0	0.309784281177947	0	0	0	0	0	0
0	0	0.9999999999999996	1.999999999999999	0	0.3333333333333333	0	0	0	0	0	0
0	0	0.1788932373795928	2.821106762620406	0	0.05963107912653097	0	0	0	0	0	0
0	0	0.7976741390441112	2.202325860955888	0	0.2658913796813705	0	0	0	0	0	0
3	0	0.9999999999999994	1.999320827018127	1	0.3334088140861484	3.000000000000002	0	-3.000000000000002	1	0.03706220298574947	-14.87647107134227
0	0	0.9999999999999996	1.999999999999999	0	0.3333333333333333	0	0	0	0	0	0
0	0	0.4368938489847952	2.563106151015203	0	0.1456312829949318	0	0	0	0	0	0
1	0	0.9999999999999997	1.999999999999999	1	0.3333333333333333	1	0	-1	1	0.3333333333333333	-4.958823690447422
1	0	0.9999999999999996	1.999999999999999	1	0.3333333333333333	1	0	-1	1	0.3333333333333333	-4.958823690447422
0	0	0.7976741390441112	2.202325860955888	0	0.2658913796813705	0	0	0	0	0	0
0	0	0.1788932373795928	2.821106762620406	0	0.05963107912653097	0	0	0	0	0	0
0	0	0.8211067626204068	2.111141277031699	0	0.2800263659543025	0	0	0	0	0	0
0	0	0.7976741390441112	2.202325860955888	0	0.2658913796813705	0	0	0	0	0	0
0	0	0.9999999999999996	1.999999999999999	0	0.3333333333333333	0	0	0	0	0	0
0	0	0	1.27100784139157	0	0	0	0	0	0	0	0
0	0	0.8644960793042145	2.067751960347892	0	0.2948236532564216	0	0	0	0	0	0
1	0	0.9999999999999996	1.932587813429531	1	0.3409957565194081	1	0	-1	1	0.3409957565194082	-4.958823690447422
0	0	0	2.999999999999999	0	0	0	0	0	0	0	0
0	2	0.9308046246397504	2.06816731688737	0	0.3103745692818223	0	0.9670397475432679	0.9670397475432679	0.4755832346932321	0.524416765306768	4.795379609721849
0	0	0.7976741390441112	2.202325860955888	0	0.2658913796813705	0	0	0	0	0	0
0	0	0.9999999999999996	1.999999999999999	0	0.3333333333333333	0	0	0	0	0	0
0	0	0	1.27100784139157	0	0	0	0	0	0	0	0
0	0	0.7976741390441112	1.999999999999999	0	0.2851204605682401	0	0	0	0	0	0
0	0	0.9999999999999994	1.999999999999999	0	0.3333333333333334	0	0	0	0	0	0
0	0	0.7976741390441112	2.202325860955888	0	0.2658913796813705	0	0	0	0	0	0
1	0	0.9405986813134973	2.058374089576681	1	0.3136402872488574	1.063152670598636	0	-1.063152670598636	1	0.3136402872488574	-5.271986649526959
1	0	0.7976741390441112	2.202325860955888	1	0.2658913796813705	1.253644754233032	0	-1.253644754233032	1	0.2658913796813704	-6.216603306695891
0	0	0.8211067626204068	1.381219098335481	0	0.3728361806840053	0	0	0	0	0	0
0	0	0.7976741390441112	2.202325860955888	0	0.2658913796813705	0	0	0	0	0	0
1	0	0.9999999999999996	1.999999999999999	1	0.3333333333333333	1	0	-1	1	0.3333333333333333	-4.958823690447422
0	0	0.8644960793042145	2.067751960347892	0	0.2948236532564216	0	0	0	0	0	0
0	0	0.9999999999999996	1.932587252989969	0	0.3409958216862713	0	0	0	0	0	0
0	1	0.7516143311327477	2.1810698741135	0	0.2562888734450824	0	0.4584905838500254	0.4584905838500254	0.7437111265549176	0.2562888734450824	2.273573969042575
0	0	0.9999999999999996	1.932248039652106	0	0.3410352693487157	0	0	0	0	0	0
0	0	0.8211067626204068	1.381219098335481	0	0.3728361806840053	0	0	0	0	0	0
0	0	0.9999999999999996	1.999999999999999	0	0.3333333333333333	0	0	0	0	0	0
0	0	0.9999999999999996	1.999999999999999	0	0.3333333333333333	0	0	0	0	0	0
1	0	0.7976741390441111	2.202325860955887	1	0.2658913796813706	1.253644754233032	0	-1.253644754233032	1	0.2658913796813706	-6.216603306695892
0	0	0.9999999999999996	1.999999999999999	0	0.3333333333333333	0	0	0	0	0	0
0	0	0.8211067626204068	2.07653805400775	0	0.2833703971958466	0	0	0	0	0	0
0	0	0.7976741390441112	2.202325860955888	0	0.2658913796813705	0	0	0	0	0	0
0	0	0.9999999999999996	1.999999999999999	0	0.3333333333333333	0	0	0	0	0	0
0	0	0.8211067626204068	1.381219098335481	0	0.3728361806840053	0	0	0	0	0	0
0	0	0.9999999999999996	1.999999999999999	0	0.3333333333333333	0	0	0	0	0	0
0	0	0.9999999999999996	1.999999999999999	0	0.3333333333333333	0	0	0	0	0	0
0	1	0.9234680452614806	2.076531954738518	0	0.307822681753827	0	0.4815721702322285	0.4815721702322285	0.692177318246173	0.307822681753827	2.388031486407753
2	0	0.7976741390441114	2.202325860955888	1	0.2658913796813706	2.507289508466063	0	-2.507289508466063	1	0.07069822578886265	-12.43320661339178
0	0	0.8211067626204068	1.381219098335481	0	0.3728361806840053	0	0	0	0	0	0
0	0	0.9218989391903103	2.078101060809688	0	0.3072996463967703	0	0	0	0	0	0
1	0	0.7976741390441112	2.202325860955888	1	0.2658913796813705	1.253644754233032	0	-1.253644754233032	1	0.2658913796813704	-6.216603306695891
1	0	0.9999999999999997	1.998130320125713	1	0.3335412050928023	1	0	-1	1	0.3335412050928024	-4.958823690447422
0	0	0.8644960793042145	2.033148737323943	0	0.2983443913979026	0	0	0	0	0	0
1	0	1.795631382082032	1.20249589664128	1	0.5989176626439499	0.5569071748125171	0	-0.5569071748125171	1	0.5989176626439499	-2.761604491840452
0	0	0.7976741390441112	2.202325860955888	0	0.2658913796813705	0	0	0	0	0	0
0	0	1.000516002557444	1.633711482677626	0	0.3798138194842201	0	0	0	0	0	0
1	0	1.663868897787759	1.213463586259682	1	0.5782678599058716	0.6010088903816739	0	-0.6010088903816739	1	0.5782678599058716	-2.980297123794161
0	0	0.9218989391903103	2.078101060809688	0	0.3072996463967703	0	0	0	0	0	0
0	0	0.9999999999999996	1.999999999999999	0	0.3333333333333333	0	0	0	0	0	0
0	0	0.8211067626204068	2.07653805400775	0	0.2833703971958466	0	0	0	0	0	0
0	0	0.9999999999999996	1.999999999999999	0	0.3333333333333333	0	0	0	0	0	0
0	0	0.7976741390441112	2.202325860955888	0	0.2658913796813705	0	0	0	0	0	0
0	0	0.8644960793042145	2.067751960347892	0	0.2948236532564216	0	0	0	0	0	0
0	0	0.8211067626204068	2.07653805400775	0	0.2833703971958466	0	0	0	0	0	0
0	0	0.7976741390441112	2.202325860955888	0	0.2658913796813705	0	0	0	0	0	0
1	0	0.7976741390441112	2.202325860955888	1	0.2658913796813705	1.253644754233032	0	-1.253644754233032	1	0.2658913796813704	-6.216603306695891
0	0	0.8644960793042145	1.337829781651673	0	0.392537768651998	0	0	0	0	0	0
0	0	0.9218989391903103	2.078101060809688	0	0.3072996463967703	0	0	0	0	0	0
0	0	0.8228446059997323	2.109403433652373	0	0.2806190318392567	0	0	0	0	0	0
0	0	0.8221944708223866	2.07545034580577	0	0.2837457738450956	0	0	0	0	0	0
0	0	0.8211067626204068	2.111141277031699	0	0.2800263659543025	0	0	0	0	0	0
1	0	0.7976741390441112	2.202325860955888	1	0.2658913796813705	1.253644754233032	0	-1.253644754233032	1	0.2658913796813704	-6.216603306695891
0	0	0.9999999999999996	1.797674139044111	0	0.35743976971588	0	0	0	0	0	0
0	0	0.8211067626204068	2.111141277031699	0	0.2800263659543025	0	0	0	0	0	0
0	0	0.9999999999999996	1.999999999999999	0	0.3333333333333333	0	0	0	0	0	0
0	0	0.8211067626204068	2.111141277031699	0	0.2800263659543025	0	0	0	0	0	0
0	0	0.9999999999999996	1.996605108499435	0	0.3337109708461903	0	0	0	0	0	0
1	0	0.8979710444245939	2.000443341961219	1	0.3098145829811181	1.113621654293747	0	-1.113621654293747	1	0.3098145829811181	-5.522253441507079
0	0	0.9218989391903104	2.078101060809688	0	0.3072996463967703	0	0	0	0	0	0
0	0	0.8644960793042145	1.337829781651673	0	0.392537768651998	0	0	0	0	0	0
0	0	0.7976741390441112	2.202325860955888	0	0.2658913796813705	0	0	0	0	0	0
0	0	0.9999999999999998	2	0	0.3333333333333334	0	0	0	0	0	0
0	0	0.8644960793042145	2.067751960347892	0	0.2948236532564216	0	0	0	0	0	0
0	0	0.8211067626204068	2.07653805400775	0	0.2833703971958466	0	0	0	0	0	0
0	0	0.7976741390441112	1.999999999999999	0	0.2851204605682401	0	0	0	0	0	0
0	0	0.9999999999999996	1.999999999999999	0	0.3333333333333333	0	0	0	0	0	0
0	1	0.8651742048671714	2.067412897566413	0	0.2950208040365496	0	0.4836963149340497	0.4836963149340497	0.7049791959634504	0.2950208040365496	2.398564745477081
0	0	0.7976741390441112	2.202325860955888	0	0.2658913796813705	0	0	0	0	0	0
0	0	0.9999999999999997	1.999999999999999	0	0.3333333333333333	0	0	0	0	0	0
0	0	0.8211067626204068	2.07653805400775	0	0.2833703971958466	0	0	0	0	0	0
0	0	0.1788932373795928	2.821106762620406	0	0.05963107912653097	0	0	0	0	0	0
0	0	0.7976741390441112	2.202325860955888	0	0.2658913796813705	0	0	0	0	0	0
0	0	0.9999999999999996	1.999999999999999	0	0.3333333333333333	0	0	0	0	0	0
0	0	0	1.27100784139157	0	0	0	0	0	0	0	0
0	0	0.9999999999999996	1.797674139044111	0	0.35743976971588	0	0	0	0	0	0
0	0	0.7976741390441112	1.999999999999999	0	0.2851204605682401	0	0	0	0	0	0
1	0	0.797674139044111	2.202325860955887	1	0.2658913796813705	1.253644754233032	0	-1.253644754233032	1	0.2658913796813704	-6.216603306695892
0	0	0.9999999999999996	1.999999999999999	0	0.3333333333333333	0	0	0	0	0	0
0	0	0.8644960793042145	2.067751960347892	0	0.2948236532564216	0	0	0	0	0	0
0	0	0.9999999999999996	1.999999999999999	0	0.3333333333333333	0	0	0	0	0	0
0	0	0.9999999999999996	1.999999999999999	0	0.3333333333333333	0	0	0	0	0	0
0	0	0.9999999999999996	1.999999999999999	0	0.3333333333333333	0	0	0	0	0	0
1	0	0.9999999999999996	1.999999999999999	1	0.3333333333333333	1	0	-1	1	0.3333333333333333	-4.958823690447422
0	0	1.797674139044111	1.202325860955888	0	0.5992247130147038	0	0	0	0	0	0
1	0	0.8628549187141079	2.069393120937999	1	0.29426395961253	1.158943384700496	0	-1.158943384700496	1	0.29426395961253	-5.746995911940139
2	0	0.7976741390441112	2.202325860955887	1	0.2658913796813706	2.507289508466064	0	-2.507289508466064	1	0.07069822578886265	-12.43320661339178
0	0	0.8211067626204068	1.381219098335481	0	0.3728361806840053	0	0	0	0	0	0
1	0	0.7976741390441112	2.202325860955888	1	0.2658913796813705	1.253644754233032	0	-1.253644754233032	1	0.2658913796813704	-6.216603306695891
0	0	0.9999999999999996	1.999999999999999	0	0.3333333333333333	0	0	0	0	0	0
0	0	0.9218989391903103	2.078101060809688	0	0.3072996463967703	0	0	0	0	0	0
0	0	0.7976741390441112	2.202325860955888	0	0.2658913796813705	0	0	0	0	0	0
0	0	1.797674139044111	1.202325860955888	0	0.5992247130147038	0	0	0	0	0	0
0	0	0.9999999999999996	1.999999999999999	0	0.3333333333333333	0	0	0	0	0	0
0	0	0.7976741390441112	2.202325860955888	0	0.2658913796813705	0	0	0	0	0	0
0	0	0.9999999999999996	1.802746159422723	0	0.3567929249097492	0	0	0	0	0	0
0	0	0.8211067626204068	2.111141277031699	0	0.2800263659543025	0	0	0	0	0	0
0	0	0	2.999999999999999	0	0	0	0	0	0	0	0
0	0	0.7976741390441112	2.202325860955888	0	0.2658913796813705	0	0	0	0	0	0
2	0	0.8226315818606657	2.075013234767491	1	0.283896624299841	2.431222000347116	0	-2.431222000347116	0.9999999999999999	0.08059729328884524	-12.05600125205824
1	0	1.784292459352809	1.214463922363995	1	0.5950108085576767	0.560446240053447	0	-0.560446240053447	1	0.5950108085576767	-2.779154092399215
0	0	0.7976741390441112	2.202325860955888	0	0.2658913796813705	0	0	0	0	0	0
0	0	0.8211067626204068	2.111141277031699	0	0.2800263659543025	0	0	0	0	0	0
1	0	0.8320594463450308	2.065585370283127	1	0.2871502544308575	1.201837205734131	0	-1.201837205734131	1	0.2871502544308575	-5.959698807855538
0	0	0.9999999999999996	1.999999999999999	0	0.3333333333333333	0	0	0	0	0	0
0	0	0.8644960793042145	2.033148737323943	0	0.2983443913979026	0	0	0	0	0	0
0	0	0.8640617980723292	2.033583018555828	0	0.2981945175315842	0	0	0	0	0	0
1	0	0.8214332171243148	1.380892643831573	1	0.3729844123829086	1.217384419272469	0	-1.217384419272469	1	0.3729844123829086	-6.036794698669893
0	0	1.797674139044111	1.202325860955888	0	0.5992247130147039	0	0	0	0	0	0
2	0	0.938300514507427	2.055250892258292	1	0.3134405884551627	2.131513272216339	0	-2.131513272216339	0.9999999999999999	0.09824500249111878	-10.56979851076948
0	0	0.8211067626204068	2.111141277031699	0	0.2800263659543025	0	0	0	0	0	0
0	0	0.7976741390441112	2.202325860955888	0	0.2658913796813705	0	0	0	0	0	0
0	0	0.9999999999999996	1.999999999999999	0	0.3333333333333333	0	0	0	0	0	0
1	0	0.8628549187141079	2.069393120937999	1	0.29426395961253	1.158943384700496	0	-1.158943384700496	1	0.29426395961253	-5.746995911940139
0	0	0.7976741390441112	2.202325860955888	0	0.2658913796813705	0	0	0	0	0	0
0	0	0	2.999999999999999	0	0	0	0	0	0	0	0
0	0	0.9999999999999996	1.996605108499435	0	0.3337109708461903	0	0	0	0	0	0
0	0	0.7976741390441112	2.202325860955888	0	0.2658913796813705	0	0	0	0	0	0
1	0	0.9999999999999998	2	1	0.3333333333333334	1	0	-1	1	0.3333333333333334	-4.958823690447421
0	0	0.7976741390441112	2.078101060809688	0	0.2773770839544982	0	0	0	0	0	0
0	0	0.7976741390441112	2.202325860955888	0	0.2658913796813705	0	0	0	0	0	0
0	0	0.8211067626204068	2.07653805400775	0	0.2833703971958466	0	0	0	0	0	0
0	0	0.1788932373795928	2.821106762620406	0	0.05963107912653097	0	0	0	0	0	0
0	0	0.7976741390441112	1.999999999999999	0	0.2851204605682401	0	0	0	0	0	0
0	0	0.7976741390441112	2.202325860955888	0	0.2658913796813705	0	0	0	0	0	0
0	0	0.8211067626204068	2.07653805400775	0	0.2833703971958466	0	0	0	0	0	0
0	0	0.7976741390441112	2.078101060809688	0	0.2773770839544982	0	0	0	0	0	0
0	1	0.7976741390441112	2.202325860955887	0	0.2658913796813706	0	0.4540654122664503	0.4540654122664503	0.7341086203186294	0.2658913796813706	2.251630323359648
0	0	0.7976741390441112	2.202325860955888	0	0.2658913796813705	0	0	0	0	0	0
1	2	0.9999999999999996	1.999999999999999	0.3333333333333333	0.3333333333333333	1	1	0	0.7407407407407408	0.7037037037037037	0
0	0	0.7976741390441112	2.078101060809688	0	0.2773770839544982	0	0	0	0	0	0
0	0	0.1788932373795928	2.821106762620406	0	0.05963107912653097	0	0	0	0	0	0
2	0	0.9999999999999998	1.936020084952716	1	0.3405971250418421	2	0	-2	1	0.1160064015867681	-9.917647380894842
0	0	0.9999999999999996	1.797674139044111	0	0.35743976971588	0	0	0	0	0	0
0	0	0.8511325291317575	2.148867470868241	0	0.2837108430439194	0	0	0	0	0	0
0	0	0.8976448166281578	1.999999999999999	0	0.309784281177947	0	0	0	0	0	0
0	0	0.7976741390441112	2.202325860955888	0	0.2658913796813705	0	0	0	0	0	0
0	0	0.9999999999999996	1.932248039652106	0	0.3410352693487157	0	0	0	0	0	0
0	0	0.9999999999999996	1.999999999999999	0	0.3333333333333333	0	0	0	0	0	0
1	0	0.7976741390441112	1.999999999999999	1	0.2851204605682401	1.253644754233032	0	-1.253644754233032	1	0.28512046056824	-6.216603306695891
1	3	0.7976741390441112	2.202325860955888	0.25	0.2658913796813705	1.253644754233032	1.362196236799351	0.108551482566319	0.7112003182459508	0.7095701200467156	0.5382876633830526
0	0	0.7976741390441113	2.202325860955888	0	0.2658913796813705	0	0	0	0	0	0
0	0	0.7976741390441111	2.202325860955888	0	0.2658913796813705	0	0	0	0	0	0
2	0	0.9999999999999996	1.999999999999999	1	0.3333333333333333	2.000000000000001	0	-2.000000000000001	1	0.1111111111111109	-9.917647380894843
0	0	0.7976741390441112	1.999999999999999	0	0.2851204605682401	0	0	0	0	0	0
0	0	0.9117787566139492	2.019207954507609	0	0.3110825283356716	0	0	0	0	0	0
0	0	0.7976741390441112	2.202325860955888	0	0.2658913796813705	0	0	0	0	0	0
0	0	0.8211067626204068	2.111141277031699	0	0.2800263659543025	0	0	0	0	0	0
0	0	0.9999999999999996	1.999999999999999	0	0.3333333333333333	0	0	0	0	0	0
0	0	1.619649981878412	1.179588507374956	0	0.578603783884958	0	0	0	0	0	0
0	0	0.7976741390441112	2.202325860955888	0	0.2658913796813705	0	0	0	0	0	0
0	0	0.7976741390441112	2.202325860955888	0	0.2658913796813705	0	0	0	0	0	0
0	0	1.124224800146199	1.779745709559761	0	0.3871336834822168	0	0	0	0	0	0
1	0	0.7976741390441113	2.202325860955888	1	0.2658913796813705	1.253644754233032	0	-1.253644754233032	1	0.2658913796813704	-6.21660330669589
0	0	0.8644960793042145	1.337829781651673	0	0.392537768651998	0	0	0	0	0	0
0	0	0.9218989391903103	2.078101060809688	0	0.3072996463967703	0	0	0	0	0	0
1	0	0.857804297487446	2.039840519140712	1	0.2960350048994719	1.16576706706769	0	-1.16576706706769	1	0.296035004899472	-5.780833349718666
1	0	0.9999999999999999	1.947285213820933	1	0.3392952929396253	1	0	-1	1	0.3392952929396253	-4.958823690447421
0	0	0.9999999999999996	1.999999999999999	0	0.3333333333333333	0	0	0	0	0	0
0	0	0.8644960793042145	2.067751960347892	0	0.2948236532564216	0	0	0	0	0	0
1	0	1.789667166745974	1.210332833254024	1	0.5965557222486585	0.5587631144947636	0	-0.5587631144947636	1	0.5965557222486585	-2.770807769504818
0	0	0.8644960793042145	2.033148737323943	0	0.2983443913979026	0	0	0	0	0	0
0	0	0.9999999999999996	1.797674139044111	0	0.35743976971588	0	0	0	0	0	0
1	0	0.9999999999999999	1.984962825831174	1	0.3350125473410364	1	0	-1	1	0.3350125473410364	-4.958823690447421
0	0	0.7976741390441112	1.999999999999999	0	0.2851204605682401	0	0	0	0	0	0
0	0	0.8217591022749041	2.075885714353253	0	0.2835955247376191	0	0	0	0	0	0
0	0	0.7976741390441112	2.202325860955888	0	0.2658913796813705	0	0	0	0	0	0
0	0	0	1.27100784139157	0	0	0	0	0	0	0	0
0	0	0.9218989391903103	2.078101060809688	0	0.3072996463967703	0	0	0	0	0	0
1	0	1.796330557238599	1.202149869693425	1	0.5990803011766074	0.5566904131148586	0	-0.5566904131148586	1	0.5990803011766074	-2.760529608798922
0	0	0	1.27100784139157	0	0	0	0	0	0	0	0
0	0	0.9218989391903103	2.078101060809688	0	0.3072996463967703	0	0	0	0	0	0
0	0	0.9999999999999996	1.999999999999999	0	0.3333333333333333	0	0	0	0	0	0
0	0	0.7976741390441112	2.202325860955888	0	0.2658913796813705	0	0	0	0	0	0
0	0	0.9999999999999996	1.999999999999999	0	0.3333333333333333	0	0	0	0	0	0
0	1	0.1743890552071508	2.825610944792848	0	0.05812968506905029	0	0.3539057639349965	0.3539057639349965	0.9418703149309497	0.05812968506905025	1.754956286386753
0	1	0.9999999999999994	1.798688195356077	0	0.3573102575911531	0	0.5559607288143874	0.5559607288143874	0.6426897424088469	0.3573102575911531	2.756911233003198
1	0	0.7976741390441112	2.078101060809688	1	0.2773770839544983	1.253644754233032	0	-1.253644754233032	1	0.2773770839544982	-6.216603306695891
0	0	0.7976741390441112	2.202325860955888	0	0.2658913796813705	0	0	0	0	0	0
0	0	1.662170218348326	1.213604981505474	0	0.5779903166397805	0	0	0	0	0	0
0	0	0.9999999999999996	1.999999999999999	0	0.3333333333333333	0	0	0	0	0	0
0	0	0.7976741390441112	2.078101060809688	0	0.2773770839544982	0	0	0	0	0	0
0	0	0.9999999999999996	1.999999999999999	0	0.3333333333333333	0	0	0	0	0	0
0	1	0.9999999999999997	1.999999999999999	0	0.3333333333333333	0	0.5000000000000002	0.5000000000000002	0.6666666666666667	0.3333333333333333	2.479411845223711
0	0	1.662170218348326	1.213604981505474	0	0.5779903166397805	0	0	0	0	0	0
0	0	1.662170218348326	1.213604981505474	0	0.5779903166397805	0	0	0	0	0	0
0	0	0.9999999999999996	1.999999999999999	0	0.3333333333333333	0	0	0	0	0	0
0	0	0.7976741390441112	2.202325860955888	0	0.2658913796813705	0	0	0	0	0	0
0	0	0.9218989391903103	2.078101060809688	0	0.3072996463967703	0	0	0	0	0	0
0	0	0	2.999999999999999	0	0	0	0	0	0	0	0
0	0	0	1.27100784139157	0	0	0	0	0	0	0	0
0	0	0.9999999999999996	1.999999999999999	0	0.3333333333333333	0	0	0	0	0	0
0	0	0.7976741390441112	2.078101060809688	0	0.2773770839544982	0	0	0	0	0	0
0	0	0.8211067626204068	1.381219098335481	0	0.3728361806840053	0	0	0	0	0	0
0	0	0.837874429051266	2.059770387576891	0	0.2891570506651185	0	0	0	0	0	0
0	0	0.9999999999999996	1.999999999999999	0	0.3333333333333333	0	0	0	0	0	0
0	0	0.7976741390441112	2.202325860955888	0	0.2658913796813705	0	0	0	0	0	0
0	0	0.9218989391903103	2.078101060809688	0	0.3072996463967703	0	0	0	0	0	0
0	0	0.9410341333119654	2.058965866688033	0	0.3136780444373219	0	0	0	0	0	0
0	0	0.7976741390441112	2.078101060809688	0	0.2773770839544982	0	0	0	0	0	0
0	0	0.7976741390441112	2.202325860955888	0	0.2658913796813705	0	0	0	0	0	0
0	0	0.9218989391903103	2.078101060809688	0	0.3072996463967703	0	0	0	0	0	0
0	0	0.7976741390441112	2.078101060809688	0	0.2773770839544982	0	0	0	0	0	0
0	0	0.9218989391903103	2.078101060809688	0	0.3072996463967703	0	0	0	0	0	0