Observed S Changes	Observed NS Changes	E[S Sites]	E[NS Sites]	Observed S. Prop.	P{S}	dS	dN	dN-dS	P{S leq. observed}	P{S geq. observed}	Scaled dN-dS
0	0	0	3.000000000000001	0	0	0	0	0	0	0	0
1	3	0.8577072352921316	2.035274027823326	0.25	0.2964786693324328	1.165898990766242	1.474002988781036	0.3081039980147939	0.6579062268128315	0.755032156589183	0.2552536084404239
10	1	0.9997932631605395	2.000206736839462	0.9090909090909091	0.333264421053513	10.00206779588419	0.4999483211320975	-9.502119474752094	0.9999943677948607	0.0001295791508562072	-7.872180495515794
0	2	0.9183791218561281	2.081620878143872	0	0.3061263739520427	0	0.9607897485075901	0.9607897485075901	0.4814606089249405	0.5185393910750595	0.7959813953707737
1	2	0.9185255680143593	2.081474431985641	0.3333333333333333	0.3061751893381197	1.088701321795287	0.9608573467280509	-0.1278439750672363	0.7761739728344728	0.6659976845822453	-0.1059143541256896
6	0	1	2.000000000000001	1	0.3333333333333333	5.999999999999997	0	-5.999999999999997	1	0.001371742112482699	-4.970794473653682
0	2	1.645460809510436	1.224980858933138	0	0.573243075307866	0	1.632678572416097	1.632678572416097	0.1821214727726877	0.8178785272273122	1.352618270836454
0	2	0.7892698703353555	2.210730129664646	0	0.2630899567784518	0	0.9046784920343887	0.9046784920343887	0.5430364118007842	0.4569635881992158	0.749495141439648
0	5	0.7891674857788041	2.001130262002385	0	0.2828255466307639	0	2.498587970478676	2.498587970478676	0.1897247788748908	0.8102752211251092	2.069994545932163
1	5	0.9176717993279494	2.082328200672052	0.1666666666666667	0.305890599775983	1.089714210170066	2.401158471746335	1.311444261576269	0.407536249245167	0.888167622937303	1.086486647991359
1	2	1.785109734745511	1.214117423829738	0.3333333333333333	0.5951899073871779	0.5601896513900095	1.647287124577557	1.087097473187548	0.3589401929748918	0.9336632798656435	0.9006230186739246
5	1	0.7893216931002798	2.081374174305819	0.8333333333333334	0.2749583130913462	6.334552874584143	0.4804518151252263	-5.854101059458917	0.9995678832231165	0.007268847916168553	-4.849922199094761
8	2	1.785455656605584	1.214100863095934	0.8	0.5952398779214378	4.480648942695774	1.647309594113984	-2.833339348581791	0.9564476101852226	0.1597357952245988	-2.347324595985983
2	5	0.9996018135732222	2.000398186426779	0.2857142857142857	0.3332006045244073	2.000796690084734	2.49950236604207	0.4987056759573365	0.5709505958591451	0.7363807396532102	0.4131605696714089
6	6	0.7918020787299269	2.208197921270074	0.5	0.2639340262433089	7.577651235298815	2.717147743961746	-4.860503491337068	0.9807026570794374	0.06897312581182458	-4.026760648985457
7	5	1	2	0.5833333333333334	0.3333333333333333	6.999999999999998	2.5	-4.499999999999998	0.9812415677375287	0.06644763953101096	-3.728095855240262
0	0	0.8129779862245949	1.398217661935292	0	0.3676644293783498	0	0	0	0	0	0
1	4	0.8134921979850314	2.080417790746426	0.2	0.281104872353554	1.229268089450565	1.922690729617753	0.6934226401671886	0.5674171233127001	0.8079882964144995	0.5744769046082348
3	14	0.9767931178382601	2.023206882161742	0.1764705882352941	0.3255977059460865	3.071274710287985	6.919707580789454	3.848432870501469	0.1450134306159431	0.949483883889216	3.188294807485981
2	1	1.000000000000001	2.000000000000001	0.6666666666666666	0.3333333333333334	1.999999999999999	0.4999999999999997	-1.499999999999999	0.9629629629629628	0.2592592592592594	-1.24269861841342
2	3	0.9964828506619902	1.932387694434334	0.4	0.3402276868570911	2.007059126678745	1.552483494197673	-0.4545756324810721	0.779805076352605	0.5526412706672337	-0.3766003402990903
0	1	0.7895982619824221	2.210401738017579	0	0.2631994206608073	0	0.452406448475226	0.452406448475226	0.7368005793391927	0.2631994206608073	0.374803245654324
0	3	0.7888043518401139	2.210782309919144	0	0.2629710159390695	0	1.356985708877742	1.356985708877742	0.4003627845876067	0.5996372154123933	1.124216177086084
1	4	0.7888043518401139	2.211195648159886	0.2	0.2629347839467046	1.267741484523014	1.808976063845242	0.541234579322228	0.6055441423968335	0.7824647800684619	0.4483943093075346
1	0	0.788804351840114	2.211195648159887	1	0.2629347839467046	1.267741484523014	0	-1.267741484523014	1	0.2629347839467047	-1.050280394214753
6	3	0.9968173891292166	2.003182610870784	0.6666666666666666	0.3322724630430721	6.019156633334197	1.497616834191616	-4.521539799142581	0.9918804372641955	0.04177407114393428	-3.745940840997189
2	0	1	2	1	0.3333333333333333	2	0	-2	1	0.1111111111111109	-1.656931491217895
5	2	0.9980411045930488	2.001035084708288	0.7142857142857143	0.3327828443149862	5.009813701048666	0.9994827253573921	-4.010330975691273	0.9932044850067665	0.04495112055037453	-3.322421841914728
2	0	1.788454895344245	1.211227351719424	1	0.5962147814472446	1.118283723680398	0	-1.118283723680398	0.9999999999999999	0.3554720656161857	-0.9264597589412314
3	0	0.788804351840114	2.081573996577509	1	0.2748084942443091	3.803224453569042	0	-3.803224453569042	1	0.02075345738107925	-3.150841182644258
2	0	1.001351125480818	1.998648874519183	1	0.333783708493606	1.997301395192082	0	-1.997301395192082	1	0.1114115640557445	-1.654695789573599
6	0	1	1.999634503914297	1	0.3333739489578066	5.999999999999999	0	-5.999999999999999	1	0.001372745272944509	-4.970794473653684
2	0	0.7888043518401139	2.211195648159886	1	0.2629347839467046	2.535482969046028	0	-2.535482969046028	0.9999999999999998	0.06913470060910043	-2.100560788429506
0	0	0.7888043518401141	2.211195648159887	0	0.2629347839467046	0	0	0	0	0	0
1	0	1	2	1	0.3333333333333333	0.9999999999999998	0	-0.9999999999999998	1	0.3333333333333333	-0.8284657456089473
3	0	1	2	1	0.3333333333333333	3	0	-3	1	0.03703703703703698	-2.485397236826842
2	0	1	2	1	0.3333333333333333	2	0	-2	1	0.1111111111111109	-1.656931491217895
4	0	0.788804351840114	2.211195648159887	1	0.2629347839467046	5.070965938092056	0	-5.070965938092056	0.9999999999999999	0.004779606828310023	-4.201121576859011
6	0	1	1.929280429472684	1	0.3413807670780143	5.999999999999999	0	-5.999999999999999	1	0.001582830096455767	-4.970794473653684
12	0	1	2	1	0.3333333333333333	12	0	-12	0.9999999999999999	1.881676423232115e-06	-9.941588947307368
0	2	0.18767848113497	2.81232151886503	0	0.06255949371165666	0	0.7111562410570825	0.7111562410570825	0.8787947028301454	0.1212052971698546	0.5891685854918123
5	0	1	2	1	0.3333333333333333	5	0	-5	1	0.004115226337448097	-4.142328728044737
0	2	0.8132114177406004	2.07940220322812	0	0.2811337856689828	0	0.9618148893442291	0.9618148893442291	0.5167686341066079	0.4832313658933921	0.796830689438354
2	0	1	2	1	0.3333333333333333	2	0	-2	1	0.1111111111111109	-1.656931491217895
0	0	0.9184260034224918	2.081573996577509	0	0.3061420011408306	0	0	0	0	0	0
10	3	0.9987761179474589	2.001223882052544	0.7692307692307693	0.3329253726491526	10.01225381775303	1.499082649824799	-8.513171167928235	0.9997899906754232	0.001630237895812181	-7.052870699134258
2	3	0.788804351840114	2.211195648159886	0.4	0.2629347839467047	2.535482969046028	1.356732047883932	-1.178750921162096	0.8823745774133988	0.3944558576031664	-0.9765547607877898
0	0	0.788804351840114	2.211195648159887	0	0.2629347839467046	0	0	0	0	0	0
8	5	0.9827718178480646	1.234828009993949	0.6153846153846154	0.4431691441843308	8.140241564432804	4.049146892954347	-4.091094671478457	0.9366747734549452	0.1658316617204091	-3.389331797363192
2	1	0.9181481815656276	2.081851818434373	0.6666666666666666	0.3060493938552091	2.178297621403113	0.4803415839423363	-1.697956037460776	0.9713335066311073	0.2236657076996371	-1.406698414586156
0	0	0.8129779862245949	2.115744736728471	0	0.2775878985924825	0	0	0	0	0	0
7	0	1	2.000000000000001	1	0.3333333333333333	6.999999999999997	0	-6.999999999999997	1	0.0004572473708274183	-5.79926021926263
3	0	1	2	1	0.3333333333333333	3	0	-3	1	0.03703703703703698	-2.485397236826842
0	0	0.7888043518401141	2.211195648159887	0	0.2629347839467046	0	0	0	0	0	0
3	0	1	2	1	0.3333333333333333	3	0	-3	1	0.03703703703703698	-2.485397236826842
3	0	1	2	1	0.3333333333333333	3	0	-3	1	0.03703703703703698	-2.485397236826842
9	0	0.8568472198651087	2.071875503087957	1	0.2925668630730394	10.50362280619507	0	-10.50362280619507	0.9999999999999998	1.570457604005426e-05	-8.701891699729547
4	0	1.775112217007068	1.212437832571992	1	0.5941698674662129	2.253378666248047	0	-2.253378666248047	1	0.124635710403016	-1.866847036872483
2	1	0.9999601216847523	2.000039878315249	0.6666666666666666	0.333320040561584	2.000079759811182	0.4999900306199689	-1.500089729191213	0.962967393710184	0.259241535740296	-1.242772955974723
2	0	0.857391184722146	1.353804463437741	1	0.3877500326285691	2.33265752627039	0	-2.33265752627039	1	0.1503500878034564	-1.932526856751921
2	8	0.7889311577723572	2.211068842227642	0.2	0.2629770525907858	2.535075437567002	3.618159619100794	1.083084181533792	0.4870001275335509	0.7839543302290265	0.8972981440116495
3	0	1	1.999896835617226	1	0.3333447964367252	3	0	-3	0.9999999999999999	0.03704085820290537	-2.485397236826842
2	1	1	1.789809948337407	0.6666666666666666	0.3584473560989171	2	0.5587185393225249	-1.441281460677475	0.9539450681323741	0.2933436575476601	-1.194052319952517
0	3	0.5434060618772827	2.456593938122717	0	0.1811353539590942	0	1.221203045991615	1.221203045991615	0.5490809335405981	0.4509190664594019	1.011724892037361
2	0	1	1.999408132561602	1	0.3333991093589402	2	0	-2	1	0.1111549661213345	-1.656931491217895
1	7	0.824209858042897	2.104494498058433	0.125	0.2814247386650113	1.213283231499463	3.326214445539329	2.112931214039866	0.2938044413852509	0.9289149796584792	1.750491133659956
0	1	0.1876176558974164	2.812382344102584	0	0.06253921863247214	0	0.3555704302073104	0.3555704302073104	0.9374607813675279	0.06253921863247214	0.2945779215781937
3	0	0.788804351840114	2.081573996577509	1	0.2748084942443092	3.803224453569042	0	-3.803224453569042	1	0.02075345738107903	-3.150841182644258
0	13	0.7889075206684608	2.21109247933154	0	0.2629691735561536	0	5.879446527686701	5.879446527686701	0.01893710053776048	0.9810628994622396	4.8709200513279
6	7	0.7903553668194983	2.209644633180503	0.4615384615384616	0.2634517889398326	7.591521803849892	3.16793021596617	-4.423591587883722	0.9679018558711735	0.09957152136738101	-3.664794103125556
3	0	1	2	1	0.3333333333333333	3	0	-3	1	0.03703703703703698	-2.485397236826842
5	1	0.7888043518401142	2.21046868727341	0.8333333333333334	0.2629985138242886	6.338707422615069	0.4523927462792922	-5.886314676335776	0.9996690824760767	0.005894904256481093	-4.876610077219409
2	3	0.8576102233044327	1.359173254325557	0.4	0.3868714432233687	2.332061752125411	2.207224127205657	-0.124837624919754	0.7049880841788203	0.6399871987367729	-0.1034236960091941
4	2	0.9188267785641713	2.081173221435829	0.6666666666666666	0.3062755928547237	4.353377691332315	0.9609964126965718	-3.392381278635743	0.9879569755304798	0.07556364978254626	-2.810471685394795
0	1	0.999940010632388	2.000059989367613	0	0.3333133368774626	0	0.4999850031079239	0.4999850031079239	0.6666866631225374	0.3333133368774626	0.4142204483930981
1	0	0.788804351840114	2.211195648159887	1	0.2629347839467046	1.267741484523014	0	-1.267741484523014	1	0.2629347839467047	-1.050280394214753
3	0	1	1.929019841968622	1	0.341411138863399	3	0	-3	1	0.03979541690699528	-2.485397236826842
5	4	0.8140143803865009	2.112491933673248	0.5555555555555556	0.2781522720370531	6.142397628928813	1.893498354355707	-4.248899274573106	0.9827085631307465	0.0742509120749284	-3.520067505526524
4	0	0.7888043518401141	2.211195648159887	1	0.2629347839467046	5.070965938092056	0	-5.070965938092056	0.9999999999999999	0.004779606828310023	-4.201121576859011
1	0	0.788804351840114	2.081573996577509	1	0.2748084942443092	1.267741484523014	0	-1.267741484523014	1	0.2748084942443092	-1.050280394214753
2	0	1	2.000000000000001	1	0.3333333333333333	1.999999999999999	0	-1.999999999999999	1	0.1111111111111109	-1.656931491217894
3	0	1.788484263873868	1.211154275011824	1	0.5962332596707653	1.677398040674946	0	-1.677398040674946	1	0.2119574059995356	-1.389666818450757
0	0	0.1870220137754053	2.812977986224595	0	0.06234067125846843	0	0	0	0	0	0
0	0	0.7888043518401141	2.211195648159887	0	0.2629347839467046	0	0	0	0	0	0
4	0	1	2	1	0.3333333333333333	3.999999999999999	0	-3.999999999999999	1	0.01234567901234551	-3.313862982435789
0	0	1.788804351840114	1.211195648159886	0	0.5962681172800379	0	0	0	0	0	0
1	0	1.646195422903424	1.224083176770421	1	0.5735315809031514	0.6074612929224905	0	-0.6074612929224905	1	0.5735315809031514	-0.5032608729696063
3	0	1	1.929018715673959	1	0.3414112701461188	3	0	-3	1	0.03979546281457125	-2.485397236826842
4	0	0.788804351840114	2.211195648159887	1	0.2629347839467046	5.070965938092056	0	-5.070965938092056	0.9999999999999999	0.004779606828310023	-4.201121576859011
0	0	1	2	0	0.3333333333333333	0	0	0	0	0	0
4	2	0.8571043699490208	1.355637782640631	0.6666666666666666	0.387349411202711	4.666876217464524	1.475320344129258	-3.191555873335266	0.9645685962075259	0.1621757425907053	-2.644094716255316
1	0	0.788804351840114	2.081573996577509	1	0.2748084942443092	1.267741484523014	0	-1.267741484523014	1	0.2748084942443092	-1.050280394214753
0	0	0.7888043518401141	2.211195648159887	0	0.2629347839467046	0	0	0	0	0	0
1	5	0.9975741128145879	2.002373619569928	0.1666666666666667	0.3325304977969279	1.002431786424938	2.497036492657103	1.494604706232165	0.3527537369926501	0.9115722527799549	1.238228802339272
2	2	0.7894778795546511	2.210522120445351	0.5	0.2631592931848836	2.533319871011726	0.904763621907146	-1.62855624910458	0.9414897706690336	0.2841085663052587	-1.349203067180537
0	0	0.8129779862245949	1.398217661935292	0	0.3676644293783498	0	0	0	0	0	0
5	0	0.7888043518401141	2.211195648159887	1	0.2629347839467046	6.338707422615069	0	-6.338707422615069	0.9999999999999994	0.001256724888752392	-5.251401971073763
4	0	0.8573259240458945	2.035287696922826	1	0.2963845284524315	4.665670181910738	0	-4.665670181910738	0.9999999999999998	0.007716531214219335	-3.865347926022113
1	5	0.8152496149249571	2.078136762398952	0.1666666666666667	0.2817631344760049	1.226618181343206	2.406001419381138	1.179383238037931	0.460407120728897	0.8627203521427932	0.9770786136597897
0	0	0	1.285109108187738	0	0	0	0	0	0	0	0
1	2	0.7888220843710393	2.211125630296131	0.3333333333333333	0.2629452775174634	1.267712985999044	0.9045166735877166	-0.3631963124113273	0.8289395312224972	0.5995952697105351	-0.3008957037642705
1	0	1.000192369025187	1.999807630974814	1	0.3333974563417288	0.9998076679735378	0	-0.9998076679735378	1	0.3333974563417288	-0.8283064051132399
0	0	0.7888043518401141	2.211195648159887	0	0.2629347839467046	0	0	0	0	0	0
1	1	0.9999401818015677	2.000059818198433	0.5	0.3333133939338558	1.000059821776863	0.4999850458976555	-0.5000747758792077	0.8889021814242942	0.5555289692920059	-0.4142948220589951
2	0	0.813075990425899	2.115646732527167	1	0.2776213617129534	2.459794685306568	0	-2.459794685306568	1	0.07707362047935451	-2.037855638007432
4	0	1.100799436138786	1.294490429044866	1	0.4595683604474254	3.633722791529202	0	-3.633722791529202	0.9999999999999999	0.04460674012471277	-3.010414861820466
2	3	0.789010926983484	2.210989073016516	0.4	0.263003642327828	2.534819140777077	1.356858808852914	-1.177960331924163	0.8822969778755926	0.3946008511243982	-0.9758997846853149
0	3	0.8141724397309241	2.078493663394846	0	0.2814609120807763	0	1.443352968947733	1.443352968947733	0.3709805964244773	0.6290194035755228	1.195768493596171
1	0	1	2	1	0.3333333333333333	0.9999999999999998	0	-0.9999999999999998	1	0.3333333333333333	-0.8284657456089473
1	12	0.7888043518401138	2.030244489632455	0.07692307692307693	0.2798122332027674	1.267741484523014	5.910618184794294	4.642876700271279	0.08484199534844281	0.9859784953126269	3.846464307260655
2	0	0.7888043518401139	2.211195648159887	1	0.2629347839467046	2.535482969046028	0	-2.535482969046028	0.9999999999999998	0.06913470060910043	-2.100560788429506
1	3	0.7888279932967079	2.211066984414204	0.25	0.262951869701328	1.267703489858102	1.356810997200437	0.0891075073423353	0.7162470291038894	0.7048903606605661	0.07382251750972257
0	0	0.7888043518401141	2.081573996577509	0	0.2748084942443092	0	0	0	0	0	0
1	0	0.7888043518401139	2	1	0.2828467874842649	1.267741484523014	0	-1.267741484523014	1	0.2828467874842648	-1.050280394214753
4	0	1	2.000000000000001	1	0.3333333333333333	3.999999999999998	0	-3.999999999999998	1	0.01234567901234551	-3.313862982435788
0	0	0.7888043518401141	2	0	0.2828467874842649	0	0	0	0	0	0
2	0	0.788804351840114	2.211195648159887	1	0.2629347839467046	2.535482969046028	0	-2.535482969046028	0.9999999999999998	0.06913470060910043	-2.100560788429505
4	0	1	2	1	0.3333333333333333	3.999999999999999	0	-3.999999999999999	1	0.01234567901234551	-3.313862982435789
5	1	0.9999303415627848	1.999684213869926	0.8333333333333334	0.333352943547955	5.000348316449255	0.5000789589995969	-4.500269357449659	0.9986277736134667	0.01783748998910528	-3.72831900866063
0	2	0.7890110541604678	2.210988945839533	0	0.2630036847201558	0	0.9045725912666567	0.9045725912666567	0.5431635687360675	0.4568364312639325	0.7494074062811484
1	1	0.788804351840114	2.000103058179124	0.5	0.2828363354790157	1.267741484523014	0.4999742367827741	-0.7677672477402397	0.9200036073328016	0.4856762782908332	-0.6360688653532471
6	2	1	2.000000000000001	0.75	0.3333333333333333	5.999999999999997	0.9999999999999996	-4.999999999999998	0.9974089315653105	0.0196616369455872	-4.142328728044736
1	0	1	2	1	0.3333333333333333	0.9999999999999998	0	-0.9999999999999998	1	0.3333333333333333	-0.8284657456089473
3	0	1	2	1	0.3333333333333333	3	0	-3	1	0.03703703703703698	-2.485397236826842
5	1	0.936595548610732	2.062273375321279	0.8333333333333334	0.3123162673554605	5.338483625527139	0.4849017651911505	-4.853581860335988	0.9990719579957965	0.01318867885617947	-4.021026314797317
0	0	1	1.788804351840114	0	0.3585766062578676	0	0	0	0	0	0
2	0	1.78857537841435	1.211166052072418	1	0.596243182907974	1.118208393192289	0	-1.118208393192289	1	0.3555059331642316	-0.9263973502122326
0	4	0.9998006475404229	2.000199352459577	0	0.3332668825134743	0	1.999800667409144	1.999800667409144	0.1976096325007842	0.8023903674992159	1.656766350994387
2	1	1	2	0.6666666666666666	0.3333333333333333	2	0.4999999999999999	-1.5	0.962962962962963	0.2592592592592592	-1.242698618413421
3	2	1	1.793274045623547	0.6	0.3580028252389996	2.999999999999999	1.115278506863445	-1.884721493136553	0.9413903286626162	0.2477245052427293	-1.561427197076583
7	0	1	1.999896689329642	1	0.33334481269202	6.999999999999997	0	-6.999999999999997	0.9999999999999999	0.0004573576092545828	-5.79926021926263
2	0	1	1.999965075964001	1	0.3333372138269519	2	0	-2	1	0.111113698121915	-1.656931491217895
0	0	1	2	0	0.3333333333333333	0	0	0	0	0	0
6	0	1.786138184180957	1.213195657582008	1	0.5955116297194484	3.359202581938715	0	-3.359202581938715	0.9999999999999997	0.04460068032046982	-2.782984271697359
6	0	0.8570646290523296	2.071658093900737	1	0.2926410965214696	7.000638921051144	0	-7.000638921051144	1	0.0006280755575943653	-5.799789543467654
1	0	0.788804351840114	2.211195648159887	1	0.2629347839467046	1.267741484523014	0	-1.267741484523014	1	0.2629347839467047	-1.050280394214753
2	6	0.788994784209984	2.210952696147341	0.25	0.2630028656755039	2.534871002984625	2.713762266580918	0.1788912635962929	0.6458984820130782	0.6644672668459285	0.1482052840782296
0	5	0.7888043518401143	2.211195648159887	0	0.2629347839467047	0	2.261220079806552	2.261220079806552	0.2175352199315382	0.7824647800684619	1.873343379402859
2	0	0.813032273203752	2.115690449749315	1	0.277606434652155	2.459926949909386	0	-2.459926949909386	1	0.07706533256028125	-2.037965214700223
2	7	0.7894957643875814	2.210110301558493	0.2222222222222222	0.263199815919353	2.533262482480089	3.167262735739408	0.6340002532593187	0.5637212903812304	0.730261388480051	0.5252474925327431
1	0	0.7888043518401139	2.211195648159887	1	0.2629347839467046	1.267741484523014	0	-1.267741484523014	1	0.2629347839467047	-1.050280394214753
1	0	0.788804351840114	2.211195648159887	1	0.2629347839467046	1.267741484523014	0	-1.267741484523014	1	0.2629347839467047	-1.050280394214753
0	0	0	1.285109108187738	0	0	0	0	0	0	0	0
3	9	0.9984985899054137	2.001501410094587	0.25	0.3328328633018045	3.004511003149424	4.496624361396116	1.492113358246692	0.3945077721059162	0.8179208810257064	1.236164805872916
2	0	1	1.929035641738357	1	0.3414092972274345	2	0	-2	1	0.1165603082333307	-1.656931491217895
1	0	1	2	1	0.3333333333333333	0.9999999999999998	0	-0.9999999999999998	1	0.3333333333333333	-0.8284657456089473
4	1	1	2.000000000000001	0.8	0.3333333333333333	3.999999999999998	0.4999999999999998	-3.499999999999998	0.9958847736625519	0.04526748971193373	-2.899630109631314
1	0	0.8130105971361873	1.398185051023699	1	0.3676791774679724	1.229996267603988	0	-1.229996267603988	1	0.3676791774679724	-1.019009774936761
4	2	0.7888043518401142	2.211195648159888	0.6666666666666666	0.2629347839467046	5.070965938092055	0.9044880319226205	-4.166477906169434	0.9941118341030108	0.04483707196564835	-3.451784225097867
2	0	1	1.928862209904884	1	0.3414295136924435	2	0	-2	1	0.1165741128202584	-1.656931491217895
2	6	0.9994515295596325	2.000233543585461	0.25	0.3331854862056346	2.001097542850546	2.999649725523987	0.9985521826734418	0.4685847801622667	0.8046653928560062	0.8272662785479948
2	0	0.7888043518401138	2.211195648159886	1	0.2629347839467046	2.535482969046029	0	-2.535482969046029	0.9999999999999998	0.06913470060910043	-2.100560788429506
0	0	1	2	0	0.3333333333333333	0	0	0	0	0	0
1	6	1	2	0.1428571428571428	0.3333333333333333	0.9999999999999998	3	2	0.263374485596708	0.9414723365340649	1.656931491217895
1	0	0.7888043518401139	2.081573996577509	1	0.2748084942443092	1.267741484523014	0	-1.267741484523014	1	0.2748084942443092	-1.050280394214753
0	12	0.2401277658106677	2.748641695726798	0	0.08034335498300448	0	4.36579275452887	4.36579275452887	0.3660231535719628	0.6339768464280372	3.616909749554901
0	0	0.9370810806502562	2.062918919349745	0	0.312360360216752	0	0	0	0	0	0
1	13	0.9114729988447088	1.98853367404741	0.07142857142857142	0.3143003108802211	1.097125204221627	6.53748044082157	5.440355236599943	0.03767988296654008	0.9949198640348519	4.507147957467313
2	2	0.9998968260250962	2	0.5	0.3333104049948187	2.000206369241742	0.9999999999999998	-1.000206369241743	0.8889092685828177	0.407366645916763	-0.8286367154566785
1	8	0.7898991198300503	2.206207323707742	0.1111111111111111	0.2636418747851095	1.265984446488754	3.626132464538844	2.36014801805009	0.2687523349238622	0.9363495102010422	1.955301787521347
2	6	0.7890859926922086	2.210808794092403	0.25	0.2630378892514353	2.534578003566363	2.713938905993525	0.1793609024271619	0.6458099855407564	0.6645499221614583	0.1485943637624123
2	3	0.7890622260667166	2.210937773933285	0.4	0.2630207420222388	2.534654345284673	1.356890291246399	-1.177764054038273	0.882277703426554	0.3946368571458289	-0.9757371751802348
0	0	0.788804351840114	2.211195648159887	0	0.2629347839467046	0	0	0	0	0	0
1	0	0.7888043518401141	2.211195648159887	1	0.2629347839467046	1.267741484523014	0	-1.267741484523014	1	0.2629347839467047	-1.050280394214753
1	1	0.7888043518401141	2.211195648159887	0.5	0.2629347839467046	1.267741484523014	0.4522440159613105	-0.8154974685617035	0.9308652993908996	0.4567348672843091	-0.6756117183341809
1	1	0.8926508614652986	2.000146699250538	0.5	0.3085770237044889	1.120258819174258	0.4999633278772519	-0.6202954912970065	0.9047802204416793	0.5219342678506571	-0.5138935666952428
5	0	1.623723612453756	1.203620489599913	1	0.574292888960473	3.079341805249753	0	-3.079341805249753	0.9999999999999994	0.06246937974084321	-2.551129204671039
1	0	0.788804351840114	2.211195648159887	1	0.2629347839467046	1.267741484523014	0	-1.267741484523014	1	0.2629347839467047	-1.050280394214753
0	0	0	1.285109108187738	0	0	0	0	0	0	0	0
1	0	1.646140790757733	1.224037588159237	1	0.5735325730447758	0.6074814533571524	0	-0.6074814533571524	1	0.5735325730447758	-0.5032775751991403
4	0	1	2	1	0.3333333333333333	3.999999999999999	0	-3.999999999999999	1	0.01234567901234551	-3.313862982435789
5	3	0.7889226462450231	2.207217316000348	0.625	0.2633130148078222	6.33775696996167	1.359177448569603	-4.978579521392067	0.9943949168190139	0.03394500494586594	-4.124582595263516
4	10	1.557218549208774	1.232003048129174	0.2857142857142857	0.5582986130234305	2.568682476863899	8.116863034702096	5.548180557838197	0.03716521660567201	0.9903256166104393	4.596477542622488
2	6	0.7941006525461007	2.183845620557036	0.25	0.2666605034880689	2.518572417221244	2.747446954821639	0.2288745376003947	0.636643517312215	0.6730312907979042	0.189614714444014
0	6	0.7940664518800031	2.154785983290479	0	0.2692798196373959	0	2.784499271170153	2.784499271170153	0.1522322298219675	0.8477677701780325	2.306862264837552
4	19	0.8575263556896725	2.060413218318178	0.1739130434782609	0.2938807792074468	4.664579663890293	9.221451226909153	4.55687156301886	0.1497029427411177	0.9391262936522985	3.77521199710063
2	1	0.7888043518401142	2.000467845263998	0.6666666666666666	0.2827993455278654	2.535482969046027	0.4998830660375007	-2.035599903008527	0.9773829894735127	0.1946923884399927	-1.68642479140746
0	1	0.9998167218295645	1.999410264258766	0	0.3333581374357902	0	0.5001474774216618	0.5001474774216618	0.6666418625642099	0.3333581374357901	0.4143550527965712
3	0	1	2	1	0.3333333333333333	3	0	-3	1	0.03703703703703698	-2.485397236826842
9	0	1.644381605983156	1.222246975365747	1	0.5736291114523758	5.473182117370506	0	-5.473182117370506	1	0.006724819801219195	-4.534343903720914
2	0	0.7888043518401139	2.211195648159887	1	0.2629347839467046	2.535482969046028	0	-2.535482969046028	0.9999999999999998	0.06913470060910043	-2.100560788429506
5	0	1	2	1	0.3333333333333333	4.999999999999999	0	-4.999999999999999	1	0.004115226337448097	-4.142328728044737
3	0	1	2	1	0.3333333333333333	3	0	-3	1	0.03703703703703698	-2.485397236826842
0	1	0.0007330144944091157	2.999266985505592	0	0.0002443381648030385	0	0.3334147992935108	0.3334147992935108	0.9997556618351969	0.0002443381648030707	0.2762227402937559
0	0	1	2	0	0.3333333333333333	0	0	0	0	0	0
0	0	0.788804351840114	2.211195648159887	0	0.2629347839467046	0	0	0	0	0	0
2	5	0.7890844104977109	2.210443472596618	0.2857142857142857	0.2630695366911166	2.534583085653042	2.261989533768297	-0.2725935518847451	0.7288228424361455	0.5870359448667044	-0.2258344202103867
3	1	0.8138275239369955	2.11489519901607	0.75	0.2778779696551142	3.686284761526759	0.4728366684388134	-3.213448093087945	0.9940376637052258	0.06793967686804714	-2.662231670415755
2	7	0.8131525858326075	1.498857230876729	0.2222222222222222	0.3517081026022461	2.45956298343705	4.67022465902605	2.210661675589	0.3333084847092842	0.8810108752651303	1.831457473355966
0	0	0.7888043518401141	2.211195648159887	0	0.2629347839467046	0	0	0	0	0	0
1	0	0.788804351840114	2.211195648159887	1	0.2629347839467046	1.267741484523014	0	-1.267741484523014	1	0.2629347839467047	-1.050280394214753
0	0	0.8129779862245949	2.079635634744125	0	0.2810530864997908	0	0	0	0	0	0
6	0	1.647489610635857	1.223774566151635	1	0.5737854510061653	3.641904605203714	0	-3.641904605203714	1	0.03568594419969917	-3.017193214186754
2	0	0.788804351840114	2	1	0.2828467874842649	2.535482969046028	0	-2.535482969046028	0.9999999999999999	0.08000230519016904	-2.100560788429505
3	0	0.9184260034224919	2.081573996577508	1	0.3061420011408306	3.266458036706902	0	-3.266458036706902	0.9999999999999998	0.0286925237701815	-2.706148592880723
0	0	0	1.285109108187738	0	0	0	0	0	0	0	0
5	0	1	1.998380747573597	1	0.3335133474323559	4.999999999999998	0	-4.999999999999998	0.9999999999999999	0.004126350327233075	-4.142328728044736
5	3	0.9999202893588709	2.00007971064113	0.625	0.3333067631196235	5.00039858497711	1.499940219401728	-3.500458365575382	0.9803465259887125	0.08791669958149528	-2.900009849809487
2	1	0.7892714935125094	2.210728506487491	0.6666666666666666	0.2630904978375031	2.533982307025132	0.4523395781370037	-2.081642728888128	0.9817897676026939	0.1712293653625427	-1.724569695479747
5	0	0.788804351840114	2.211195648159887	1	0.2629347839467046	6.33870742261507	0	-6.33870742261507	0.9999999999999994	0.001256724888752392	-5.251401971073764
6	0	1	2	1	0.3333333333333333	6	0	-6	1	0.001371742112482699	-4.970794473653685
5	3	1	1.999965113651773	0.625	0.3333372096393243	4.999999999999998	1.500026165217575	-3.499973834782423	0.980337171953264	0.08794788129171049	-2.899608432644827
6	0	1	2.000000000000001	1	0.3333333333333333	5.999999999999997	0	-5.999999999999997	1	0.001371742112482699	-4.970794473653682
1	0	0.788804351840114	2.211195648159887	1	0.2629347839467046	1.267741484523014	0	-1.267741484523014	1	0.2629347839467047	-1.050280394214753
1	2	0.842116064478545	2.072367610857518	0.3333333333333333	0.2889417674921245	1.187484768645543	0.9650797423785382	-0.2224050262670045	0.7977839270514819	0.640486248499905	-0.1842549459134714
2	0	0.788804351840114	2.211195648159887	1	0.2629347839467046	2.535482969046028	0	-2.535482969046028	0.9999999999999998	0.06913470060910043	-2.100560788429505
1	0	0.8130432513606543	1.398152396799232	1	0.3676939451455835	1.229946867311754	0	-1.229946867311754	1	0.3676939451455834	-1.018968848486822
3	8	0.9192431088168472	2.080756891183153	0.2727272727272727	0.3064143696056157	3.263554516999625	3.844754778368686	0.5812002613690606	0.5507415850821458	0.7034797667878756	0.4815045078832339
2	6	0.7894568602465624	2.210303643635187	0.25	0.2631732964098266	2.533387320714855	2.714559158999562	0.1811718382847074	0.6454678191448973	0.6648693636280925	0.1500946620878838
5	3	1.787189798041229	1.212746842913539	0.625	0.5957425145727188	2.797688306793174	2.473723199140812	-0.3239651076523615	0.6934408393337721	0.5841820110026233	-0.2683939944624966
1	0	0.788804351840114	2	1	0.2828467874842649	1.267741484523014	0	-1.267741484523014	1	0.2828467874842649	-1.050280394214753
5	1	1	2.000000000000001	0.8333333333333334	0.3333333333333333	4.999999999999998	0.4999999999999998	-4.499999999999998	0.9986282578875173	0.01783264746227697	-3.728095855240262
2	4	0.8208995459204215	1.397239021736279	0.3333333333333333	0.3700848801288555	2.436351694844135	2.862788640865039	0.4264369460209037	0.6061571300201951	0.7173039818580854	0.3532884024404104
2	5	1	1.877080272463768	0.2857142857142857	0.3475745913559988	2	2.663711335816892	0.6637113358168922	0.5378549797351128	0.7620403259142238	0.5498621066966521
1	2	1.000440945618317	1.80010535916398	0.3333333333333333	0.3572306388614013	0.9995592487290249	1.111046078396687	0.1114868296676622	0.7083338800962002	0.7344382626203165	0.0923630194661975
3	0	1	1.928844670996933	1	0.3414315582873214	3	0	-3	0.9999999999999999	0.03980255769413277	-2.485397236826842
1	0	0.8926679783519119	2.000076912597069	1	0.3085885593108998	1.120237338238849	0	-1.120237338238849	1	0.3085885593108999	-0.9280782616830304
3	2	0.9146756442325841	2.085324355767416	0.6	0.3048918814108614	3.279851189781062	0.9590834128362655	-2.320767776944797	0.967331821038066	0.1696119561872994	-1.92267660671179
1	1	0.9996025620374852	2.000397437962515	0.5	0.333200854012495	1.000397595982252	0.4999006602500651	-0.5004969357321869	0.888977190885344	0.555378898910334	-0.4146445670363597
3	0	1	2	1	0.3333333333333333	3	0	-3	1	0.03703703703703698	-2.485397236826842
3	0	1	2	1	0.3333333333333333	3	0	-3	1	0.03703703703703698	-2.485397236826842
2	0	1	2	1	0.3333333333333333	2	0	-2	1	0.1111111111111109	-1.656931491217895
1	5	0.8131663117163854	2.078781764292619	0.1666666666666667	0.2811828879163643	1.229760733556776	2.405254888168326	1.17549415461155	0.4617131196869713	0.8620535768669308	0.9738566412592173
2	3	0.8936259790955483	1.99981318995745	0.4	0.3088456079026626	2.238072803147721	1.500140120619882	-0.7379326825278383	0.8250219198286737	0.4899037601769178	-0.6113519500396363
4	0	0.7888043518401142	2.211195648159888	1	0.2629347839467046	5.070965938092055	0	-5.070965938092055	0.9999999999999999	0.004779606828310023	-4.20112157685901
1	0	0.8130106385578052	1.398185009602081	1	0.3676791962006513	1.229996204937606	0	-1.229996204937606	1	0.3676791962006513	-1.019009723019809
4	0	0.8134778517532033	1.397717796406684	1	0.3678904905724482	4.917159073697237	0	-4.917159073697237	1	0.01831783945700716	-4.073697858268384
0	4	1	2	0	0.3333333333333333	0	2	2	0.1975308641975309	0.802469135802469	1.656931491217895
4	1	1	2.000000000000001	0.8	0.3333333333333333	3.999999999999998	0.4999999999999998	-3.499999999999998	0.9958847736625519	0.04526748971193373	-2.899630109631314
5	7	0.919308203790523	2.080691796209476	0.4166666666666667	0.3064360679301744	5.438872381845206	3.364265679689961	-2.074606702155245	0.8716848716683557	0.2935227531370551	-1.718740588346365
3	0	1.000000000000001	2.000000000000002	1	0.3333333333333333	2.999999999999997	0	-2.999999999999997	1	0.03703703703703698	-2.48539723682684
0	1	0.7888043518401142	2.211195648159887	0	0.2629347839467046	0	0.4522440159613104	0.4522440159613104	0.7370652160532953	0.2629347839467047	0.3746686758805717
4	3	0.9185921304393444	2.081407869560656	0.5714285714285714	0.3061973768131148	4.354489732115253	1.441332111727453	-2.9131576203878	0.9685369228373012	0.1342130510250712	-2.413451300050966
9	2	0.9998163617242855	1.929419475291588	0.8181818181818182	0.3413232724691903	9.001653048044323	1.036581223322495	-7.965071824721829	0.9998371769932027	0.001663200135167187	-6.59878916809699
3	6	0.9988104294047971	2.000414222299715	0.3333333333333333	0.3330228793755598	3.003572962076232	2.999378795208866	-0.004194166867365734	0.6510703397911651	0.6220582231441786	-0.003474723580980496
1	1	0.8926050512724759	2.000034771891439	0.5	0.3085780138006126	1.120316312992431	0.4999913071782732	-0.6203250058141578	0.9047796093988689	0.521935637000094	-0.5139180184617009
2	12	0.9990693666294994	2.000930633370502	0.1428571428571428	0.333023122209833	2.001863000511447	5.997209398401981	3.995346397890534	0.1057695910653188	0.9724507147511062	3.310007632494404
2	1	0.8940328118718815	2.002055057495714	0.6666666666666666	0.3087036209530158	2.237054360244899	0.4994867629918517	-1.737567597253047	0.9705811853012094	0.2270561473709283	-1.439515235004193
0	6	0.4953123961168162	2.504687603883183	0	0.1651041320389388	0	2.395508322354374	2.395508322354374	0.3386833680496247	0.6613166319503753	1.984596588391755
2	0	0.9368091886654795	2.062534207698021	1	0.3123380903304692	2.134906472095002	0	-2.134906472095002	1	0.09755508267128432	-1.768696882209553
1	17	0.7889074924106203	2.211092507589382	0.05555555555555555	0.2629691641368732	1.267575741921726	7.68850689948475	6.420931157563024	0.03056900411132742	0.995881473656914	5.319521518954173
6	2	0.9175123454700554	2.082487654529946	0.75	0.3058374484900184	6.539421545250281	0.9603898470415833	-5.579031698208698	0.9985335463205328	0.01250785928357012	-4.622036655632422
2	0	1	2.000000000000001	1	0.3333333333333333	1.999999999999999	0	-1.999999999999999	1	0.1111111111111109	-1.656931491217894
2	0	0.788804351840114	2.211195648159887	1	0.2629347839467046	2.535482969046028	0	-2.535482969046028	0.9999999999999998	0.06913470060910043	-2.100560788429505
3	0	0.8927553968592135	2.000200604799186	1	0.3085962580652584	3.36038293417687	0	-3.36038293417687	1	0.02938813099117255	-2.783962153094423
0	2	0.2888784121397198	2.711121587860281	0	0.09629280404657325	0	0.7377020672755866	0.7377020672755866	0.8166866960180053	0.1833133039819947	0.6111608932027308
0	0	0.788804351840114	2.211195648159887	0	0.2629347839467046	0	0	0	0	0	0
2	0	0.9168057811517838	2.083194218848217	1	0.3056019270505945	2.181487116592348	0	-2.181487116592348	1	0.09339253781703682	-1.807287350583992
1	0	0.788804351840114	2	1	0.2828467874842649	1.267741484523014	0	-1.267741484523014	1	0.2828467874842649	-1.050280394214753
0	0	0	1.285109108187738	0	0	0	0	0	0	0	0
0	0	1	2	0	0.3333333333333333	0	0	0	0	0	0
0	0	0.1870220137754053	2.812977986224595	0	0.06234067125846843	0	0	0	0	0	0
2	0	1	2	1	0.3333333333333333	2	0	-2	1	0.1111111111111109	-1.656931491217895
2	0	0.8130105615427881	2.079603059425932	1	0.2810643480516127	2.459992642905835	0	-2.459992642905835	1	0.078997167745678	-2.038019639097508
13	0	1	2	1	0.3333333333333333	13	0	-13	1.000000000000001	6.272254737815786e-07	-10.77005469291631
3	0	1	1.929314843883969	1	0.3413767564411422	3	0	-3	0.9999999999999998	0.03978339511083695	-2.485397236826842
3	0	0.788804351840114	2.211195648159887	1	0.2629347839467046	3.803224453569042	0	-3.803224453569042	0.9999999999999998	0.01817791756787412	-3.150841182644258
0	4	0.1862893349068743	2.813710665093126	0	0.0620964449689581	0	1.421610277710488	1.421610277710488	0.7738071317462357	0.2261928682537643	1.177755418688762
0	0	1	2	0	0.3333333333333333	0	0	0	0	0	0
5	0	1.646009968229474	1.223928421343627	1	0.5735349491158642	3.037648675589879	0	-3.037648675589879	0.9999999999999999	0.06205823744903949	-2.5165878749206
1	0	0.918426003422492	2.081573996577509	1	0.3061420011408306	1.088819345568967	0	-1.088819345568967	1	0.3061420011408306	-0.9020495309602408
2	3	0.7889590674712086	2.211040932528792	0.4	0.2629863558237361	2.534985758399926	1.356826984007423	-1.178158774392503	0.8823164612545683	0.3945644515786817	-0.9760641874728089
3	1	0.788804351840114	2.211164003920306	0.75	0.2629375574330587	3.803224453569042	0.4522504880809564	-3.350973965488086	0.9952201915036736	0.05837454573657341	-2.776167144834258
0	0	1	2	0	0.3333333333333333	0	0	0	0	0	0
4	0	1	1.999808478181521	1	0.3333546148940144	3.999999999999999	0	-3.999999999999999	1	0.01234883213809945	-3.313862982435789
5	0	0.7888043518401142	2.211195648159887	1	0.2629347839467046	6.338707422615069	0	-6.338707422615069	0.9999999999999994	0.001256724888752392	-5.251401971073762
1	0	1.788667001501225	1.211177894865459	1	0.5962531608442827	0.5590755569151227	0	-0.5590755569151227	1	0.5962531608442827	-0.4631749481114246
2	0	0.9184260034224921	2.081573996577509	1	0.3061420011408306	2.177638691137934	0	-2.177638691137934	0.9999999999999999	0.09372292486251244	-1.804099061920481
1	0	1	2	1	0.3333333333333333	0.9999999999999998	0	-0.9999999999999998	1	0.3333333333333333	-0.8284657456089473
2	0	1	2	1	0.3333333333333333	2	0	-2	1	0.1111111111111109	-1.656931491217895
5	0	0.9421560374397046	2.057554977904211	1	0.3140822674652501	5.30697655304256	0	-5.30697655304256	1	0.003056448538243939	-4.396648286945606
1	0	1	2	1	0.3333333333333333	0.9999999999999998	0	-0.9999999999999998	1	0.3333333333333333	-0.8284657456089473
0	0	0.788804351840114	2	0	0.2828467874842649	0	0	0	0	0	0
2	0	0.7888043518401139	2.211195648159887	1	0.2629347839467046	2.535482969046028	0	-2.535482969046028	0.9999999999999998	0.06913470060910043	-2.100560788429506
2	1	0.8131275504113101	2.07948607055741	0.6666666666666666	0.2811047920527313	2.459638711034112	0.4808880492918849	-1.978750661742227	0.9777871262857237	0.1926339649164748	-1.639327142354473
0	2	0.1879214364996776	2.811923836389835	0	0.06264370972662461	0	0.7112568178830029	0.7112568178830029	0.8786368149150644	0.1213631850849356	0.5892519099468894
1	9	1.133433655677214	1.092179630713479	0.1	0.5092680128250487	0.8822748424586976	8.24040272031135	7.358127877852652	0.009215077470049106	0.9991900771095948	6.09595689861118
1	4	0.7890585058088747	2.210941494191127	0.2	0.2630195019362915	1.267333147844197	1.809184010752578	0.5418508629083805	0.6053657540392033	0.782589768401276	0.448904879148243
5	0	1	1.999598833093916	1	0.3333779133953579	4.999999999999999	0	-4.999999999999999	1	0.004117978929294663	-4.142328728044737
1	1	0.8130667644467624	2.079546856521958	0.5	0.2810837778515579	1.229911298465672	0.4808739927469102	-0.7490373057187615	0.9209919098286961	0.4831594655318119	-0.6205517499712109
1	0	0.7888043518401139	2.211195648159887	1	0.2629347839467046	1.267741484523014	0	-1.267741484523014	1	0.2629347839467047	-1.050280394214753
1	0	1	1.788959243343949	1	0.3585566918507582	0.9999999999999998	0	-0.9999999999999998	1	0.3585566918507581	-0.8284657456089473
0	0	0.1870220137754053	2.812977986224595	0	0.06234067125846843	0	0	0	0	0	0
0	2	0.0004593299438577864	2.999540670056143	0	0.0001531099812859287	0	0.6667687556183612	0.6667687556183612	0.9996938034800945	0.0003061965199054884	0.5523950742721158
3	2	0.8925947634585317	2.00025504658378	0.6	0.308552058375086	3.360987676396305	0.9998724929682267	-2.361115183428078	0.9658673432413929	0.1745770221776078	-1.95610305090735
1	1	1	1.789174294941097	0.5	0.3585290463252023	0.9999999999999998	0.5589170394564169	-0.4410829605435829	0.871456922941141	0.5885150155915455	-0.3654221237821413
1	0	0.7888043518401141	2.211195648159887	1	0.2629347839467046	1.267741484523014	0	-1.267741484523014	1	0.2629347839467047	-1.050280394214753
1	0	1	2	1	0.3333333333333333	0.9999999999999998	0	-0.9999999999999998	1	0.3333333333333333	-0.8284657456089473
1	1	1	2	0.5	0.3333333333333333	0.9999999999999998	0.4999999999999999	-0.4999999999999999	0.8888888888888891	0.5555555555555555	-0.4142328728044736
1	0	0.9177105791320922	2.082289420867908	1	0.305903526377364	1.089668161988207	0	-1.089668161988207	1	0.305903526377364	-0.9027527462878914
5	2	0.9991712702879207	2.000082750712068	0.7142857142857143	0.3331399285595639	5.004147085373264	0.9999586263558154	-4.004188459017448	0.9931635456869685	0.0451561600421424	-3.317332977258633
1	2	0.8130626593408076	2.079586285726589	0.3333333333333333	0.2810789261957482	1.229917508216098	0.9617297506370207	-0.2681877575790771	0.807397396797648	0.6284274328590365	-0.2221843705459418
3	0	0.788804351840114	2.081573996577509	1	0.2748084942443091	3.803224453569042	0	-3.803224453569042	1	0.02075345738107925	-3.150841182644258
4	4	0.8260087680615551	2.115231351220178	0.5	0.2808369036742471	4.842563607874336	1.891046101265749	-2.951517506608587	0.9556774905062548	0.1607952566327416	-2.445231151790344
2	0	1	1.999793668453844	1	0.3333562606375595	2	0	-2	0.9999999999999999	0.1111263965062566	-1.656931491217895
2	3	0.8366915288107655	2.100965386851214	0.4	0.2848159444181463	2.390367215552794	1.427915004585677	-0.962452210967117	0.8564187273447108	0.4403253551126098	-0.7973586885718525
1	0	0.7888043518401139	2.081573996577508	1	0.2748084942443092	1.267741484523014	0	-1.267741484523014	1	0.2748084942443092	-1.050280394214753
1	0	0.9184260034224918	2.081573996577509	1	0.3061420011408306	1.088819345568968	0	-1.088819345568968	1	0.3061420011408306	-0.902049530960241
2	0	1	2	1	0.3333333333333333	2	0	-2	1	0.1111111111111109	-1.656931491217895
0	0	1	2	0	0.3333333333333333	0	0	0	0	0	0
4	0	0.7888043518401142	2.211195648159888	1	0.2629347839467046	5.070965938092055	0	-5.070965938092055	0.9999999999999999	0.004779606828310023	-4.20112157685901
4	0	1	1.929106371359145	1	0.3414010531601099	3.999999999999999	0	-3.999999999999999	1	0.01358499321983164	-3.313862982435789
1	0	0.7888043518401139	2.211195648159887	1	0.2629347839467046	1.267741484523014	0	-1.267741484523014	1	0.2629347839467047	-1.050280394214753
3	0	0.918426003422492	2.081573996577509	1	0.3061420011408306	3.266458036706902	0	-3.266458036706902	0.9999999999999999	0.02869252377018128	-2.706148592880722
1	2	1	2	0.3333333333333333	0.3333333333333333	0.9999999999999998	0.9999999999999998	0	0.7407407407407408	0.7037037037037037	0
0	3	0.7889191989617471	2.211080801038253	0	0.2629730663205823	0	1.356802518746169	1.356802518746169	0.400359443223077	0.599640556776923	1.124064410337143
0	4	0.7889709078789632	2.210994281453504	0	0.2629933542843941	0	1.809140816669325	1.809140816669325	0.2950432042382084	0.7049567957617916	1.498811195593532
1	1	0.8135596875938723	2.079053933374849	0.5	0.2812541853831884	1.229166114360374	0.4809880032196848	-0.7481781111406894	0.9208960832044391	0.4834044539708159	-0.6198399366944652
0	0	1	2	0	0.3333333333333333	0	0	0	0	0	0
3	0	0.7888043518401141	2.211195648159887	1	0.2629347839467046	3.803224453569042	0	-3.803224453569042	0.9999999999999998	0.01817791756787412	-3.150841182644258
1	0	0.8130214893081424	1.398174158851744	1	0.36768410338756	1.229979789157813	0	-1.229979789157813	1	0.36768410338756	-1.018996123108563
2	0	0.7888043518401139	2.211195648159886	1	0.2629347839467046	2.535482969046028	0	-2.535482969046028	0.9999999999999998	0.06913470060910043	-2.100560788429506
4	0	1	2	1	0.3333333333333333	3.999999999999999	0	-3.999999999999999	1	0.01234567901234551	-3.313862982435789
1	0	0.7888043518401139	2.211195648159887	1	0.2629347839467046	1.267741484523014	0	-1.267741484523014	1	0.2629347839467046	-1.050280394214753
5	2	0.935906590611813	2.061360827657218	0.7142857142857143	0.3122532827425568	5.342413495273542	0.9702328545134157	-4.372180640760126	0.9952481648017945	0.03423753306703725	-3.622201894484343
4	1	0.9166927831332573	2.083307216866743	0.8	0.3055642610444191	4.363512044163797	0.4800060173093348	-3.883506026854462	0.9973361314666469	0.03293385997666398	-3.217351716114823
0	1	1	2	0	0.3333333333333333	0	0.4999999999999999	0.4999999999999999	0.6666666666666667	0.3333333333333333	0.4142328728044736
6	0	0.7888043518401142	2.000000000000001	1	0.2828467874842649	7.606448907138082	0	-7.606448907138082	1	0.0005120442609262144	-6.301682365288515
1	0	1	2	1	0.3333333333333333	0.9999999999999998	0	-0.9999999999999998	1	0.3333333333333333	-0.8284657456089473
1	6	1	2.000000000000001	0.1428571428571428	0.3333333333333333	0.9999999999999996	2.999999999999999	1.999999999999999	0.263374485596708	0.9414723365340649	1.656931491217894
3	0	0.7888043518401141	2.081573996577509	1	0.2748084942443092	3.803224453569042	0	-3.803224453569042	1	0.02075345738107903	-3.150841182644258
1	0	1	2	1	0.3333333333333333	0.9999999999999998	0	-0.9999999999999998	1	0.3333333333333333	-0.8284657456089473
4	1	0.8925420017633751	1.999386872127788	0.8	0.3086320724625697	4.481581810264716	0.5001533289731867	-3.981428481291529	0.9971996953879526	0.03416517185764922	-3.298477115341886
0	0	0.7888043518401141	2	0	0.2828467874842649	0	0	0	0	0	0
3	0	1	2.000000000000001	1	0.3333333333333333	2.999999999999999	0	-2.999999999999999	1	0.03703703703703698	-2.485397236826841
3	1	0.8575081157993208	2.035395158923424	0.75	0.2964178316267778	3.49850916245098	0.4913050891449144	-3.007204073306066	0.992279999936674	0.08101726905131801	-2.491365564789774
2	2	0.807272555930464	1.596498510584826	0.5	0.3358358735471239	2.47747800331797	1.252741538272631	-1.224736465045339	0.8866518834014739	0.4118563052144344	-1.014652208688253
2	7	0.7891385817899013	2.210782673277548	0.2222222222222222	0.26305309862947	2.534409096389202	3.166299466976688	0.6318903705874863	0.5641310872539271	0.7299334978109022	0.523499527011876
5	0	1	2	1	0.3333333333333333	4.999999999999999	0	-4.999999999999999	1	0.004115226337448097	-4.142328728044737
5	0	1.788279099024071	1.211243300397354	1	0.5961879462440456	2.795984140690724	0	-2.795984140690724	0.9999999999999999	0.0753209789621665	-2.316377085828133
2	0	0.8130214524398836	2.079592168528837	1	0.2810681131231094	2.459959689867942	0	-2.459959689867942	1	0.07899928421458502	-2.0379923386344
1	0	1.647469721209923	1.224017876190808	1	0.5737338802024469	0.606991428810957	0	-0.606991428810957	1	0.5737338802024469	-0.5028716066481098
0	0	1	2	0	0.3333333333333333	0	0	0	0	0	0
1	0	1	2	1	0.3333333333333333	0.9999999999999998	0	-0.9999999999999998	1	0.3333333333333333	-0.8284657456089473
6	0	1	1.944547862197166	1	0.3396107133588309	6	0	-6	1.000000000000001	0.001534222304578892	-4.970794473653685
0	0	0	3.000000000000001	0	0	0	0	0	0	0	0
5	0	1.097999951272738	1.210866208594376	1	0.4755580771021968	4.553734264017308	0	-4.553734264017308	0.9999999999999997	0.02432303762854493	-3.77261285234411
3	0	0.788804351840114	2.211195648159887	1	0.2629347839467046	3.803224453569042	0	-3.803224453569042	0.9999999999999998	0.01817791756787412	-3.150841182644258
4	1	1	2	0.8	0.3333333333333333	3.999999999999999	0.4999999999999999	-3.499999999999999	0.9958847736625519	0.04526748971193373	-2.899630109631315
1	0	1	2	1	0.3333333333333333	0.9999999999999998	0	-0.9999999999999998	1	0.3333333333333333	-0.8284657456089473
3	0	0.8573149597779169	2.07140776317515	1	0.2927265708900827	3.499297388648315	0	-3.499297388648315	1	0.02508340184968294	-2.899048020193969
2	2	0.8147454385528392	2.077868182415882	0.5	0.2816641091111178	2.454754461163262	0.9625249652144217	-1.49222949594884	0.9294990527682104	0.3161241579405423	-1.23626102198092
0	0	0.8129779862245949	1.398217661935292	0	0.3676644293783498	0	0	0	0	0	0
2	0	1	2	1	0.3333333333333333	2	0	-2	1	0.1111111111111109	-1.656931491217895
1	0	0.8926353405952108	2.000030732032756	1	0.3085856846878485	1.120278297891722	0	-1.120278297891722	1	0.3085856846878485	-0.9281121953523876
4	0	1	1.999721398568033	1	0.3333642919230323	3.999999999999998	0	-3.999999999999998	1	0.01235026610907441	-3.313862982435788
0	0	0.1870220137754053	2.812977986224595	0	0.06234067125846843	0	0	0	0	0	0
1	0	0.7888043518401141	2.211195648159887	1	0.2629347839467046	1.267741484523014	0	-1.267741484523014	1	0.2629347839467047	-1.050280394214753
14	0	1.000000000000001	1.999790797380292	1	0.3333565796899228	13.99999999999999	0	-13.99999999999999	1	2.092793803809556e-07	-11.59852043852526
0	0	1	2	0	0.3333333333333333	0	0	0	0	0	0
1	0	0.3580059495025404	2.64199405049746	1	0.1193353165008468	2.793249669145244	0	-2.793249669145244	1	0.1193353165008468	-2.314111669820361
13	0	1	2.000000000000001	1	0.3333333333333333	12.99999999999999	0	-12.99999999999999	1.000000000000001	6.272254737815786e-07	-10.77005469291631
5	0	1	2	1	0.3333333333333333	4.999999999999999	0	-4.999999999999999	1	0.004115226337448097	-4.142328728044737
1	0	0.7888043518401139	2.211195648159887	1	0.2629347839467046	1.267741484523014	0	-1.267741484523014	1	0.2629347839467047	-1.050280394214753
0	0	0.1870220137754053	2.812977986224595	0	0.06234067125846843	0	0	0	0	0	0
0	0	0.8129779862245949	2.115744736728471	0	0.2775878985924825	0	0	0	0	0	0
0	0	0.7888043518401141	2.211195648159887	0	0.2629347839467046	0	0	0	0	0	0
4	0	1	1.999842105001749	1	0.3333508781454407	3.999999999999998	0	-3.999999999999998	1	0.01234827844898978	-3.313862982435788
0	0	0	1.285109108187738	0	0	0	0	0	0	0	0
6	0	0.8561933661324251	2.072529356820641	1	0.2923436074785239	7.007762775718582	0	-7.007762775718582	0.9999999999999998	0.0006242543980328197	-5.805691413036323
3	0	1	1.92896668030643	1	0.3414173355824517	3	0	-3	1	0.039797583844151	-2.485397236826842
0	1	0.006157280269162787	2.993842719730838	0	0.002052426756387595	0	0.3340188826251718	0.3340188826251718	0.9979475732436124	0.002052426756387615	0.2767232026415305
3.5	15.5	0.9267541225872636	2.068576063837973	0.1842105263157895	0.3093996537634784	3.776621991417619	7.49307713212236	3.716455140704741	0.1843140305103479	0.9229383578986377	3.078955779166159
1	1	0.7888043518401141	2.211195648159887	0.5	0.2629347839467046	1.267741484523014	0.4522440159613105	-0.8154974685617035	0.9308652993908996	0.4567348672843091	-0.6756117183341809
3	0	1	2	1	0.3333333333333333	3	0	-3	1	0.03703703703703698	-2.485397236826842
0	0	0	1.285109108187738	0	0	0	0	0	0	0	0
7	0	0.788804351840114	2	1	0.2828467874842649	8.874190391661099	0	-8.874190391661099	0.9999999999999998	0.0001448300742530328	-7.351962759503269
5	0	1	2	1	0.3333333333333333	4.999999999999999	0	-4.999999999999999	1	0.004115226337448097	-4.142328728044737
1	1	0.788804351840114	2.211144117600315	0.5	0.2629393004164658	1.267741484523014	0.4522545554765867	-0.8154869290464273	0.9308629242964995	0.4567415251294312	-0.6756029867067992
6	0	0.9367767360628214	2.06248828911612	1	0.3123354315802524	6.404941293928154	0	-6.404941293928154	0.9999999999999997	0.0009283837334570499	-5.306274464655725
2	0	0.7888043518401141	2.211195648159887	1	0.2629347839467046	2.535482969046028	0	-2.535482969046028	0.9999999999999998	0.06913470060910043	-2.100560788429505
0	2	0.8141708346985361	1.397989046546749	0	0.3680433957785262	0	1.430626373604508	1.430626373604508	0.3993691496191364	0.6006308503808636	1.185224945296084
1	0	0.788804351840114	2.211195648159887	1	0.2629347839467046	1.267741484523014	0	-1.267741484523014	1	0.2629347839467047	-1.050280394214753
2	1	0.9999484345256888	2.000051565474312	0.6666666666666666	0.3333161448418962	2.000103136266893	0.4999871089637882	-1.500116027303105	0.9629686921646693	0.259236341566131	-1.242794743059599
6	0	0.8570539726357341	2.071668750317332	1	0.2926374579330461	7.000725965423096	0	-7.000725965423096	0.9999999999999997	0.0006280287035315135	-5.799861656748164
1	0	1	1.929820778033292	1	0.341317806023368	0.9999999999999996	0	-0.9999999999999996	1	0.341317806023368	-0.828465745608947
2	6	0.8129991748024676	2.107632687758171	0.25	0.2783641393577339	2.460027097181169	2.846795855297741	0.3867687581165722	0.6068966697803544	0.6995064927001032	0.3204246675712926
2	0	1	1.928809772679052	1	0.3414356266249672	2	0	-2	1	0.1165782871287839	-1.656931491217895
3	0	0.8140756694507142	1.397119978709173	1	0.3681608500487832	3.685161112878127	0	-3.685161112878127	1	0.04990140943868382	-3.053029749069676
0	0	1	2	0	0.3333333333333333	0	0	0	0	0	0
0	0	1	2	0	0.3333333333333333	0	0	0	0	0	0
0	0	0.7888043518401141	2.211195648159887	0	0.2629347839467046	0	0	0	0	0	0
1	0	1.000192581833387	1.999807418166614	1	0.3333975272777956	0.9998074552472345	0	-0.9998074552472345	1	0.3333975272777956	-0.8283062288767844
0	1	0.8129779862245948	2.079679788635375	0	0.2810487964702116	0	0.4808432555168364	0.4808432555168364	0.7189512035297885	0.2810487964702115	0.3983621662027895
1	0	0.788804351840114	2.211195648159887	1	0.2629347839467046	1.267741484523014	0	-1.267741484523014	1	0.2629347839467047	-1.050280394214753
3	0	1	2	1	0.3333333333333333	3	0	-3	1	0.03703703703703698	-2.485397236826842
1	0	0.8129888279984319	1.398206820161455	1	0.3676693325056899	1.230029202814493	0	-1.230029202814493	1	0.3676693325056899	-1.019037060630488
3	2	1	1.999483141216243	0.6	0.3333907719829744	3	1.000258496194893	-1.999741503805107	0.9547041394127631	0.2099616448365615	-1.656717335975055
0	0	1	2	0	0.3333333333333333	0	0	0	0	0	0
7	4	0.9183678549886991	2.081632145011301	0.6363636363636364	0.3061226183295664	7.622218005535633	1.92156909643528	-5.700648909100353	0.9950664301830678	0.02420494910103066	-4.722792348932657
5	2	0.7888043518401143	2.211195648159887	0.7142857142857143	0.2629347839467047	6.338707422615068	0.9044880319226207	-5.434219390692447	0.9982082429838601	0.01612918809911268	-4.502064619312618
0	0	0.8129779862245949	1.398217661935292	0	0.3676644293783498	0	0	0	0	0	0
1	0	0.9184260034224917	2.081573996577509	1	0.3061420011408305	1.088819345568968	0	-1.088819345568968	1	0.3061420011408305	-0.9020495309602412
1	0	0.7888043518401141	2.211195648159887	1	0.2629347839467046	1.267741484523014	0	-1.267741484523014	1	0.2629347839467047	-1.050280394214753
8	0	1.000000000000001	1.997961613813508	1	0.333559974681586	7.999999999999995	0	-7.999999999999995	0.9999999999999992	0.0001532468151635991	-6.627725964871575
3	0	0.8573585289983884	2.035255091970332	1	0.2963958002490716	3.499119561456697	0	-3.499119561456697	1	0.02603851047803263	-2.898900696457076
3	0	1.788804351840114	1.211195648159886	1	0.5962681172800379	1.677097887711391	0	-1.677097887711391	1	0.211994583196246	-1.389418152002009
1	0	0.7888043518401141	2.211195648159887	1	0.2629347839467046	1.267741484523014	0	-1.267741484523014	1	0.2629347839467047	-1.050280394214753
7	2	1.039836666368015	1.542771068040315	0.7777777777777778	0.4026305088899765	6.731826474680773	1.296368619707443	-5.43545785497333	0.9960088061435692	0.02602732446385148	-4.50309064454649
2	0	1.646415584379362	1.22407331859208	1	0.5735662599757981	1.214760124342437	0	-1.214760124342437	1	0.3289782545826249	-1.006387152149375
6	1	0.916677334752667	2.083322665247334	0.8571428571428571	0.3055591115842223	6.545378370917056	0.4800024579396007	-6.065375912977455	0.9997513052195469	0.004205136346573601	-5.024956178143418
4	1	0.9999230026710035	1.999745561974393	0.8	0.3333444949406298	4.000308013032167	0.50006361759977	-3.500244395432397	0.9958840846283037	0.04527300184748162	-2.89983258287544
0	1	0.8131144858141623	2.079499135154558	0	0.2811002755154886	0	0.480885028079454	0.480885028079454	0.7188997244845114	0.2811002755154886	0.3983967733400245
2	0	1	2.000000000000001	1	0.3333333333333333	1.999999999999999	0	-1.999999999999999	1	0.1111111111111109	-1.656931491217894
4	0	0.788804351840114	2.211195648159887	1	0.2629347839467046	5.070965938092056	0	-5.070965938092056	0.9999999999999999	0.004779606828310023	-4.201121576859011
1	0	0.8573802048437765	2.07134251810929	1	0.2927488485421624	1.166343699505181	0	-1.166343699505181	1	0.2927488485421623	-0.9662758026468578
2	0	0.8130323252864037	2.079581295682317	1	0.2810718719543759	2.459926792327068	0	-2.459926792327068	1	0.07900139720393706	-2.037965084148671
1	0	0.788804351840114	2.211195648159887	1	0.2629347839467046	1.267741484523014	0	-1.267741484523014	1	0.2629347839467047	-1.050280394214753
1	0	0.7888043518401142	2.211195648159887	1	0.2629347839467046	1.267741484523014	0	-1.267741484523014	1	0.2629347839467047	-1.050280394214752
2	0	0.8572925377754238	1.353903110384463	1	0.3877054201372211	2.332925940531072	0	-2.332925940531072	1	0.1503154928037791	-1.93274922877253
0	0	0.918426003422492	2.081573996577509	0	0.3061420011408306	0	0	0	0	0	0
3	0	0.8135211413526384	2.115201581600428	1	0.2777733566161412	3.687673064048356	0	-3.687673064048356	1	0.02143244710678782	-3.055110814568853
5	0	0.8133810216752755	2.079232599293445	1	0.2811924191253993	6.147180554694747	0	-6.147180554694747	0.9999999999999996	0.001757996638015791	-5.092728521638007
1	0	0.8130105731031253	2.115712149849941	1	0.2775990252444783	1.229996303963388	0	-1.229996303963388	1	0.2775990252444782	-1.019009805059278
1	0	0.7888043518401141	2.211195648159887	1	0.2629347839467046	1.267741484523014	0	-1.267741484523014	1	0.2629347839467047	-1.050280394214753
3	1	1.001034716352158	1.788377026944595	0.75	0.3588694708688127	2.996899059537329	0.559166207647209	-2.43773285189012	0.9834138321000969	0.1351128129909915	-2.019578164736574
2	0	0.8130649366359171	2.115657786317149	1	0.2776175874430659	2.459828126736181	0	-2.459828126736181	1	0.07707152485770841	-2.037883343086351
4	0	0.9999999999999999	2	1	0.3333333333333334	4.000000000000001	0	-4.000000000000001	1	0.01234567901234573	-3.31386298243579
2	0	0.813358338462859	2.115364384490208	1	0.2777177682572626	2.458940795738	0	-2.458940795738	1	0.07712715880579468	-2.037148219749341
7	0	1.000000000000001	1.982458911638071	1	0.335293806093297	6.999999999999992	0	-6.999999999999992	0.9999999999999999	0.0004764076375165516	-5.799260219262625
4	1	0.8936709932103734	2.001332563789858	0.8	0.3086942643125402	4.475920143307578	0.499667080870524	-3.976253062437054	0.9971968728309061	0.03419045945677612	-3.294189458101774
3	3	0.917847156443471	2.082152843556529	0.5	0.3059490521478236	3.268518052204442	1.440816417144331	-1.827701635060111	0.92470693875093	0.2667853927192175	-1.514188197840767
4	0	0.8569993666688829	1.354196281491004	1	0.3875728352586351	4.667448023383979	0	-4.667448023383979	0.9999999999999997	0.02256385603153443	-3.866820806783816
2	0	0.7888043518401139	2.211195648159887	1	0.2629347839467046	2.535482969046028	0	-2.535482969046028	0.9999999999999998	0.06913470060910043	-2.100560788429506
2	3	0.9995995620046323	2.000400437995369	0.4	0.3331998540015439	2.000801196820384	1.499699731622907	-0.5011014651974774	0.7903211643476664	0.5388309609435664	-0.4151453989905642
2	0	0.8573911343861124	2.071331588566954	1	0.292752580388216	2.332657663216905	0	-2.332657663216905	1	0.08570407332395891	-1.932526970207418
3	0	0.8131521442032328	2.079461476765488	1	0.2811132943261577	3.689346478867802	0	-3.689346478867802	1	0.02221488932173177	-3.056497181424958
0	0	0.7888043518401141	2	0	0.2828467874842649	0	0	0	0	0	0
2	0	1	2	1	0.3333333333333333	2	0	-2	1	0.1111111111111109	-1.656931491217895
3	1	0.8572328422129558	2.071524665097499	0.75	0.2926950558635263	3.499632599534413	0.4827362265333846	-3.016896373001029	0.9926605832959872	0.07828295494056547	-2.499395303083226
1	0	0.788804351840114	2.211195648159887	1	0.2629347839467046	1.267741484523014	0	-1.267741484523014	1	0.2629347839467047	-1.050280394214753
6	2	0.9998967121356419	2.000103287864359	0.75	0.3332989040452139	6.000619791203058	0.9999483587347786	-5.000671432468279	0.9974106942471329	0.0196510600353853	-4.142884986845196
1	0	0.8130214869722547	2.079592133996466	1	0.2810681250612304	1.229979792691661	0	-1.229979792691661	1	0.2810681250612304	-1.018996126036236
1	1	0.1893848942453382	2.810615105754662	0.5	0.06312829808177939	5.280252176314297	0.3557940032246058	-4.924458173089691	0.9960148179812982	0.1222714141448566	-4.079744912088827
2	0	0.7888043518401141	2.211195648159887	1	0.2629347839467046	2.535482969046028	0	-2.535482969046028	0.9999999999999998	0.06913470060910043	-2.100560788429505
5	0	1.001158669581777	1.998841330418223	1	0.333719556527259	4.994213356898457	0	-4.994213356898457	0.9999999999999996	0.004139122586935495	-4.137534692453045
0	0	0	1.285109108187738	0	0	0	0	0	0	0	0
2	0	1	1.788963954154907	1	0.3585560862162571	2	0	-2	0.9999999999999999	0.1285624669627201	-1.656931491217895
2	0	0.7888043518401142	2.000000000000001	1	0.2828467874842649	2.535482969046027	0	-2.535482969046027	1	0.08000230519016893	-2.100560788429505
4	0	0.788804351840114	2.211195648159887	1	0.2629347839467046	5.070965938092056	0	-5.070965938092056	0.9999999999999999	0.004779606828310023	-4.201121576859011
9	0	1	2	1	0.3333333333333333	8.999999999999998	0	-8.999999999999998	1.000000000000001	5.080526342449154e-05	-7.456191710480526
1	0	0.8574237188426861	2.07129900411038	1	0.2927637062132449	1.166284507909062	0	-1.166284507909062	1	0.2927637062132449	-0.9662267644370455
1	1	1.000526622730404	1.999473377269597	0.5	0.333508874243468	0.9994736544551238	0.5001316903581688	-0.499341964096955	0.8887718308008548	0.5557895792877906	-0.4136877125994201
1	1	1.000230738761988	1.999769261238012	0.5	0.3334102462539961	0.9997693144661061	0.5000576913463118	-0.4997116231197942	0.8888376076928497	0.5556581002008418	-0.4139939624373977
3	0	1	2.000000000000001	1	0.3333333333333333	2.999999999999999	0	-2.999999999999999	1	0.03703703703703698	-2.485397236826841
5	2	1	2	0.7142857142857143	0.3333333333333333	4.999999999999999	0.9999999999999998	-3.999999999999999	0.993141289437586	0.04526748971193395	-3.313862982435789
6	0	1.787577349405814	1.212359364500442	1	0.5958716865990772	3.356498112931663	0	-3.356498112931663	0.9999999999999996	0.04476272325081598	-2.780743711764955
6	0	0.856816808329271	2.071905914623796	1	0.2925564791826152	7.002663745240425	0	-7.002663745240425	0.9999999999999999	0.0006269866945538549	-5.801467040949353
3	0	0.7888043518401142	2.211195648159887	1	0.2629347839467046	3.803224453569041	0	-3.803224453569041	0.9999999999999998	0.01817791756787412	-3.150841182644257
0	0	0.8129779862245949	1.398217661935292	0	0.3676644293783498	0	0	0	0	0	0
5	1	0.7888714885509023	2.210356995051252	0.8333333333333334	0.263024805500462	6.338167968504762	0.4524156062748645	-5.885752362229898	0.9996688839376667	0.005897685891564586	-4.876144219244416
0	0	1	2	0	0.3333333333333333	0	0	0	0	0	0
2	0	0.918426003422492	2.081573996577509	1	0.3061420011408306	2.177638691137935	0	-2.177638691137935	1	0.09372292486251221	-1.804099061920482
1	2	0.7889590277400755	2.211040972259925	0.3333333333333333	0.2629863425800251	1.267492943029549	0.9045513064173486	-0.3629416366122006	0.8288917771229829	0.5996621917261395	-0.3006847135884584
6	0	1.788712901379249	1.211183827679716	1	0.5962581591734821	3.354367263395647	0	-3.354367263395647	1	0.04493720013989255	-2.778978375915319
1	0	1	2	1	0.3333333333333333	0.9999999999999998	0	-0.9999999999999998	1	0.3333333333333333	-0.8284657456089473
6	1	0.7888161602895651	2.211149021854353	0.8571428571428571	0.2629417717861111	7.606335039836748	0.4522535523912188	-7.154081487445529	0.9999131005365099	0.001792028888548125	-5.926911453643728
0	1	1	1.789992237565284	0	0.3584239362876009	0	0.5586616405444208	0.5586616405444208	0.6415760637123991	0.3584239362876009	0.4628320325767514
0	0	0.8129779862245949	2.115744736728471	0	0.2775878985924825	0	0	0	0	0	0
0	0	0	3.000000000000001	0	0	0	0	0	0	0	0
1	2	0.7888161641329812	2.211131362195129	0.3333333333333333	0.2629433205781703	1.267722500462626	0.9045143288160294	-0.3632081716465964	0.8289418068054561	0.5995920803822272	-0.30090552873446
4	0	0.8133485520210436	2.079265068947676	1	0.2811811941024663	4.917940764830314	0	-4.917940764830314	1	0.006250936450740485	-4.074345462595784
3	0	1.785704286162225	1.211476893802624	1	0.5957945746153283	1.680009407631259	0	-1.680009407631259	1	0.2114899002938708	-1.391830246523277
2	0	0.7888043518401141	2.211195648159887	1	0.2629347839467046	2.535482969046028	0	-2.535482969046028	0.9999999999999998	0.06913470060910043	-2.100560788429505
1	0	0.8131083711380073	2.115614351815059	1	0.2776324179702954	1.229848364001497	0	-1.229848364001497	1	0.2776324179702954	-1.018887241868444
1	5	0.8183294675864783	2.074336629234617	0.1666666666666667	0.2828980048840701	1.222001699326956	2.410409154200245	1.188407454873288	0.4578572225197974	0.8640166973454332	0.9845548681888302
1	0	1	2	1	0.3333333333333333	0.9999999999999998	0	-0.9999999999999998	1	0.3333333333333333	-0.8284657456089473
2	3	0.857507978421626	2.035289760230558	0.4	0.2964285981574215	2.332339815288138	1.473991595015031	-0.8583482202731076	0.8416127048037447	0.4644178117579019	-0.7111120983006732
4	1	0.8569701845384807	2.036013073295281	0.8	0.2962236930400254	4.667606962492155	0.4911559818137626	-4.176450980678393	0.9977191382609586	0.02937552852472547	-3.460046575706945
3	0	0.8130650803075593	1.398130567852327	1	0.367703817156196	3.68974153811302	0	-3.68974153811302	1	0.04971579802530091	-3.056824474477108
4	1	1.78745868645973	1.212509678629379	0.8	0.5958258451190824	2.237813959170416	0.8247356846919361	-1.41307827447848	0.9249074783676162	0.329784867703574	-1.170686946269619
7	0	0.9360034875643252	2.061394186591204	1	0.3122720403885113	7.478604613125373	0	-7.478604613125373	0.9999999999999998	0.0002895554253501409	-6.195767746927427
1	0	0.8130105500132777	2.115712172939789	1	0.2775990173605473	1.22999633889581	0	-1.22999633889581	1	0.2775990173605474	-1.019009833999592
0	0	0.7888043518401141	2.211195648159887	0	0.2629347839467046	0	0	0	0	0	0
0	0	1	2	0	0.3333333333333333	0	0	0	0	0	0
3	0	0.8571949493091485	2.071527773643918	1	0.2926855938225619	3.499787303247451	0	-3.499787303247451	1	0.02507286949138354	-2.899453897657627
1	0	0.788804351840114	2.211195648159886	1	0.2629347839467047	1.267741484523014	0	-1.267741484523014	1	0.2629347839467047	-1.050280394214753
0	4	0.006423126621992625	2.993576873378008	0	0.002141042207330875	0	1.336194181473057	1.336194181473057	0.9914632963034128	0.008536703696587211	1.106991108832413
6	0	1.000000000000001	1.984015128472017	1	0.3351189444244061	5.999999999999992	0	-5.999999999999992	1.000000000000001	0.001416425955165113	-4.970794473653678
2	0	0.7888043518401141	2.211195648159887	1	0.2629347839467046	2.535482969046028	0	-2.535482969046028	0.9999999999999998	0.06913470060910043	-2.100560788429505
6	0	1	2	1	0.3333333333333333	5.999999999999999	0	-5.999999999999999	1	0.001371742112482699	-4.970794473653684
2	0	0.7888043518401141	2.081573996577509	1	0.2748084942443092	2.535482969046028	0	-2.535482969046028	0.9999999999999999	0.07551970850882461	-2.100560788429505
1	0	0.788804351840114	2.211195648159887	1	0.2629347839467046	1.267741484523014	0	-1.267741484523014	1	0.2629347839467047	-1.050280394214753
1	2	0.8133147721486496	2.079430116848595	0.3333333333333333	0.2811567571140299	1.229536256126466	0.9618019782415328	-0.2677342778849328	0.8073030234156853	0.6285480999436159	-0.2218086781530139
1	0	0.1913243874810208	2.80867561251898	1	0.06377479582700692	5.226725213476504	0	-5.226725213476504	1	0.06377479582700696	-4.330162801075897
3	0	0.788804351840114	2	1	0.2828467874842649	3.803224453569042	0	-3.803224453569042	1	0.02262839501437497	-3.150841182644258
0	0	0.788804351840114	2.211195648159887	0	0.2629347839467046	0	0	0	0	0	0
2	0	0.8130868233265981	2.079526797642122	1	0.2810907123690788	2.459761913023459	0	-2.459761913023459	0.9999999999999998	0.07901198858015634	-2.037828487293471
1	0	0.7888043518401141	2.081573996577509	1	0.2748084942443092	1.267741484523014	0	-1.267741484523014	1	0.2748084942443092	-1.050280394214753
3	2	0.7888043518401142	2.211195648159888	0.6	0.2629347839467046	3.803224453569041	0.9044880319226205	-2.89873642164642	0.9811288654134573	0.1176254225866016	-2.401503830883114
0	1	0.7888994115662354	2.211100588433765	0	0.2629664705220784	0	0.4522634588543756	0.4522634588543756	0.7370335294779216	0.2629664705220784	0.3746847836514718
5	4	1	2.000000000000001	0.5555555555555556	0.3333333333333333	4.999999999999998	1.999999999999999	-2.999999999999999	0.9575776050398829	0.1448458060255036	-2.485397236826842
1	0	0.7888043518401139	2.081573996577509	1	0.2748084942443092	1.267741484523014	0	-1.267741484523014	1	0.2748084942443092	-1.050280394214753
0	6	0.1882384222098445	2.811761577790156	0	0.06274614073661482	0	2.133893587348743	2.133893587348743	0.6778653331967331	0.3221346668032669	1.767857741893028
6	6	0.999120217853766	1.932702004900141	0.5	0.3407847208809532	6.005283341066547	3.104462035423825	-2.900821305642721	0.9257950406238593	0.1929775554541648	-2.403231085857618
0	0	1	1.788804351840114	0	0.3585766062578676	0	0	0	0	0	0
1	0	0.7162605112347128	2.283739488765289	1	0.2387535037449041	1.396140069590278	0	-1.396140069590278	1	0.2387535037449041	-1.156654223727637
3	0	0.8927876650074696	2.000246262388629	1	0.3085990995657045	3.360261479390959	0	-3.360261479390959	1	0.02938894280097948	-2.783861531964656
1	0	0.788804351840114	2.211195648159887	1	0.2629347839467046	1.267741484523014	0	-1.267741484523014	1	0.2629347839467047	-1.050280394214753
2	1	0.9994060525066703	1.929508727561981	0.6666666666666666	0.3412205979182655	2.001188600953216	0.5182666373650167	-1.482921963588199	0.9602711751669628	0.2698368396650213	-1.228550050243982
3	0	1	2	1	0.3333333333333333	3	0	-3	1	0.03703703703703698	-2.485397236826842
2	0	0.788804351840114	2	1	0.2828467874842649	2.535482969046028	0	-2.535482969046028	0.9999999999999999	0.08000230519016904	-2.100560788429505
5	5	0.7888043518401139	2.211195648159886	0.5	0.2629347839467046	6.338707422615071	2.261220079806553	-4.077487342808519	0.9747408102277854	0.09415143488936939	-3.378058591670905
5	0	0.7888043518401142	2.211195648159888	1	0.2629347839467046	6.338707422615069	0	-6.338707422615069	0.9999999999999994	0.001256724888752392	-5.251401971073762
3	13	0.7891119206818881	2.209854580035364	0.1875	0.2631279544113477	3.801742086734208	5.882740030700104	2.080997943965896	0.3589942411169898	0.8336633167489429	1.724035513258392
11	0	1	2.000000000000001	1	0.3333333333333333	10.99999999999999	0	-10.99999999999999	1	5.645029269252255e-06	-9.113123201698418
0	0	0.788804351840114	2	0	0.2828467874842649	0	0	0	0	0	0
5	0	0.9157299596153798	2.032253194092275	1	0.3106293054842168	5.460124950045397	0	-5.460124950045397	0.9999999999999998	0.00289209216117392	-4.523526487857377
2	3	0.7888339406878059	2.211078814983896	0.4	0.2629522939280213	2.535387864087269	1.356803737465075	-1.178584126622194	0.8823548471237883	0.394492728224372	-0.9764165772249264
2	0	0.8131954480363757	2.11552727491669	1	0.2776621500093464	2.459433343889717	0	-2.459433343889717	1	0.07709626954781279	-2.037556279021101
1	0	1	2.000000000000001	1	0.3333333333333333	0.9999999999999996	0	-0.9999999999999996	1	0.3333333333333333	-0.828465745608947
4	1	1.603173892185721	1.189040993692945	0.8	0.5741584934216936	2.495050611475786	0.8410138971695009	-1.654036714306286	0.9376036812143163	0.2937866291361113	-1.37031275978233
2	1	0.7888043518401141	2.211195648159888	0.6666666666666666	0.2629347839467046	2.535482969046028	0.4522440159613103	-2.083238953084718	0.9818220824321261	0.1710482666915529	-1.725892112548933
1	1	0.7889049555859605	2.210648133047235	0.5	0.2630074988755877	1.267579817973444	0.4523560240324475	-0.8152237939409968	0.9308270555352076	0.4568420532863832	-0.6753849882854828
6	0	1.129322153460752	1.771228228027138	1	0.3893475392354487	5.312921544674647	0	-5.312921544674647	0.9999999999999998	0.003483570508500344	-4.401573508870722
6	0	0.7888043518401139	2.211195648159887	1	0.2629347839467046	7.606448907138085	0	-7.606448907138085	1	0.0003304366871044184	-6.301682365288517
5	1	0.857097121004313	1.354931325431401	0.8333333333333334	0.3874711115878147	5.833644609774439	0.7380447859094309	-5.095599823865007	0.9966159562277283	0.03548178486589915	-4.221529907403145
1	0	0.9184260034224918	2.081573996577509	1	0.3061420011408306	1.088819345568968	0	-1.088819345568968	1	0.3061420011408306	-0.902049530960241
10	2	0.8541296591173609	2.03866821400512	0.8333333333333334	0.2952607463705769	11.70782432532993	0.9810326105349173	-10.72679171479501	0.9999869870220366	0.0001780791167035334	-8.886779495989531
10	1	0.9997711916249988	1.943116103265123	0.9090909090909091	0.3397245940614002	10.00228860740255	0.5146372871490519	-9.487651320253502	0.9999930434025679	0.000155682868681728	-7.860194125111532
0	5	0.9993812808411094	2.000618719158892	0	0.333127093613703	0	2.499226840235764	2.499226840235764	0.1318910624167025	0.8681089375832974	2.070523827641816
3	1	0.8572696025729108	2.071522916767039	0.75	0.29270410823301	3.499482532678335	0.4827366339546311	-3.016745898723704	0.992659675290297	0.07828953745222833	-2.499270640298868
8	0	1.781837916123262	1.21638538848245	1	0.5942979341752488	4.48974619274326	0	-4.48974619274326	1	0.01556086607497553	-3.719600927165978
3	3	0.8572860924226597	2.034932917471615	0.5	0.2964111948264934	3.499415220328733	1.474250071951989	-2.025165148376743	0.9323423645405321	0.2490715372023791	-1.677779954631193
1	0	1	1.788964657344838	1	0.3585559958124476	0.9999999999999998	0	-0.9999999999999998	1	0.3585559958124476	-0.8284657456089473
8	2	0.9996513898398588	1.989458389267995	0.8	0.3344311396078	8.002789853852528	1.005298733961399	-6.997491119891129	0.9996341989108792	0.003485065377216712	-5.797181698032593
1	0	0.7888043518401139	2	1	0.2828467874842649	1.267741484523014	0	-1.267741484523014	1	0.2828467874842648	-1.050280394214753
1	0	0.8129997008701478	2.079613920098573	1	0.2810605934289553	1.230012752685772	0	-1.230012752685772	1	0.2810605934289554	-1.019023432262332
1	1	0.7888043518401141	2.211195648159887	0.5	0.2629347839467046	1.267741484523014	0.4522440159613105	-0.8154974685617035	0.9308652993908996	0.4567348672843091	-0.6756117183341809
0	0	0	1.285109108187738	0	0	0	0	0	0	0	0
5	2	0.9163502408633722	2.083649759136629	0.7142857142857143	0.3054500802877906	5.456428969003239	0.9598542131325903	-4.496574755870649	0.9958033273214173	0.03113232165624713	-3.725258157808748
3	1	1.78782480780437	1.21122202716074	0.75	0.5961310063452774	1.678016764788214	0.8256124621050099	-0.8524043026832041	0.873710616008859	0.4685253413822612	-0.7061877661827156
0	0	0	1.285109108187738	0	0	0	0	0	0	0	0
0	0	0.918426003422492	2.081573996577509	0	0.3061420011408306	0	0	0	0	0	0
1	0	1	2	1	0.3333333333333333	0.9999999999999998	0	-0.9999999999999998	1	0.3333333333333333	-0.8284657456089473
0	0	0.7888043518401141	2.211195648159887	0	0.2629347839467046	0	0	0	0	0	0
0	1	1	2	0	0.3333333333333333	0	0.4999999999999999	0.4999999999999999	0.6666666666666667	0.3333333333333333	0.4142328728044736
0	8	0.1906285609619837	2.809371439038017	0	0.06354285365399458	0	2.847612063266136	2.847612063266136	0.5914298850308108	0.4085701149691892	2.359149051198812
0	0	1	1.788804351840114	0	0.3585766062578676	0	0	0	0	0	0
3	1	0.7888558675878878	2.081554098698603	0.75	0.2748234143739569	3.802976086332735	0.4804102860575204	-3.322565800275215	0.9942955349487709	0.06591395627084728	-2.752631953059795
0	1	0.7889590999175022	2.211040900082498	0	0.2629863666391674	0	0.4522756679728032	0.4522756679728032	0.7370136333608326	0.2629863666391674	0.3746948984878732
1	0	1.646389171176948	1.224115906368265	1	0.5735538264871841	0.6073898064363078	0	-0.6073898064363078	1	0.5735538264871841	-0.50320164886453
2	0	1	2	1	0.3333333333333333	2	0	-2	1	0.1111111111111109	-1.656931491217895
2	1	0.7888043518401141	2.081605641384382	0.6666666666666666	0.2748054646207544	2.535482969046028	0.4803983906072359	-2.055084578438792	0.9792472290002172	0.1850485881567199	-1.702567177565743
1	5	0.9993008554477031	2.000699144552298	0.1666666666666667	0.3331002851492343	1.000699633697385	2.499126374704811	1.498426741007426	0.3516264837729488	0.9120242069664203	1.241395227229102
1	4	1	2.000000000000001	0.2	0.3333333333333333	0.9999999999999996	1.999999999999999	0.9999999999999996	0.4609053497942389	0.868312757201646	0.828465745608947
3	0	1.646811479880251	1.2240171473557	1	0.5736362889295171	1.821702141776511	0	-1.821702141776511	1	0.18875994954196	-1.509217823164294
0	1	1.645617262805608	1.224887956404045	0	0.5732848878981317	0	0.8164012020623844	0.8164012020623844	0.4267151121018683	0.5732848878981317	0.6763604305826543
4	0	1	1.999320575501565	1	0.3334088420450934	4	0	-4	0.9999999999999999	0.01235686928977986	-3.31386298243579
2	0	0.7888043518401139	2.211195648159887	1	0.2629347839467046	2.535482969046028	0	-2.535482969046028	0.9999999999999998	0.06913470060910043	-2.100560788429506
2	0	0.9184260034224918	2.081573996577509	1	0.3061420011408306	2.177638691137935	0	-2.177638691137935	1	0.09372292486251221	-1.804099061920482
0	2	0.0009478627036424553	2.999052137296358	0	0.0003159542345474851	0	0.6668773693954509	0.6668773693954509	0.9993681913579835	0.000631808642016507	0.5524850570659358
0	0	0	1.285109108187738	0	0	0	0	0	0	0	0
4	0	1	2	1	0.3333333333333333	3.999999999999999	0	-3.999999999999999	1	0.01234567901234551	-3.313862982435789
0	0	0.788804351840114	2.081573996577509	0	0.2748084942443092	0	0	0	0	0	0
1	0	0.8130322433589439	1.398163404800943	1	0.3676889668426823	1.229963520104223	0	-1.229963520104223	1	0.3676889668426823	-1.018982644754951
14	3	0.838186026825198	2.0547297906669	0.8235294117647058	0.2897374412891942	16.70273608953836	1.460045994187048	-15.24269009535131	0.9999993854595409	7.773177845504797e-06	-12.62804661493134
0	0	1	2	0	0.3333333333333333	0	0	0	0	0	0
0	0	0.788804351840114	2.211195648159887	0	0.2629347839467046	0	0	0	0	0	0
1	0	0.918426003422492	2.081573996577509	1	0.3061420011408306	1.088819345568967	0	-1.088819345568967	1	0.3061420011408306	-0.9020495309602408
4	1	0.9362922806382423	2.061844304520369	0.8	0.312291403024492	4.272170221539496	0.4850026734839332	-3.787167548055563	0.9970297011699707	0.03567533043215043	-3.137538586445861
0	0	0.788804351840114	2.081573996577509	0	0.2748084942443092	0	0	0	0	0	0
0	0	0.788804351840114	2.211195648159887	0	0.2629347839467046	0	0	0	0	0	0
2	1	0.9184857236661964	2.081514276333805	0.6666666666666666	0.306161907888732	2.17749710035434	0.4804194769979245	-1.697077623356415	0.971301878709945	0.2238090989460948	-1.405970678590233
0	0	0.788804351840114	2.081573996577509	0	0.2748084942443092	0	0	0	0	0	0
0	0	0.918426003422492	2.081573996577509	0	0.3061420011408306	0	0	0	0	0	0