Observed S Changes	Observed NS Changes	E[S Sites]	E[NS Sites]	Observed S. Prop.	P{S}	dS	dN	dN-dS	P{S leq. observed}	P{S geq. observed}	Scaled dN-dS
0	0	0	2.999999999999999	0	0	0	0	0	0	0	0
0	0	0.8496748633104839	2.037452608215884	0	0.2942976614957972	0	0	0	0	0	0
1	0	0.9999999999999999	2	1	0.3333333333333334	1	0	-1	1	0.3333333333333334	-5.451790968092113
0	0	0.9143887161275578	2.085611283872442	0	0.304796238709186	0	0	0	0	0	0
0	0	0.9143887161275578	2.085611283872442	0	0.304796238709186	0	0	0	0	0	0
2	0	0.9999999999999998	2	1	0.3333333333333334	2	0	-2	1	0.111111111111111	-10.90358193618423
0	0	1.628173449226219	1.235936420561958	0	0.5684745080490348	0	0	0	0	0	0
0	0	0.7784985859157347	2.221501414084265	0	0.2594995286385783	0	0	0	0	0	0
0	0	0.7784985859157347	2	0	0.2801867850003451	0	0	0	0	0	0
0	0	0.9143887161275578	2.085611283872442	0	0.304796238709186	0	0	0	0	0	0
0	0	1.778498585915735	1.221501414084265	0	0.5928328619719117	0	0	0	0	0	0
0	0	0.7784985859157347	2.085611283872442	0	0.2718117046163843	0	0	0	0	0	0
0	0	1.778498585915735	1.221501414084265	0	0.5928328619719117	0	0	0	0	0	0
0	0	0.9999999999999998	2	0	0.3333333333333334	0	0	0	0	0	0
0	0	0.7784985859157347	2.221501414084265	0	0.2594995286385783	0	0	0	0	0	0
0	0	0.9999999999999998	2	0	0.3333333333333334	0	0	0	0	0	0
0	0	0.8038638664530281	1.417637547631236	0	0.3618561128777821	0	0	0	0	0	0
1	0	0.8042278781217196	2.082899593404648	1	0.2785564150018427	1.243428668918451	0	-1.243428668918451	1	0.2785564150018427	-6.778913186676409
0	1	0.9788592092297994	2.0211407907702	0	0.3262864030765999	0	0.4947700845812568	0.4947700845812568	0.6737135969234	0.3262864030766	2.697383078402266
1	0	1	2	1	0.3333333333333333	1	0	-1	1	0.3333333333333333	-5.451790968092112
0	1	0.9898486791650125	1.934988752490229	0	0.3384286143400563	0	0.5167988696125766	0.5167988696125766	0.6615713856599437	0.3384286143400563	2.817479409674058
0	0	0.7784985859157347	2.221501414084265	0	0.2594995286385783	0	0	0	0	0	0
0	0	0.7784985859157347	2.221501414084265	0	0.2594995286385783	0	0	0	0	0	0
1	0	0.778498585915735	2.221501414084265	1	0.2594995286385783	1.284523848972335	0	-1.284523848972335	1	0.2594995286385784	-7.002955518126293
0	0	0.7784985859157347	2.221501414084265	0	0.2594995286385783	0	0	0	0	0	0
0	0	0.9999999999999998	2	0	0.3333333333333334	0	0	0	0	0	0
0	0	0.9999999999999998	2	0	0.3333333333333334	0	0	0	0	0	0
0	0	0.9999999999999998	2	0	0.3333333333333334	0	0	0	0	0	0
0	0	1.778498585915735	1.221501414084265	0	0.5928328619719117	0	0	0	0	0	0
0	0	0.7784985859157347	2.085611283872442	0	0.2718117046163843	0	0	0	0	0	0
0	0	0.9999999999999998	2	0	0.3333333333333334	0	0	0	0	0	0
0	0	0.9999999999999998	2	0	0.3333333333333334	0	0	0	0	0	0
0	0	0.7784985859157347	2.221501414084265	0	0.2594995286385783	0	0	0	0	0	0
0	0	0.7784985859157347	2.221501414084265	0	0.2594995286385783	0	0	0	0	0	0
0	0	0.9999999999999998	2	0	0.3333333333333334	0	0	0	0	0	0
1	0	0.9999999999999999	2	1	0.3333333333333334	1	0	-1	1	0.3333333333333334	-5.451790968092113
0	0	0.9999999999999998	2	0	0.3333333333333334	0	0	0	0	0	0
1	0	0.7784985859157347	2.221501414084265	1	0.2594995286385783	1.284523848972335	0	-1.284523848972335	1	0.2594995286385784	-7.002955518126295
0	0	0.9999999999999998	1.924837431655241	0	0.3418993442770847	0	0	0	0	0	0
0	0	0.9999999999999998	2	0	0.3333333333333334	0	0	0	0	0	0
0	0	0.1961361335469715	2.803863866453028	0	0.06537871118232387	0	0	0	0	0	0
0	0	0.9999999999999998	2	0	0.3333333333333334	0	0	0	0	0	0
0	0	0.8038638664530281	2.08326360507334	0	0.2784303340884498	0	0	0	0	0	0
0	0	0.9999999999999998	2	0	0.3333333333333334	0	0	0	0	0	0
0	0	0.9143887161275578	2.085611283872442	0	0.304796238709186	0	0	0	0	0	0
1	0	0.9999999999999998	2	1	0.3333333333333334	1	0	-1	1	0.3333333333333334	-5.451790968092113
1	1	0.7784985859157347	2.221501414084265	0.5	0.2594995286385783	1.284523848972335	0.4501460110086019	-0.8343778379637335	0.9326599946363556	0.4516590519135124	-4.548853560986906
0	0	0.7784985859157347	2.221501414084265	0	0.2594995286385783	0	0	0	0	0	0
0	1	0.998484709545841	1.223016704538423	0	0.4494639090551428	0	0.8176503201380296	0.8176503201380296	0.5505360909448572	0.4494639090551428	4.457658630386134
0	0	0.9143887161275578	2.085611283872442	0	0.304796238709186	0	0	0	0	0	0
0	0	0.8038638664530281	2.120973565202213	0	0.2748405288283324	0	0	0	0	0	0
0	0	0.9999999999999998	2	0	0.3333333333333334	0	0	0	0	0	0
0	0	0.9999999999999998	2	0	0.3333333333333334	0	0	0	0	0	0
0	0	0.7784985859157347	2.221501414084265	0	0.2594995286385783	0	0	0	0	0	0
0	0	0.9999999999999998	2	0	0.3333333333333334	0	0	0	0	0	0
0	0	0.9999999999999998	2	0	0.3333333333333334	0	0	0	0	0	0
0	0	0.8496748633104839	2.075162568344757	0	0.2905032786145762	0	0	0	0	0	0
2	0	1.768931683353409	1.222420078144713	1	0.591348602368147	1.130625913267916	0	-1.130625913267916	1	0.3496931695227609	-6.163936142244919
0	0	0.9999999999999998	2	0	0.3333333333333334	0	0	0	0	0	0
0	0	0.8496748633104839	1.371826550773781	0	0.3824777503734934	0	0	0	0	0	0
0	1	0.778498585915735	2.221501414084265	0	0.2594995286385783	0	0.4501460110086019	0.4501460110086019	0.7405004713614216	0.2594995286385784	2.454101957139388
0	0	0.9999999999999998	2	0	0.3333333333333334	0	0	0	0	0	0
0	0	0.9999999999999998	1.778498585915735	0	0.3599066074998274	0	0	0	0	0	0
0	1	0.5288063611299401	2.471193638870059	0	0.1762687870433134	0	0.4046627444611118	0.4046627444611118	0.8237312129566866	0.1762687870433134	2.206136695376456
0	0	0.9999999999999998	2	0	0.3333333333333334	0	0	0	0	0	0
0	1	0.8046258353662845	2.120211596288957	0	0.2751010455001343	0	0.4716510379201385	0.4716510379201385	0.7248989544998656	0.2751010455001344	2.571342868624281
0	0	0.1961361335469715	2.803863866453028	0	0.06537871118232387	0	0	0	0	0	0
0	0	0.7784985859157347	2.085611283872442	0	0.2718117046163843	0	0	0	0	0	0
0	1	0.778498585915735	2.221501414084265	0	0.2594995286385783	0	0.4501460110086018	0.4501460110086018	0.7405004713614216	0.2594995286385784	2.454101957139388
0	0	0.7784985859157347	2.221501414084265	0	0.2594995286385783	0	0	0	0	0	0
0	0	0.9999999999999998	2	0	0.3333333333333334	0	0	0	0	0	0
0	0	0.7784985859157347	2.221501414084265	0	0.2594995286385783	0	0	0	0	0	0
0	0	0.8496748633104839	1.371826550773781	0	0.3824777503734934	0	0	0	0	0	0
0	0	0.9143887161275578	2.085611283872442	0	0.304796238709186	0	0	0	0	0	0
0	0	0.9999999999999998	2	0	0.3333333333333334	0	0	0	0	0	0
0	0	0.7784985859157347	2.221501414084265	0	0.2594995286385783	0	0	0	0	0	0
0	0	0.9999999999999998	1.924837431655241	0	0.3418993442770847	0	0	0	0	0	0
0	1	0.8038638664530281	2.117969009770041	0	0.275123150606803	0	0.4721504400617151	0.4721504400617151	0.724876849393197	0.275123150606803	2.574065504709175
0	0	0.7784985859157347	2.221501414084265	0	0.2594995286385783	0	0	0	0	0	0
0	0	0.7784985859157347	2.085611283872442	0	0.2718117046163843	0	0	0	0	0	0
0	0	0.9999999999999998	2	0	0.3333333333333334	0	0	0	0	0	0
0	0	1.778498585915735	1.221501414084265	0	0.5928328619719117	0	0	0	0	0	0
0	0	0.1961361335469715	2.803863866453028	0	0.06537871118232387	0	0	0	0	0	0
0	0	0.7784985859157347	2.221501414084265	0	0.2594995286385783	0	0	0	0	0	0
0	0	0.9999999999999998	2	0	0.3333333333333334	0	0	0	0	0	0
0	0	1.778498585915735	1.221501414084265	0	0.5928328619719117	0	0	0	0	0	0
0	0	1.628173449226219	1.235936420561958	0	0.5684745080490348	0	0	0	0	0	0
0	0	0.9999999999999998	1.924837431655241	0	0.3418993442770847	0	0	0	0	0	0
0	0	0.7784985859157347	2.221501414084265	0	0.2594995286385783	0	0	0	0	0	0
0	0	0.9999999999999998	2	0	0.3333333333333334	0	0	0	0	0	0
1	0	0.8480227249231396	1.373478689161125	1	0.3817340468687961	1.179213682145882	0	-1.179213682145882	1	0.3817340468687962	-6.428826501773564
0	0	0.7784985859157347	2.085611283872442	0	0.2718117046163843	0	0	0	0	0	0
0	0	0.7784985859157347	2.221501414084265	0	0.2594995286385783	0	0	0	0	0	0
0	0	0.9999999999999998	2	0	0.3333333333333334	0	0	0	0	0	0
1	0	0.778498585915735	2.221501414084265	1	0.2594995286385783	1.284523848972335	0	-1.284523848972335	1	0.2594995286385784	-7.002955518126293
0	0	0.8038638664530281	1.417637547631236	0	0.3618561128777821	0	0	0	0	0	0
1	0	0.778498585915735	2.221501414084265	1	0.2594995286385783	1.284523848972335	0	-1.284523848972335	1	0.2594995286385784	-7.002955518126293
0	0	0.8496748633104839	2.037452608215884	0	0.2942976614957972	0	0	0	0	0	0
0	0	0.8038638664530281	2.08326360507334	0	0.2784303340884498	0	0	0	0	0	0
0	0	0	1.300650273379032	0	0	0	0	0	0	0	0
0	0	0.7784985859157347	2.221501414084265	0	0.2594995286385783	0	0	0	0	0	0
0	0	0.9999999999999998	2	0	0.3333333333333334	0	0	0	0	0	0
0	0	0.7784985859157347	2.221501414084265	0	0.2594995286385783	0	0	0	0	0	0
0	0	0.9999999999999998	2	0	0.3333333333333334	0	0	0	0	0	0
0	0	0.8038638664530281	2.120973565202213	0	0.2748405288283324	0	0	0	0	0	0
2	0	1.111777071598073	1.275941174550908	1	0.4656232256009253	1.798921790251702	0	-1.798921790251702	1	0.2168049882190103	-9.807345568398322
0	0	0.7784985859157347	2.221501414084265	0	0.2594995286385783	0	0	0	0	0	0
0	0	0.8038638664530281	2.08326360507334	0	0.2784303340884498	0	0	0	0	0	0
0	0	0.9999999999999998	2	0	0.3333333333333334	0	0	0	0	0	0
0	1	0.778498585915735	2.017702480589558	0	0.278412949355143	0	0.4956132083991923	0.4956132083991923	0.721587050644857	0.278412949355143	2.70197961321787
0	0	0.7784985859157347	2.221501414084265	0	0.2594995286385783	0	0	0	0	0	0
0	0	0.7784985859157347	2.221501414084265	0	0.2594995286385783	0	0	0	0	0	0
0	0	0.7784985859157347	2.085611283872442	0	0.2718117046163843	0	0	0	0	0	0
0	0	0.7784985859157347	2	0	0.2801867850003451	0	0	0	0	0	0
0	0	0.9999999999999998	2	0	0.3333333333333334	0	0	0	0	0	0
0	0	0.7784985859157347	2	0	0.2801867850003451	0	0	0	0	0	0
0	0	0.7784985859157347	2.221501414084265	0	0.2594995286385783	0	0	0	0	0	0
0	0	0.9999999999999998	2	0	0.3333333333333334	0	0	0	0	0	0
0	0	0.9999999999999998	2	0	0.3333333333333334	0	0	0	0	0	0
0	0	0.7784985859157347	2.221501414084265	0	0.2594995286385783	0	0	0	0	0	0
0	0	0.7784985859157347	2	0	0.2801867850003451	0	0	0	0	0	0
0	0	0.9999999999999998	2	0	0.3333333333333334	0	0	0	0	0	0
0	0	0.9999999999999998	2	0	0.3333333333333334	0	0	0	0	0	0
0	0	0.9999999999999998	2	0	0.3333333333333334	0	0	0	0	0	0
0	0	0.9329384683838244	2.067061531616175	0	0.3109794894612749	0	0	0	0	0	0
0	0	0.9999999999999998	1.778498585915735	0	0.3599066074998274	0	0	0	0	0	0
0	0	1.778498585915735	1.221501414084265	0	0.5928328619719117	0	0	0	0	0	0
0	0	0.9999999999999998	2	0	0.3333333333333334	0	0	0	0	0	0
0	0	0.9999999999999998	2	0	0.3333333333333334	0	0	0	0	0	0
0	0	0.9999999999999998	1.778498585915735	0	0.3599066074998274	0	0	0	0	0	0
0	0	0.9999999999999998	2	0	0.3333333333333334	0	0	0	0	0	0
1	0	0.9999999999999998	2	1	0.3333333333333334	1	0	-1	1	0.3333333333333334	-5.451790968092113
0	0	0.9999999999999998	2	0	0.3333333333333334	0	0	0	0	0	0
0	0	1.778498585915735	1.221501414084265	0	0.5928328619719117	0	0	0	0	0	0
0	0	0.8496748633104839	2.075162568344757	0	0.2905032786145762	0	0	0	0	0	0
0	0	0.7784985859157347	2.221501414084265	0	0.2594995286385783	0	0	0	0	0	0
0	0	0.7784985859157347	2.221501414084265	0	0.2594995286385783	0	0	0	0	0	0
0	1	0.7784985859157348	2.221501414084265	0	0.2594995286385783	0	0.4501460110086019	0.4501460110086019	0.7405004713614216	0.2594995286385784	2.454101957139388
0	0	0.8038638664530281	2.120973565202213	0	0.2748405288283324	0	0	0	0	0	0
0	0	0.7784985859157347	2.221501414084265	0	0.2594995286385783	0	0	0	0	0	0
0	0	0.7784985859157347	2.221501414084265	0	0.2594995286385783	0	0	0	0	0	0
0	0	0.7784985859157347	2.221501414084265	0	0.2594995286385783	0	0	0	0	0	0
0	0	0	1.300650273379032	0	0	0	0	0	0	0	0
0	1	0.9999999999999998	2	0	0.3333333333333334	0	0.5000000000000001	0.5000000000000001	0.6666666666666666	0.3333333333333334	2.725895484046057
0	0	0.9999999999999998	1.924837431655241	0	0.3418993442770847	0	0	0	0	0	0
0	0	0.9999999999999998	2	0	0.3333333333333334	0	0	0	0	0	0
0	0	0.9999999999999998	2	0	0.3333333333333334	0	0	0	0	0	0
0	0	0.8038638664530281	1.417637547631236	0	0.3618561128777821	0	0	0	0	0	0
1	0	0.778498585915735	2.221501414084265	1	0.2594995286385783	1.284523848972335	0	-1.284523848972335	1	0.2594995286385784	-7.002955518126293
0	0	0.9999999999999998	1.924837431655241	0	0.3418993442770847	0	0	0	0	0	0
0	0	0.9999999999999998	2	0	0.3333333333333334	0	0	0	0	0	0
1	0	0.778498585915735	2.221501414084265	1	0.2594995286385783	1.284523848972335	0	-1.284523848972335	1	0.2594995286385784	-7.002955518126293
0	0	0.9999999999999998	2	0	0.3333333333333334	0	0	0	0	0	0
0	0	0.9999999999999998	2	0	0.3333333333333334	0	0	0	0	0	0
0	0	0.7784985859157347	2.085611283872442	0	0.2718117046163843	0	0	0	0	0	0
0	1	0.2425748145942891	2.748800185977552	0	0.08109140931776113	0	0.3637950859801661	0.3637950859801661	0.9189085906822388	0.08109140931776115	1.983334763982963
0	0	0.9329384683838244	2.067061531616175	0	0.3109794894612749	0	0	0	0	0	0
0	2	0.9104688783571662	1.985231663186628	0	0.3144209372809541	0	1.007439099973686	1.007439099973686	0.4700186512387254	0.5299813487612746	5.492347386139385
0	0	0.9999999999999998	2	0	0.3333333333333334	0	0	0	0	0	0
0	1	0.7784985859157347	2.221501414084265	0	0.2594995286385783	0	0.4501460110086019	0.4501460110086019	0.7405004713614216	0.2594995286385784	2.454101957139388
1	1	0.7784985859157348	2.221501414084265	0.5	0.2594995286385783	1.284523848972335	0.4501460110086019	-0.8343778379637335	0.9326599946363556	0.4516590519135124	-4.548853560986906
0	0	0.7784985859157347	2.221501414084265	0	0.2594995286385783	0	0	0	0	0	0
0	0	0.7784985859157347	2.221501414084265	0	0.2594995286385783	0	0	0	0	0	0
0	0	0.7784985859157347	2.221501414084265	0	0.2594995286385783	0	0	0	0	0	0
1	0	0.7784985859157348	2.221501414084265	1	0.2594995286385783	1.284523848972335	0	-1.284523848972335	1	0.2594995286385784	-7.002955518126295
0	0	0.8871274715263686	1.999999999999999	0	0.3072699353511266	0	0	0	0	0	0
1	0	1.601320830007526	1.212607044968286	1	0.5690696070244128	0.6244844763527495	0	-0.6244844763527495	1	0.5690696070244128	-3.404558827893652
0	0	0.7784985859157347	2.221501414084265	0	0.2594995286385783	0	0	0	0	0	0
0	0	0	1.300650273379032	0	0	0	0	0	0	0	0
0	0	1.628173449226219	1.235936420561958	0	0.5684745080490348	0	0	0	0	0	0
0	0	0.9999999999999998	2	0	0.3333333333333334	0	0	0	0	0	0
0	0	0.7784985859157347	2.221501414084265	0	0.2594995286385783	0	0	0	0	0	0
0	1	1.535962502228857	1.242536083686878	0	0.552803053424134	0	0.8048056013252994	0.8048056013252994	0.447196946575866	0.552803053424134	4.387631908375209
0	1	0.782999534552671	2.196971771010696	0	0.2627540517222007	0	0.4551719840896997	0.4551719840896997	0.7372459482777993	0.2627540517222007	2.481502511788792
0	1	0.7784985859157347	2.166804009272113	0	0.2643187111530328	0	0.4615092069798811	0.4615092069798811	0.7356812888469673	0.2643187111530327	2.516051726304269
0	1	0.852297586568366	2.062702548469507	0	0.2923833780739405	0	0.48480087482414	0.48480087482414	0.7076166219260596	0.2923833780739404	2.643033030689401
0	0	0.7784985859157347	2	0	0.2801867850003451	0	0	0	0	0	0
0	0	0.9999999999999998	2	0	0.3333333333333334	0	0	0	0	0	0
0	0	0.9999999999999998	2	0	0.3333333333333334	0	0	0	0	0	0
0	0	1.628173449226219	1.235936420561958	0	0.5684745080490348	0	0	0	0	0	0
0	0	0.7784985859157347	2.221501414084265	0	0.2594995286385783	0	0	0	0	0	0
0	0	0.9999999999999998	2	0	0.3333333333333334	0	0	0	0	0	0
0	0	0.9999999999999998	2	0	0.3333333333333334	0	0	0	0	0	0
0	0	0	2.999999999999999	0	0	0	0	0	0	0	0
0	0	0.9999999999999998	2	0	0.3333333333333334	0	0	0	0	0	0
0	0	0.7784985859157347	2.221501414084265	0	0.2594995286385783	0	0	0	0	0	0
0	0	0.7784985859157347	2.221501414084265	0	0.2594995286385783	0	0	0	0	0	0
2	0	0.8049577179296681	2.119879713725574	1	0.2752145159309321	2.484602551726508	0	-2.484602551726508	1	0.07574302977909708	-13.54553375080119
0	1	0.8038638664530283	1.468500449724789	0	0.3537565964797188	0	0.6809667645572799	0.6809667645572799	0.6462434035202812	0.3537565964797188	3.712488456584286
0	0	0.7784985859157347	2.221501414084265	0	0.2594995286385783	0	0	0	0	0	0
0	0	0.7784985859157347	2.221501414084265	0	0.2594995286385783	0	0	0	0	0	0
0	0	0.8038638664530281	2.08326360507334	0	0.2784303340884498	0	0	0	0	0	0
0	0	1.628173449226219	1.235936420561958	0	0.5684745080490348	0	0	0	0	0	0
0	0	0.7784985859157347	2	0	0.2801867850003451	0	0	0	0	0	0
0	0	0.9143887161275578	2.085611283872442	0	0.304796238709186	0	0	0	0	0	0
0	0	0	1.300650273379032	0	0	0	0	0	0	0	0
1	0	0.9999999999999998	1.997289319749139	1	0.3336347924142658	1	0	-1	1	0.3336347924142657	-5.451790968092113
1	0	0.9999999999999998	2	1	0.3333333333333334	1	0	-1	1	0.3333333333333334	-5.451790968092113
0	0	0.7784985859157347	2.221501414084265	0	0.2594995286385783	0	0	0	0	0	0
0	0	0.7784985859157347	2.221501414084265	0	0.2594995286385783	0	0	0	0	0	0
0	0	0.9999999999999998	2	0	0.3333333333333334	0	0	0	0	0	0
0	0	0.9999999999999998	2	0	0.3333333333333334	0	0	0	0	0	0
0	0	0.9999999999999998	2	0	0.3333333333333334	0	0	0	0	0	0
0	0	0.7784985859157347	2.221501414084265	0	0.2594995286385783	0	0	0	0	0	0
0	1	0.8370449707196622	2.070111195243339	0	0.2879256988392261	0	0.4830658383461625	0.4830658383461625	0.712074301160774	0.287925698839226	2.633573974489453
0	0	0.7784985859157347	2.221501414084265	0	0.2594995286385783	0	0	0	0	0	0
0	0	0.8038638664530281	1.417637547631236	0	0.3618561128777821	0	0	0	0	0	0
0	1	0.9147287228565723	2.085271277143427	0	0.3049095742855242	0	0.4795539127023707	0.4795539127023707	0.6950904257144759	0.3049095742855241	2.614427689984018
0	0	0.7784985859157347	2.221501414084265	0	0.2594995286385783	0	0	0	0	0	0
0	0	1.778498585915735	1.221501414084265	0	0.5928328619719117	0	0	0	0	0	0
0	0	0.7784985859157347	2	0	0.2801867850003451	0	0	0	0	0	0
0	0	0.9999999999999998	2	0	0.3333333333333334	0	0	0	0	0	0
0	1	0.8131124122513098	1.408389001832955	0	0.3660193088765089	0	0.7100311055387007	0.7100311055387007	0.6339806911234911	0.3660193088765089	3.870941168240346
1	1	1	1.860829837130664	0.5	0.3495489270354414	1	0.5373946505189137	-0.4626053494810863	0.8778155476083718	0.5769134016792544	-2.522027666092082
0	1	0.9999999999999999	1.780268289881038	0	0.3596775187630499	0	0.5617130887990047	0.5617130887990047	0.6403224812369501	0.3596775187630499	3.062342344173536
0	0	0.9999999999999998	1.924837431655241	0	0.3418993442770847	0	0	0	0	0	0
0	0	0.8871274715263686	1.999999999999999	0	0.3072699353511266	0	0	0	0	0	0
1	0	0.9058040990975478	2.094195900902452	1	0.3019346996991826	1.103991471220211	0	-1.103991471220211	1	0.3019346996991826	-6.018730731649072
0	0	0.9999999999999998	2	0	0.3333333333333334	0	0	0	0	0	0
1	0	0.9999999999999999	2	1	0.3333333333333334	1	0	-1	1	0.3333333333333334	-5.451790968092113
1	0	0.9999999999999998	2	1	0.3333333333333334	1	0	-1	1	0.3333333333333334	-5.451790968092113
0	0	0.9999999999999998	2	0	0.3333333333333334	0	0	0	0	0	0
0	0	0.8038638664530281	2.08326360507334	0	0.2784303340884498	0	0	0	0	0	0
0	1	0.8884731809010913	1.999103883166102	0	0.3076881278623484	0	0.5002241296316424	0.5002241296316424	0.6923118721376516	0.3076881278623484	2.727117391947526
0	0	0.7784985859157347	2.221501414084265	0	0.2594995286385783	0	0	0	0	0	0
0	0	0.8038638664530281	1.417637547631236	0	0.3618561128777821	0	0	0	0	0	0
0	0	0.8038638664530281	1.417637547631236	0	0.3618561128777821	0	0	0	0	0	0
0	1	0.9999999999999999	2	0	0.3333333333333334	0	0.5000000000000001	0.5000000000000001	0.6666666666666666	0.3333333333333334	2.725895484046057
0	0	0.9999999999999998	2	0	0.3333333333333334	0	0	0	0	0	0
1	0	0.9143887161275579	2.085611283872442	1	0.304796238709186	1.09362679390337	0	-1.09362679390337	1	0.304796238709186	-5.962224677465927
1	0	0.9999999999999998	2	1	0.3333333333333334	1	0	-1	1	0.3333333333333334	-5.451790968092113
0	0	0.7784985859157347	2.221501414084265	0	0.2594995286385783	0	0	0	0	0	0
0	0	0.9143887161275578	2.085611283872442	0	0.304796238709186	0	0	0	0	0	0
0	0	0.9999999999999998	1.924837431655241	0	0.3418993442770847	0	0	0	0	0	0
0	1	0.9991192425044142	2	0	0.3331375519667901	0	0.5000000000000001	0.5000000000000001	0.6668624480332099	0.3331375519667901	2.725895484046057
0	0	0.8871274715263686	1.999999999999999	0	0.3072699353511266	0	0	0	0	0	0
0	0	0.9999999999999998	2	0	0.3333333333333334	0	0	0	0	0	0
0	0	0.8871274715263686	1.999999999999999	0	0.3072699353511266	0	0	0	0	0	0
0	1	0.4837242935218932	2.516275706478106	0	0.1612414311739644	0	0.3974127308170238	0.3974127308170238	0.8387585688260356	0.1612414311739644	2.166611136473072
0	0	0.9329384683838244	2.067061531616175	0	0.3109794894612749	0	0	0	0	0	0
0	1	0.7784985859157347	2.221501414084265	0	0.2594995286385783	0	0.4501460110086019	0.4501460110086019	0.7405004713614216	0.2594995286385784	2.454101957139388
0	0	0.9143887161275578	2.085611283872442	0	0.304796238709186	0	0	0	0	0	0
1	0	1	2	1	0.3333333333333333	1	0	-1	1	0.3333333333333333	-5.451790968092112
0	0	0.7784985859157347	2.221501414084265	0	0.2594995286385783	0	0	0	0	0	0
0	0	0.8871274715263686	1.999999999999999	0	0.3072699353511266	0	0	0	0	0	0
0	1	0.2603812515809286	2.739618748419071	0	0.08679375052697622	0	0.36501429280153	0.36501429280153	0.9132062494730238	0.08679375052697624	1.989981624719911
0	0	0.7784985859157347	2.221501414084265	0	0.2594995286385783	0	0	0	0	0	0
0	0	0.9143887161275578	2.085611283872442	0	0.304796238709186	0	0	0	0	0	0
0	0	0.7784985859157347	2	0	0.2801867850003451	0	0	0	0	0	0
0	0	0	1.300650273379032	0	0	0	0	0	0	0	0
0	0	0.9999999999999998	2	0	0.3333333333333334	0	0	0	0	0	0
0	0	0.1961361335469715	2.803863866453028	0	0.06537871118232387	0	0	0	0	0	0
0	0	0.9999999999999998	2	0	0.3333333333333334	0	0	0	0	0	0
0	0	0.8038638664530281	2.08326360507334	0	0.2784303340884498	0	0	0	0	0	0
0	0	0.9999999999999998	2	0	0.3333333333333334	0	0	0	0	0	0
0	0	0.9999999999999998	1.924837431655241	0	0.3418993442770847	0	0	0	0	0	0
0	0	0.7784985859157347	2.221501414084265	0	0.2594995286385783	0	0	0	0	0	0
0	0	0.1961361335469715	2.803863866453028	0	0.06537871118232387	0	0	0	0	0	0
0	0	0.9999999999999998	2	0	0.3333333333333334	0	0	0	0	0	0
0	0	1.628173449226219	1.235936420561958	0	0.5684745080490348	0	0	0	0	0	0
0	0	0.9143887161275578	2.085611283872442	0	0.304796238709186	0	0	0	0	0	0
0	0	0.7784985859157347	2.221501414084265	0	0.2594995286385783	0	0	0	0	0	0
0	0	0.7784985859157347	2.221501414084265	0	0.2594995286385783	0	0	0	0	0	0
0	0	0.9999999999999998	2	0	0.3333333333333334	0	0	0	0	0	0
0	0	0.9999999999999998	2	0	0.3333333333333334	0	0	0	0	0	0
1	0	0.7784985859157347	2.221501414084265	1	0.2594995286385783	1.284523848972335	0	-1.284523848972335	1	0.2594995286385784	-7.002955518126295
0	0	1.778498585915735	1.221501414084265	0	0.5928328619719117	0	0	0	0	0	0
0	0	0.9143887161275578	2.085611283872442	0	0.304796238709186	0	0	0	0	0	0
0	0	0.9999999999999998	2	0	0.3333333333333334	0	0	0	0	0	0
0	0	0.9999999999999998	2	0	0.3333333333333334	0	0	0	0	0	0
0	0	0.9329384683838244	2.067061531616175	0	0.3109794894612749	0	0	0	0	0	0
0	0	0.9999999999999998	2	0	0.3333333333333334	0	0	0	0	0	0
0	0	0.7784985859157347	2	0	0.2801867850003451	0	0	0	0	0	0
0	0	0.7784985859157347	2.221501414084265	0	0.2594995286385783	0	0	0	0	0	0
0	0	0.8038638664530281	2.08326360507334	0	0.2784303340884498	0	0	0	0	0	0
0	0	0.1961361335469715	2.803863866453028	0	0.06537871118232387	0	0	0	0	0	0
0	1	1.146115266766676	1.087773557221849	0	0.5130583288027422	0	0.9193089805878153	0.9193089805878153	0.4869416711972578	0.5130583288027422	5.011880397254618
0	0	0.7784985859157347	2.221501414084265	0	0.2594995286385783	0	0	0	0	0	0
0	0	0.9999999999999998	2	0	0.3333333333333334	0	0	0	0	0	0
0	0	0.8038638664530281	2.08326360507334	0	0.2784303340884498	0	0	0	0	0	0
0	0	0.7784985859157347	2.221501414084265	0	0.2594995286385783	0	0	0	0	0	0
0	0	0.9999999999999998	1.778498585915735	0	0.3599066074998274	0	0	0	0	0	0
0	0	0.1961361335469715	2.803863866453028	0	0.06537871118232387	0	0	0	0	0	0
0	0	0	2.999999999999999	0	0	0	0	0	0	0	0
0	0	0.8871274715263686	1.999999999999999	0	0.3072699353511266	0	0	0	0	0	0
0	0	0.9999999999999998	1.778498585915735	0	0.3599066074998274	0	0	0	0	0	0
0	0	0.7784985859157347	2.221501414084265	0	0.2594995286385783	0	0	0	0	0	0
0	0	0.9999999999999998	2	0	0.3333333333333334	0	0	0	0	0	0
0	0	0.9999999999999998	2	0	0.3333333333333334	0	0	0	0	0	0
0	0	0.9143887161275578	2.085611283872442	0	0.304796238709186	0	0	0	0	0	0
0	0	0.9999999999999998	2	0	0.3333333333333334	0	0	0	0	0	0
0	0	0.8038638664530281	2.08326360507334	0	0.2784303340884498	0	0	0	0	0	0
0	0	0.7784985859157347	2.085611283872442	0	0.2718117046163843	0	0	0	0	0	0
1	1	0.819673028579545	2.114165498515064	0.5	0.279385869743578	1.219998664263668	0.4729998671827606	-0.7469987970809069	0.9219435357876244	0.4807152752747805	-4.072481295101361
0	0	0.9999999999999998	2	0	0.3333333333333334	0	0	0	0	0	0
1	1	0.8200866807925389	2.110757773042156	0.5	0.279812420519125	1.219383296206678	0.4737635046387808	-0.7456197915678975	0.9217050093232284	0.4813298503614784	-4.064963245300587
1	0	0.7784985859157347	2.085611283872442	1	0.2718117046163843	1.284523848972335	0	-1.284523848972335	1	0.2718117046163843	-7.002955518126295
0	0	0.9143887161275578	2.085611283872442	0	0.304796238709186	0	0	0	0	0	0
0	0	0.9999999999999998	2	0	0.3333333333333334	0	0	0	0	0	0
0	0	0.9999999999999998	2	0	0.3333333333333334	0	0	0	0	0	0
0	0	0.7784985859157347	2.221501414084265	0	0.2594995286385783	0	0	0	0	0	0
0	0	0.9999999999999998	1.924837431655241	0	0.3418993442770847	0	0	0	0	0	0
0	0	0.7784985859157347	2.221501414084265	0	0.2594995286385783	0	0	0	0	0	0
0	0	0.9143887161275578	2.085611283872442	0	0.304796238709186	0	0	0	0	0	0
0	0	0.9999999999999998	2	0	0.3333333333333334	0	0	0	0	0	0
0	0	0.7784985859157347	2.221501414084265	0	0.2594995286385783	0	0	0	0	0	0
0	0	0.7784985859157347	2.221501414084265	0	0.2594995286385783	0	0	0	0	0	0
0	0	0.8038638664530281	2.08326360507334	0	0.2784303340884498	0	0	0	0	0	0
0	0	0.9999999999999998	2	0	0.3333333333333334	0	0	0	0	0	0
1	0	0.778498585915735	2.221501414084265	1	0.2594995286385783	1.284523848972335	0	-1.284523848972335	1	0.2594995286385784	-7.002955518126293
0	0	0.8038638664530281	1.417637547631236	0	0.3618561128777821	0	0	0	0	0	0
0	0	0.7784985859157347	2.221501414084265	0	0.2594995286385783	0	0	0	0	0	0
0	0	0.9999999999999998	2	0	0.3333333333333334	0	0	0	0	0	0
0	0	0.7784985859157347	2.221501414084265	0	0.2594995286385783	0	0	0	0	0	0
0	0	0.9329384683838244	2.067061531616175	0	0.3109794894612749	0	0	0	0	0	0
0	0	0.9143887161275578	2.085611283872442	0	0.304796238709186	0	0	0	0	0	0
0	0	0.9999999999999998	2	0	0.3333333333333334	0	0	0	0	0	0
1	0	0.778498585915735	2	1	0.2801867850003451	1.284523848972335	0	-1.284523848972335	1	0.2801867850003451	-7.002955518126293
0	0	0.9999999999999998	2	0	0.3333333333333334	0	0	0	0	0	0
0	0	0.9999999999999998	2	0	0.3333333333333334	0	0	0	0	0	0
0	0	0.7784985859157347	2.085611283872442	0	0.2718117046163843	0	0	0	0	0	0
0	0	0.9999999999999998	2	0	0.3333333333333334	0	0	0	0	0	0
0	0	0.8871274715263686	1.999999999999999	0	0.3072699353511266	0	0	0	0	0	0
0	0	0.7784985859157347	2	0	0.2801867850003451	0	0	0	0	0	0
0	0	0.9999999999999998	2	0	0.3333333333333334	0	0	0	0	0	0
0	0	0.8496748633104839	2.037452608215884	0	0.2942976614957972	0	0	0	0	0	0
0	1	0.7976001817562147	1.616143130536975	0	0.3304411772759924	0	0.6187570773312282	0.6187570773312282	0.6695588227240077	0.3304411772759923	3.373334245637463
0	1	0.778498585915735	2.221501414084265	0	0.2594995286385783	0	0.4501460110086018	0.4501460110086018	0.7405004713614216	0.2594995286385784	2.454101957139388
0	0	0.9999999999999998	2	0	0.3333333333333334	0	0	0	0	0	0
0	0	1.778498585915735	1.221501414084265	0	0.5928328619719117	0	0	0	0	0	0
0	0	0.8038638664530281	2.08326360507334	0	0.2784303340884498	0	0	0	0	0	0
0	0	1.628173449226219	1.235936420561958	0	0.5684745080490348	0	0	0	0	0	0
0	0	0.9999999999999998	2	0	0.3333333333333334	0	0	0	0	0	0
0	0	0.9999999999999998	2	0	0.3333333333333334	0	0	0	0	0	0
1	0	0.9999999999999999	1.938174672654511	1	0.3403473623630906	1	0	-1	1	0.3403473623630906	-5.451790968092113
0	0	0	2.999999999999999	0	0	0	0	0	0	0	0
1	0	1.116008920175345	1.158689591591061	1	0.4906183893832654	0.8960501855512787	0	-0.8960501855512787	1	0.4906183893832654	-4.885078308545722
0	0	0.7784985859157347	2.221501414084265	0	0.2594995286385783	0	0	0	0	0	0
0	0	0.9999999999999998	2	0	0.3333333333333334	0	0	0	0	0	0
0	0	0.9999999999999998	2	0	0.3333333333333334	0	0	0	0	0	0
0	0	0.8496748633104839	2.075162568344757	0	0.2905032786145762	0	0	0	0	0	0
0	0	0.8038638664530281	2.08326360507334	0	0.2784303340884498	0	0	0	0	0	0
0	0	0.8038638664530281	1.417637547631236	0	0.3618561128777821	0	0	0	0	0	0
0	0	0.9999999999999998	2	0	0.3333333333333334	0	0	0	0	0	0
0	0	0.8871274715263686	1.999999999999999	0	0.3072699353511266	0	0	0	0	0	0
0	0	0.9999999999999998	2	0	0.3333333333333334	0	0	0	0	0	0
0	0	0.1961361335469715	2.803863866453028	0	0.06537871118232387	0	0	0	0	0	0
0	0	0.7784985859157347	2.221501414084265	0	0.2594995286385783	0	0	0	0	0	0
0	0	0.9999999999999998	2	0	0.3333333333333334	0	0	0	0	0	0
0	0	0.9999999999999998	2	0	0.3333333333333334	0	0	0	0	0	0
1	0	0.3235866451937406	2.676413354806259	1	0.1078622150645802	3.090362395522446	0	-3.090362395522446	1	0.1078622150645802	-16.84800979604077
1	0	0.9999999999999999	2	1	0.3333333333333334	1	0	-1	1	0.3333333333333334	-5.451790968092113
0	0	0.9999999999999998	2	0	0.3333333333333334	0	0	0	0	0	0
0	0	0.7784985859157347	2.221501414084265	0	0.2594995286385783	0	0	0	0	0	0
0	0	0.1961361335469715	2.803863866453028	0	0.06537871118232387	0	0	0	0	0	0
0	0	0.8038638664530281	2.120973565202213	0	0.2748405288283324	0	0	0	0	0	0
0	0	0.7784985859157347	2.221501414084265	0	0.2594995286385783	0	0	0	0	0	0
0	0	0.9999999999999998	2	0	0.3333333333333334	0	0	0	0	0	0
0	0	0	1.300650273379032	0	0	0	0	0	0	0	0
1	0	0.8489459222353649	2.075891509419876	1	0.2902540541389763	1.177931330851903	0	-1.177931330851903	1	0.2902540541389763	-6.421835390571129
0	0	0.9999999999999998	1.924837431655241	0	0.3418993442770847	0	0	0	0	0	0
0	0	0	2.999999999999999	0	0	0	0	0	0	0	0
0	2	0.9770645901409323	2.011690251072851	0	0.3269135951425611	0	0.9941888414150157	0.9941888414150157	0.4530453084039121	0.5469546915960879	5.420109746204344
0	0	0.7784985859157347	2.221501414084265	0	0.2594995286385783	0	0	0	0	0	0
0	0	0.9999999999999998	2	0	0.3333333333333334	0	0	0	0	0	0
0	0	0	1.300650273379032	0	0	0	0	0	0	0	0
0	0	0.7784985859157347	2	0	0.2801867850003451	0	0	0	0	0	0
0	0	0.9999999999999998	2	0	0.3333333333333334	0	0	0	0	0	0
0	0	0.7784985859157347	2.221501414084265	0	0.2594995286385783	0	0	0	0	0	0
0	0	0.9329384683838244	2.067061531616175	0	0.3109794894612749	0	0	0	0	0	0
0	0	0.7784985859157347	2.221501414084265	0	0.2594995286385783	0	0	0	0	0	0
0	0	0.8038638664530281	1.417637547631236	0	0.3618561128777821	0	0	0	0	0	0
1	0	0.7784985859157347	2.221501414084265	1	0.2594995286385783	1.284523848972335	0	-1.284523848972335	1	0.2594995286385784	-7.002955518126295
0	0	0.9999999999999998	2	0	0.3333333333333334	0	0	0	0	0	0
0	0	0.8496748633104839	2.075162568344757	0	0.2905032786145762	0	0	0	0	0	0
1	0	0.9999999999999998	1.925733918766249	1	0.3417945813820585	1	0	-1	1	0.3417945813820585	-5.451790968092113
1	1	0.837987549297225	2.0667857387598	0.5	0.2884863864393861	1.193335152579112	0.4838430908663335	-0.7094920617127783	0.9167756048391451	0.4937483777179174	-3.868002413978776
0	0	0.9999999999999998	1.924837431655241	0	0.3418993442770847	0	0	0	0	0	0
0	0	0.8038638664530281	1.417637547631236	0	0.3618561128777821	0	0	0	0	0	0
0	0	0.9999999999999998	2	0	0.3333333333333334	0	0	0	0	0	0
0	0	0.9999999999999998	2	0	0.3333333333333334	0	0	0	0	0	0
0	0	0.7784985859157347	2.221501414084265	0	0.2594995286385783	0	0	0	0	0	0
0	0	0.9999999999999998	2	0	0.3333333333333334	0	0	0	0	0	0
0	0	0.8038638664530281	2.08326360507334	0	0.2784303340884498	0	0	0	0	0	0
0	0	0.7784985859157347	2.221501414084265	0	0.2594995286385783	0	0	0	0	0	0
0	0	0.9999999999999998	2	0	0.3333333333333334	0	0	0	0	0	0
0	0	0.8038638664530281	1.417637547631236	0	0.3618561128777821	0	0	0	0	0	0
0	0	0.9999999999999998	2	0	0.3333333333333334	0	0	0	0	0	0
0	0	0.9999999999999998	2	0	0.3333333333333334	0	0	0	0	0	0
1	0	0.9143887161275578	2.085611283872442	1	0.304796238709186	1.09362679390337	0	-1.09362679390337	1	0.304796238709186	-5.962224677465929
0	1	0.778498585915735	2.221501414084265	0	0.2594995286385783	0	0.4501460110086018	0.4501460110086018	0.7405004713614216	0.2594995286385784	2.454101957139388
0	0	0.8038638664530281	1.417637547631236	0	0.3618561128777821	0	0	0	0	0	0
0	0	0.9143887161275578	2.085611283872442	0	0.304796238709186	0	0	0	0	0	0
0	0	0.7784985859157347	2.221501414084265	0	0.2594995286385783	0	0	0	0	0	0
1	0	0.9999999999999998	1.999701246046664	1	0.3333665315230674	1	0	-1	1	0.3333665315230674	-5.451790968092113
0	0	0.8496748633104839	2.037452608215884	0	0.2942976614957972	0	0	0	0	0	0
0	0	1.778498585915735	1.221501414084265	0	0.5928328619719117	0	0	0	0	0	0
0	0	0.7784985859157347	2.221501414084265	0	0.2594995286385783	0	0	0	0	0	0
3	0	1.050394059579919	1.467409671727522	1	0.4171866323490085	2.85607098844388	0	-2.85607098844388	0.9999999999999997	0.07260911651848501	-15.57070201902825
0	0	1.628173449226219	1.235936420561958	0	0.5684745080490348	0	0	0	0	0	0
0	0	0.9143887161275578	2.085611283872442	0	0.304796238709186	0	0	0	0	0	0
0	0	0.9999999999999998	2	0	0.3333333333333334	0	0	0	0	0	0
0	0	0.8038638664530281	2.08326360507334	0	0.2784303340884498	0	0	0	0	0	0
0	0	0.9999999999999998	2	0	0.3333333333333334	0	0	0	0	0	0
0	0	0.7784985859157347	2.221501414084265	0	0.2594995286385783	0	0	0	0	0	0
0	0	0.8496748633104839	2.075162568344757	0	0.2905032786145762	0	0	0	0	0	0
0	0	0.8038638664530281	2.08326360507334	0	0.2784303340884498	0	0	0	0	0	0
0	0	0.7784985859157347	2.221501414084265	0	0.2594995286385783	0	0	0	0	0	0
0	0	0.7784985859157347	2.221501414084265	0	0.2594995286385783	0	0	0	0	0	0
0	0	0.8496748633104839	1.371826550773781	0	0.3824777503734934	0	0	0	0	0	0
0	0	0.9143887161275578	2.085611283872442	0	0.304796238709186	0	0	0	0	0	0
0	0	0.8038638664530281	2.120973565202213	0	0.2748405288283324	0	0	0	0	0	0
0	0	0.8038638664530281	2.08326360507334	0	0.2784303340884498	0	0	0	0	0	0
0	0	0.8038638664530281	2.120973565202213	0	0.2748405288283324	0	0	0	0	0	0
0	0	0.7784985859157347	2.221501414084265	0	0.2594995286385783	0	0	0	0	0	0
0	0	0.9999999999999998	1.778498585915735	0	0.3599066074998274	0	0	0	0	0	0
0	0	0.8038638664530281	2.120973565202213	0	0.2748405288283324	0	0	0	0	0	0
2	0	0.9999999999999998	2	1	0.3333333333333334	2	0	-2	1	0.111111111111111	-10.90358193618423
0	0	0.8038638664530281	2.120973565202213	0	0.2748405288283324	0	0	0	0	0	0
1	0	0.9999999999999998	1.981439407759671	1	0.3354084598859667	1	0	-1	1	0.3354084598859668	-5.451790968092113
0	0	0.8871274715263686	1.999999999999999	0	0.3072699353511266	0	0	0	0	0	0
0	0	0.9143887161275578	2.085611283872442	0	0.304796238709186	0	0	0	0	0	0
0	0	0.8496748633104839	1.371826550773781	0	0.3824777503734934	0	0	0	0	0	0
0	0	0.7784985859157347	2.221501414084265	0	0.2594995286385783	0	0	0	0	0	0
1	0	1	2	1	0.3333333333333333	1	0	-1	1	0.3333333333333333	-5.451790968092112
0	0	0.8496748633104839	2.075162568344757	0	0.2905032786145762	0	0	0	0	0	0
0	0	0.8038638664530281	2.08326360507334	0	0.2784303340884498	0	0	0	0	0	0
0	0	0.7784985859157347	2	0	0.2801867850003451	0	0	0	0	0	0
0	0	0.9999999999999998	2	0	0.3333333333333334	0	0	0	0	0	0
1	0	0.8480227249231396	2.076814706732102	1	0.2899384135832881	1.179213682145882	0	-1.179213682145882	1	0.2899384135832881	-6.428826501773564
0	0	0.7784985859157347	2.221501414084265	0	0.2594995286385783	0	0	0	0	0	0
1	1	0.9999999999999998	2	0.5	0.3333333333333334	1	0.5000000000000001	-0.5000000000000001	0.888888888888889	0.5555555555555556	-2.725895484046057
0	0	0.8038638664530281	2.08326360507334	0	0.2784303340884498	0	0	0	0	0	0
0	0	0.1961361335469715	2.803863866453028	0	0.06537871118232387	0	0	0	0	0	0
0	0	0.7784985859157347	2.221501414084265	0	0.2594995286385783	0	0	0	0	0	0
1	0	0.9999999999999998	2	1	0.3333333333333334	1	0	-1	1	0.3333333333333334	-5.451790968092113
0	0	0	1.300650273379032	0	0	0	0	0	0	0	0
0	0	0.9999999999999998	1.778498585915735	0	0.3599066074998274	0	0	0	0	0	0
1	0	0.7784985859157348	2	1	0.2801867850003451	1.284523848972335	0	-1.284523848972335	1	0.2801867850003451	-7.002955518126295
0	0	0.7784985859157347	2.221501414084265	0	0.2594995286385783	0	0	0	0	0	0
1	0	0.9999999999999998	2	1	0.3333333333333334	1	0	-1	1	0.3333333333333334	-5.451790968092113
0	0	0.8496748633104839	2.075162568344757	0	0.2905032786145762	0	0	0	0	0	0
0	0	0.9999999999999998	2	0	0.3333333333333334	0	0	0	0	0	0
0	0	0.9999999999999998	2	0	0.3333333333333334	0	0	0	0	0	0
0	0	0.9999999999999998	2	0	0.3333333333333334	0	0	0	0	0	0
0	0	0.9999999999999998	2	0	0.3333333333333334	0	0	0	0	0	0
0	0	1.778498585915735	1.221501414084265	0	0.5928328619719117	0	0	0	0	0	0
0	0	0.8496748633104839	2.075162568344757	0	0.2905032786145762	0	0	0	0	0	0
1	0	0.7784985859157348	2.221501414084264	1	0.2594995286385783	1.284523848972335	0	-1.284523848972335	1	0.2594995286385784	-7.002955518126295
0	0	0.8038638664530281	1.417637547631236	0	0.3618561128777821	0	0	0	0	0	0
1	0	0.778498585915735	2.221501414084265	1	0.2594995286385783	1.284523848972335	0	-1.284523848972335	1	0.2594995286385784	-7.002955518126293
0	0	0.9999999999999998	2	0	0.3333333333333334	0	0	0	0	0	0
0	0	0.9143887161275578	2.085611283872442	0	0.304796238709186	0	0	0	0	0	0
0	0	0.7784985859157347	2.221501414084265	0	0.2594995286385783	0	0	0	0	0	0
0	0	1.778498585915735	1.221501414084265	0	0.5928328619719117	0	0	0	0	0	0
0	0	0.9999999999999998	2	0	0.3333333333333334	0	0	0	0	0	0
0	0	0.7784985859157347	2.221501414084265	0	0.2594995286385783	0	0	0	0	0	0
0	0	0.9999999999999998	1.778498585915735	0	0.3599066074998274	0	0	0	0	0	0
0	0	0.8038638664530281	2.120973565202213	0	0.2748405288283324	0	0	0	0	0	0
0	0	0	2.999999999999999	0	0	0	0	0	0	0	0
0	0	0.7784985859157347	2.221501414084265	0	0.2594995286385783	0	0	0	0	0	0
0	0	0.8038638664530281	2.08326360507334	0	0.2784303340884498	0	0	0	0	0	0
0	0	1.778498585915735	1.221501414084265	0	0.5928328619719117	0	0	0	0	0	0
0	0	0.7784985859157347	2.221501414084265	0	0.2594995286385783	0	0	0	0	0	0
0	0	0.8038638664530281	2.120973565202213	0	0.2748405288283324	0	0	0	0	0	0
0	1	0.8102263406161884	2.07690113091018	0	0.2806340726576362	0	0.4814865691568863	0.4814865691568863	0.7193659273423638	0.2806340726576362	2.624964128987171
0	0	0.9999999999999998	2	0	0.3333333333333334	0	0	0	0	0	0
0	0	0.8496748633104839	2.037452608215884	0	0.2942976614957972	0	0	0	0	0	0
1	0	0.8480227249231396	2.039104746603229	1	0.2937254185298602	1.179213682145882	0	-1.179213682145882	1	0.2937254185298602	-6.428826501773564
0	0	0.8038638664530281	1.417637547631236	0	0.3618561128777821	0	0	0	0	0	0
0	0	1.778498585915735	1.221501414084265	0	0.5928328619719117	0	0	0	0	0	0
1	0	0.9327564100829292	2.066795021185514	1	0.3109652997976725	1.072091265404536	0	-1.072091265404536	1	0.3109652997976725	-5.844817477702893
0	0	0.8038638664530281	2.120973565202213	0	0.2748405288283324	0	0	0	0	0	0
0	0	0.7784985859157347	2.221501414084265	0	0.2594995286385783	0	0	0	0	0	0
0	0	0.9999999999999998	2	0	0.3333333333333334	0	0	0	0	0	0
0	0	0.8496748633104839	2.075162568344757	0	0.2905032786145762	0	0	0	0	0	0
0	0	0.7784985859157347	2.221501414084265	0	0.2594995286385783	0	0	0	0	0	0
0	0	0	2.999999999999999	0	0	0	0	0	0	0	0
1	0	0.9999999999999998	1.985047852119765	1	0.3350030048228113	1	0	-1	1	0.3350030048228112	-5.451790968092113
0	0	0.7784985859157347	2.221501414084265	0	0.2594995286385783	0	0	0	0	0	0
0	0	0.9999999999999998	2	0	0.3333333333333334	0	0	0	0	0	0
0	0	0.7784985859157347	2.085611283872442	0	0.2718117046163843	0	0	0	0	0	0
0	0	0.7784985859157347	2.221501414084265	0	0.2594995286385783	0	0	0	0	0	0
0	0	0.8038638664530281	2.08326360507334	0	0.2784303340884498	0	0	0	0	0	0
0	0	0.1961361335469715	2.803863866453028	0	0.06537871118232387	0	0	0	0	0	0
0	0	0.7784985859157347	2	0	0.2801867850003451	0	0	0	0	0	0
0	0	0.7784985859157347	2.221501414084265	0	0.2594995286385783	0	0	0	0	0	0
0	0	0.8038638664530281	2.08326360507334	0	0.2784303340884498	0	0	0	0	0	0
0	0	0.7784985859157347	2.085611283872442	0	0.2718117046163843	0	0	0	0	0	0
0	0	0.7784985859157347	2.221501414084265	0	0.2594995286385783	0	0	0	0	0	0
0	0	0.7784985859157347	2.221501414084265	0	0.2594995286385783	0	0	0	0	0	0
0	0	0.9999999999999998	2	0	0.3333333333333334	0	0	0	0	0	0
0	0	0.7784985859157347	2.085611283872442	0	0.2718117046163843	0	0	0	0	0	0
0	0	0.1961361335469715	2.803863866453028	0	0.06537871118232387	0	0	0	0	0	0
0	0	0.9999999999999998	1.924837431655241	0	0.3418993442770847	0	0	0	0	0	0
0	0	0.9999999999999998	1.778498585915735	0	0.3599066074998274	0	0	0	0	0	0
1	0	0.7370239239920198	2.26297607600798	1	0.2456746413306733	1.356808059341677	0	-1.356808059341677	1	0.2456746413306733	-7.397033923353541
0	0	0.8871274715263686	1.999999999999999	0	0.3072699353511266	0	0	0	0	0	0
0	0	0.7784985859157347	2.221501414084265	0	0.2594995286385783	0	0	0	0	0	0
0	0	0.9999999999999998	1.924837431655241	0	0.3418993442770847	0	0	0	0	0	0
0	0	0.9999999999999998	2	0	0.3333333333333334	0	0	0	0	0	0
0	0	0.7784985859157347	2	0	0.2801867850003451	0	0	0	0	0	0
0	0	0.7784985859157347	2.221501414084265	0	0.2594995286385783	0	0	0	0	0	0
1	0	0.778498585915735	2.221501414084265	1	0.2594995286385783	1.284523848972335	0	-1.284523848972335	1	0.2594995286385784	-7.002955518126293
0	1	0.7784985859157347	2.221501414084265	0	0.2594995286385783	0	0.4501460110086019	0.4501460110086019	0.7405004713614216	0.2594995286385784	2.454101957139388
3	0	0.9999999999999998	2	1	0.3333333333333334	3.000000000000001	0	-3.000000000000001	0.9999999999999999	0.0370370370370372	-16.35537290427634
0	0	0.7784985859157347	2	0	0.2801867850003451	0	0	0	0	0	0
1	0	0.9119616206335999	2.036354067576775	1	0.3093161374408858	1.096537373256162	0	-1.096537373256162	1	0.3093161374408857	-5.978092547693392
0	0	0.7784985859157347	2.221501414084265	0	0.2594995286385783	0	0	0	0	0	0
0	0	0.8038638664530281	2.120973565202213	0	0.2748405288283324	0	0	0	0	0	0
1	0	0.9999999999999998	2	1	0.3333333333333334	1	0	-1	1	0.3333333333333334	-5.451790968092113
0	0	1.582362452368763	1.196136133546971	0	0.5695027020671488	0	0	0	0	0	0
0	0	0.7784985859157347	2.221501414084265	0	0.2594995286385783	0	0	0	0	0	0
0	0	0.7784985859157347	2.221501414084265	0	0.2594995286385783	0	0	0	0	0	0
1	0	1.135890130211823	1.801891955003538	1	0.3866488722660156	0.8803668360191829	0	-0.8803668360191829	1	0.3866488722660155	-4.799575965217211
0	0	0.7784985859157347	2.221501414084265	0	0.2594995286385783	0	0	0	0	0	0
0	0	0.8496748633104839	1.371826550773781	0	0.3824777503734934	0	0	0	0	0	0
0	0	0.9143887161275578	2.085611283872442	0	0.304796238709186	0	0	0	0	0	0
1	0	0.8461742788277747	2.040953192698594	1	0.2930851814382891	1.181789644309827	0	-1.181789644309827	1	0.2930851814382891	-6.442870109033103
2	0	1	1.932972980414327	1	0.3409509759134348	2	0	-2	0.9999999999999998	0.1162475679763237	-10.90358193618422
0	0	0.9999999999999998	2	0	0.3333333333333334	0	0	0	0	0	0
0	0	0.8496748633104839	2.075162568344757	0	0.2905032786145762	0	0	0	0	0	0
0	0	1.778498585915735	1.221501414084265	0	0.5928328619719117	0	0	0	0	0	0
0	0	0.8496748633104839	2.037452608215884	0	0.2942976614957972	0	0	0	0	0	0
0	0	0.9999999999999998	1.778498585915735	0	0.3599066074998274	0	0	0	0	0	0
1	0	1	1.994256555445695	1	0.3339727179293593	1	0	-1	1	0.3339727179293592	-5.451790968092112
0	0	0.7784985859157347	2	0	0.2801867850003451	0	0	0	0	0	0
0	0	0.8038638664530281	2.08326360507334	0	0.2784303340884498	0	0	0	0	0	0
0	0	0.7784985859157347	2.221501414084265	0	0.2594995286385783	0	0	0	0	0	0
0	0	0	1.300650273379032	0	0	0	0	0	0	0	0
0	0	0.9143887161275578	2.085611283872442	0	0.304796238709186	0	0	0	0	0	0
0	0	1.778498585915735	1.221501414084265	0	0.5928328619719117	0	0	0	0	0	0
0	0	0	1.300650273379032	0	0	0	0	0	0	0	0
0	0	0.9143887161275578	2.085611283872442	0	0.304796238709186	0	0	0	0	0	0
0	0	0.9999999999999998	2	0	0.3333333333333334	0	0	0	0	0	0
0	0	0.7784985859157347	2.221501414084265	0	0.2594995286385783	0	0	0	0	0	0
0	0	0.9999999999999998	2	0	0.3333333333333334	0	0	0	0	0	0
0	0	0.1961361335469715	2.803863866453028	0	0.06537871118232387	0	0	0	0	0	0
0	0	0.9999999999999998	1.778498585915735	0	0.3599066074998274	0	0	0	0	0	0
0	0	0.7784985859157347	2.085611283872442	0	0.2718117046163843	0	0	0	0	0	0
0	0	0.7784985859157347	2.221501414084265	0	0.2594995286385783	0	0	0	0	0	0
0	0	1.628173449226219	1.235936420561958	0	0.5684745080490348	0	0	0	0	0	0
0	0	0.9999999999999998	2	0	0.3333333333333334	0	0	0	0	0	0
0	0	0.7784985859157347	2.085611283872442	0	0.2718117046163843	0	0	0	0	0	0
0	0	0.9999999999999998	2	0	0.3333333333333334	0	0	0	0	0	0
0	0	0.9999999999999998	2	0	0.3333333333333334	0	0	0	0	0	0
0	0	1.628173449226219	1.235936420561958	0	0.5684745080490348	0	0	0	0	0	0
0	0	1.628173449226219	1.235936420561958	0	0.5684745080490348	0	0	0	0	0	0
0	0	0.9999999999999998	2	0	0.3333333333333334	0	0	0	0	0	0
0	0	0.7784985859157347	2.221501414084265	0	0.2594995286385783	0	0	0	0	0	0
0	0	0.9143887161275578	2.085611283872442	0	0.304796238709186	0	0	0	0	0	0
0	0	0	2.999999999999999	0	0	0	0	0	0	0	0
0	0	0	1.300650273379032	0	0	0	0	0	0	0	0
0	0	0.9999999999999998	2	0	0.3333333333333334	0	0	0	0	0	0
0	0	0.7784985859157347	2.085611283872442	0	0.2718117046163843	0	0	0	0	0	0
0	0	0.8038638664530281	1.417637547631236	0	0.3618561128777821	0	0	0	0	0	0
1	0	0.8307164856717212	2.056410985854647	1	0.2877311424121282	1.203780131065288	0	-1.203780131065288	1	0.2877311424121283	-6.562757646110477
0	0	0.9999999999999998	2	0	0.3333333333333334	0	0	0	0	0	0
0	0	0.7784985859157347	2.221501414084265	0	0.2594995286385783	0	0	0	0	0	0
0	0	0.9143887161275578	2.085611283872442	0	0.304796238709186	0	0	0	0	0	0
0	0	0.9329384683838244	2.067061531616175	0	0.3109794894612749	0	0	0	0	0	0
0	0	0.7784985859157347	2.085611283872442	0	0.2718117046163843	0	0	0	0	0	0
0	0	0.7784985859157347	2.221501414084265	0	0.2594995286385783	0	0	0	0	0	0
0	0	0.9143887161275578	2.085611283872442	0	0.304796238709186	0	0	0	0	0	0
0	0	0.7784985859157347	2.085611283872442	0	0.2718117046163843	0	0	0	0	0	0
0	0	0.9143887161275578	2.085611283872442	0	0.304796238709186	0	0	0	0	0	0