Observed S Changes	Observed NS Changes	E[S Sites]	E[NS Sites]	Observed S. Prop.	P{S}	dS	dN	dN-dS	P{S leq. observed}	P{S geq. observed}	Scaled dN-dS
0	0	0	2.999999999999997	0	0	0	0	0	0	0	0
1	1	0.8714076549105024	2.031302509630477	0.5	0.3002048449602279	1.147568528190982	0.4922949660422141	-0.6552735621487674	0.9098770510624055	0.5102867409828613	-0.5709452902209744
2.5	1.5	0.9994734454260007	2.000526554573996	0.625	0.3331578151420006	2.50131707994947	0.7498025940072656	-1.751514485942204	0.9383625732989063	0.2590252658215986	-1.526109100485085
1	6	0.9263423221116553	2.073657677888342	0.1428571428571428	0.3087807740372187	1.079514533806938	2.893438036556714	1.813923502749776	0.3111348224902343	0.9246105342883699	1.580486594514846
0	0	0.9258841646859863	2.07411583531401	0	0.3086280548953291	0	0	0	0	0	0
4	0	0.9999999999999989	1.999999999999998	1	0.3333333333333334	4.000000000000004	0	-4.000000000000004	1	0.01234567901234573	-3.485233180162106
2	0	1.679518199531258	1.202453548452572	1	0.5827670589436609	1.190817700313213	0	-1.190817700313213	0.9999999999999998	0.3396174449898445	-1.037569340163985
0	2	0.8084856024256158	2.191514397574382	0	0.2694952008085388	0	0.9126109334319893	0.9126109334319893	0.5336372616417571	0.4663627383582429	0.7951654764439692
0	2	0.8081207311236671	2.000535443282394	0	0.2877250474756164	0	0.9997323500144966	0.9997323500144966	0.5073356079936129	0.4926643920063871	0.8710750893879889
2	2	0.9261385607780633	2.073861439221933	0.5	0.3087128535926881	2.15950407930296	0.9643845833549783	-1.195119495947981	0.9095625260431586	0.3636984645553606	-1.041317530384128
1	1	1.805968440791799	1.194031559208198	0.5	0.6019894802639334	0.5537195320874853	0.8374988016758391	0.2837792695883539	0.6376086656515593	0.8415876261794262	0.2472592315528743
1	0	0.8081207311236668	2.074115835314011	1	0.2803797372269375	1.237438864623026	0	-1.237438864623026	1	0.2803797372269375	-1.078190747351573
3	1	1.80508635339258	1.192267039425849	0.75	0.6022267369998862	1.661970350815423	0.8387382750105736	-0.8232320758048497	0.8684653626566526	0.4790513361485003	-0.7172889363921964
2	6	0.9994080467724293	2.000591953227568	0.25	0.3331360155908101	2.001184607687486	2.999112332887355	0.9979277251998693	0.4687064183726323	0.8045842377049485	0.8695027048175683
5	2	0.8098749468107925	2.190125053189205	0.7142857142857143	0.2699583156035977	6.17379265735964	0.9131898642443501	-5.26060279311529	0.9979175109667177	0.01812964819775664	-4.583606850554711
2	3	0.9999999999999991	1.999999999999998	0.4	0.3333333333333333	2.000000000000002	1.500000000000001	-0.5000000000000004	0.7901234567901239	0.5390946502057611	-0.4356541475202632
0	1	0.8305010905587212	1.362734243305125	0	0.3786648326039952	0	0.7338187947597448	0.7338187947597448	0.6213351673960048	0.3786648326039952	0.6393824029308066
1	2	0.8308915394654354	2.072787413309838	0.3333333333333333	0.2861513111397137	1.203526516401121	0.9648842843976889	-0.2386422320034322	0.8012138925698258	0.6362370204035881	-0.207930956291576
4	6	0.9778575667482465	2.022142433251751	0.4	0.3259525222494158	4.090575290327346	2.96715003915504	-1.123425251172305	0.8017365792201219	0.4205839698190118	-0.9788497402044156
0	2	0.9999999999999988	1.999999999999998	0	0.3333333333333333	0	1.000000000000001	1.000000000000001	0.4444444444444445	0.5555555555555555	0.8713082950405268
4	2	0.997768797448458	1.938123087182002	0.6666666666666666	0.3398520233908568	4.008944767794895	1.031926203875919	-2.977018563918976	0.9805018917986158	0.1067014828393675	-2.593900969232237
1	2	0.8088375337621827	2.191162466237815	0.3333333333333333	0.269612511254061	1.236342229753675	0.9127575115112128	-0.3235847182424618	0.8211240368709976	0.6103631928606001	-0.2819420491530083
1	1	0.808120731123667	2.191659935505314	0.5	0.2693932726860984	1.237438864623026	0.4562751655947198	-0.7811636990283061	0.9274272646314736	0.4662138100036701	-0.6806344107479037
1	3	0.8082278204805287	2.191623891024212	0.25	0.2694225909170415	1.237274905243244	1.368848009134455	0.1315731038912105	0.7051174438398042	0.7151180356237081	0.1146407368246405
1	2	0.808120731123667	2.19187926887633	0.3333333333333333	0.2693735770412226	1.237438864623026	0.9124590156032192	-0.3249798490198067	0.8214062657795281	0.6099806780014565	-0.2831576381719752
4	6	0.9916160182310705	2.008383981768927	0.4	0.3305386727436905	4.033819468886295	2.987476525636982	-1.046342943249314	0.7925604967458613	0.4331030322363172	-0.9116872859102452
1	0	0.9999999999999992	1.999999999999998	1	0.3333333333333333	1.000000000000001	0	-1.000000000000001	1	0.3333333333333333	-0.8713082950405264
3	4	0.9977177279282313	2.002282272071765	0.4285714285714285	0.3325725759760775	3.006862478257777	1.997720329342572	-1.009142148915205	0.8278700347686148	0.427602100096427	-0.8792739252248395
2	0	1.807924852448631	1.191895708597224	1	0.6026776654328676	1.106240669954409	0	-1.106240669954409	1	0.3632203684116115	-0.9638766720424653
0	0	0.8081207311236669	2.07411583531401	0	0.2803797372269377	0	0	0	0	0	0
1	0	1.001848153366371	1.998151846633627	1	0.3339493844554571	0.9981552560034568	0	-0.9981552560034568	1	0.3339493844554571	-0.8697009542941113
5	0	0.999999999999999	1.999706218061003	1	0.3333659789678987	5.000000000000005	0	-5.000000000000005	1	0.00411724189483198	-4.356541475202633
1	0	0.8081207311236669	2.19187926887633	1	0.2693735770412226	1.237438864623026	0	-1.237438864623026	1	0.2693735770412226	-1.078190747351572
1	1	0.8081207311236669	2.191660316155368	0.5	0.2693932385020822	1.237438864623026	0.4562750863483306	-0.7811637782746953	0.9274272830493602	0.4662137600535247	-0.6806344797959399
0	1	0.999999999999999	1.999926792368476	0	0.3333414677131131	0	0.5000183025778251	0.5000183025778251	0.666658532286887	0.333341467713113	0.4356700947081424
0	0	0.9999999999999988	1.999999999999998	0	0.3333333333333333	0	0	0	0	0	0
2	1	0.9999999999999991	1.999633999055602	0.6666666666666666	0.3333740050668972	2.000000000000002	0.5000915169837507	-1.499908483016251	0.9629494040641847	0.2593134898913996	-1.306882703053711
1	0	0.8081207311236669	2.19187926887633	1	0.2693735770412226	1.237438864623026	0	-1.237438864623026	1	0.2693735770412226	-1.078190747351572
4	0	0.9999999999999991	1.936302918464565	1	0.3405643177042898	4.000000000000004	0	-4.000000000000004	0.9999999999999997	0.01345230089672567	-3.485233180162106
9	1	0.9992391192119926	2.000760880788004	0.9	0.3330797064039979	9.006853141515784	0.4998098521429247	-8.507043289372859	0.9999831933277183	0.0003533240462773035	-7.41225738429941
0	5	0.174274430026579	2.825725569973418	0	0.05809147667552639	0	1.769457038974608	1.769457038974608	0.741384725591992	0.258615274408008	1.541742595776422
3	0	0.999999999999999	1.999999999999998	1	0.3333333333333334	3.000000000000003	0	-3.000000000000003	0.9999999999999999	0.0370370370370372	-2.613924885121579
0	0	0.8304699262768629	2.072203131445641	0	0.2861052243095081	0	0	0	0	0	0
1	0	0.9999999999999989	1.999999999999998	1	0.3333333333333334	1.000000000000001	0	-1.000000000000001	1	0.3333333333333334	-0.8713082950405265
0	0	0.9258841646859866	2.07411583531401	0	0.3086280548953292	0	0	0	0	0	0
5	0	0.9999999999999991	1.999999999999998	1	0.3333333333333333	5.000000000000004	0	-5.000000000000004	1	0.004115226337448097	-4.356541475202632
1	2	0.808120731123667	2.19187926887633	0.3333333333333333	0.2693735770412226	1.237438864623026	0.9124590156032192	-0.3249798490198067	0.8214062657795281	0.6099806780014565	-0.2831576381719752
1	2	0.8082106284622039	2.191740436419136	0.3333333333333333	0.2694079373238616	1.237301224190428	0.9125168139287508	-0.3247844102616771	0.821365689162987	0.6100357015134316	-0.2829873507608445
1	4	0.9943997869975143	1.201172688448148	0.2	0.4529113924128917	1.005631752013338	3.33007904564313	2.324447293629793	0.2518785929188158	0.9509895876747965	2.025310208324139
1	2	0.9254774530611162	2.074522546938881	0.3333333333333333	0.3084924843537057	1.080523352235533	0.9640772538004733	-0.1164460984350594	0.7732141479605805	0.6693331076873252	-0.1014604514915728
1	0	0.8305011001102164	2.105222596441538	1	0.2828948450038766	1.204092324341641	0	-1.204092324341641	1	0.2828948450038766	-1.049135630193498
5	0	0.9999999999999991	1.999999999999998	1	0.3333333333333333	5.000000000000004	0	-5.000000000000004	1	0.004115226337448097	-4.356541475202632
2	0	0.9999999999999989	1.999999999999998	1	0.3333333333333334	2.000000000000002	0	-2.000000000000002	1	0.111111111111111	-1.742616590081053
0	0	0.8081207311236669	2.19187926887633	0	0.2693735770412226	0	0	0	0	0	0
4	0	0.9999999999999993	1.999999999999999	1	0.3333333333333333	4.000000000000003	0	-4.000000000000003	1	0.01234567901234551	-3.485233180162105
2	0	0.999999999999999	1.999999999999998	1	0.3333333333333334	2.000000000000002	0	-2.000000000000002	1	0.111111111111111	-1.742616590081053
10	0	0.870730013746153	2.064993682805602	1	0.2965980806602801	11.48461617508379	0	-11.48461617508379	0.9999999999999996	5.268456069407179e-06	-10.0066413387071
2	0	1.798074801076405	1.192666671809575	1	0.6012137181958809	1.112300777922428	0	-1.112300777922428	1	0.361457934946916	-0.9691568943838408
2	1	0.9999435871693879	2.000056412830609	0.6666666666666666	0.333314529056463	2.000112832026398	0.4999858971901374	-1.500126934836261	0.9629692307016589	0.2592341872437129	-1.307073041936552
1	0	0.8713381996300759	1.320541069246254	1	0.3975301979459702	1.147660002080188	0	-1.147660002080188	1	0.3975301979459702	-0.9999656796986947
3	5	0.8081207311236682	2.191879268876334	0.375	0.2693735770412226	3.712316593869072	2.281147539008044	-1.431169054861027	0.8576558227728999	0.3702365964606664	-1.246989469105722
1	0	0.9999999999999991	1.999999999999998	1	0.3333333333333333	1.000000000000001	0	-1.000000000000001	1	0.3333333333333333	-0.8713082950405264
1	0	0.9999999999999989	1.80826181779793	1	0.3560921541083869	1.000000000000001	0	-1.000000000000001	1	0.3560921541083869	-0.8713082950405265
1	1	0.5213956859056978	2.478604314094303	0.5	0.1737985619685659	1.917929179377339	0.4034528602704405	-1.514476319106899	0.9697940598576585	0.3173911837947904	-1.319575779480283
1	3	0.9994154925821948	1.9999240452026	0.25	0.3332118554741313	1.00058484926654	1.500056968261557	0.4994721189950166	0.5928085532240029	0.8023251226869802	0.4351942004218265
0	1	0.8348604980245512	2.100825453663638	0	0.2843834496480995	0	0.4760033720345952	0.4760033720345952	0.7156165503519005	0.2843834496480995	0.4147456865210041
0	2	0.1702852796598062	2.829714720340191	0	0.05676175988660213	0	0.706785028760623	0.706785028760623	0.8896983776122199	0.1103016223877801	0.6158276583695873
0	0	0.808120731123667	2.07411583531401	0	0.2803797372269377	0	0	0	0	0	0
1	7	0.8085760443569415	2.191155873666347	0.125	0.2695494352341201	1.236742056580835	3.194660902096054	1.957918845515219	0.3203018361602751	0.9189549240454902	1.70595093111358
2	2	0.808120731123667	2.191879268876331	0.5	0.2693735770412226	2.474877729246052	0.912459015603219	-1.562418713642833	0.9376105099146927	0.2947979783556365	-1.361348385523548
0	0	0.9999999999999991	1.999999999999998	0	0.3333333333333333	0	0	0	0	0	0
1	0	0.8081207311236667	2.19187926887633	1	0.2693735770412226	1.237438864623026	0	-1.237438864623026	1	0.2693735770412226	-1.078190747351573
1	1	0.8738811241888752	1.329379415389496	0.5	0.3966308607134161	1.144320402764377	0.7522306938286757	-0.3920897089357011	0.8426839603297347	0.635945681756567	-0.3416310157957016
2	3	0.9266182515243702	2.073381748475627	0.4	0.3088727505081237	2.158386149538734	1.446911550275598	-0.7114745992631364	0.8249848153013656	0.489959113242183	-0.6199137200486046
2	0	1.002156649940196	1.997843350059801	1	0.3340522166467322	1.995695982378954	0	-1.995695982378954	1	0.1115908834465953	-1.738866463825833
0	0	0.8081207311236669	2.19187926887633	0	0.2693735770412226	0	0	0	0	0	0
2	0	0.9999999999999989	1.935797061261455	1	0.3406229991831652	2.000000000000002	0	-2.000000000000002	1	0.1160240275725346	-1.742616590081053
0	4	0.8313029606662053	2.101939590464256	0	0.2834075076218378	0	1.903004262418654	1.903004262418654	0.2636871797593718	0.7363128202406282	1.65810339934285
1	1	0.808120731123667	2.19187926887633	0.5	0.2693735770412226	1.237438864623026	0.4562295078016096	-0.7812093568214162	0.9274378759920165	0.4661850300744617	-0.6806741927617738
1	0	0.8081207311236669	2.07411583531401	1	0.2803797372269377	1.237438864623026	0	-1.237438864623026	1	0.2803797372269377	-1.078190747351572
2	0	0.9999999999999991	1.999999999999998	1	0.3333333333333333	2.000000000000002	0	-2.000000000000002	1	0.1111111111111109	-1.742616590081053
4	1	1.805862602141455	1.193699067641935	0.8	0.602042165138036	2.215007938730588	0.8377320776294366	-1.377275861101151	0.9209076381310791	0.3404978489435526	-1.200031882336516
0	4	0.1692000183626463	2.83079998163735	0	0.05640000612088217	0	1.413028128425512	1.413028128425512	0.7927782333603554	0.2072217666396446	1.231183129422738
0	0	0.8081207311236669	2.19187926887633	0	0.2693735770412226	0	0	0	0	0	0
2	0	0.999999999999999	1.999999999999998	1	0.3333333333333334	2.000000000000002	0	-2.000000000000002	1	0.111111111111111	-1.742616590081053
0	0	1.808120731123666	1.191879268876331	0	0.6027069103745558	0	0	0	0	0	0
0	0	1.679568124227182	1.202668442210495	0	0.5827308361100482	0	0	0	0	0	0
3	0	0.9999999999999991	1.936410349588616	1	0.3405518578628143	3.000000000000003	0	-3.000000000000003	0.9999999999999998	0.03949569511293372	-2.613924885121579
1	0	0.8081207311236671	2.191879268876331	1	0.2693735770412226	1.237438864623026	0	-1.237438864623026	1	0.2693735770412226	-1.078190747351572
1	0	0.9999999999999991	1.999999999999998	1	0.3333333333333333	1.000000000000001	0	-1.000000000000001	1	0.3333333333333333	-0.8713082950405264
3	1	0.8707819895450438	1.325408782782537	0.75	0.3964965159297916	3.445179202164488	0.7544842112035954	-2.690694990960893	0.9752851771517748	0.1751875871508808	-2.344424865048218
0	0	0.8081207311236669	2.074115835314011	0	0.2803797372269375	0	0	0	0	0	0
1	0	0.8081207311236669	2.19187926887633	1	0.2693735770412226	1.237438864623026	0	-1.237438864623026	1	0.2693735770412226	-1.078190747351572
1	6	0.9973716950794275	2.002603844936103	0.1428571428571428	0.3324599423481513	1.00263523111147	2.996099310990508	1.993464079879038	0.2649878521541813	0.9409334883143212	1.736921788663935
1	2	0.8083397488155837	2.191660251184417	0.3333333333333333	0.2694465829385279	1.237103583567733	0.912550199748871	-0.3245533838188623	0.8213200480246936	0.6100975812420572	-0.2827860555048463
1	0	0.8305011134748086	1.361378155401522	1	0.3788991142293006	1.204092304965143	0	-1.204092304965143	1	0.3788991142293006	-1.049135613310595
2	0	0.8081207311236667	2.19187926887633	1	0.2693735770412226	2.474877729246053	0	-2.474877729246053	1	0.07256212400798345	-2.156381494703146
0	0	0.8713850454583666	2.031288012264137	0	0.3002008934971385	0	0	0	0	0	0
2	1	0.8332776864877758	2.070335301236066	0.6666666666666666	0.2869795974913953	2.400160273617671	0.4830135482899622	-1.917146725327709	0.9763651382443003	0.1998021446175706	-1.670425844587813
0	0	0	1.257105213792966	0	0	0	0	0	0	0	0
1	0	0.808120731123667	2.191879268876331	1	0.2693735770412226	1.237438864623026	0	-1.237438864623026	1	0.2693735770412226	-1.078190747351572
2	0	0.999999999999999	1.999999999999998	1	0.3333333333333334	2.000000000000002	0	-2.000000000000002	1	0.111111111111111	-1.742616590081053
0	0	0.8081207311236669	2.19187926887633	0	0.2693735770412226	0	0	0	0	0	0
0	1	0.9996614116153562	2.000338588384642	0	0.3332204705384523	0	0.4999153672316757	0.4999153672316757	0.6667795294615477	0.3332204705384523	0.4355804062871896
2	0	0.8305166542448051	2.10520704230695	1	0.282900143232251	2.408139547567068	0	-2.408139547567068	1	0.08003249104082821	-2.098231963410325
2	0	1.095095929999302	1.260498055604827	1	0.4648916310246257	1.826324018938938	0	-1.826324018938938	1	0.2161242285967366	-1.591291267133247
3	2	0.8082667046411547	2.191733295358843	0.6	0.2694222348803851	3.711646146963219	0.9125197870722442	-2.799126359890975	0.9793330794507958	0.1250507448273023	-2.438902016239598
1	1	0.831710220568032	2.070962837154473	0.5	0.2865325181405751	1.202341843673667	0.4828671872132732	-0.7194746564603941	0.917899116048021	0.4909641523291712	-0.6268842362453738
2	0	0.999999999999999	1.999999999999998	1	0.3333333333333334	2.000000000000002	0	-2.000000000000002	1	0.111111111111111	-1.742616590081053
1	1	0.8081207311236668	2.026175291700565	0.5	0.285122204814166	1.237438864623026	0.4935407139234739	-0.7438981506995521	0.918705328321909	0.4889497379502407	-0.6481646293698268
0	0	0.808120731123667	2.19187926887633	0	0.2693735770412226	0	0	0	0	0	0
2	4	0.8082892482474645	2.191562584246905	0.3333333333333333	0.2694430569843758	2.474361751484888	1.825181735056193	-0.6491800164286952	0.7986533904674165	0.5115464309790128	-0.5656359332888667
0	0	0.8081207311236669	2.07411583531401	0	0.2803797372269377	0	0	0	0	0	0
1	0	0.8081207311236668	1.999999999999998	1	0.2877799099472118	1.237438864623026	0	-1.237438864623026	1	0.2877799099472118	-1.078190747351573
1	0	0.999999999999999	1.999999999999998	1	0.3333333333333334	1.000000000000001	0	-1.000000000000001	1	0.3333333333333334	-0.8713082950405265
0	1	0.808120731123667	2.000513166313239	0	0.2877273295964772	0	0.4998717413307046	0.4998717413307046	0.7122726704035227	0.2877273295964773	0.4355423946777949
1	1	0.8081207311236669	2.191879268876331	0.5	0.2693735770412226	1.237438864623026	0.4562295078016095	-0.7812093568214165	0.9274378759920165	0.4661850300744617	-0.680674192761774
2	0	0.9999999999999989	1.999999999999998	1	0.3333333333333334	2.000000000000002	0	-2.000000000000002	1	0.111111111111111	-1.742616590081053
5	0	0.9999999999999992	1.999999999999998	1	0.3333333333333333	5.000000000000004	0	-5.000000000000004	1	0.004115226337448097	-4.356541475202631
0	0	0.8081207311236668	2.19187926887633	0	0.2693735770412226	0	0	0	0	0	0
0	1	0.8081207311236669	2.000146018988172	0	0.2877649465071235	0	0.4999634979179556	0.4999634979179556	0.7122350534928765	0.2877649465071235	0.4356223429533913
3	2	0.9999999999999991	1.999999999999998	0.6	0.3333333333333333	3.000000000000003	1.000000000000001	-2.000000000000002	0.9547325102880663	0.2098765432098761	-1.742616590081053
0	0	0.999999999999999	1.999999999999998	0	0.3333333333333334	0	0	0	0	0	0
3	0	0.9999999999999992	1.999999999999998	1	0.3333333333333333	3.000000000000002	0	-3.000000000000002	1	0.03703703703703698	-2.613924885121579
8	0	0.943213531622919	2.055748551965902	1	0.3145133233875991	8.481642525033521	0	-8.481642525033521	0.9999999999999994	9.574417950553027e-05	-7.390125487630177
1	0	0.999999999999999	1.808193791793381	1	0.3561007801250693	1.000000000000001	0	-1.000000000000001	1	0.3561007801250693	-0.8713082950405265
2	0	1.807217206405539	1.191760156970062	1	0.6026111528802485	1.106673836941768	0	-1.106673836941768	1	0.3631402015756621	-0.9642540940316883
0	5	0.9995201563242536	2.000479843675744	0	0.3331733854414182	0	2.499400339277023	2.499400339277023	0.1318452918455794	0.8681547081544206	2.177748248239174
0	0	0.999999999999999	1.999999999999998	0	0.3333333333333334	0	0	0	0	0	0
1	0	0.9999999999999991	1.811164104962829	1	0.3557245193315465	1.000000000000001	0	-1.000000000000001	1	0.3557245193315466	-0.8713082950405264
5	0	0.9999999999999989	1.999617161335746	1	0.3333758763917372	5.000000000000005	0	-5.000000000000005	1	0.004117853122587944	-4.356541475202633
2	0	0.999999999999999	1.999607740382142	1	0.3333769234348629	2.000000000000002	0	-2.000000000000002	1	0.1111401730788945	-1.742616590081053
2	0	0.999999999999999	1.999999999999998	1	0.3333333333333334	2.000000000000002	0	-2.000000000000002	1	0.111111111111111	-1.742616590081053
3	0	1.807385964606237	1.191940936418578	1	0.6025971907192532	1.659855757845054	0	-1.659855757845054	1	0.2188171252152207	-1.446246090381174
1	0	0.8707760250160685	2.064947671535687	1	0.2966137535486957	1.148400933502443	0	-1.148400933502443	1	0.2966137535486957	-1.000611259392962
0	0	0.8081207311236669	2.19187926887633	0	0.2693735770412226	0	0	0	0	0	0
2	6	0.8082193145964738	2.191669509433319	0.25	0.2694164224095416	2.474575853212016	2.737639034614926	0.2630631814029094	0.6296546595094948	0.6793930969911292	0.2292091320761055
1	1	0.808120731123667	2.191879268876331	0.5	0.2693735770412226	1.237438864623026	0.4562295078016095	-0.7812093568214165	0.9274378759920165	0.4661850300744617	-0.680674192761774
0	0	0.8304699262768629	2.105253770274892	0	0.2828842262139032	0	0	0	0	0	0
1	11	0.808671546964596	2.190957918676389	0.08333333333333333	0.2695904798334126	1.236595999641101	5.020634995420344	3.784038995779243	0.1251780303897174	0.9769433024884089	3.297064565779275
0	0	0.808120731123667	2.19187926887633	0	0.2693735770412226	0	0	0	0	0	0
0	0	0.8081207311236669	2.19187926887633	0	0.2693735770412226	0	0	0	0	0	0
0	0	0	1.257105213792966	0	0	0	0	0	0	0	0
1	2	0.999708050545245	2.000291949454752	0.3333333333333333	0.3332360168484153	1.000292034714131	0.9998540465781347	-0.000437988135995937	0.7408704865816232	0.7035739294485616	-0.0003816226960225977
2	0	0.9999999999999991	1.936163583461141	1	0.3405804791098194	2.000000000000002	0	-2.000000000000002	0.9999999999999999	0.1159950627506743	-1.742616590081053
1	0	0.999999999999999	1.999999999999998	1	0.3333333333333334	1.000000000000001	0	-1.000000000000001	1	0.3333333333333334	-0.8713082950405265
4	0	0.9999999999999992	1.999999999999998	1	0.3333333333333333	4.000000000000004	0	-4.000000000000004	1	0.01234567901234551	-3.485233180162106
1	0	0.8305167500449607	1.361362518831369	1	0.3789062480940049	1.204069634894015	0	-1.204069634894015	1	0.3789062480940049	-1.049115860689573
4	0	0.8081207311236668	2.19187926887633	1	0.2693735770412226	4.949755458492104	0	-4.949755458492104	1	0.005265261840549984	-4.31276298940629
4	0	0.999999999999999	1.936360354845431	1	0.3405576561302671	4.000000000000004	0	-4.000000000000004	1	0.01345124839810152	-3.485233180162106
0	0	0.999483944309852	2.000219788949596	0	0.3331942195584171	0	0	0	0	0	0
3	0	0.808120731123668	2.191879268876333	1	0.2693735770412226	3.712316593869073	0	-3.712316593869073	0.9999999999999999	0.01954631890173941	-3.234572242054713
1	0	0.9999999999999989	1.999999999999998	1	0.3333333333333334	1.000000000000001	0	-1.000000000000001	1	0.3333333333333334	-0.8713082950405265
0	3	0.9999999999999989	1.999999999999998	0	0.3333333333333334	0	1.500000000000002	1.500000000000002	0.2962962962962962	0.7037037037037037	1.30696244256079
0	0	0.808120731123667	2.07411583531401	0	0.2803797372269377	0	0	0	0	0	0
0	7	0.1952415437882764	2.800831519498259	0	0.06516581527357901	0	2.499257792290905	2.499257792290905	0.6239389476439346	0.3760610523560654	2.177624045867737
2	0	0.9434944210018721	2.056134812278934	1	0.3145370136194923	2.119779360090177	0	-2.119779360090177	1	0.09893353293666851	-1.846981340102268
0	5	0.9202129120100112	1.990172435860717	0	0.3161824988856715	0	2.512345116385647	2.512345116385647	0.1495206092732374	0.8504793907267626	2.189027139911369
1	0	0.9999999999999991	1.999999999999998	1	0.3333333333333333	1.000000000000001	0	-1.000000000000001	1	0.3333333333333333	-0.8713082950405264
2	5	0.8092007147302125	2.186164006815926	0.2857142857142857	0.2701509799155682	2.471574683009023	2.287111115365187	-0.184463567643836	0.7135339637345035	0.6038591759472768	-0.1607246366208434
1	1	0.808266648164885	2.191733351835117	0.5	0.2694222160549615	1.237215468769412	0.4562598817792821	-0.7809555869901303	0.9274116694960337	0.4662561016059567	-0.6804530810027434
1	1	0.8081937297017956	2.191806270298201	0.5	0.2693979099005988	1.237327095285652	0.4562447026232602	-0.7810823926623917	0.927424766141189	0.4662205859423864	-0.6805635678368428
2	0	0.8081207311236671	2.191879268876331	1	0.2693735770412226	2.474877729246051	0	-2.474877729246051	1	0.07256212400798345	-2.156381494703144
0	0	0.8081207311236669	2.19187926887633	0	0.2693735770412226	0	0	0	0	0	0
0	0	0.8081207311236669	2.19187926887633	0	0.2693735770412226	0	0	0	0	0	0
3	1	0.9026553249835404	2.000499897342363	0.75	0.3109221711749762	3.323527726438332	0.4998750568937727	-2.82365266954456	0.9906544090805034	0.09219384166414335	-2.460271993287499
4	0	1.65779744333475	1.183443536797042	1	0.5834765354038546	2.412840010148515	0	-2.412840010148515	1	0.1159027077164562	-2.102327515448067
0	0	0.8081207311236669	2.19187926887633	0	0.2693735770412226	0	0	0	0	0	0
0	0	0	1.257105213792966	0	0	0	0	0	0	0	0
3	0	1.679868741178719	1.202517488596234	1	0.5828048732073903	1.78585381492067	0	-1.78585381492067	1	0.1979563892335701	-1.556029242670148
1	0	0.999999999999999	1.999999999999998	1	0.3333333333333334	1.000000000000001	0	-1.000000000000001	1	0.3333333333333334	-0.8713082950405265
6	2	0.8081633092983802	2.190297113752941	0.75	0.2695260884837591	7.424242020104817	0.9131181278749538	-6.511123892229863	0.9993683411233121	0.006359253898671424	-5.673196257336433
2	4	1.590812098604866	1.218182453136394	0.3333333333333333	0.5663279402299809	1.257219505530534	3.283580378047147	2.026360872516613	0.2289409820183788	0.9412251028123659	1.765585036969282
2	7	0.8117255242469213	2.172815250375723	0.2222222222222222	0.2719766910705226	2.463887040949588	3.221626872689503	0.7577398317399147	0.5392784007458185	0.7493791098123133	0.6602250008775998
0	3	0.8180508355799259	2.133797144101002	0	0.2771317632923465	0	1.405944331818825	1.405944331818825	0.3777264751728124	0.6222735248271876	1.225010958678951
2	15	0.8704656052470612	2.055670872359252	0.1176470588235294	0.2974794962260727	2.297620937512341	7.296887941397349	4.999267003885008	0.08057698932765409	0.9797258893270474	4.355902809607404
3	0	0.808120731123667	1.999999999999998	1	0.2877799099472119	3.712316593869077	0	-3.712316593869077	0.9999999999999999	0.02383314839316508	-3.234572242054717
0	1	0.9997408301303082	1.999023751633974	0	0.3333842330304317	0	0.5002441812822955	0.5002441812822955	0.6666157669695683	0.3333842330304317	0.4358669046970206
1	0	0.9999999999999991	1.999999999999998	1	0.3333333333333333	1.000000000000001	0	-1.000000000000001	1	0.3333333333333333	-0.8713082950405264
2	0	1.676302363116173	1.20002742988179	1	0.5827921287735869	1.193102177749178	0	-1.193102177749178	1	0.3396466653604491	-1.039559824303774
1	0	0.8081207311236669	2.19187926887633	1	0.2693735770412226	1.237438864623026	0	-1.237438864623026	1	0.2693735770412226	-1.078190747351572
5	0	0.9999999999999992	1.999999999999998	1	0.3333333333333333	5.000000000000004	0	-5.000000000000004	1	0.004115226337448097	-4.356541475202631
1	0	0.9999999999999989	1.999999999999998	1	0.3333333333333334	1.000000000000001	0	-1.000000000000001	1	0.3333333333333334	-0.8713082950405265
0	0	0	2.999999999999997	0	0	0	0	0	0	0	0
1	1	0.9999999999999991	1.999780765952376	0.5	0.3333576944522203	1.000000000000001	0.5000548145205106	-0.4999451854794903	0.8888726475495001	0.5555880364539407	-0.435606387173854
0	0	0.808120731123667	2.19187926887633	0	0.2693735770412226	0	0	0	0	0	0
0	1	0.8086513001799119	2.190533266599749	0	0.2696237201060926	0	0.4565098440857044	0.4565098440857044	0.7303762798939073	0.2696237201060927	0.3977608139195313
3	2	0.8319262567930938	2.103797439758661	0.6	0.2833802982788396	3.606088851630178	0.9506618661107564	-2.655426985519421	0.9750658684525469	0.1417996653173925	-2.313695559357529
1	0	0.8303438068376257	1.429062062618353	1	0.3675053774369261	1.20432041735641	0	-1.20432041735641	1	0.3675053774369261	-1.049334369529308
1	0	0.8081207311236668	2.19187926887633	1	0.2693735770412226	1.237438864623026	0	-1.237438864623026	1	0.2693735770412226	-1.078190747351573
0	0	0.808120731123667	2.19187926887633	0	0.2693735770412226	0	0	0	0	0	0
1	0	0.8305479737108825	2.072125084011622	1	0.2861321124338222	1.204024369034346	0	-1.204024369034346	1	0.2861321124338223	-1.049076420170561
1	0	1.680062423790377	1.202543224187104	1	0.5828277013781462	0.595215978787209	0	-0.595215978787209	1	0.5828277013781462	-0.5186166196579607
0	0	0.808120731123667	1.999999999999998	0	0.2877799099472119	0	0	0	0	0	0
1	1	0.9259972197017136	2.074002780298283	0.5	0.3086657399005716	1.079916849342296	0.4821594307873494	-0.5977574185549464	0.9047254610116325	0.522056940812776	-0.5208309972089361
0	0	0	1.257105213792966	0	0	0	0	0	0	0	0
1	0	0.9999999999999991	1.997894762068184	1	0.3335674129235012	1.000000000000001	0	-1.000000000000001	1	0.3335674129235012	-0.8713082950405264
1	1	0.9999435931422439	2.000056406857753	0.5	0.333314531047415	1.000056410039669	0.4999858986832672	-0.5000705113564019	0.8889014233926418	0.5555304854874719	-0.4357155846499903
2	1	0.8082667073887053	2.191733292611292	0.6666666666666666	0.2694222357962354	2.474430756230784	0.4562598941080884	-2.018170862122696	0.9804430868369327	0.1786511970981923	-1.758449012976594
2	0	0.808120731123667	2.19187926887633	1	0.2693735770412226	2.474877729246052	0	-2.474877729246052	1	0.07256212400798345	-2.156381494703145
1	0	0.9999999999999992	1.999999999999998	1	0.3333333333333333	1.000000000000001	0	-1.000000000000001	1	0.3333333333333333	-0.8713082950405264
1	3	0.9999999999999991	1.999999999999998	0.25	0.3333333333333333	1.000000000000001	1.500000000000001	0.5000000000000004	0.5925925925925928	0.802469135802469	0.4356541475202632
6	0	0.9999999999999989	1.999999999999998	1	0.3333333333333334	6.000000000000007	0	-6.000000000000007	0.9999999999999999	0.001371742112482921	-5.22784977024316
0	2	0.8081462661617294	2.19178029504802	0	0.2693886832469114	0	0.9125002193507636	0.9125002193507636	0.5337928961676819	0.4662071038323181	0.7950690103466195
1	1	0.8596069806229467	2.058387516873996	0.5	0.2945882801904932	1.163322335138917	0.4858171708691016	-0.6775051642698152	0.9132177451744076	0.5023943055553938	-0.590315869561084
2	0	0.808120731123667	2.19187926887633	1	0.2693735770412226	2.474877729246052	0	-2.474877729246052	1	0.07256212400798345	-2.156381494703145
0	0	0.8304699262768629	1.361409342599467	0	0.3788848857093322	0	0	0	0	0	0
2	4	0.9265048118612901	2.073495188138708	0.3333333333333333	0.3088349372870969	2.158650418643941	1.929109854163991	-0.2295405644799502	0.7277786692186691	0.5987123326365199	-0.2000005978796652
1	4	0.8086318082580891	2.191075843709488	0.2	0.2695702055257582	1.236656769851963	1.825587193379854	0.5889304235278918	0.5915863567454267	0.7920818513187891	0.5131399632215821
4	2	1.805884300126454	1.193756465707662	0.6666666666666666	0.6020335237123929	2.214981325060474	1.675383595777547	-0.5395977292829266	0.763544065968253	0.5485366541738658	-0.4701559775092459
1	1	0.808120731123667	2.000365781873949	0.5	0.2877424290213613	1.237438864623026	0.4999085712530019	-0.737530293370024	0.9172042945408869	0.4926891525836093	-0.6426162624569742
2	1	0.9999999999999989	1.999999999999998	0.6666666666666666	0.3333333333333334	2.000000000000002	0.5000000000000006	-1.500000000000002	0.9629629629629628	0.2592592592592594	-1.30696244256079
0	3	0.842112234560487	1.353009329255296	0	0.3836289745596786	0	2.217279611553912	2.217279611553912	0.2341675139349765	0.7658324860650235	1.931934117971158
1	1	1.000000000000001	1.882444391670917	0.5	0.3469277682822228	0.9999999999999991	0.53122419149517	-0.4687758085048291	0.8796411235947164	0.5734966601591618	-0.4084482504645866
0	0	0.9999999999999988	1.819619338589308	0	0.3546578030282316	0	0	0	0	0	0
3	1	0.9997418205035372	1.936153146739273	0.75	0.3405237011739645	3.000774738510987	0.516488068975394	-2.484286669535593	0.9865541153720582	0.1176059439519385	-2.164579582424963
1	0	0.9027824560543728	2.000150437279149	1	0.3109897780026468	1.107686567559718	0	-1.107686567559718	1	0.3109897780026467	-0.9651364946197497
1	1	0.923639215984064	2.076360784015932	0.5	0.307879738661355	1.082673821871649	0.4816118700074268	-0.6010619518642222	0.9052100665218159	0.5209695438445257	-0.5237102644925459
1	0	0.9999999999999991	1.999999999999998	1	0.3333333333333333	1.000000000000001	0	-1.000000000000001	1	0.3333333333333333	-0.8713082950405264
1	0	0.9999999999999993	1.999999999999999	1	0.3333333333333333	1.000000000000001	0	-1.000000000000001	1	0.3333333333333333	-0.8713082950405262
1	0	0.9999999999999989	1.999865481428697	1	0.33334828051148	1.000000000000001	0	-1.000000000000001	1	0.33334828051148	-0.8713082950405265
3	0	0.999999999999999	1.999999999999998	1	0.3333333333333334	3.000000000000003	0	-3.000000000000003	0.9999999999999999	0.0370370370370372	-2.613924885121579
1	4	0.830720998660718	2.070867703944934	0.2	0.2862986742106913	1.203773591388917	1.931557478239741	0.7277838868508246	0.5565865774165693	0.8148249299686502	0.6341241376099588
1	3	0.9035248735036571	1.999648471092748	0.25	0.311219746897085	1.106776392466358	1.5002636930283	0.3934873005619417	0.6318616626295344	0.7749273363405971	0.3428487489727243
3	1	0.8081207311236671	2.19187926887633	0.75	0.2693735770412226	3.712316593869077	0.4562295078016096	-3.256087086067467	0.9947347381594497	0.06238949008530759	-2.837055687464918
0	0	0.8304699262768629	1.361409342599467	0	0.3788848857093322	0	0	0	0	0	0
1	0	0.8308129594688786	1.361066309407452	1	0.3790413875736851	1.203640348411608	0	-1.203640348411608	1	0.3790413875736851	-1.048741819816502
1	2	0.9999999999999993	1.999999999999999	0.3333333333333333	0.3333333333333333	1.000000000000001	1.000000000000001	0	0.7407407407407408	0.7037037037037037	0
2	0	0.9999999999999986	1.999999999999997	1	0.3333333333333334	2.000000000000003	0	-2.000000000000003	1	0.111111111111111	-1.742616590081054
1	3	0.926607106347037	2.07339289365296	0.25	0.3088690354490127	1.079206055242011	1.446903772644131	0.3676977174021208	0.6360250353945819	0.7718390040487826	0.3203780712399348
2	0	0.9999999999999997	1.999999999999999	1	0.3333333333333333	2.000000000000001	0	-2.000000000000001	1	0.1111111111111109	-1.742616590081052
1	0	0.8081207311236669	2.19187926887633	1	0.2693735770412226	1.237438864623026	0	-1.237438864623026	1	0.2693735770412226	-1.078190747351572
3	3	0.9261946294512583	2.073805370548738	0.5	0.3087315431504197	3.239060025404604	1.446615985571581	-1.792444039833023	0.9223816067336204	0.2720259879954414	-1.561771360302463
0	1	0.9999629601187885	1.935748158294708	0	0.3406203539056608	0	0.5165961262651785	0.5165961262651785	0.6593796460943393	0.3406203539056607	0.4501144900006527
1	5	0.9989768066264024	2.000438718242536	0.1666666666666667	0.3330571567505817	1.001024241370581	2.499451722466507	1.498427481095926	0.3517117407193087	0.9119900650844111	1.305592293795561
0	2	0.9025906392810009	2.000082418441503	0	0.3109515337525446	0	0.9999587924773785	0.9999587924773785	0.4747877888379707	0.5252122111620293	0.8712723905842474
1	6	0.9995613077342013	2.000438692265796	0.1428571428571428	0.3331871025780674	1.000438884801166	2.999342105907831	1.998903221106665	0.2636441684479778	0.9413824126614658	1.741660957533463
1	1	0.9032776825832909	1.998633182631233	0.5	0.3112699612558624	1.10707927283235	0.5003419380256079	-0.6067373348067421	0.903111011219774	0.5256509337314987	-0.528655272727895
0	2	0.4666602558708939	2.533339744129108	0	0.1555534186236312	0	0.7894716863914139	0.7894716863914139	0.7130900287982364	0.2869099712017636	0.6878732290524713
1	0	0.9435723462346304	2.056241969854313	1	0.3145435839725001	1.059802148707035	0	-1.059802148707035	1	0.3145435839725002	-0.9234144032702125
0	14	0.808120731123667	2.19187926887633	0	0.2693735770412226	0	6.387213109222534	6.387213109222534	0.01235194191322465	0.9876480580867754	5.565231764257181
2	0	0.9258841646859864	2.074115835314011	1	0.3086280548953291	2.160097425014607	0	-2.160097425014607	1	0.09525127626847429	-1.882110804510907
3	0	0.9999999999999986	1.999999999999997	1	0.3333333333333334	3.000000000000004	0	-3.000000000000004	0.9999999999999999	0.0370370370370372	-2.613924885121581
0	0	0.8081207311236671	2.191879268876331	0	0.2693735770412226	0	0	0	0	0	0
2	0	0.9031725816786702	2.000686911980772	1	0.3110248907189695	2.214416204135344	0	-2.214416204135344	1	0.09673648264674695	-1.929439207335279
0	0	0.2711402387764325	2.728859761223564	0	0.09038007959214429	0	0	0	0	0	0
1	0	0.8081207311236668	2.19187926887633	1	0.2693735770412226	1.237438864623026	0	-1.237438864623026	1	0.2693735770412226	-1.078190747351573
1	0	0.9258841646859866	2.07411583531401	1	0.3086280548953292	1.080048712507303	0	-1.080048712507303	1	0.3086280548953292	-0.9410554022554534
1	1	0.8081207311236669	2.000219124962629	0.5	0.2877574554847021	1.237438864623026	0.499945224760654	-0.7374936398623719	0.9171956468129696	0.4927105577823739	-0.6425843259517147
0	0	0	1.257105213792966	0	0	0	0	0	0	0	0
2	0	0.9999999999999991	1.999999999999998	1	0.3333333333333333	2.000000000000002	0	-2.000000000000002	1	0.1111111111111109	-1.742616590081053
0	1	0.1707783023217179	2.829221697678279	0	0.05692610077390602	0	0.3534540968707479	0.3534540968707479	0.943073899226094	0.05692610077390603	0.3079674865195401
2	0	0.9999999999999991	1.999999999999998	1	0.3333333333333333	2.000000000000002	0	-2.000000000000002	1	0.1111111111111109	-1.742616590081053
1	0	0.8306662490262311	2.072006808696273	1	0.2861728594669868	1.203852932717893	0	-1.203852932717893	1	0.2861728594669868	-1.048927046285964
9	0	0.999999999999999	1.999999999999998	1	0.3333333333333334	9.000000000000009	0	-9.000000000000009	0.9999999999999998	5.080526342549074e-05	-7.841774655364738
1	0	0.999999999999999	1.935797034144993	1	0.3406230023293264	1.000000000000001	0	-1.000000000000001	1	0.3406230023293264	-0.8713082950405265
0	0	0.808120731123667	2.191879268876331	0	0.2693735770412226	0	0	0	0	0	0
0	1	0.1698457130984746	2.830154286901522	0	0.05661523769949158	0	0.3533376270785607	0.3533376270785607	0.9433847623005084	0.05661523769949162	0.3078660054234858
0	0	0.999999999999999	1.999999999999998	0	0.3333333333333334	0	0	0	0	0	0
2	0	1.679333932667986	1.202479052119153	1	0.582735223115815	1.190948364166361	0	-1.190948364166361	1	0.3395803402598387	-1.037683188663095
1	0	0.9258841646859864	2.074115835314011	1	0.3086280548953291	1.080048712507304	0	-1.080048712507304	1	0.3086280548953291	-0.9410554022554536
1	0	0.808120731123667	2.191879268876331	1	0.2693735770412226	1.237438864623026	0	-1.237438864623026	1	0.2693735770412226	-1.078190747351572
2	0	0.808120731123667	2.19187926887633	1	0.2693735770412226	2.474877729246052	0	-2.474877729246052	1	0.07256212400798345	-2.156381494703145
0	1	0.99936798991066	2.000632010089337	0	0.3331226633035537	0	0.4998420473914869	0.4998420473914869	0.6668773366964463	0.3331226633035537	0.4355165221022421
3	0	0.9999999999999991	1.999510172188136	1	0.3333877675335575	3.000000000000003	0	-3.000000000000003	1	0.0370551847336883	-2.613924885121579
2	0	0.8081207311236668	2.19187926887633	1	0.2693735770412226	2.474877729246052	0	-2.474877729246052	1	0.07256212400798345	-2.156381494703145
4	0	1.807862705209925	1.191845253250819	1	0.6026795708931623	2.212557396351361	0	-2.212557396351361	1	0.1319307044946261	-1.927819612694209
0	0	0.9258841646859863	2.07411583531401	0	0.3086280548953291	0	0	0	0	0	0
1	0	0.9999999999999991	1.999999999999998	1	0.3333333333333333	1.000000000000001	0	-1.000000000000001	1	0.3333333333333333	-0.8713082950405264
0	0	0.999999999999999	1.999999999999998	0	0.3333333333333334	0	0	0	0	0	0
2	0	0.9442197878626791	2.055557848269653	1	0.3147632599461869	2.118150906927261	0	-2.118150906927261	0.9999999999999999	0.09907590981195091	-1.845562455353335
1	0	0.9999999999999989	1.999999999999998	1	0.3333333333333334	1.000000000000001	0	-1.000000000000001	1	0.3333333333333334	-0.8713082950405265
0	0	0.808120731123667	1.999999999999998	0	0.2877799099472119	0	0	0	0	0	0
1	0	0.808120731123667	2.19187926887633	1	0.2693735770412226	1.237438864623026	0	-1.237438864623026	1	0.2693735770412226	-1.078190747351572
1	0	0.8306570159252804	2.072016041797224	1	0.2861696785710447	1.203866314047906	0	-1.203866314047906	1	0.2861696785710447	-1.048938705549803
0	5	0.1737273235165169	2.826053646190801	0	0.05791333609715749	0	1.769251622926349	1.769251622926349	0.742086071138448	0.257913928861552	1.54156361506964
0	10	1.118145038881731	1.088055647763581	0	0.5068192778880652	0	9.190706394984732	9.190706394984732	0.0008512574419144827	0.9991487425580855	8.007938719232202
0	7	0.8087298855416342	2.191270114458364	0	0.2695766285138783	0	3.194494350017755	3.194494350017755	0.1109232604469766	0.8890767395530235	2.783389425630562
6	1	0.9999785692108667	1.999042840422567	0.8571428571428571	0.3334349551486173	6.000128587490531	0.5002394044684982	-5.499889183022033	0.9995417759437966	0.006870428106822479	-4.792099066970756
3	1	0.8305790699587566	2.072131732627313	0.75	0.2861391045979438	3.611937873836585	0.4825948004435377	-3.129343073393048	0.9932963882239119	0.0736003934883287	-2.726622577874975
2	0	0.8081207311236671	2.19187926887633	1	0.2693735770412226	2.474877729246051	0	-2.474877729246051	0.9999999999999999	0.07256212400798356	-2.156381494703144
1	0	0.999999999999999	1.808340021990948	1	0.3560822379659918	1.000000000000001	0	-1.000000000000001	1	0.3560822379659918	-0.8713082950405265
0	1	0.1701620054903814	2.829837994509615	0	0.05672066849679384	0	0.3533771197998529	0.3533771197998529	0.9432793315032062	0.0567206684967938	0.3079004157591414
0	1	0.0001934702876581405	2.999806529712338	0	6.449009588604692e-05	0	0.333354831418376	0.333354831418376	0.999935509904114	6.449009588604948e-05	0.290454829806667
0	0	0.9026730577225061	1.999999999999998	0	0.3109799277328055	0	0	0	0	0	0
0	0	0.999999999999999	1.808120731123666	0	0.3561100450263941	0	0	0	0	0	0
0	0	0.8081207311236669	2.19187926887633	0	0.2693735770412226	0	0	0	0	0	0
1	1	0.9999999999999992	1.999999999999998	0.5	0.3333333333333333	1.000000000000001	0.5000000000000004	-0.5000000000000004	0.8888888888888891	0.5555555555555555	-0.4356541475202632
0	0	0.999999999999999	1.999999999999998	0	0.3333333333333334	0	0	0	0	0	0
0	0	0.9258841646859863	2.07411583531401	0	0.3086280548953291	0	0	0	0	0	0
1	2	0.9995606784971905	1.999907260036989	0.3333333333333333	0.3332459952833066	1.00043951459102	1.00004637213178	-0.0003931424592396038	0.7408571838448421	0.7035872377137986	-0.0003425482858680985
2	3	0.8305811010048645	2.072253531113156	0.4	0.2861275981122082	2.407952694300814	1.447699306555644	-0.96025338774517	0.8547815141806334	0.4430572876797849	-0.8366767420831328
2	0	0.8081207311236668	2.07411583531401	1	0.2803797372269376	2.474877729246052	0	-2.474877729246052	1	0.07861279704744661	-2.156381494703145
4	2	0.8441655913019397	2.099595711629533	0.6666666666666666	0.2867642802632462	4.738406825882207	0.9525643384210215	-3.785842487461185	0.9911452120666315	0.06045573177560182	-3.298635963041788
0	1	0.9998539280567584	1.999268466920949	0	0.3333821686407668	0	0.5001829501868195	0.5001829501868195	0.6666178313592332	0.3333821686407668	0.4358135535356178
2	2	0.8514774425344229	2.091964651398461	0.5	0.2892794950135134	2.348858466581333	0.9560390987787565	-1.392819367802577	0.9241776743659196	0.3294427603425816	-1.213575068659486
1	0	0.8081207311236669	2.07411583531401	1	0.2803797372269377	1.237438864623026	0	-1.237438864623026	1	0.2803797372269377	-1.078190747351572
1	0	0.9253083688320817	2.074691631167915	1	0.3084361229440276	1.080720799339785	0	-1.080720799339785	1	0.3084361229440276	-0.9416409970875822
2	0	0.999999999999999	1.999999999999998	1	0.3333333333333334	2.000000000000002	0	-2.000000000000002	1	0.111111111111111	-1.742616590081053
0	0	0.9999999999999989	1.999999999999998	0	0.3333333333333334	0	0	0	0	0	0
1	0	0.808120731123667	2.19187926887633	1	0.2693735770412226	1.237438864623026	0	-1.237438864623026	1	0.2693735770412226	-1.078190747351572
2	0	0.9999999999999991	1.935944497044355	1	0.34060589394885	2.000000000000002	0	-2.000000000000002	0.9999999999999999	0.1160123749926953	-1.742616590081053
1	0	0.808120731123667	2.19187926887633	1	0.2693735770412226	1.237438864623026	0	-1.237438864623026	1	0.2693735770412226	-1.078190747351572
3	0	0.9258841646859864	2.074115835314011	1	0.3086280548953291	3.240146137521911	0	-3.240146137521911	1	0.02939721612103663	-2.823166206766361
1	3	0.9999999999999989	1.999999999999998	0.25	0.3333333333333334	1.000000000000001	1.500000000000002	0.5000000000000007	0.5925925925925926	0.8024691358024691	0.4356541475202634
0	0	0.8081207311236669	2.19187926887633	0	0.2693735770412226	0	0	0	0	0	0
0	3	0.8082427686123562	2.191585845543365	0	0.269429648346704	0	1.368871772055182	1.368871772055182	0.3899295337828687	0.6100704662171313	1.192709329838503
0	0	0.8308130382682937	2.07186001945421	0	0.2862234298340739	0	0	0	0	0	0
0	0	0.999999999999999	1.999999999999998	0	0.3333333333333334	0	0	0	0	0	0
1	0	0.8081207311236668	2.19187926887633	1	0.2693735770412226	1.237438864623026	0	-1.237438864623026	1	0.2693735770412226	-1.078190747351573
1	0	0.8305011075266457	1.361378161349685	1	0.3788991115155732	1.204092313589017	0	-1.204092313589017	1	0.3788991115155732	-1.049135620824649
0	0	0.8081207311236669	2.19187926887633	0	0.2693735770412226	0	0	0	0	0	0
1	0	0.9981013840237865	2.001898615976211	1	0.3327004613412625	1.00190222757588	0	-1.00190222757588	1	0.3327004613412625	-0.8729657217064443
0	0	0.808120731123667	2.19187926887633	0	0.2693735770412226	0	0	0	0	0	0
1	2	0.9430318835546287	2.055668236178803	0.3333333333333333	0.3144802233970829	1.060409533801379	0.9729196398528384	-0.08748989394854045	0.7655093786119471	0.6778486431354035	-0.07623067032957918
1	3	0.9261379264440978	2.073862073555898	0.25	0.308712642148033	1.079752779199417	1.446576432566762	0.366823653367345	0.6363019097703151	0.7716324153310588	0.3196164919960381
2	0	0.999999999999999	1.999999999999998	1	0.3333333333333334	2.000000000000002	0	-2.000000000000002	1	0.111111111111111	-1.742616590081053
4	0	0.8081207311236669	1.999999999999998	1	0.2877799099472119	4.949755458492104	0	-4.949755458492104	1	0.006858701298343428	-4.31276298940629
1	0	0.999999999999999	1.999999999999998	1	0.3333333333333334	1.000000000000001	0	-1.000000000000001	1	0.3333333333333334	-0.8713082950405265
3	1	0.999926994877656	2.000073005122342	0.75	0.3333089982925522	3.000219031357443	0.4999817493856087	-2.500237281971834	0.9876579257841041	0.1110894811481387	-2.178477483351636
1	0	0.808120731123667	2.074115835314011	1	0.2803797372269376	1.237438864623026	0	-1.237438864623026	1	0.2803797372269377	-1.078190747351572
1	0	0.999999999999999	1.999999999999998	1	0.3333333333333334	1.000000000000001	0	-1.000000000000001	1	0.3333333333333334	-0.8713082950405265
1	0	0.9028369143822058	1.999294657950628	1	0.3110944117728178	1.107619752881151	0	-1.107619752881151	1	0.3110944117728178	-0.9650782784360843
0	0	0.8081207311236669	1.999999999999998	0	0.2877799099472118	0	0	0	0	0	0
5	0	0.9999999999999989	1.999999999999998	1	0.3333333333333334	5.000000000000005	0	-5.000000000000005	1	0.004115226337448541	-4.356541475202633
3	0	0.8713070634089228	2.031365994313582	1	0.3001740278984668	3.443103041380989	0	-3.443103041380989	0.9999999999999998	0.02704701479499527	-3.000004240634517
1	0	0.8248755579167993	1.570417661023744	1	0.3443735202831026	1.212304074720643	0	-1.212304074720643	1	0.3443735202831026	-1.056290596415526
2	3	0.8081292298504706	2.191833759640327	0.4	0.2693797332438556	2.474851702084904	1.368716941604317	-1.106134760480587	0.8749986502226206	0.4080134354971987	-0.9637843922394004
2	0	0.9999999999999991	1.999999999999998	1	0.3333333333333333	2.000000000000002	0	-2.000000000000002	1	0.1111111111111109	-1.742616590081053
6	0	1.807239420034735	1.191953235622937	1	0.6025753019318588	3.319980702880352	0	-3.319980702880352	0.9999999999999999	0.04787049985027925	-2.892726725794125
1	0	0.8305481639090884	2.072124893813415	1	0.2861321779590132	1.204024093308886	0	-1.204024093308886	1	0.2861321779590131	-1.04907617992868
2	0	1.679554626224421	1.202613890448607	1	0.5827399114619365	1.190791873495612	0	-1.190791873495612	1	0.3395858044106655	-1.037546837043575
0	0	0.999999999999999	1.999999999999998	0	0.3333333333333334	0	0	0	0	0	0
0	0	0.999999999999999	1.999999999999998	0	0.3333333333333334	0	0	0	0	0	0
2	0	0.9999999999999993	1.948530857312428	1	0.3391519534279165	2.000000000000001	0	-2.000000000000001	1	0.1150240475139717	-1.742616590081052
0	0	0	2.999999999999997	0	0	0	0	0	0	0	0
0	0	1.091609066548266	1.195880510187488	0	0.4772083237668743	0	0	0	0	0	0
0	0	0.808120731123667	2.19187926887633	0	0.2693735770412226	0	0	0	0	0	0
3	2	0.9981065496022644	2.001893450397732	0.6	0.3327021832007552	3.005691127060002	0.9990541702419996	-2.006636956818002	0.9550434522387627	0.2089423920370075	-1.748399425610403
0	0	0.999999999999999	1.999999999999998	0	0.3333333333333334	0	0	0	0	0	0
1	0	0.8714005911052299	2.064323105446526	1	0.2968265004396566	1.147577830687104	0	-1.147577830687104	1	0.2968265004396566	-0.9998940830822856
2	1	0.8331188667528731	2.069554190969631	0.6666666666666666	0.2870178108886142	2.400617822754526	0.4831958517266359	-1.91742197102789	0.9763556955316084	0.1998490623650938	-1.670665668449555
1	0	0.8305011035145325	1.361378165361798	1	0.3788991096851288	1.204092319405933	0	-1.204092319405933	1	0.3788991096851289	-1.049135625892975
0	0	0.999999999999999	1.999999999999998	0	0.3333333333333334	0	0	0	0	0	0
1	1	0.9026099473351202	2.00017427637331	0.5	0.3109462770133144	1.107898270955705	0.4999564347028735	-0.6079418362528319	0.9033124128115591	0.525204966838188	-0.5297047648292614
3	0	0.999999999999999	1.999877538132791	1	0.3333469407629312	3.000000000000003	0	-3.000000000000003	0.9999999999999998	0.0370415730320679	-2.613924885121579
0	1	0.1707766943185418	2.829223305681455	0	0.05692556477284734	0	0.353453895983349	0.353453895983349	0.9430744352271526	0.05692556477284738	0.3079673114846831
1	0	0.8081207311236669	2.19187926887633	1	0.2693735770412226	1.237438864623026	0	-1.237438864623026	1	0.2693735770412227	-1.078190747351572
12	0	0.9999999999999992	1.999755107137992	1	0.3333605458727196	12.00000000000001	0	-12.00000000000001	1.000000000000002	1.883520636569713e-06	-10.45569954048631
1	0	0.999999999999999	1.999999999999998	1	0.3333333333333334	1.000000000000001	0	-1.000000000000001	1	0.3333333333333334	-0.8713082950405265
0	0	0.3228338687146816	2.677166131285316	0	0.1076112895715606	0	0	0	0	0	0
5	0	0.9999999999999987	1.999999999999997	1	0.3333333333333333	5.000000000000007	0	-5.000000000000007	1	0.004115226337448097	-4.356541475202635
1	0	0.9999999999999991	1.999999999999998	1	0.3333333333333333	1.000000000000001	0	-1.000000000000001	1	0.3333333333333333	-0.8713082950405264
2	0	0.808120731123667	2.19187926887633	1	0.2693735770412226	2.474877729246052	0	-2.474877729246052	1	0.07256212400798345	-2.156381494703145
0	0	0.1695300737231362	2.830469926276861	0	0.05651002457437879	0	0	0	0	0	0
0	0	0.8304699262768629	2.105253770274892	0	0.2828842262139032	0	0	0	0	0	0
0	0	0.8081207311236669	2.19187926887633	0	0.2693735770412226	0	0	0	0	0	0
0	0	0.9999999999999991	1.999999999999998	0	0.3333333333333333	0	0	0	0	0	0
0	1	0.002128365930129351	1.258295544620469	0	0.001688611198433711	0	0.7947258529804483	0.7947258529804483	0.9983113888015663	0.001688611198433665	0.6924512279850218
3	0	0.8706828793167847	2.065040817234971	1	0.2965820251883622	3.445571368480413	0	-3.445571368480413	1	0.02608762116682151	-3.002154914511119
1	0	0.999999999999999	1.936066473350494	1	0.340591743775763	1.000000000000001	0	-1.000000000000001	1	0.3405917437757631	-0.8713082950405265
0	0	0	2.999999999999997	0	0	0	0	0	0	0	0
3	5	0.9306998379841317	2.066113986604131	0.375	0.3105631155155266	3.223380812548449	2.420002009771982	-0.8033788027764666	0.7862964299858566	0.4749860096706738	-0.6999906149188617
1	0	0.8081207311236668	2.19187926887633	1	0.2693735770412226	1.237438864623026	0	-1.237438864623026	1	0.2693735770412226	-1.078190747351573
0	0	0.999999999999999	1.999999999999998	0	0.3333333333333334	0	0	0	0	0	0
0	1	0.002128365930129351	1.258295544620469	0	0.001688611198433711	0	0.7947258529804483	0.7947258529804483	0.9983113888015663	0.001688611198433665	0.6924512279850218
2	0	0.808120731123667	1.999999999999998	1	0.2877799099472119	2.474877729246052	0	-2.474877729246052	1	0.08281727656922533	-2.156381494703145
4	0	0.9999999999999988	1.999999999999998	1	0.3333333333333333	4.000000000000005	0	-4.000000000000005	1	0.01234567901234551	-3.485233180162107
0	1	0.808120731123667	2.191806312074705	0	0.2693801280787446	0	0.4562446939270955	0.4562446939270955	0.7306198719212554	0.2693801280787446	0.3975297863869041
2	0	0.9434940398503083	2.056134288144761	1	0.31453698148028	2.11978021643604	0	-2.11978021643604	0.9999999999999999	0.09893351271872608	-1.846982086243522
2	0	0.8081207311236667	2.19187926887633	1	0.2693735770412225	2.474877729246053	0	-2.474877729246053	1	0.07256212400798323	-2.156381494703146
0	0	0.8304699262768629	1.361409342599467	0	0.3788848857093322	0	0	0	0	0	0
5	0	0.8081207311236669	2.19187926887633	1	0.2693735770412226	6.18719432311513	0	-6.18719432311513	1	0.001418322416047557	-5.390953736757863
4	0	0.999999999999999	1.999999999999998	1	0.3333333333333334	4.000000000000004	0	-4.000000000000004	1	0.01234567901234573	-3.485233180162106
4	0	0.8710104880504393	2.064713208501316	1	0.2966936190464762	4.592367204387054	0	-4.592367204387054	0.9999999999999997	0.007748770965194107	-4.001367639054509
1	0	0.9999999999999989	1.937709054306829	1	0.3404013064309242	1.000000000000001	0	-1.000000000000001	1	0.3404013064309241	-0.8713082950405265
1	1	0.8383587963360352	2.085304617741292	0.5	0.2867494227616523	1.192806712794572	0.4795462454224816	-0.7132604673720901	0.917774768545859	0.4912736140691638	-0.6214697617457843
3	0	0.999999999999999	1.935968547242839	1	0.3406031038510603	3.000000000000003	0	-3.000000000000003	1	0.03951352764385752	-2.613924885121579
1	0	0.8309531161684766	1.360926152707854	1	0.3791053311957578	1.203437330629432	0	-1.203437330629432	1	0.3791053311957577	-1.048564928738852
0	0	0.999999999999999	1.999999999999998	0	0.3333333333333334	0	0	0	0	0	0
0	0	0.999999999999999	1.999999999999998	0	0.3333333333333334	0	0	0	0	0	0
4	0	0.8081207311236669	2.19187926887633	1	0.2693735770412226	4.949755458492104	0	-4.949755458492104	1	0.005265261840549984	-4.31276298940629
5	2	1.000395689130152	1.999604310869846	0.7142857142857143	0.3334652297100508	4.998022336889037	1.000197883715295	-3.997824453173743	0.9931260779644923	0.04534352450535306	-3.483337608166135
2	2	0.8305308673631387	2.072279291572787	0.5	0.2861127052371844	2.408098336368667	0.9651208734909812	-1.442977462877685	0.9264181209541198	0.3238957078913856	-1.257278232961859
1	0	0.8081207311236669	2.19187926887633	1	0.2693735770412226	1.237438864623026	0	-1.237438864623026	1	0.2693735770412226	-1.078190747351572
1	0	0.9999999999999991	1.999999999999998	1	0.3333333333333333	1.000000000000001	0	-1.000000000000001	1	0.3333333333333333	-0.8713082950405264
0	0	0.8304699262768629	1.361409342599467	0	0.3788848857093322	0	0	0	0	0	0
2	0	0.9999999999999989	1.999999999999998	1	0.3333333333333334	2.000000000000002	0	-2.000000000000002	1	0.111111111111111	-1.742616590081053
1	0	0.9999999999999989	1.999999999999998	1	0.3333333333333334	1.000000000000001	0	-1.000000000000001	1	0.3333333333333334	-0.8713082950405265
4	1	0.9218833234442328	2.078116676555764	0.8	0.3072944411480779	4.338943875300474	0.4812049348727537	-3.85773894042772	0.9972598551546412	0.03362442572183455	-3.361279938895521
2	0	0.8081207311236667	2.19187926887633	1	0.2693735770412226	2.474877729246053	0	-2.474877729246053	1	0.07256212400798345	-2.156381494703146
1	0	0.8305167298820687	1.361362538994261	1	0.3789062388950986	1.204069664125848	0	-1.204069664125848	1	0.3789062388950986	-1.049115886159511
1	0	0.9258841646859866	2.07411583531401	1	0.3086280548953292	1.080048712507303	0	-1.080048712507303	1	0.3086280548953292	-0.9410554022554534
1	0	0.8081207311236668	2.19187926887633	1	0.2693735770412226	1.237438864623026	0	-1.237438864623026	1	0.2693735770412226	-1.078190747351573
4	0	0.9999999999999989	1.997699227846366	1	0.3335891708917136	4.000000000000004	0	-4.000000000000004	1	0.01238362453041508	-3.485233180162106
0	0	0.8714473931035155	2.031225664618988	0	0.3002223728866216	0	0	0	0	0	0
2	0	1.807875476181935	1.191899852652431	1	0.6026702929397143	1.106270883337504	0	-1.106270883337504	1	0.3632114819920411	-0.9639029972137767
1	0	0.8081207311236669	2.19187926887633	1	0.2693735770412226	1.237438864623026	0	-1.237438864623026	1	0.2693735770412226	-1.078190747351572
6	2	1.040587331072922	1.49515963963892	0.75	0.4103671790173944	5.765974484634135	1.337649804727874	-4.428324679906261	0.989951342351575	0.05653838978877634	-3.858436026735006
1	0	1.679490189903757	1.202605416930324	1	0.5827322958757224	0.5954187800628384	0	-0.5954187800628384	1	0.5827322958757224	-0.5187933220916615
5	2	0.9231459455465935	2.076854054453404	0.7142857142857143	0.3077153151821981	5.416261669263474	0.9629949662141135	-4.45326670304936	0.9956246329783932	0.03214270855945078	-3.880168218394681
2	0	0.9999999999999989	1.999706372275011	1	0.3333659618296534	2.000000000000002	0	-2.000000000000002	1	0.1111328645066099	-1.742616590081053
0	0	0.8304699262768629	2.072203131445641	0	0.2861052243095081	0	0	0	0	0	0
0	0	0.999999999999999	1.999999999999998	0	0.3333333333333334	0	0	0	0	0	0
1	0	0.8081207311236669	2.19187926887633	1	0.2693735770412226	1.237438864623026	0	-1.237438864623026	1	0.2693735770412226	-1.078190747351572
2	1	0.8717325521059848	2.064211876308634	0.6666666666666666	0.296917252135018	2.2942816522892	0.4844463940340605	-1.80983525825514	0.9738238182189698	0.2121272002841692	-1.576924473174515
2	0	0.8305948642081975	2.072078193514307	1	0.2861482666807466	2.407912793810242	0	-2.407912793810242	0.9999999999999998	0.08188083052439588	-2.098034390981071
2	0	0.8081207311236669	2.19187926887633	1	0.2693735770412226	2.474877729246052	0	-2.474877729246052	1	0.07256212400798345	-2.156381494703145
2	0	0.808120731123667	2.19187926887633	1	0.2693735770412226	2.474877729246052	0	-2.474877729246052	1	0.07256212400798345	-2.156381494703145
4	0	0.8710875595237819	1.320791709352548	1	0.3974158485336404	4.591960884146681	0	-4.591960884146681	1	0.02494484038397915	-4.001013608858629
0	0	0.9258841646859863	2.07411583531401	0	0.3086280548953291	0	0	0	0	0	0
2	0	0.8309223193070339	2.104801377244721	1	0.2830383255355466	2.406963868376943	0	-2.406963868376943	1	0.080110693721966	-2.097207584379662
3	0	0.830813234677922	2.071859823044582	1	0.286223497499162	3.610919849107842	0	-3.610919849107842	1	0.02344854247355954	-3.146224417254146
1	0	0.8305635530784334	2.105160143473322	1	0.2829161184528358	1.204001784443298	0	-1.204001784443298	1	0.2829161184528358	-1.049056742029041
1	0	0.808120731123667	2.191879268876331	1	0.2693735770412226	1.237438864623026	0	-1.237438864623026	1	0.2693735770412226	-1.078190747351572
2	2	1.000486270227817	1.808202324064412	0.5	0.356211177081357	1.999027932231982	1.106070915507106	-0.8929570167248764	0.8675070581397015	0.4480320547920664	-0.7780408557870262
0	0	0.8304699262768629	2.105253770274892	0	0.2828842262139032	0	0	0	0	0	0
2	1	0.9998305494704265	2.000169450529576	0.6666666666666666	0.3332768498234753	2.000338958495844	0.4999576409564873	-1.500381317539357	0.9629817876093757	0.2591839511035291	-1.307294687695874
2	0	0.8305790246343491	2.105144671917406	1	0.2829213885523121	2.407958713959183	0	-2.407958713959183	1	0.08004451210036834	-2.098074401587752
1	1	0.999957059728491	1.983668168375901	0.5	0.3351483458141292	1.000042942115455	0.5041165734986488	-0.4959263686168063	0.887675586298053	0.5579722779263112	-0.4321047587051487
1	0	0.9034840716751441	2.00111525221917	1	0.3110529098601477	1.106826375085846	0	-1.106826375085846	1	0.3110529098601478	-0.9643870017819334
2	2	0.9266184896306496	2.073381510369347	0.5	0.3088728298768835	2.158385594914257	0.9646078109588837	-1.193777783955373	0.9094360001162005	0.3639816823409887	-1.040148485595413
2	0	0.8706696596858885	1.321209609190442	1	0.3972251902962877	2.297082455729007	0	-2.297082455729007	0.9999999999999998	0.1577878518059221	-2.001466998068745
1	1	0.808120731123667	2.19187926887633	0.5	0.2693735770412226	1.237438864623026	0.4562295078016096	-0.7812093568214162	0.9274378759920165	0.4661850300744617	-0.6806741927617738
0	2	0.9997458631484657	2.000254136851531	0	0.3332486210494889	0	0.9998729477185682	0.9998729477185682	0.444557401332408	0.5554425986675919	0.8711975933338102
1	0	0.8713849677477027	2.064338728804052	1	0.296821178631768	1.14759840600043	0	-1.14759840600043	1	0.296821178631768	-0.9999120105234598
2	0	0.8305948438672874	2.072078213855217	1	0.286148259673099	2.40791285277899	0	-2.40791285277899	0.9999999999999999	0.08188082651394346	-2.09803444236103
0	0	0.8081207311236669	1.999999999999998	0	0.2877799099472118	0	0	0	0	0	0
2	2	0.9999153391169422	2.000084660883055	0.5	0.333305113038981	2.000169336102259	0.9999576713502628	-1.000211664751997	0.8889139720022099	0.4073572379953154	-0.871492720294708
2	1	0.8712177998823917	2.064554769845275	0.6666666666666666	0.2967592956164207	2.29563721066074	0.4843659342953364	-1.811271276365403	0.9738655722695665	0.2119293831433959	-1.578175687665816
2	0	0.808120731123667	2.19187926887633	1	0.2693735770412226	2.474877729246052	0	-2.474877729246052	1	0.07256212400798345	-2.156381494703145
5	2	0.9997074026376994	2.000292597362297	0.7142857142857143	0.3332358008792335	5.001463415002872	0.9998537227190246	-4.001609692283847	0.9931525203487858	0.04521132283322793	-3.486635718401482
4	0	0.8306571229137071	2.072015934808797	1	0.2861697154296314	4.815464635960921	0	-4.815464635960921	0.9999999999999998	0.006706480815089733	-4.195754281787055
1	1	0.1704490901465117	2.829550909853485	0.5	0.05681636338217064	5.86685443225562	0.3534129732452068	-5.513441459010413	0.9967719008520251	0.1104046276163665	-4.803907277456111
2	0	0.8081207311236669	2.19187926887633	1	0.2693735770412226	2.474877729246052	0	-2.474877729246052	1	0.07256212400798345	-2.156381494703145
1	1	0.9997809912837771	2.00021900871622	0.5	0.333260330427926	1.000219056691548	0.4999452538158908	-0.5002738028756568	0.8889375521630696	0.5554582130189216	-0.4358927142370285
0	0	0	1.257105213792966	0	0	0	0	0	0	0	0
0	0	0.999999999999999	1.808120731123666	0	0.3561100450263941	0	0	0	0	0	0
0	0	0.8081207311236673	1.999999999999999	0	0.2877799099472119	0	0	0	0	0	0
2	0	0.8081207311236671	2.191879268876331	1	0.2693735770412226	2.474877729246051	0	-2.474877729246051	1	0.07256212400798345	-2.156381494703144
0	0	0.9999999999999992	1.999999999999998	0	0.3333333333333333	0	0	0	0	0	0
0	0	0.8714473931035155	2.064276303448239	0	0.2968424426750723	0	0	0	0	0	0
1	0	1.001574510366687	1.99842548963331	1	0.3338581701222293	0.9984279648190022	0	-0.9984279648190022	1	0.3338581701222294	-0.8699385677472267
0	0	0.999999999999999	1.999999999999998	0	0.3333333333333334	0	0	0	0	0	0
0	0	0.999999999999999	1.999999999999998	0	0.3333333333333334	0	0	0	0	0	0
4	3	0.9999999999999991	1.999999999999998	0.5714285714285714	0.3333333333333333	4.000000000000004	1.500000000000001	-2.500000000000002	0.954732510288066	0.1732967535436669	-2.178270737601316
5	1	1.803935832939229	1.195885004625714	0.8333333333333334	0.6013478572952194	2.771717213385184	0.8362008020269289	-1.935516411358255	0.9527116014019171	0.2353820738062615	-1.686431504403517
2	0	0.8707021270561344	2.065021569495621	1	0.2965885815749092	2.296996800458097	0	-2.296996800458097	1	0.08796478672061658	-2.001392365920687
2	0	0.8081207311236669	2.19187926887633	1	0.2693735770412226	2.474877729246052	0	-2.474877729246052	0.9999999999999999	0.07256212400798356	-2.156381494703145
0	0	0.8304699262768629	1.361409342599467	0	0.3788848857093322	0	0	0	0	0	0
2	0	0.8081207311236667	2.19187926887633	1	0.2693735770412226	2.474877729246053	0	-2.474877729246053	1	0.07256212400798345	-2.156381494703146
0	0	0.999999999999999	1.999999999999998	0	0.3333333333333334	0	0	0	0	0	0
0	0	0.9258841646859863	2.07411583531401	0	0.3086280548953291	0	0	0	0	0	0
4	3	0.8081689670264161	2.19178207372916	0.5714285714285714	0.2693940521185533	4.949460030267724	1.368749218254037	-3.580710812013687	0.9820374889754426	0.08985270676520896	-3.119903032648821
2	0	1.807797980939536	1.191836720632869	1	0.6026727121112081	1.106318306075646	0	-1.106318306075646	1	0.3632143979234791	-0.9639443170388934
0	0	0.9999999999999991	1.999999999999998	0	0.3333333333333333	0	0	0	0	0	0
4	0	0.8081207311236669	2.19187926887633	1	0.2693735770412226	4.949755458492104	0	-4.949755458492104	0.9999999999999997	0.005265261840550317	-4.31276298940629
2	0	0.9999999999999991	1.809138269077882	1	0.3559810533385586	2.000000000000002	0	-2.000000000000002	1	0.1267225103360297	-1.742616590081053
1	0	0.8305479852221112	2.105175711329644	1	0.2829108155504065	1.20402435234681	0	-1.20402435234681	1	0.2829108155504065	-1.049076405630572
0	0	0	2.999999999999997	0	0	0	0	0	0	0	0
1	0	0.808120731123667	2.19187926887633	1	0.2693735770412226	1.237438864623026	0	-1.237438864623026	1	0.2693735770412226	-1.078190747351572
2	0	0.8306103429009889	2.072062714821515	1	0.2861535992457596	2.407867921575359	0	-2.407867921575359	0.9999999999999999	0.08188388236130284	-2.0979952934306
6	0	1.803425495501912	1.193685682166629	1	0.6017212537657014	3.327001872250972	0	-3.327001872250972	1	0.04746484975161858	-2.898844328907631
1	0	0.8081207311236669	2.19187926887633	1	0.2693735770412226	1.237438864623026	0	-1.237438864623026	1	0.2693735770412226	-1.078190747351572
0	0	0.8304699262768629	2.105253770274892	0	0.2828842262139032	0	0	0	0	0	0
0	1	0.8328665215185963	2.069806536203907	0	0.2869308754228354	0	0.4831369417907206	0.4831369417907206	0.7130691245771645	0.2869308754228355	0.4209612250227664
0	0	0.999999999999999	1.999999999999998	0	0.3333333333333334	0	0	0	0	0	0
3	4	0.871457525576552	2.031624677626898	0.4285714285714285	0.3001835513355182	3.442508569783955	1.968867598454417	-1.473640971329538	0.8737258935552704	0.3533470042175766	-1.283995602231004
1	0	0.8705270614584069	2.032145996264097	1	0.2999053093983102	1.148729366695029	0	-1.148729366695029	1	0.2999053093983102	-1.000897425958028
0	1	0.8311246968811463	1.362108748608627	0	0.3789494905753396	0	0.7341557720861014	0.7341557720861014	0.6210505094246604	0.3789494905753396	0.6396760140705017
3	0	1.808071827897639	1.191883373230143	1	0.6026996093868086	1.659226117962521	0	-1.659226117962521	1	0.2189287160157261	-1.445697479928635
0	0	0.9432138159889105	2.055748943007021	0	0.3145133473763787	0	0	0	0	0	0
1	0	0.8304855191841251	2.10523817736763	1	0.2828895376494721	1.204114914589248	0	-1.204114914589248	1	0.2828895376494721	-1.049155313263626
0	0	0.8081207311236669	2.19187926887633	0	0.2693735770412226	0	0	0	0	0	0
2	0	0.9999999999999991	1.999999999999998	1	0.3333333333333333	2.000000000000002	0	-2.000000000000002	1	0.1111111111111109	-1.742616590081053
3	0	0.8712289369752357	2.064494759576519	1	0.2967680296339075	3.443411797610292	0	-3.443411797610292	0.9999999999999999	0.02613673531038319	-3.000273262498255
0	0	0.8081207311236669	2.19187926887633	0	0.2693735770412226	0	0	0	0	0	0
0	0	0.002749713442794528	2.997250286557202	0	0.0009165711475981771	0	0	0	0	0	0
2	0	0.9999999999999991	1.984677052565998	1	0.3350446237190974	2.000000000000002	0	-2.000000000000002	1	0.1122548998830716	-1.742616590081053
1	0	0.8081207311236668	2.19187926887633	1	0.2693735770412226	1.237438864623026	0	-1.237438864623026	1	0.2693735770412226	-1.078190747351573
0	0	0.9999999999999991	1.999999999999998	0	0.3333333333333333	0	0	0	0	0	0
1	0	0.8081207311236669	2.074115835314011	1	0.2803797372269375	1.237438864623026	0	-1.237438864623026	1	0.2803797372269375	-1.078190747351572
1	0	0.8081207311236671	2.191879268876331	1	0.2693735770412226	1.237438864623026	0	-1.237438864623026	1	0.2693735770412226	-1.078190747351572
1	0	0.8323250295073155	2.071386184138844	1	0.286641807076322	1.201453716454902	0	-1.201453716454902	1	0.286641807076322	-1.046836589254424
0	0	0.1764440337461155	2.823555966253881	0	0.05881467791537191	0	0	0	0	0	0
2	0	0.8081207311236671	1.999999999999998	1	0.2877799099472119	2.474877729246051	0	-2.474877729246051	1	0.08281727656922533	-2.156381494703144
0	0	0.808120731123667	2.19187926887633	0	0.2693735770412226	0	0	0	0	0	0
1	0	0.8305479749653932	2.072125082757111	1	0.2861321128660139	1.204024367215714	0	-1.204024367215714	1	0.2861321128660139	-1.049076418585971
0	0	0.8081207311236669	2.07411583531401	0	0.2803797372269377	0	0	0	0	0	0
2	0	0.808120731123667	2.191879268876331	1	0.2693735770412226	2.474877729246052	0	-2.474877729246052	1	0.07256212400798345	-2.156381494703145
1	1	0.808120731123667	2.19187926887633	0.5	0.2693735770412226	1.237438864623026	0.4562295078016096	-0.7812093568214162	0.9274378759920165	0.4661850300744617	-0.6806741927617738
4	6	0.9999262270823316	2.000073772917666	0.4	0.3333087423607775	4.000295113442053	2.999889344705183	-1.00040576873687	0.7869222909694116	0.44066849511359	-0.8716618447068288
0	0	0.808120731123667	2.07411583531401	0	0.2803797372269377	0	0	0	0	0	0
0	3	0.1684317418278417	2.831568258172156	0	0.05614391394261393	0	1.059483553448424	1.059483553448424	0.8408477019657068	0.1591522980342932	0.923136808578624
3	2	0.9997418677170216	1.937131966392102	0.6	0.3404102199100034	3.000774596797375	1.032454182109745	-1.96832041468763	0.9511442230770473	0.2204709198144734	-1.715013904614939
1	1	0.999999999999999	1.808323074456698	0.5	0.3560843868341112	1.000000000000001	0.552998528927385	-0.4470014710726161	0.8732039094529749	0.5853726831211976	-0.389476089640888
1	0	0.7162014638401079	2.28379853615989	1	0.2387338212800361	1.396255174679802	0	-1.396255174679802	1	0.2387338212800361	-1.21656871569177
0	0	0.9026730577225061	1.999999999999998	0	0.3109799277328055	0	0	0	0	0	0
0	0	0.8081207311236669	2.19187926887633	0	0.2693735770412226	0	0	0	0	0	0
3	0	0.9992254228286155	1.936890385049605	1	0.3403222107750253	3.002325532818786	0	-3.002325532818786	1	0.03941584862640979	-2.615951141156974
1	1	0.9998870545098764	2.00011294549012	0.5	0.3332956848366259	1.000112958248248	0.4999717652219654	-0.500141193026283	0.8889139864692845	0.5555053561425363	-0.4357771701752651
1	0	0.8081207311236669	1.999999999999998	1	0.2877799099472118	1.237438864623026	0	-1.237438864623026	1	0.2877799099472118	-1.078190747351572
4	7	0.808219208985125	2.191707552915467	0.3636363636363636	0.2694129800932476	4.94915235313792	3.193856767381403	-1.755295585756517	0.8518042265525818	0.3413444190341626	-1.529403604117672
2	0	0.8081207311236668	2.19187926887633	1	0.2693735770412226	2.474877729246052	0	-2.474877729246052	1	0.07256212400798345	-2.156381494703145
1	13	0.8092373764609208	2.190151807078712	0.07142857142857142	0.2698007250616024	1.235731355332784	5.935661609383952	4.699930254051168	0.07562496286823832	0.9877487736664127	4.095088216466707
5	1	0.9987319157396144	2.001268084260384	0.8333333333333334	0.3329106385798717	5.006348471698967	0.4996831798122508	-4.506665291886716	0.9986386617637044	0.01772850977399631	-3.926694851792128
0	0	0.808120731123667	1.999999999999998	0	0.2877799099472119	0	0	0	0	0	0
1	0	0.9253672861048666	2.031207587099449	1	0.312986251250238	1.080651990853582	0	-1.080651990853582	1	0.312986251250238	-0.9415810436827839
1	1	0.8081207311236668	2.19187926887633	0.5	0.2693735770412226	1.237438864623026	0.4562295078016096	-0.7812093568214165	0.9274378759920165	0.4661850300744617	-0.680674192761774
1	0	0.8305168304401249	2.10520686611163	1	0.2829002032499291	1.204069518338429	0	-1.204069518338429	1	0.2829002032499291	-1.049115759133723
2	1	0.999999999999999	1.999853852563675	0.6666666666666666	0.3333495727284846	2.000000000000002	0.5000365395291606	-1.499963460470842	0.9629575495675237	0.2592809120498369	-1.306930605365936
3	1	1.637980659001487	1.172159075495435	0.75	0.5828822812238988	1.83152345756561	0.853126526002737	-0.9783969315628727	0.8845687458137592	0.4458473465782089	-0.8524853623129284
1	1	0.8081207311236671	2.191879268876331	0.5	0.2693735770412226	1.237438864623026	0.4562295078016095	-0.7812093568214162	0.9274378759920165	0.4661850300744617	-0.6806741927617738
2	0	0.8083422629637872	2.19069300356513	1	0.2695340971763104	2.474199471727482	0	-2.474199471727482	0.9999999999999998	0.07264862954064899	-2.155790523301042
6	0	1.117151109173645	1.778970085647027	1	0.3857404556036955	5.370804317097435	0	-5.370804317097435	1	0.003294360595191614	-4.67962635252646
3	0	0.8081207311236666	2.191879268876329	1	0.2693735770412226	3.71231659386908	0	-3.71231659386908	1	0.0195463189017393	-3.234572242054719
1	0	0.8712444566695845	1.324963545688504	1	0.396703980558363	1.147783486419639	0	-1.147783486419639	1	0.396703980558363	-1.000073272627966
1	1	0.926025331141445	2.073974668858552	0.5	0.308675110380482	1.079884066202996	0.4821659661592527	-0.5977181000437438	0.9047196762315974	0.5220698969925611	-0.5207967386639767
7	0	0.8698230260776253	2.032850031644879	1	0.2996627621438379	8.047614043474749	0	-8.047614043474749	1	0.0002169848679687281	-7.011952871364174
4	1	0.9999630011120282	1.944755233135076	0.8	0.3395785000691909	4.00014800102776	0.5142035269846956	-3.485944474043065	0.9954845511347422	0.04842428749678074	-3.037332336284404
0	1	0.9992371826307807	2.000762817369216	0	0.3330790608769272	0	0.4998093683662566	0.4998093683662566	0.6669209391230728	0.3330790608769272	0.435488048596485
2	0	0.8713224753093511	2.064401221242404	1	0.2967998917380371	2.295361426651972	0	-2.295361426651972	1	0.08809017573571054	-1.999967451157918
7	0	1.793284348385432	1.205819975010759	1	0.5979399697422708	3.903452347812208	0	-3.903452347812208	0.9999999999999996	0.02732770091193815	-3.401110409944192
2	4	0.8715058057503201	2.030775001289009	0.3333333333333333	0.3002830751719575	2.294878573158909	1.969691372732602	-0.3251872004263066	0.743785511635238	0.5804364908896158	-0.2833383051724468
1	0	0.999999999999999	1.808300482231726	1	0.3560872514629596	1.000000000000001	0	-1.000000000000001	1	0.3560872514629596	-0.8713082950405265
8	3	0.9982323674772152	1.992404594296053	0.7272727272727273	0.3337858724535135	8.014166100642495	1.505718270570414	-6.508447830072081	0.9986130112916243	0.008904413074120043	-5.670864582180313
1	0	0.808120731123667	1.999999999999998	1	0.2877799099472119	1.237438864623026	0	-1.237438864623026	1	0.2877799099472118	-1.078190747351572
1	0	0.8305323313800947	2.072140726342409	1	0.2861267234938775	1.204047045752332	0	-1.204047045752332	1	0.2861267234938775	-1.049096178583046
0	0	0.8081207311236669	2.19187926887633	0	0.2693735770412226	0	0	0	0	0	0
0	0	0	1.257105213792966	0	0	0	0	0	0	0	0
1	1	0.925912317641239	2.074087682358758	0.5	0.3086374392137466	1.080015872936543	0.4821396937581487	-0.5978761791783938	0.9047429311155808	0.5220178095430741	-0.5209344743252701
2	0	1.807927390746889	1.191853780762531	1	0.6026864252358721	1.106239116811965	0	-1.106239116811965	1	0.3632309271635944	-0.9638753187765704
0	0	0	1.257105213792966	0	0	0	0	0	0	0	0
0	0	0.9258841646859863	2.07411583531401	0	0.3086280548953291	0	0	0	0	0	0
1	0	0.9999999999999989	1.999999999999998	1	0.3333333333333334	1.000000000000001	0	-1.000000000000001	1	0.3333333333333334	-0.8713082950405265
0	0	0.8081207311236669	2.19187926887633	0	0.2693735770412226	0	0	0	0	0	0
0	0	0.999999999999999	1.999999999999998	0	0.3333333333333334	0	0	0	0	0	0
0	7	0.1699277623250457	2.830072237674951	0	0.05664258744168196	0	2.473435097102277	2.473435097102277	0.6648656015994446	0.3351343984005554	2.155124517349582
0	0	0.999999999999999	1.808120731123666	0	0.3561100450263941	0	0	0	0	0	0
2	0	0.8081207311236668	2.074115835314011	1	0.2803797372269375	2.474877729246052	0	-2.474877729246052	0.9999999999999999	0.07861279704744661	-2.156381494703145
1	0	0.8081207311236668	2.19187926887633	1	0.2693735770412226	1.237438864623026	0	-1.237438864623026	1	0.2693735770412226	-1.078190747351573
3	0	1.679817775200966	1.202563947009102	1	0.582788102719776	1.785907998051213	0	-1.785907998051213	1	0.1979393008573513	-1.556076452881241
1	0	0.999999999999999	1.999999999999998	1	0.3333333333333334	1.000000000000001	0	-1.000000000000001	1	0.3333333333333334	-0.8713082950405265
0	1	0.8081207311236669	2.074205469284127	0	0.2803710180372135	0	0.4821123147192988	0.4821123147192988	0.7196289819627865	0.2803710180372135	0.4200684589561136
1	1	0.9991533500320511	2.000846649967946	0.5	0.3330511166773507	1.000847367391524	0.4997884270721197	-0.5010589403194039	0.8890769536799698	0.5551791870346711	-0.4365768110045123
2	3	0.9999999999999988	1.999999999999998	0.4	0.3333333333333333	2.000000000000003	1.500000000000002	-0.5000000000000009	0.7901234567901239	0.5390946502057611	-0.4356541475202636
1	0	1.679458725895316	1.202579972070341	1	0.5827328852595888	0.5954299350029588	0	-0.5954299350029588	1	0.5827328852595888	-0.5188030414835191
0	0	1.679568124227182	1.202668442210495	0	0.5827308361100482	0	0	0	0	0	0
3	1	0.9999999999999988	1.99897165466998	0.75	0.3334476331054365	3.000000000000004	0.5002572185872716	-2.499742781412732	0.9876373789764669	0.1112127370374116	-2.178046620912589
0	3	0.8087048516151866	2.191295148384811	0	0.2695682838717291	0	1.369053366549586	1.369053366549586	0.3897075928243353	0.6102924071756647	1.192867554627812
1	0	0.9250193299210514	2.074980670078945	1	0.3083397766403508	1.081058489972688	0	-1.081058489972688	1	0.3083397766403508	-0.9419352297371884
0	2	0.000322982705320551	2.999677017294677	0	0.0001076609017735171	0	0.6667384483292613	0.6667384483292613	0.9997846897873228	0.0002153102126771778	0.5809347406517342
0	0	0	1.257105213792966	0	0	0	0	0	0	0	0
3	0	0.9999999999999993	1.999999999999999	1	0.3333333333333333	3.000000000000002	0	-3.000000000000002	1	0.03703703703703698	-2.613924885121579
0	0	0.808120731123667	2.07411583531401	0	0.2803797372269377	0	0	0	0	0	0
1	0	0.8305323912084818	1.361346877667849	1	0.3789133840543394	1.204046959017373	0	-1.204046959017373	1	0.3789133840543395	-1.049096103010157
6	5	0.8550091950667194	2.048182621132652	0.5454545454545454	0.2945066152005174	7.017468390537951	2.441188568055999	-4.576279822481952	0.9805162556114113	0.07216753693111011	-3.987350569755109
0	0	0.999999999999999	1.999999999999998	0	0.3333333333333334	0	0	0	0	0	0
1	0	0.808120731123667	2.19187926887633	1	0.2693735770412226	1.237438864623026	0	-1.237438864623026	1	0.2693735770412226	-1.078190747351572
0	0	0.9258841646859863	2.07411583531401	0	0.3086280548953291	0	0	0	0	0	0
5	2	0.9430253413806757	2.055602706163398	0.7142857142857143	0.3144856002240856	5.302084451600781	0.9729506553009091	-4.329133796299873	0.9950536172496979	0.03530320317886981	-3.77201018705636
0	0	0.808120731123667	2.07411583531401	0	0.2803797372269377	0	0	0	0	0	0
0	0	0.808120731123667	2.19187926887633	0	0.2693735770412226	0	0	0	0	0	0
2	1	0.9259123514945384	2.074087648505459	0.6666666666666666	0.3086374504981798	2.160031666897789	0.4821397016276421	-1.677891965270147	0.9706000989677395	0.2269714254855273	-1.461961187521729
0	0	0.808120731123667	2.07411583531401	0	0.2803797372269377	0	0	0	0	0	0
0	0	0.9258841646859863	2.07411583531401	0	0.3086280548953291	0	0	0	0	0	0