Observed S Changes	Observed NS Changes	E[S Sites]	E[NS Sites]	Observed S. Prop.	P{S}	dS	dN	dN-dS	P{S leq. observed}	P{S geq. observed}	Scaled dN-dS
0	0	0	2.999999999999999	0	0	0	0	0	0	0	0
0	0	0.8623151261134573	2.033815185599538	0	0.29774735018861	0	0	0	0	0	0
3	0	0.9999999999999998	2	1	0.3333333333333334	3.000000000000001	0	-3.000000000000001	0.9999999999999999	0.0370370370370372	-2.446781300942224
0	0	0.9209567747391001	2.079043225260899	0	0.3069855915797001	0	0	0	0	0	0
0	0	0.9209567747391001	2.079043225260899	0	0.3069855915797001	0	0	0	0	0	0
5	0	1	2	1	0.3333333333333333	5	0	-5	1	0.004115226337448097	-4.077968834903706
0	0	1.657705590273205	1.216728099147442	0	0.576706847117187	0	0	0	0	0	0
0	0	0.7953904641597477	2.204609535840252	0	0.2651301547199159	0	0	0	0	0	0
0	0	0.7953904641597477	2	0	0.2845364446783395	0	0	0	0	0	0
0	1	0.92145397008785	2.078546029912149	0	0.3071513233626167	0	0.481105535123639	0.481105535123639	0.6928486766373834	0.3071513233626166	0.392386675706774
1	1	1.793376187877116	1.205999550411659	0.5	0.5979164814143244	0.5576074929285951	0.8291877054669358	0.2715802125383406	0.6424958812531139	0.8383288440817627	0.2214991285815755
0	0	0.7953904641597477	2.079043225260899	0	0.276712058826468	0	0	0	0	0	0
3	0	1.795066803932584	1.204638023333774	1	0.5984144798568182	1.671246993943446	0	-1.671246993943446	1	0.2142921592329894	-1.363058631345575
0	1	0.9986961780877373	2.001303821912262	0	0.3328987260292459	0	0.499674256877445	0.499674256877445	0.6671012739707541	0.3328987260292459	0.4075312094299778
2	2	0.7978006165170718	2.202199383482927	0.5	0.265933538839024	2.50689202113095	0.9081829806149818	-1.598709040515968	0.9397762619827151	0.2888721766721036	-1.303897128660585
1	0	0.9999999999999998	2	1	0.3333333333333334	1	0	-1	1	0.3333333333333334	-0.8155937669807413
0	0	0.8190117190019739	1.385597816838278	0	0.3714996717955412	0	0	0	0	0	0
1	1	0.8192497630019892	2.078695378985816	0.5	0.2827002316683042	1.220628976852779	0.4810709688919858	-0.7395580079607935	0.9200805790146871	0.4854810423512955	-0.6031789016135165
1	7	0.9789417127387826	2.021058287261218	0.125	0.3263139042462608	1.02151127793125	3.463531974372624	2.442020696441374	0.2068389534831793	0.9575712075030552	1.991696858855553
1	0	1	2	1	0.3333333333333333	1	0	-1	1	0.3333333333333333	-0.815593766980741
0	1	0.9990050858064415	1.932152477250287	0	0.3408227174129251	0	0.5175574970269089	0.5175574970269089	0.6591772825870749	0.3408227174129251	0.4221166686293004
0	1	0.7966722892451881	2.203327710754811	0	0.2655574297483961	0	0.4538589494058612	0.4538589494058612	0.734442570251604	0.265557429748396	0.3701645302238479
0	0	0.7953904641597477	2.204609535840252	0	0.2651301547199159	0	0	0	0	0	0
1	1	0.795390464159748	2.204609535840252	0.5	0.265130154719916	1.25724413990354	0.4535950624103899	-0.8036490774931502	0.9297060010581932	0.4599663104980255	-0.6554511784432359
0	1	0.7953904641597477	2.204609535840252	0	0.2651301547199159	0	0.45359506241039	0.45359506241039	0.7348698452800841	0.2651301547199159	0.3699493056351544
0	3	0.9990023857362162	2.000834640412926	0	0.3330188863688454	0	1.499374280815565	1.499374280815565	0.2967157567004921	0.7032842432995079	1.222880317804406
0	0	0.9999999999999998	2	0	0.3333333333333334	0	0	0	0	0	0
1	1	0.9994568727558044	2.000133391185597	0.5	0.3331977986361838	1.000543422391702	0.4999666544276034	-0.5005767679640982	0.8889792269840009	0.5553748242563687	-0.4082672918468832
0	0	1.795390464159747	1.204609535840252	0	0.5984634880532493	0	0	0	0	0	0
0	0	0.7953904641597477	2.079043225260899	0	0.276712058826468	0	0	0	0	0	0
0	0	0.9999999999999998	2	0	0.3333333333333334	0	0	0	0	0	0
0	0	0.9999999999999998	2	0	0.3333333333333334	0	0	0	0	0	0
0	0	0.7953904641597477	2.204609535840252	0	0.2651301547199159	0	0	0	0	0	0
0	0	0.7953904641597477	2.204609535840252	0	0.2651301547199159	0	0	0	0	0	0
0	0	0.9999999999999998	2	0	0.3333333333333334	0	0	0	0	0	0
1	0	1	2	1	0.3333333333333333	0.9999999999999998	0	-0.9999999999999998	1	0.3333333333333333	-0.8155937669807409
0	0	0.9999999999999998	2	0	0.3333333333333334	0	0	0	0	0	0
1	0	0.7953904641597477	2.204609535840251	1	0.265130154719916	1.257244139903541	0	-1.257244139903541	1	0.265130154719916	-1.025400484078391
2	0	0.9999999999999998	1.931427567270888	1	0.3411307211424581	2	0	-2	1	0.1163701689071734	-1.631187533961483
5	0	0.9999999999999998	2	1	0.3333333333333334	5.000000000000001	0	-5.000000000000001	1	0.004115226337448541	-4.077968834903706
0	0	0.1809882809980259	2.819011719001974	0	0.06032942699934197	0	0	0	0	0	0
0	0	0.9999999999999998	2	0	0.3333333333333334	0	0	0	0	0	0
0	0	0.8190117190019739	2.077118592711021	0	0.2827951890457399	0	0	0	0	0	0
0	0	0.9999999999999998	2	0	0.3333333333333334	0	0	0	0	0	0
0	0	0.9209567747391001	2.079043225260899	0	0.3069855915797001	0	0	0	0	0	0
3	0	1	2	1	0.3333333333333333	3	0	-3	1	0.03703703703703698	-2.446781300942223
1	2	0.7953904641597477	2.204609535840252	0.3333333333333333	0.2651301547199159	1.257244139903541	0.9071901248207799	-0.3500540150827609	0.8263921208052261	0.6031455261496508	-0.2855018728080821
0	0	0.7953904641597477	2.204609535840252	0	0.2651301547199159	0	0	0	0	0	0
1	3	0.9783322852442522	1.228149585140332	0.25	0.4433901308573777	1.022147602693433	2.442699192588345	1.420551589894913	0.4018281770475383	0.9040149468222526	1.158593022392873
0	0	0.9209567747391001	2.079043225260899	0	0.3069855915797001	0	0	0	0	0	0
0	0	0.8190117190019739	2.112145844054754	0	0.2794157944030398	0	0	0	0	0	0
1	0	0.9999999999999998	2	1	0.3333333333333334	1	0	-1	1	0.3333333333333334	-0.8155937669807413
0	0	0.9999999999999998	2	0	0.3333333333333334	0	0	0	0	0	0
0	0	0.7953904641597477	2.204609535840252	0	0.2651301547199159	0	0	0	0	0	0
1	0	0.9999999999999998	2	1	0.3333333333333334	1	0	-1	1	0.3333333333333334	-0.8155937669807413
0	0	0.9999999999999998	2	0	0.3333333333333334	0	0	0	0	0	0
6	0	0.8617379803206193	2.069419582736109	1	0.2939923773398126	6.962673268465703	0	-6.962673268465703	1	0.0006456786418631566	-5.678712919284052
3	0	1.784691103120882	1.205551257907723	1	0.5968382785223372	1.68096316205864	0	-1.68096316205864	1	0.2126033028668942	-1.370983077499264
0	0	0.9999999999999998	2	0	0.3333333333333334	0	0	0	0	0	0
0	0	0.8623151261134573	1.342294409726794	0	0.391141883446857	0	0	0	0	0	0
0	4	0.7953904641597479	2.204609535840252	0	0.265130154719916	0	1.81438024964156	1.81438024964156	0.2916363857971151	0.7083636142028849	1.479797222540617
1	0	0.9999999999999998	2	1	0.3333333333333334	1	0	-1	1	0.3333333333333334	-0.8155937669807413
1	0	0.9999999999999998	1.795762384247123	1	0.3576841886258127	1	0	-1	1	0.3576841886258127	-0.8155937669807413
0	2	0.5650615911783738	2.434938408821626	0	0.1883538637261246	0	0.8213760121217556	0.8213760121217556	0.6587694505283103	0.3412305494716897	0.6699091558340015
2	0	0.9999999999999998	1.999675462038811	1	0.3333693970081426	2	0	-2	0.9999999999999999	0.1111351548615727	-1.631187533961483
0	3	0.8308323492770241	2.100187643379497	0	0.2834618499220818	0	1.428443791418837	1.428443791418837	0.3678899758275146	0.6321100241724854	1.165029852763541
0	0	0.1809882809980259	2.819011719001974	0	0.06032942699934197	0	0	0	0	0	0
2	0	0.7953904641597476	2.079043225260899	1	0.276712058826468	2.514488279807082	0	-2.514488279807082	1	0.07656956349998256	-2.050800968156782
0	4	0.7953904641597481	2.204609535840253	0	0.2651301547199159	0	1.814380249641559	1.814380249641559	0.2916363857971153	0.7083636142028846	1.479797222540617
0	0	0.7953904641597477	2.204609535840252	0	0.2651301547199159	0	0	0	0	0	0
0	0	0.9999999999999998	2	0	0.3333333333333334	0	0	0	0	0	0
0	0	0.7953904641597477	2.204609535840252	0	0.2651301547199159	0	0	0	0	0	0
1	1	0.862006278631509	1.343851334362264	0.5	0.3907805624233383	1.160084357607656	0.74412993046925	-0.4159544271384056	0.8472905520320995	0.628851676878776	-0.3392498381221284
1	1	0.9217639609987403	2.078236039001259	0.5	0.3072546536662468	1.084876435087015	0.4811772971084515	-0.603699137978564	0.9055945778004347	0.5201038851329284	-0.4923732540669632
0	0	0.9999999999999998	2	0	0.3333333333333334	0	0	0	0	0	0
0	0	0.7953904641597477	2.204609535840252	0	0.2651301547199159	0	0	0	0	0	0
0	0	0.9999999999999998	1.931157563056728	0	0.3411621444727659	0	0	0	0	0	0
2	2	0.8192837649612655	2.109533879906064	0.5	0.2797319137970359	2.441156636485476	0.9480767382077119	-1.493079898277764	0.930813135111496	0.3127567707837153	-1.217746658639583
3	0	0.7953904641597477	2.204609535840252	1	0.2651301547199159	3.771732419710622	0	-3.771732419710622	1	0.01863705881532263	-3.076201452235172
1	0	0.7953904641597478	2.079043225260899	1	0.2767120588264681	1.257244139903541	0	-1.257244139903541	1	0.2767120588264681	-1.025400484078391
2	0	0.9999999999999998	2	1	0.3333333333333334	2	0	-2	1	0.111111111111111	-1.631187533961483
0	0	1.795390464159747	1.204609535840252	0	0.5984634880532493	0	0	0	0	0	0
0	0	0.1809882809980259	2.819011719001974	0	0.06032942699934197	0	0	0	0	0	0
0	0	0.7953904641597477	2.204609535840252	0	0.2651301547199159	0	0	0	0	0	0
0	0	0.9999999999999998	2	0	0.3333333333333334	0	0	0	0	0	0
0	0	1.795390464159747	1.204609535840252	0	0.5984634880532493	0	0	0	0	0	0
0	0	1.657705590273205	1.216728099147442	0	0.576706847117187	0	0	0	0	0	0
2	0	0.9999999999999999	1.93153547059951	1	0.3411181648760662	2	0	-2	1	0.1163616024084149	-1.631187533961483
3	0	0.7953904641597478	2.204609535840252	1	0.265130154719916	3.771732419710621	0	-3.771732419710621	0.9999999999999999	0.01863705881532285	-3.076201452235171
0	0	0.9999999999999998	2	0	0.3333333333333334	0	0	0	0	0	0
2	0	0.8620772526840943	1.342532283156157	1	0.3910339852338193	2.319977697790959	0	-2.319977697790959	0.9999999999999998	0.152907577607843	-1.892159349852636
0	0	0.7953904641597477	2.079043225260899	0	0.276712058826468	0	0	0	0	0	0
0	0	0.7953904641597477	2.204609535840252	0	0.2651301547199159	0	0	0	0	0	0
0	2	0.9963034335465293	2.00369656645347	0	0.3321011445155099	0	0.9981551266217854	0.9981551266217854	0.4460888811574918	0.5539111188425081	0.8140890997526006
2	1	0.7961940242815655	2.203805975718435	0.6666666666666666	0.2653980080938551	2.511950528396231	0.4537604539682775	-2.058190074427953	0.9813063986454762	0.1739211053915111	-1.678646995965066
0	0	0.8190117190019739	1.385597816838278	0	0.3714996717955412	0	0	0	0	0	0
1	0	0.795390464159748	2.204609535840253	1	0.2651301547199159	1.25724413990354	0	-1.25724413990354	1	0.2651301547199159	-1.02540048407839
0	0	0.8623151261134573	2.033815185599538	0	0.29774735018861	0	0	0	0	0	0
1	3	0.8200965127393274	2.077288968548161	0.25	0.2830470843578975	1.219368677303297	1.444190021428136	0.2248213441248395	0.6814625487479673	0.7357819147598226	0.1833628869524513
0	0	0	1.275369747773085	0	0	0	0	0	0	0	0
0	0	0.7953904641597477	2.204609535840252	0	0.2651301547199159	0	0	0	0	0	0
3	0	1.00062485706906	1.999375142930939	1	0.33354161902302	2.998126599400429	0	-2.998126599400429	0.9999999999999997	0.03710650899223078	-2.445253367090155
0	0	0.7953904641597477	2.204609535840252	0	0.2651301547199159	0	0	0	0	0	0
1	1	0.99993810343767	2.000061896562329	0.5	0.3333127011458901	1.000061900393752	0.4999845263383009	-0.5000773740554507	0.8889026432548306	0.5555280455466107	-0.4078599892877222
0	0	0.8190117190019739	2.112145844054754	0	0.2794157944030398	0	0	0	0	0	0
3	0	1.094636791387035	1.308687828354734	1	0.4554677226685469	2.740635088830373	0	-2.740635088830373	1	0.09448716457222361	-2.235244896018762
0	1	0.7957124214359201	2.20428757856408	0	0.2652374738119734	0	0.4536613143061041	0.4536613143061041	0.7347625261880266	0.2652374738119734	0.3700033402683494
0	2	0.8198587759795499	2.076271535733445	0	0.2830876679352947	0	0.9632651440715813	0.9632651440715813	0.5139632918664543	0.4860367081335457	0.7856330474545873
0	0	0.9999999999999998	2	0	0.3333333333333334	0	0	0	0	0	0
0	6	0.795390464159748	2.031151129726133	0	0.2814005871628652	0	2.953989938114058	2.953989938114058	0.1376959440886893	0.8623040559113108	2.409255781249651
0	0	0.7953904641597477	2.204609535840252	0	0.2651301547199159	0	0	0	0	0	0
0	0	0.7953904641597477	2.204609535840252	0	0.2651301547199159	0	0	0	0	0	0
0	0	0.7953904641597477	2.079043225260899	0	0.276712058826468	0	0	0	0	0	0
0	0	0.7953904641597477	2	0	0.2845364446783395	0	0	0	0	0	0
2	0	0.9999999999999997	1.999999999999999	1	0.3333333333333333	2.000000000000001	0	-2.000000000000001	1	0.1111111111111109	-1.631187533961483
0	0	0.7953904641597477	2	0	0.2845364446783395	0	0	0	0	0	0
0	0	0.7953904641597477	2.204609535840252	0	0.2651301547199159	0	0	0	0	0	0
0	0	0.9999999999999998	2	0	0.3333333333333334	0	0	0	0	0	0
1	0	0.9999999999999999	2	1	0.3333333333333334	1	0	-1	1	0.3333333333333334	-0.8155937669807413
0	0	0.7953904641597477	2.204609535840252	0	0.2651301547199159	0	0	0	0	0	0
0	0	0.7953904641597477	2	0	0.2845364446783395	0	0	0	0	0	0
0	0	0.9999999999999998	2	0	0.3333333333333334	0	0	0	0	0	0
1	0	0.9999999999999998	1.999517619885708	1	0.3333869397433656	1	0	-1	1	0.3333869397433655	-0.8155937669807413
0	0	0.9999999999999998	2	0	0.3333333333333334	0	0	0	0	0	0
0	0	0.9394337188244787	2.060566281175521	0	0.3131445729414929	0	0	0	0	0	0
0	0	0.9999999999999998	1.795390464159747	0	0.3577317776608303	0	0	0	0	0	0
0	0	1.795390464159747	1.204609535840252	0	0.5984634880532493	0	0	0	0	0	0
0	0	0.9999999999999998	2	0	0.3333333333333334	0	0	0	0	0	0
0	0	0.9999999999999998	2	0	0.3333333333333334	0	0	0	0	0	0
0	1	0.9999999999999999	1.799244721276175	0	0.3572392197078433	0	0.5557887641269368	0.5557887641269368	0.6427607802921567	0.3572392197078433	0.4532978517798589
2	0	0.9999999999999999	2	1	0.3333333333333334	2	0	-2	1	0.111111111111111	-1.631187533961483
2	0	0.9999999999999998	1.999891786685244	1	0.3333453574686966	2	0	-2	1	0.1111191273459331	-1.631187533961483
1	0	0.9999999999999998	2	1	0.3333333333333334	1	0	-1	1	0.3333333333333334	-0.8155937669807413
2	0	1.794634178598079	1.204676101572556	1	0.5983489572462574	1.114433249879564	0	-1.114433249879564	1	0.3580214746376835	-0.9089248123178635
2	0	0.8617367768922494	2.069420786164478	1	0.2939919667756093	2.320894330647882	0	-2.320894330647882	1	0.08643127652859084	-1.892906949897351
1	0	0.7953904641597477	2.204609535840252	1	0.2651301547199159	1.257244139903541	0	-1.257244139903541	1	0.2651301547199159	-1.025400484078391
0	2	0.7954646503246293	2.204209131027254	0	0.2651837193996915	0	0.9073549201150057	0.9073549201150057	0.5399549662352713	0.4600450337647287	0.740033017285107
0	3	0.7953904641597479	2.204609535840252	0	0.265130154719916	0	1.36078518723117	1.36078518723117	0.3968544738503488	0.6031455261496512	1.109847916905463
0	0	0.8190117190019739	2.112145844054754	0	0.2794157944030398	0	0	0	0	0	0
0	1	0.7953904641597477	2.204609535840252	0	0.2651301547199159	0	0.45359506241039	0.45359506241039	0.7348698452800841	0.2651301547199159	0.3699493056351544
0	0	0.7953904641597477	2.204609535840252	0	0.2651301547199159	0	0	0	0	0	0
0	0	0.7953904641597477	2.204609535840252	0	0.2651301547199159	0	0	0	0	0	0
0	0	0	1.275369747773085	0	0	0	0	0	0	0	0
0	4	0.99951707566422	2.000482924335778	0	0.3331723585547402	0	1.999517192244029	1.999517192244029	0.1977217182324438	0.8022782817675562	1.630793758965062
1	0	0.9999999999999998	1.93126545640264	1	0.3411495870548816	1	0	-1	1	0.3411495870548816	-0.8155937669807413
0	0	0.9999999999999998	2	0	0.3333333333333334	0	0	0	0	0	0
1	0	0.9999999999999998	2	1	0.3333333333333334	1	0	-1	1	0.3333333333333334	-0.8155937669807413
0	0	0.8190117190019739	1.385597816838278	0	0.3714996717955412	0	0	0	0	0	0
2	1	0.7953904641597482	2.204609535840253	0.6666666666666666	0.265130154719916	2.51448827980708	0.4535950624103898	-2.06089321739669	0.9813629411846772	0.1736078791947742	-1.680851662521626
0	0	0.9999999999999998	1.931157563056728	0	0.3411621444727659	0	0	0	0	0	0
0	0	0.9999999999999998	2	0	0.3333333333333334	0	0	0	0	0	0
1	0	0.7953904641597478	2.204609535840252	1	0.265130154719916	1.257244139903541	0	-1.257244139903541	1	0.265130154719916	-1.025400484078391
0	0	0.9999999999999998	2	0	0.3333333333333334	0	0	0	0	0	0
0	3	0.9999999999999996	1.999999999999999	0	0.3333333333333333	0	1.500000000000001	1.500000000000001	0.2962962962962963	0.7037037037037037	1.223390650471112
0	0	0.7953904641597477	2.079043225260899	0	0.276712058826468	0	0	0	0	0	0
0	5	0.2285884842952358	2.76356640393063	0	0.07639593966032035	0	1.809256326494809	1.809256326494809	0.6720926832228989	0.3279073167771011	1.475618182759639
0	0	0.9394337188244787	2.060566281175521	0	0.3131445729414929	0	0	0	0	0	0
0	6	0.9134853719370165	1.98913058892843	0	0.3147110689988251	0	3.016393208870352	3.016393208870352	0.1035719855559423	0.8964280144440577	2.460151499917695
1	0	0.9999999999999998	2	1	0.3333333333333334	1	0	-1	1	0.3333333333333334	-0.8155937669807413
0	3	0.7964861135771637	2.198695989820012	0	0.2659224334553076	0	1.364445113781093	1.364445113781093	0.3955722855730081	0.6044277144269918	1.112832930187188
1	4	0.795390464159748	2.204609535840253	0.2	0.2651301547199159	1.25724413990354	1.814380249641559	0.5571361097380192	0.6009227861505005	0.7856852142912309	0.4543967384622266
1	0	0.7953904641597477	2.204609535840252	1	0.2651301547199159	1.257244139903541	0	-1.257244139903541	1	0.2651301547199159	-1.025400484078391
0	0	0.7953904641597477	2.204609535840252	0	0.2651301547199159	0	0	0	0	0	0
1	0	0.7953904641597476	2.204609535840252	1	0.2651301547199159	1.257244139903541	0	-1.257244139903541	1	0.2651301547199159	-1.025400484078391
0	0	0.7953904641597477	2.204609535840252	0	0.2651301547199159	0	0	0	0	0	0
1	0	0.8963347989758346	2.000286005972371	1	0.3094415387214833	1.115654553569285	0	-1.115654553569285	1	0.3094415387214833	-0.9099208999947905
2	0	1.636949253149127	1.19772003783764	1	0.5774745076450503	1.22178497357352	0	-1.22178497357352	1	0.3334768069798932	-0.9964802090372924
0	0	0.7953904641597477	2.204609535840252	0	0.2651301547199159	0	0	0	0	0	0
0	0	0	1.275369747773085	0	0	0	0	0	0	0	0
0	0	1.657705590273205	1.216728099147442	0	0.576706847117187	0	0	0	0	0	0
0	0	0.9999999999999998	2	0	0.3333333333333334	0	0	0	0	0	0
2	0	0.7953904641597478	2.204609535840252	1	0.265130154719916	2.514488279807081	0	-2.514488279807081	0.9999999999999999	0.07029399894180666	-2.050800968156781
2	6	1.559575430708267	1.237212850587413	0.25	0.5576308514800253	1.282400299863482	4.849610151681882	3.567209851818401	0.08150221732216736	0.983744791163276	2.909394120655381
1	3	0.8006249811205679	2.17796085565977	0.25	0.2687936574579273	1.249024229296947	1.377435224422897	0.12841099512595	0.7062024167757158	0.7141357807891631	0.1047312072365191
0	3	0.8024518565798455	2.154342624010555	0	0.271392503553245	0	1.392536157695825	1.392536157695825	0.3867950484241301	0.61320495157587	1.135743810512025
2	2	0.8577804373094757	2.060364897712622	0.5	0.2939471269695963	2.331598988516483	0.9707018413196428	-1.36089714719684	0.9208035229437502	0.3376390994027669	-1.109939230755615
1	0	0.7953904641597478	2	1	0.2845364446783395	1.257244139903541	0	-1.257244139903541	1	0.2845364446783395	-1.025400484078391
0	2	0.9999999999999997	1.998225510216968	0	0.3335306155565444	0	1.000888032794076	1.000888032794076	0.4441814404004386	0.5558185595995614	0.8163180409924639
0	0	0.9999999999999998	2	0	0.3333333333333334	0	0	0	0	0	0
5	0	1.65563311564963	1.215017613273313	1	0.5767448819072521	3.019992746423244	0	-3.019992746423244	1	0.06381440822036466	-2.463087260309848
0	0	0.7953904641597477	2.204609535840252	0	0.2651301547199159	0	0	0	0	0	0
0	0	0.9999999999999998	2	0	0.3333333333333334	0	0	0	0	0	0
0	0	0.9999999999999998	2	0	0.3333333333333334	0	0	0	0	0	0
0	0	0	2.999999999999999	0	0	0	0	0	0	0	0
1	0	0.9999999999999997	1.999999999999999	1	0.3333333333333333	1	0	-1	1	0.3333333333333333	-0.8155937669807415
1	0	0.7953904641597478	2.204609535840252	1	0.265130154719916	1.257244139903541	0	-1.257244139903541	1	0.265130154719916	-1.025400484078391
0	2	0.7957584368950856	2.203670455052936	0	0.2653033179187218	0	0.9075767183854884	0.9075767183854884	0.5397792146612387	0.4602207853387613	0.7402139145720397
3	0	0.8196571472323231	2.111500415824405	1	0.279635990082209	3.660066907401323	0	-3.660066907401323	0.9999999999999999	0.02186649612180813	-2.985127756408997
0	5	0.8187512663634401	1.488811223559961	0	0.3548121751583067	0	3.358384139558193	3.358384139558193	0.1117971717081637	0.8882028282918364	2.739077171350641
0	0	0.7953904641597477	2.204609535840252	0	0.2651301547199159	0	0	0	0	0	0
0	0	0.7953904641597477	2.204609535840252	0	0.2651301547199159	0	0	0	0	0	0
0	0	0.8190117190019739	2.077118592711021	0	0.2827951890457399	0	0	0	0	0	0
0	0	1.657705590273205	1.216728099147442	0	0.576706847117187	0	0	0	0	0	0
1	0	0.7953904641597477	2	1	0.2845364446783395	1.257244139903541	0	-1.257244139903541	1	0.2845364446783395	-1.025400484078391
0	0	0.9209567747391001	2.079043225260899	0	0.3069855915797001	0	0	0	0	0	0
0	0	0	1.275369747773085	0	0	0	0	0	0	0	0
3	0	0.9999999999999998	1.9985955407496	1	0.3334894574511427	3.000000000000001	0	-3.000000000000001	1	0.03708910278818567	-2.446781300942224
1	0	0.9999999999999998	2	1	0.3333333333333334	1	0	-1	1	0.3333333333333334	-0.8155937669807413
0	0	0.7953904641597477	2.204609535840252	0	0.2651301547199159	0	0	0	0	0	0
0	0	0.7953904641597477	2.204609535840252	0	0.2651301547199159	0	0	0	0	0	0
3	0	0.9999999999999999	2	1	0.3333333333333334	3	0	-3	0.9999999999999999	0.0370370370370372	-2.446781300942224
2	1	0.9999999999999997	1.999999999999999	0.6666666666666666	0.3333333333333333	2.000000000000001	0.5000000000000002	-1.500000000000001	0.962962962962963	0.2592592592592592	-1.223390650471112
4	0	1	2	1	0.3333333333333333	4	0	-4	1	0.01234567901234551	-3.262375067922964
0	0	0.7953904641597477	2.204609535840252	0	0.2651301547199159	0	0	0	0	0	0
1	2	0.8464412186126722	2.071103256319983	0.3333333333333333	0.2901211021409401	1.181416946635719	0.9656688983984688	-0.2157480482372499	0.7963283719398169	0.6422721115315179	-0.1759627633805613
0	0	0.7953904641597477	2.204609535840252	0	0.2651301547199159	0	0	0	0	0	0
0	0	0.8190117190019739	1.385597816838278	0	0.3714996717955412	0	0	0	0	0	0
1	2	0.9213285650689294	2.078671434931069	0.3333333333333333	0.3071095216896433	1.085389119488751	0.9621530206221948	-0.1232360988665565	0.7749820670184568	0.6673452111094962	-0.1005105941025859
0	2	0.7956871989298698	2.204016066300007	0	0.2652553031337563	0	0.9074344014912289	0.9074344014912289	0.5398497695730683	0.4601502304269317	0.7400978418001456
1	1	1.79414293362269	1.205857066377309	0.5	0.598047644540897	0.5573691935351126	0.8292856822610378	0.2719164887259252	0.642339014859085	0.8384343039408789	0.2217733933441536
1	0	0.7953904641597478	2	1	0.2845364446783395	1.257244139903541	0	-1.257244139903541	1	0.2845364446783395	-1.025400484078391
1	0	0.9999999999999997	1.999999999999999	1	0.3333333333333333	1	0	-1	1	0.3333333333333333	-0.8155937669807415
1	5	0.8253508905835083	1.382600031629012	0.1666666666666667	0.3738085309235268	1.211605889578695	3.616374863024473	2.404768973445778	0.2762312054009372	0.9397103336765028	1.961314585771052
2	3	0.9999999999999999	1.887683904117505	0.4	0.3462982906730598	2	1.589249128763698	-0.4107508712363028	0.7705499823300205	0.5644459683763388	-0.3350058503622376
0	1	0.9999999999999999	1.803413030470777	0	0.3567080516252256	0	0.5545041446988725	0.5545041446988725	0.6432919483747744	0.3567080516252256	0.4522501241813874
0	0	0.9999999999999998	1.931157563056728	0	0.3411621444727659	0	0	0	0	0	0
0	0	0.8961303117129953	2	0	0.3094233391669985	0	0	0	0	0	0
2	0	0.9203757018423557	2.079624298157643	1	0.3067919006141187	2.173025641590183	0	-2.173025641590183	1	0.09412127028242323	-1.772306168770279
0	0	0.9999999999999998	2	0	0.3333333333333334	0	0	0	0	0	0
2	0	0.9999999999999994	1.999999999999999	1	0.3333333333333334	2.000000000000001	0	-2.000000000000001	1	0.111111111111111	-1.631187533961483
2	0	0.9999999999999998	2	1	0.3333333333333334	2	0	-2	1	0.111111111111111	-1.631187533961483
0	0	0.9999999999999998	2	0	0.3333333333333334	0	0	0	0	0	0
0	0	0.8190117190019739	2.077118592711021	0	0.2827951890457399	0	0	0	0	0	0
1	1	0.8972651730043004	1.99974059826947	0.5	0.3097215690425726	1.114497731647952	0.5000648588448809	-0.6144328728030709	0.9040725496698069	0.5235156877549523	-0.5011276212862551
0	0	0.7953904641597477	2.204609535840252	0	0.2651301547199159	0	0	0	0	0	0
0	0	0.8190117190019739	1.385597816838278	0	0.3714996717955412	0	0	0	0	0	0
2	0	0.819827893492189	1.384781642348063	1	0.371869884514368	2.439536414747586	0	-2.439536414747586	1	0.1382872110087293	-1.989670694190675
0	3	0.9999999999999996	1.999999999999999	0	0.3333333333333333	0	1.500000000000001	1.500000000000001	0.2962962962962963	0.7037037037037037	1.223390650471112
3	1	0.9999999999999996	1.999999999999999	0.75	0.3333333333333333	3.000000000000001	0.5000000000000002	-2.500000000000001	0.9876543209876545	0.1111111111111109	-2.038984417451854
1	1	0.921392429598507	2.078607570401493	0.5	0.307130809866169	1.085313887846621	0.481091291227639	-0.6042225966189823	0.9056706656309514	0.5199322853632891	-0.4928001836713605
3	0	1	2	1	0.3333333333333333	3	0	-3	1	0.03703703703703698	-2.446781300942223
0	0	0.7953904641597477	2.204609535840252	0	0.2651301547199159	0	0	0	0	0	0
1	0	0.9209567747391	2.079043225260899	1	0.3069855915797001	1.085827291170416	0	-1.085827291170416	1	0.3069855915797001	-0.8855939706961736
2	0	0.9999999999999998	1.931373593572177	1	0.3411370021865409	2	0	-2	0.9999999999999999	0.11637445426082	-1.631187533961483
0	1	0.9998394882516404	2	0	0.333297662147372	0	0.5000000000000001	0.5000000000000001	0.666702337852628	0.333297662147372	0.4077968834903706
0	0	0.8961303117129953	2	0	0.3094233391669985	0	0	0	0	0	0
0	0	0.9999999999999998	2	0	0.3333333333333334	0	0	0	0	0	0
3	0	0.898417828690189	1.996344304582423	1	0.3103598110406749	3.33920354672138	0	-3.33920354672138	1	0.02989485397111491	-2.723433599385941
0	3	0.5244051869685362	2.475594813031464	0	0.1748017289895121	0	1.211829974844058	1.211829974844058	0.5619205669230335	0.4380794330769665	0.9883609741232423
0	0	0.9394337188244787	2.060566281175521	0	0.3131445729414929	0	0	0	0	0	0
1	4	0.7953904641597478	2.204609535840252	0.2	0.2651301547199159	1.257244139903541	1.81438024964156	0.5571361097380192	0.6009227861505005	0.7856852142912309	0.4543967384622266
1	0	0.9209567747391001	2.079043225260899	1	0.3069855915797001	1.085827291170416	0	-1.085827291170416	1	0.3069855915797002	-0.8855939706961735
2	0	1	2	1	0.3333333333333333	2	0	-2	1	0.1111111111111109	-1.631187533961482
1	0	0.7953904641597477	2.204609535840252	1	0.2651301547199159	1.257244139903541	0	-1.257244139903541	1	0.2651301547199159	-1.025400484078391
1	0	0.8962322539760776	2.000142581477564	1	0.3094324128926864	1.115782204404677	0	-1.115782204404677	1	0.3094324128926864	-0.9100250112204856
0	1	0.2870341751265911	2.712965824873409	0	0.09567805837553037	0	0.3686002937566165	0.3686002937566165	0.9043219416244697	0.09567805837553034	0.3006281020951666
0	0	0.7953904641597477	2.204609535840252	0	0.2651301547199159	0	0	0	0	0	0
1	0	0.9209567747391001	2.079043225260899	1	0.3069855915797001	1.085827291170416	0	-1.085827291170416	1	0.3069855915797002	-0.8855939706961735
1	0	0.7953904641597477	2	1	0.2845364446783395	1.257244139903541	0	-1.257244139903541	1	0.2845364446783395	-1.025400484078391
0	0	0	1.275369747773085	0	0	0	0	0	0	0	0
0	0	0.9999999999999998	2	0	0.3333333333333334	0	0	0	0	0	0
0	0	0.1809882809980259	2.819011719001974	0	0.06032942699934197	0	0	0	0	0	0
0	0	0.9999999999999998	2	0	0.3333333333333334	0	0	0	0	0	0
0	0	0.8190117190019739	2.077118592711021	0	0.2827951890457399	0	0	0	0	0	0
6	0	0.9999999999999998	2	1	0.3333333333333334	6.000000000000002	0	-6.000000000000002	0.9999999999999999	0.001371742112482921	-4.893562601884448
2	0	0.9999999999999998	1.931428139540575	1	0.341130654547351	2	0	-2	1	0.1163701234719041	-1.631187533961483
1	0	0.7953904641597478	2.204609535840252	1	0.265130154719916	1.257244139903541	0	-1.257244139903541	1	0.265130154719916	-1.025400484078391
0	0	0.1809882809980259	2.819011719001974	0	0.06032942699934197	0	0	0	0	0	0
0	0	0.9999999999999998	2	0	0.3333333333333334	0	0	0	0	0	0
0	0	1.657705590273205	1.216728099147442	0	0.576706847117187	0	0	0	0	0	0
0	0	0.9209567747391001	2.079043225260899	0	0.3069855915797001	0	0	0	0	0	0
1	0	0.7953904641597478	2.204609535840252	1	0.265130154719916	1.257244139903541	0	-1.257244139903541	1	0.265130154719916	-1.025400484078391
0	0	0.7953904641597477	2.204609535840252	0	0.2651301547199159	0	0	0	0	0	0
0	0	0.9999999999999998	2	0	0.3333333333333334	0	0	0	0	0	0
1	0	0.9999999999999998	1.999729636075908	1	0.3333633764768709	1	0	-1	1	0.3333633764768709	-0.8155937669807413
1	0	0.7953904641597477	2.204609535840251	1	0.265130154719916	1.257244139903541	0	-1.257244139903541	1	0.265130154719916	-1.025400484078391
0	0	1.795390464159747	1.204609535840252	0	0.5984634880532493	0	0	0	0	0	0
0	0	0.9209567747391001	2.079043225260899	0	0.3069855915797001	0	0	0	0	0	0
1	0	0.9999999999999998	2	1	0.3333333333333334	1	0	-1	1	0.3333333333333334	-0.8155937669807413
0	0	0.9999999999999998	2	0	0.3333333333333334	0	0	0	0	0	0
1	0	0.9436765766973585	2.056323423302641	1	0.3145588588991195	1.059685092004466	0	-1.059685092004466	1	0.3145588588991195	-0.8642725560012559
0	0	0.9999999999999998	2	0	0.3333333333333334	0	0	0	0	0	0
0	0	0.7953904641597477	2	0	0.2845364446783395	0	0	0	0	0	0
1	0	0.7953904641597478	2.204609535840252	1	0.265130154719916	1.257244139903541	0	-1.257244139903541	1	0.265130154719916	-1.025400484078391
0	0	0.8190117190019739	2.077118592711021	0	0.2827951890457399	0	0	0	0	0	0
0	1	0.1799892144196189	2.82001078558038	0	0.05999640480653966	0	0.3546085728158633	0.3546085728158633	0.9400035951934603	0.05999640480653967	0.2892165417065544
2	5	1.125246720965677	1.08966897278165	0.2857142857142857	0.508031400085444	1.777387983218131	4.588549481441378	2.811161498223247	0.2135987147854524	0.9426035510469334	2.292765795927122
1	0	0.7953904641597477	2.204609535840252	1	0.2651301547199159	1.257244139903541	0	-1.257244139903541	1	0.2651301547199159	-1.025400484078391
4	0	0.9999999999999998	1.999405855396343	1	0.3333993624773595	4.000000000000001	0	-4.000000000000001	1	0.01235546401470611	-3.262375067922965
0	0	0.8190117190019739	2.077118592711021	0	0.2827951890457399	0	0	0	0	0	0
0	0	0.7953904641597477	2.204609535840252	0	0.2651301547199159	0	0	0	0	0	0
0	0	0.9999999999999998	1.795390464159747	0	0.3577317776608303	0	0	0	0	0	0
0	0	0.1809882809980259	2.819011719001974	0	0.06032942699934197	0	0	0	0	0	0
0	0	0	2.999999999999999	0	0	0	0	0	0	0	0
0	0	0.8961303117129953	2	0	0.3094233391669985	0	0	0	0	0	0
0	0	0.9999999999999998	1.795390464159747	0	0.3577317776608303	0	0	0	0	0	0
0	0	0.7953904641597477	2.204609535840252	0	0.2651301547199159	0	0	0	0	0	0
0	0	0.9999999999999998	2	0	0.3333333333333334	0	0	0	0	0	0
0	0	0.9999999999999998	2	0	0.3333333333333334	0	0	0	0	0	0
0	0	0.9209567747391001	2.079043225260899	0	0.3069855915797001	0	0	0	0	0	0
3	0	0.9999999999999997	1.998994261250125	1	0.3334451195592325	3.000000000000001	0	-3.000000000000001	1	0.03707431160989394	-2.446781300942224
0	0	0.8190117190019739	2.077118592711021	0	0.2827951890457399	0	0	0	0	0	0
1	0	0.7953904641597478	2.079043225260899	1	0.2767120588264681	1.257244139903541	0	-1.257244139903541	1	0.2767120588264681	-1.025400484078391
1	1	0.8299034678508272	2.11595140205396	0.5	0.2817190610200191	1.204959418460638	0.4726006462290662	-0.7323587722315723	0.9206343706579988	0.484072492698037	-0.5973072498257386
1	0	0.9999999999999998	1.999839220413493	1	0.3333511986892956	1	0	-1	1	0.3333511986892956	-0.8155937669807413
2	2	0.8425480866924158	2.097523216681161	0.5	0.2865740316316941	2.37375175564327	0.9535055364796062	-1.420246219163664	0.9260941894909794	0.3247030455858221	-1.158343963927848
1	0	0.7953904641597477	2.079043225260899	1	0.276712058826468	1.257244139903541	0	-1.257244139903541	1	0.276712058826468	-1.025400484078391
2	0	0.9192141453222956	2.080785854677704	1	0.3064047151074319	2.175771565502572	0	-2.175771565502572	1	0.09388384944006634	-1.774545727197827
1	0	0.9999999999999998	2	1	0.3333333333333334	1	0	-1	1	0.3333333333333334	-0.8155937669807413
0	0	0.9999999999999998	2	0	0.3333333333333334	0	0	0	0	0	0
1	0	0.7953904641597477	2.204609535840252	1	0.2651301547199159	1.257244139903541	0	-1.257244139903541	1	0.2651301547199159	-1.025400484078391
1	0	0.9999999999999998	1.931590593709663	1	0.3411117507832464	1	0	-1	1	0.3411117507832464	-0.8155937669807413
1	0	0.7953904641597478	2.204609535840251	1	0.265130154719916	1.257244139903541	0	-1.257244139903541	1	0.2651301547199161	-1.025400484078391
1	0	0.9209567747391002	2.079043225260899	1	0.3069855915797001	1.085827291170416	0	-1.085827291170416	1	0.3069855915797002	-0.8855939706961735
1	0	0.9999999999999999	2	1	0.3333333333333334	1	0	-1	1	0.3333333333333334	-0.8155937669807413
0	0	0.7953904641597477	2.204609535840252	0	0.2651301547199159	0	0	0	0	0	0
0	0	0.7953904641597477	2.204609535840252	0	0.2651301547199159	0	0	0	0	0	0
1	1	0.8195446883591798	2.076585623353814	0.5	0.2829792171452527	1.220189715343177	0.4815597241711315	-0.7386299911720452	0.9199227626638599	0.4858811969543654	-0.6024220169049599
0	0	0.9999999999999998	2	0	0.3333333333333334	0	0	0	0	0	0
2	0	0.7953904641597478	2.204609535840252	1	0.2651301547199159	2.514488279807081	0	-2.514488279807081	1	0.07029399894180632	-2.050800968156781
0	0	0.8190117190019739	1.385597816838278	0	0.3714996717955412	0	0	0	0	0	0
1	0	0.7953904641597477	2.204609535840252	1	0.2651301547199159	1.257244139903541	0	-1.257244139903541	1	0.2651301547199159	-1.025400484078391
1	1	0.9974291634667986	2.002570836533201	0.5	0.3324763878222662	1.00257746276865	0.4993581159561747	-0.5032193468124754	0.8894594515406579	0.5544122271851906	-0.4104225626843748
0	0	0.7953904641597477	2.204609535840252	0	0.2651301547199159	0	0	0	0	0	0
1	0	0.9392637551933972	2.060328561657442	1	0.3131304710699804	1.064663673511065	0	-1.064663673511065	1	0.3131304710699804	-0.8683330560464434
1	0	0.9209567747391001	2.079043225260899	1	0.3069855915797001	1.085827291170416	0	-1.085827291170416	1	0.3069855915797002	-0.8855939706961735
0	0	0.9999999999999998	2	0	0.3333333333333334	0	0	0	0	0	0
2	0	0.7953904641597477	1.999999999999999	1	0.2845364446783396	2.514488279807082	0	-2.514488279807082	1	0.08096098835018983	-2.050800968156782
0	0	0.9999999999999998	2	0	0.3333333333333334	0	0	0	0	0	0
1	3	0.9999999999999999	2	0.25	0.3333333333333334	1	1.5	0.5	0.5925925925925926	0.8024691358024691	0.4077968834903705
1	0	0.7953904641597477	2.079043225260899	1	0.276712058826468	1.257244139903541	0	-1.257244139903541	1	0.276712058826468	-1.025400484078391
0	0	0.9999999999999998	2	0	0.3333333333333334	0	0	0	0	0	0
1	0	0.8961982400998332	2.000095007992475	1	0.3094293855396476	1.115824552264914	0	-1.115824552264914	1	0.3094293855396476	-0.9100595498713399
0	0	0.7953904641597477	2	0	0.2845364446783395	0	0	0	0	0	0
1	0	0.9999999999999998	2	1	0.3333333333333334	1	0	-1	1	0.3333333333333334	-0.8155937669807413
2	0	0.8620770679226104	2.034053243790384	1	0.2976651514733505	2.319978195011611	0	-2.319978195011611	1	0.08860454240165261	-1.8921597553827
0	1	0.8139866813049059	1.559829236371867	0	0.3429021918858585	0	0.6410958178511778	0.6410958178511778	0.6570978081141415	0.3429021918858585	0.5228737530768411
1	3	0.7953904641597478	2.204609535840252	0.25	0.265130154719916	1.257244139903541	1.36078518723117	0.1035410473276295	0.7125087380100507	0.7083636142028849	0.08444743282707252
0	0	0.9999999999999998	2	0	0.3333333333333334	0	0	0	0	0	0
2	0	1.795390464159747	1.204609535840252	1	0.5984634880532493	1.113963808945599	0	-1.113963808945599	1	0.3581585465328617	-0.9085419392181561
0	0	0.8190117190019739	2.077118592711021	0	0.2827951890457399	0	0	0	0	0	0
1	0	1.658678998265009	1.21664242302312	1	0.5768673324604974	0.602889408406333	0	-0.602889408406333	1	0.5768673324604974	-0.4917128436749116
0	0	0.9999999999999998	2	0	0.3333333333333334	0	0	0	0	0	0
0	0	0.9999999999999998	2	0	0.3333333333333334	0	0	0	0	0	0
2	0	0.9999999999999996	1.947895427563375	1	0.3392250588843188	2.000000000000001	0	-2.000000000000001	1	0.1150736405750694	-1.631187533961483
0	0	0	2.999999999999999	0	0	0	0	0	0	0	0
3	0	1.094952322291974	1.203805164009005	1	0.4763235481851132	2.739845323785739	0	-2.739845323785739	0.9999999999999999	0.1080702502825761	-2.23460076857098
1	0	0.7953904641597477	2.204609535840252	1	0.2651301547199159	1.257244139903541	0	-1.257244139903541	1	0.2651301547199159	-1.025400484078391
1	0	0.9999999999999998	2	1	0.3333333333333334	1	0	-1	1	0.3333333333333334	-0.8155937669807413
0	0	0.9999999999999998	2	0	0.3333333333333334	0	0	0	0	0	0
1	0	0.8621788898091121	2.068978673247616	1	0.2941427989664252	1.159852104731307	0	-1.159852104731307	1	0.2941427989664251	-0.9459681472383474
0	1	0.8202813308530661	2.075848980859928	0	0.2832335712020805	0	0.4817306120148231	0.4817306120148231	0.7167664287979194	0.2832335712020806	0.3928964845231075
0	0	0.8190117190019739	1.385597816838278	0	0.3714996717955412	0	0	0	0	0	0
1	0	0.9999999999999998	2	1	0.3333333333333334	1	0	-1	1	0.3333333333333334	-0.8155937669807413
1	0	0.8961981934175526	2.000094942700335	1	0.3094293813846454	1.115824610387364	0	-1.115824610387364	1	0.3094293813846454	-0.9100595972756479
2	0	0.9999999999999998	1.999891791835015	1	0.3333453568964586	2	0	-2	1	0.1111191269644274	-1.631187533961483
0	0	0.1809882809980259	2.819011719001974	0	0.06032942699934197	0	0	0	0	0	0
1	0	0.7953904641597477	2.204609535840252	1	0.2651301547199159	1.257244139903541	0	-1.257244139903541	1	0.2651301547199159	-1.025400484078391
4	0	0.9999999999999999	2	1	0.3333333333333334	4.000000000000001	0	-4.000000000000001	1	0.01234567901234573	-3.262375067922965
0	0	0.9999999999999998	2	0	0.3333333333333334	0	0	0	0	0	0
1	0	0.3678656858953583	2.632134314104641	1	0.1226218952984528	2.718383470766165	0	-2.718383470766165	1	0.1226218952984528	-2.217096615020358
3	0	1	2	1	0.3333333333333333	3	0	-3	1	0.03703703703703698	-2.446781300942223
0	0	0.9999999999999998	2	0	0.3333333333333334	0	0	0	0	0	0
0	0	0.7953904641597477	2.204609535840252	0	0.2651301547199159	0	0	0	0	0	0
0	0	0.1809882809980259	2.819011719001974	0	0.06032942699934197	0	0	0	0	0	0
0	0	0.8190117190019739	2.112145844054754	0	0.2794157944030398	0	0	0	0	0	0
0	0	0.7953904641597477	2.204609535840252	0	0.2651301547199159	0	0	0	0	0	0
1	0	0.9999999999999998	2	1	0.3333333333333334	1	0	-1	1	0.3333333333333334	-0.8155937669807413
0	0	0	1.275369747773085	0	0	0	0	0	0	0	0
2	0	0.8622473361367275	2.06891022692	1	0.2941661502623358	2.31952006829147	0	-2.31952006829147	1	0.08653372396016312	-1.891786110085266
2	0	0.9999999999999998	1.93142775350577	1	0.3411306994702749	2	0	-2	1	0.116370154121079	-1.631187533961483
0	0	0	2.999999999999999	0	0	0	0	0	0	0	0
0	7	0.9415338578912487	2.055775061416585	0	0.314126399126279	0	3.405041792450031	3.405041792450031	0.07140170969349445	0.9285982903065055	2.777130862231175
0	0	0.7953904641597477	2.204609535840252	0	0.2651301547199159	0	0	0	0	0	0
0	0	0.9999999999999998	2	0	0.3333333333333334	0	0	0	0	0	0
0	0	0	1.275369747773085	0	0	0	0	0	0	0	0
1	0	0.7953904641597478	2	1	0.2845364446783395	1.257244139903541	0	-1.257244139903541	1	0.2845364446783395	-1.025400484078391
1	0	0.9999999999999997	1.999999999999999	1	0.3333333333333333	1	0	-1	1	0.3333333333333333	-0.8155937669807415
0	0	0.7953904641597477	2.204609535840252	0	0.2651301547199159	0	0	0	0	0	0
1	0	0.9392977282800089	2.060376078092139	1	0.313133290121305	1.064625166113353	0	-1.064625166113353	1	0.313133290121305	-0.8683016496528871
1	0	0.7953904641597477	2.204609535840252	1	0.2651301547199159	1.257244139903541	0	-1.257244139903541	1	0.2651301547199159	-1.025400484078391
1	0	0.8190456687032656	1.385563867136986	1	0.3715150712124174	1.220933139886114	0	-1.220933139886114	1	0.3715150712124173	-0.9957854587913398
0	0	0.7953904641597477	2.204609535840252	0	0.2651301547199159	0	0	0	0	0	0
0	0	0.9999999999999998	2	0	0.3333333333333334	0	0	0	0	0	0
2	0	0.8622132177042325	2.068944345352496	1	0.2941545103447397	2.319611853463914	0	-2.319611853463914	1	0.08652687595615349	-1.891860969499812
1	0	0.9999999999999998	1.932292331962988	1	0.3410301180068776	1	0	-1	1	0.3410301180068775	-0.8155937669807413
2	3	0.8043256502392598	2.119174929585394	0.4	0.275124163063276	2.486555040741356	1.415645286341196	-1.070909754400159	0.8682336699451334	0.4200687836221432	-0.8734273206876463
2	0	0.9999999999999999	1.931264948630131	1	0.3411496461510005	2	0	-2	1	0.1163830810689528	-1.631187533961483
2	0	0.8208138641225332	1.383795671717718	1	0.3723171159239739	2.436606016807527	0	-2.436606016807527	1	0.1386200348099459	-1.98728067989599
0	0	0.9999999999999998	2	0	0.3333333333333334	0	0	0	0	0	0
0	0	0.9999999999999998	2	0	0.3333333333333334	0	0	0	0	0	0
0	0	0.7953904641597477	2.204609535840252	0	0.2651301547199159	0	0	0	0	0	0
0	0	0.9999999999999998	2	0	0.3333333333333334	0	0	0	0	0	0
0	0	0.8190117190019739	2.077118592711021	0	0.2827951890457399	0	0	0	0	0	0
0	0	0.7953904641597477	2.204609535840252	0	0.2651301547199159	0	0	0	0	0	0
1	0	0.9999999999999998	2	1	0.3333333333333334	1	0	-1	1	0.3333333333333334	-0.8155937669807413
0	0	0.8190117190019739	1.385597816838278	0	0.3714996717955412	0	0	0	0	0	0
0	0	0.9999999999999998	2	0	0.3333333333333334	0	0	0	0	0	0
0	0	0.9999999999999998	2	0	0.3333333333333334	0	0	0	0	0	0
1	0	0.9209567747391001	2.079043225260899	1	0.3069855915797001	1.085827291170416	0	-1.085827291170416	1	0.3069855915797002	-0.8855939706961735
2	1	0.7953904641597478	2.204609535840252	0.6666666666666666	0.265130154719916	2.514488279807081	0.45359506241039	-2.060893217396691	0.9813629411846772	0.1736078791947742	-1.680851662521627
0	0	0.8190117190019739	1.385597816838278	0	0.3714996717955412	0	0	0	0	0	0
0	0	0.9209567747391001	2.079043225260899	0	0.3069855915797001	0	0	0	0	0	0
0	0	0.7953904641597477	2.204609535840252	0	0.2651301547199159	0	0	0	0	0	0
4	0	0.9999999999999998	1.99870793999093	1	0.3334769574135401	4.000000000000001	0	-4.000000000000001	0.9999999999999997	0.01236697040972634	-3.262375067922965
0	0	0.8623151261134573	2.033815185599538	0	0.29774735018861	0	0	0	0	0	0
2	0	1.795390464159748	1.204609535840252	1	0.5984634880532493	1.113963808945599	0	-1.113963808945599	1	0.3581585465328617	-0.9085419392181561
0	0	0.7953904641597477	2.204609535840252	0	0.2651301547199159	0	0	0	0	0	0
5	0	1.030140964070512	1.561740401591575	1	0.3974491185121686	4.853704662168696	0	-4.853704662168696	1	0.009917625174082678	-3.958651269230153
0	0	1.657705590273205	1.216728099147442	0	0.576706847117187	0	0	0	0	0	0
0	0	0.9209567747391001	2.079043225260899	0	0.3069855915797001	0	0	0	0	0	0
1	0	0.9999999999999998	1.999674464703296	1	0.3333695078472164	1	0	-1	1	0.3333695078472163	-0.8155937669807413
0	0	0.8190117190019739	2.077118592711021	0	0.2827951890457399	0	0	0	0	0	0
0	0	0.9999999999999998	2	0	0.3333333333333334	0	0	0	0	0	0
2	0	0.7953904641597478	2.204609535840252	1	0.265130154719916	2.514488279807081	0	-2.514488279807081	0.9999999999999999	0.07029399894180666	-2.050800968156781
0	0	0.8623151261134573	2.068842436943271	0	0.2941892776361707	0	0	0	0	0	0
0	0	0.8190117190019739	2.077118592711021	0	0.2827951890457399	0	0	0	0	0	0
1	0	0.7953904641597478	2.204609535840252	1	0.265130154719916	1.257244139903541	0	-1.257244139903541	1	0.265130154719916	-1.025400484078391
1	0	0.7953904641597477	2.204609535840252	1	0.2651301547199159	1.257244139903541	0	-1.257244139903541	1	0.2651301547199159	-1.025400484078391
0	0	0.8623151261134573	1.342294409726794	0	0.391141883446857	0	0	0	0	0	0
0	0	0.9209567747391001	2.079043225260899	0	0.3069855915797001	0	0	0	0	0	0
1	0	0.8192154760701318	2.111942086986597	1	0.279485308601364	1.220680064294088	0	-1.220680064294088	1	0.279485308601364	-0.9955790519159081
2	0	0.819419402670668	2.076710909042326	1	0.2829359574590414	2.440752554164034	0	-2.440752554164034	1	0.08005275602326445	-1.99066256991851
0	0	0.8190117190019739	2.112145844054754	0	0.2794157944030398	0	0	0	0	0	0
1	0	0.7953904641597477	2.204609535840252	1	0.2651301547199159	1.257244139903541	0	-1.257244139903541	1	0.2651301547199159	-1.025400484078391
2	0	0.9999999999999998	1.795995737522738	1	0.3576543363710574	2	0	-2	1	0.1279166243250215	-1.631187533961483
0	0	0.8190117190019739	2.112145844054754	0	0.2794157944030398	0	0	0	0	0	0
3	0	1	2	1	0.3333333333333333	3	0	-3	1	0.03703703703703698	-2.446781300942223
1	0	0.819250204484907	2.111907358571821	1	0.2794971566218229	1.220628319072239	0	-1.220628319072239	1	0.279497156621823	-0.9955368488354973
2	0	1	1.985463173877298	1	0.3349564009866096	2	0	-2	1	0.1121957905619022	-1.631187533961482
1	0	0.8967756818220421	2.000902646468121	1	0.3094807567378273	1.115106063054955	0	-1.115106063054955	1	0.3094807567378273	-0.9094735545500542
2	1	0.9213913791279769	2.078608620872023	0.6666666666666666	0.3071304597093257	2.170630250407639	0.4810910480975864	-1.689539202310052	0.9710286542311704	0.2250446663061256	-1.377977642473692
4	0	0.8615635487911539	1.343045987049098	1	0.3908009716844406	4.642721950821081	0	-4.642721950821081	1	0.02332504764311927	-3.786575084914341
0	0	0.7953904641597477	2.204609535840252	0	0.2651301547199159	0	0	0	0	0	0
1	0	1	2	1	0.3333333333333333	1	0	-1	1	0.3333333333333333	-0.815593766980741
0	0	0.8623151261134573	2.068842436943271	0	0.2941892776361707	0	0	0	0	0	0
0	0	0.8190117190019739	2.077118592711021	0	0.2827951890457399	0	0	0	0	0	0
0	0	0.7953904641597477	2	0	0.2845364446783395	0	0	0	0	0	0
0	1	0.9999380161922879	2.000061983807711	0	0.3333126720640961	0	0.4999845045283063	0.4999845045283063	0.6666873279359039	0.3333126720640961	0.4077842454802408
2	0	0.8620772555664681	2.06908030749026	1	0.2941081252102529	2.319977690034064	0	-2.319977690034064	1	0.0864995893146896	-1.89215934352616
0	0	0.7953904641597477	2.204609535840252	0	0.2651301547199159	0	0	0	0	0	0
4	0	0.9999999999999998	2	1	0.3333333333333334	4.000000000000001	0	-4.000000000000001	1	0.01234567901234573	-3.262375067922965
0	0	0.8190117190019739	2.077118592711021	0	0.2827951890457399	0	0	0	0	0	0
1	1	0.1822103913618875	2.817789608638112	0.5	0.06073679712062918	5.488161199401098	0.3548880998547361	-5.133273099546362	0.9963110414755275	0.1177846357167859	-4.186665544199922
0	0	0.7953904641597477	2.204609535840252	0	0.2651301547199159	0	0	0	0	0	0
0	0	0.9999999999999998	2	0	0.3333333333333334	0	0	0	0	0	0
0	0	0	1.275369747773085	0	0	0	0	0	0	0	0
0	0	0.9999999999999998	1.795390464159747	0	0.3577317776608303	0	0	0	0	0	0
1	0	0.7953904641597477	1.999999999999999	1	0.2845364446783396	1.257244139903541	0	-1.257244139903541	1	0.2845364446783396	-1.025400484078391
1	0	0.7953904641597478	2.204609535840251	1	0.265130154719916	1.257244139903541	0	-1.257244139903541	1	0.2651301547199161	-1.025400484078391
3	0	0.9999999999999997	1.999999999999999	1	0.3333333333333333	3.000000000000001	0	-3.000000000000001	1	0.03703703703703698	-2.446781300942224
0	0	0.8623151261134573	2.068842436943271	0	0.2941892776361707	0	0	0	0	0	0
0	0	0.9999999999999998	2	0	0.3333333333333334	0	0	0	0	0	0
0	0	0.9999999999999998	2	0	0.3333333333333334	0	0	0	0	0	0
0	0	0.9999999999999998	2	0	0.3333333333333334	0	0	0	0	0	0
1	1	0.9999999999999998	2	0.5	0.3333333333333334	1	0.5000000000000001	-0.5000000000000001	0.888888888888889	0.5555555555555556	-0.4077968834903706
0	0	1.795390464159747	1.204609535840252	0	0.5984634880532493	0	0	0	0	0	0
3	0	0.8615798291585016	2.069577733898226	1	0.2939384221501937	3.48197566664261	0	-3.48197566664261	0.9999999999999997	0.02539621971508477	-2.839877650492324
3	0	0.7953904641597477	2.204609535840252	1	0.2651301547199159	3.771732419710622	0	-3.771732419710622	1	0.01863705881532263	-3.076201452235172
0	0	0.8190117190019739	1.385597816838278	0	0.3714996717955412	0	0	0	0	0	0
2	0	0.7953904641597481	2.204609535840253	1	0.265130154719916	2.51448827980708	0	-2.51448827980708	0.9999999999999999	0.07029399894180666	-2.05080096815678
0	0	0.9999999999999998	2	0	0.3333333333333334	0	0	0	0	0	0
0	0	0.9209567747391001	2.079043225260899	0	0.3069855915797001	0	0	0	0	0	0
0	0	0.7953904641597477	2.204609535840252	0	0.2651301547199159	0	0	0	0	0	0
2	0	1.795390464159747	1.204609535840252	1	0.5984634880532493	1.113963808945599	0	-1.113963808945599	1	0.3581585465328617	-0.9085419392181561
1	0	0.9999999999999998	2	1	0.3333333333333334	1	0	-1	1	0.3333333333333334	-0.8155937669807413
2	0	0.7953904641597477	2.204609535840251	1	0.265130154719916	2.514488279807082	0	-2.514488279807082	0.9999999999999999	0.07029399894180666	-2.050800968156782
0	1	0.9999999999999997	1.796835098918585	0	0.3575470003171285	0	0.5565340974259931	0.5565340974259931	0.6424529996828714	0.3575470003171286	0.4539057409728925
0	0	0.8190117190019739	2.112145844054754	0	0.2794157944030398	0	0	0	0	0	0
0	0	0	2.999999999999999	0	0	0	0	0	0	0	0
1	0	0.7953904641597477	2.204609535840252	1	0.2651301547199159	1.257244139903541	0	-1.257244139903541	1	0.2651301547199159	-1.025400484078391
1	0	0.8190456439604255	2.077084667752569	1	0.282806902938003	1.220933176769716	0	-1.220933176769716	1	0.282806902938003	-0.9957854888733757
2	0	1.792906404782258	1.204828174460277	1	0.5980871079104302	1.115507198069769	0	-1.115507198069769	1	0.3577081886486626	-0.9098007177678546
0	0	0.7953904641597477	2.204609535840252	0	0.2651301547199159	0	0	0	0	0	0
0	0	0.8190117190019739	2.112145844054754	0	0.2794157944030398	0	0	0	0	0	0
1	2	0.8232131744532121	2.072917137259783	0.3333333333333333	0.2842459025838172	1.214752182099384	0.9648239015688909	-0.2499282805304928	0.8035445127730838	0.6333163644344599	-0.203839947792884
0	0	0.9999999999999998	2	0	0.3333333333333334	0	0	0	0	0	0
2	0	0.8621110590652109	2.034019252647784	1	0.297676888218228	2.319886723374834	0	-2.319886723374834	1	0.08861152977928732	-1.892085151685889
3	0	0.8616691277966443	2.03446118391635	1	0.2975242945083458	3.481614813880168	0	-3.481614813880168	0.9999999999999999	0.02633706054927643	-2.839583341228478
1	0	0.8193173994850044	1.385292136355247	1	0.371638326953319	1.22052821120187	0	-1.22052821120187	1	0.371638326953319	-0.9954552014803983
4	0	1.795390464159747	1.204609535840252	1	0.5984634880532493	2.227927617891199	0	-2.227927617891199	1	0.1282775444545319	-1.817083878436312
3	0	0.9385154303652287	2.0592819176408	1	0.3130683369873143	3.196537747741167	0	-3.196537747741167	0.9999999999999999	0.03068438610432711	-2.607076262976352
0	0	0.8190117190019739	2.112145844054754	0	0.2794157944030398	0	0	0	0	0	0
0	0	0.7953904641597477	2.204609535840252	0	0.2651301547199159	0	0	0	0	0	0
0	0	0.9999999999999998	2	0	0.3333333333333334	0	0	0	0	0	0
0	0	0.8623151261134573	2.068842436943271	0	0.2941892776361707	0	0	0	0	0	0
0	0	0.7953904641597477	2.204609535840252	0	0.2651301547199159	0	0	0	0	0	0
0	2	0.002821154005653554	2.997178845994346	0	0.0009403846685511847	0	0.667294179882842	0.667294179882842	0.9981201149862226	0.001879885013777449	0.5442409738549714
3	0	1	1.986761033542837	1	0.3348108498703091	3	0	-3	1	0.03753172882997935	-2.446781300942223
0	0	0.7953904641597477	2.204609535840252	0	0.2651301547199159	0	0	0	0	0	0
1	0	0.9999999999999997	1.999999999999999	1	0.3333333333333333	1	0	-1	1	0.3333333333333333	-0.8155937669807415
0	0	0.7953904641597477	2.079043225260899	0	0.276712058826468	0	0	0	0	0	0
0	0	0.7953904641597477	2.204609535840252	0	0.2651301547199159	0	0	0	0	0	0
0	1	0.8204319313500403	2.076513444261465	0	0.2832058685873076	0	0.4815764630677173	0.4815764630677173	0.7167941314126924	0.2832058685873076	0.3927707616026613
1	0	0.1891473203003094	2.81085267969969	1	0.06304910676676982	5.286884310136136	0	-5.286884310136136	1	0.06304910676676978	-4.311949890095308
0	0	0.7953904641597477	2	0	0.2845364446783395	0	0	0	0	0	0
0	0	0.7953904641597477	2.204609535840252	0	0.2651301547199159	0	0	0	0	0	0
0	0	0.8190117190019739	2.077118592711021	0	0.2827951890457399	0	0	0	0	0	0
0	0	0.7953904641597477	2.079043225260899	0	0.276712058826468	0	0	0	0	0	0
1	1	0.7953904641597477	2.204609535840252	0.5	0.2651301547199159	1.257244139903541	0.45359506241039	-0.8036490774931507	0.9297060010581937	0.4599663104980252	-0.6554511784432363
0	0	0.7953904641597477	2.204609535840252	0	0.2651301547199159	0	0	0	0	0	0
1	0	0.9999999999999998	2	1	0.3333333333333334	1	0	-1	1	0.3333333333333334	-0.8155937669807413
0	0	0.7953904641597477	2.079043225260899	0	0.276712058826468	0	0	0	0	0	0
0	1	0.1805614712314193	2.81943852876858	0	0.06018715707713978	0	0.3546805471360145	0.3546805471360145	0.9398128429228603	0.06018715707713973	0.2892752435134524
3	0	0.9999999999999998	1.933051078985119	1	0.3409418973862587	3.000000000000001	0	-3.000000000000001	0.9999999999999998	0.03963155576327848	-2.446781300942224
0	0	0.9999999999999998	1.795390464159747	0	0.3577317776608303	0	0	0	0	0	0
1	0	0.7356140148883611	2.264385985111639	1	0.2452046716294537	1.359408575367835	0	-1.359408575367835	1	0.2452046716294537	-1.108725160850175
0	0	0.8961303117129953	2	0	0.3094233391669985	0	0	0	0	0	0
1	0	0.7953904641597477	2.204609535840252	1	0.2651301547199159	1.257244139903541	0	-1.257244139903541	1	0.2651301547199159	-1.025400484078391
0	1	0.9990048697912137	1.932152693265514	0	0.3408226437167068	0	0.5175574391638317	0.5175574391638317	0.6591773562832932	0.3408226437167068	0.4221166214365352
0	0	0.9999999999999998	2	0	0.3333333333333334	0	0	0	0	0	0
0	0	0.7953904641597477	2	0	0.2845364446783395	0	0	0	0	0	0
1	2	0.7953904641597478	2.204609535840251	0.3333333333333333	0.265130154719916	1.257244139903541	0.9071901248207802	-0.3500540150827604	0.8263921208052255	0.6031455261496512	-0.2855018728080816
1	0	0.7953904641597478	2.204609535840252	1	0.2651301547199159	1.257244139903541	0	-1.257244139903541	1	0.2651301547199159	-1.025400484078391
1	3	0.7956533180012468	2.204076295888754	0.25	0.2652416785556403	1.256828793867272	1.361114406790671	0.1042856129233987	0.7123171120520506	0.7085406088393271	0.08505469588609017
6	0	1	2	1	0.3333333333333333	5.999999999999999	0	-5.999999999999999	1	0.001371742112482699	-4.893562601884446
0	0	0.7953904641597477	2	0	0.2845364446783395	0	0	0	0	0	0
1	0	0.9169662737062405	2.02914220420108	1	0.3112466090717678	1.090552650271585	0	-1.090552650271585	1	0.3112466090717678	-0.8894479441258325
1	0	0.7953904641597478	2.204609535840252	1	0.265130154719916	1.257244139903541	0	-1.257244139903541	1	0.265130154719916	-1.025400484078391
0	0	0.8190117190019739	2.112145844054754	0	0.2794157944030398	0	0	0	0	0	0
1	0	1	2	1	0.3333333333333333	1	0	-1	1	0.3333333333333333	-0.815593766980741
3	0	1.616279750203337	1.181847204744197	1	0.5776291698793357	1.856114326509741	0	-1.856114326509741	1	0.1927291251698817	-1.513835275505001
1	0	0.7953904641597477	2.204609535840252	1	0.2651301547199159	1.257244139903541	0	-1.257244139903541	1	0.2651301547199159	-1.025400484078391
1	1	0.7956503311856048	2.203206956153609	0.5	0.2653178377459766	1.256833511914577	0.4538838247614354	-0.8029496871531416	0.9296064449737995	0.4602421204657529	-0.6548807600412384
1	0	1.125566310579353	1.763925528995747	1	0.3895378056318952	0.8884416587462352	0	-0.8884416587462352	1	0.3895378056318952	-0.72460747919946
3	0	0.7953904641597478	2.204609535840252	1	0.265130154719916	3.771732419710621	0	-3.771732419710621	0.9999999999999999	0.01863705881532285	-3.076201452235171
2	0	0.8619409358022824	1.342668600037969	1	0.3909721525693063	2.320344604747689	0	-2.320344604747689	0.9999999999999998	0.1528592240846771	-1.892458596879606
0	0	0.9209567747391001	2.079043225260899	0	0.3069855915797001	0	0	0	0	0	0
6	0	0.8596603278541293	2.036469983858866	1	0.2968306793300539	6.97950086283161	0	-6.97950086283161	1	0.000683994667725063	-5.692437400362166
4	0	1	1.943281895587191	1	0.3397567869728285	3.999999999999999	0	-3.999999999999999	1	0.01332516402938455	-3.262375067922964
0	3	0.9988823717125308	2.001117628287469	0	0.3329607905708437	0	1.499162246932662	1.499162246932662	0.2967932976075401	0.70320670239246	1.222707384291121
0	0	0.8623151261134573	2.068842436943271	0	0.2941892776361707	0	0	0	0	0	0
2	0	1.790055891877897	1.209055617614684	1	0.5968620660526077	1.117283549119719	0	-1.117283549119719	1	0.3562443258925875	-0.9112494986121633
2	2	0.8621855427612812	2.034270720702225	0.5	0.2976691047046236	2.319686309741049	0.9831533136895395	-1.33653299605151	0.9180514045131305	0.3441906383993852	-1.090067980943707
1	0	0.9999999999999998	1.795639428978147	1	0.3576999199662586	1	0	-1	1	0.3576999199662585	-0.8155937669807413
2	0	1	1.989982363938221	1	0.3344501332385324	2	0	-2	1	0.1118568916232721	-1.631187533961482
0	0	0.7953904641597477	2	0	0.2845364446783395	0	0	0	0	0	0
1	0	0.819079648341643	2.077050663371351	1	0.2828186442540205	1.220882489297175	0	-1.220882489297175	1	0.2828186442540206	-0.9957441484867074
0	1	0.7953904641597477	2.204609535840252	0	0.2651301547199159	0	0.45359506241039	0.45359506241039	0.7348698452800841	0.2651301547199159	0.3699493056351544
0	0	0	1.275369747773085	0	0	0	0	0	0	0	0
0	1	0.9211428923401044	2.078857107659895	0	0.3070476307800349	0	0.4810335430536969	0.4810335430536969	0.6929523692199651	0.3070476307800349	0.3923279594232572
1	0	1.79496437107	1.20455392531451	1	0.5984175436547837	0.5571141222173051	0	-0.5571141222173051	1	0.5984175436547837	-0.4543788055773808
0	0	0	1.275369747773085	0	0	0	0	0	0	0	0
0	0	0.9209567747391001	2.079043225260899	0	0.3069855915797001	0	0	0	0	0	0
0	0	0.9999999999999998	2	0	0.3333333333333334	0	0	0	0	0	0
0	0	0.7953904641597477	2.204609535840252	0	0.2651301547199159	0	0	0	0	0	0
0	0	0.9999999999999998	2	0	0.3333333333333334	0	0	0	0	0	0
0	1	0.1799907454868905	2.820009254513109	0	0.05999691516229685	0	0.3546087653434513	0.3546087653434513	0.9400030848377031	0.05999691516229688	0.2892166987308551
0	0	0.9999999999999998	1.795390464159747	0	0.3577317776608303	0	0	0	0	0	0
0	0	0.7953904641597477	2.079043225260899	0	0.276712058826468	0	0	0	0	0	0
0	0	0.7953904641597477	2.204609535840252	0	0.2651301547199159	0	0	0	0	0	0
1	0	1.658246318121388	1.216680506086017	1	0.5767960089135673	0.6030467181334621	0	-0.6030467181334621	1	0.5767960089135673	-0.4918411445078436
0	1	0.9998395252778811	2.000160474722118	0	0.3332798417592938	0	0.4999598845382293	0.4999598845382293	0.6667201582407062	0.3332798417592938	0.4077641655697908
1	0	0.7953904641597477	2.079043225260899	1	0.276712058826468	1.257244139903541	0	-1.257244139903541	1	0.276712058826468	-1.025400484078391
0	2	0.9990669324081829	2.000933067591816	0	0.3330223108027277	0	0.9995336837563792	0.9995336837563792	0.4448592378869332	0.5551407621130668	0.8152134423590021
0	2	0.9999999999999997	1.999999999999999	0	0.3333333333333333	0	1	1	0.4444444444444445	0.5555555555555555	0.8155937669807415
2	0	1.657711002146792	1.216634237140348	1	0.5767264765167588	1.20648291373462	0	-1.20648291373462	0.9999999999999998	0.3326134287154356	-0.9839999444107196
0	0	1.657705590273205	1.216728099147442	0	0.576706847117187	0	0	0	0	0	0
1	0	0.9999999999999999	1.99918963692698	1	0.3334233980031409	1	0	-1	1	0.3334233980031409	-0.8155937669807413
0	0	0.7953904641597477	2.204609535840252	0	0.2651301547199159	0	0	0	0	0	0
0	0	0.9209567747391001	2.079043225260899	0	0.3069855915797001	0	0	0	0	0	0
0	0	0	2.999999999999999	0	0	0	0	0	0	0	0
0	0	0	1.275369747773085	0	0	0	0	0	0	0	0
2	0	0.9999999999999998	2	1	0.3333333333333334	2	0	-2	1	0.111111111111111	-1.631187533961483
0	0	0.7953904641597477	2.079043225260899	0	0.276712058826468	0	0	0	0	0	0
1	0	0.8191136016489446	1.385495934191307	1	0.3715458852611524	1.220831882155193	0	-1.220831882155193	1	0.3715458852611524	-0.9957028736171419
4	1	0.8422813777934649	2.053930430727476	0.8	0.2908217469852826	4.749006811095421	0.4868714076385794	-4.262135403456841	0.9979196596400544	0.02744522722683129	-3.476171069087346
0	0	0.9999999999999998	2	0	0.3333333333333334	0	0	0	0	0	0
0	0	0.7953904641597477	2.204609535840252	0	0.2651301547199159	0	0	0	0	0	0
0	0	0.9209567747391001	2.079043225260899	0	0.3069855915797001	0	0	0	0	0	0
1	0	0.9386855146648339	2.059519805931828	1	0.3130824657725674	1.065319517961305	0	-1.065319517961305	1	0.3130824657725675	-0.8688679586921677
0	0	0.7953904641597477	2.079043225260899	0	0.276712058826468	0	0	0	0	0	0
0	0	0.7953904641597477	2.204609535840252	0	0.2651301547199159	0	0	0	0	0	0
2	0	0.9209567747391003	2.079043225260899	1	0.3069855915797001	2.171654582340831	0	-2.171654582340831	0.9999999999999999	0.09424015343753855	-1.771187941392347
0	0	0.7953904641597477	2.079043225260899	0	0.276712058826468	0	0	0	0	0	0
0	0	0.9209567747391001	2.079043225260899	0	0.3069855915797001	0	0	0	0	0	0