Observed S Changes	Observed NS Changes	E[S Sites]	E[NS Sites]	Observed S. Prop.	P{S}	dS	dN	dN-dS	P{S leq. observed}	P{S geq. observed}	Scaled dN-dS
0	0	0	3.000000000000001	0	0	0	0	0	0	0	0
0	0	0.8644325767538431	2.03321875017396	0	0.2983218059124962	0	0	0	0	0	0
3	0	1	2	1	0.3333333333333333	3	0	-3	1	0.03703703703703698	-2.509691010489954
0	0	0.9221009990215463	2.077899000978454	0	0.3073669996738487	0	0	0	0	0	0
0	0	0.9221009990215463	2.077899000978454	0	0.3073669996738487	0	0	0	0	0	0
2	0	1	2	1	0.3333333333333333	2	0	-2	1	0.1111111111111109	-1.673127340326636
0	0	1.662790977357086	1.213466424224611	0	0.5781092389167577	0	0	0	0	0	0
0	0	0.7983584006032431	2.201641599396758	0	0.2661194668677476	0	0	0	0	0	0
0	0	0.7983584006032431	2	0	0.2852952646920211	0	0	0	0	0	0
0	0	0.9221009990215463	2.077899000978454	0	0.3073669996738487	0	0	0	0	0	0
1	1	1.783867118521739	1.216132881478262	0.5	0.5946223728405794	0.5605798714585218	0.8222785644809278	0.261698693022406	0.6464242337174388	0.8356689793985979	0.2189276191117675
0	0	0.7983584006032431	2.077899000978454	0	0.2775684819321851	0	0	0	0	0	0
6	0	1.797662006787819	1.201702342123007	1	0.5993476609270939	3.337668581382101	0	-3.337668581382101	1	0.04635247074582927	-2.792172278229806
0	1	0.9986005067931225	2.001399493206879	0	0.3328668355977073	0	0.4996503713497407	0.4996503713497407	0.6671331644022926	0.3328668355977074	0.4179893484548039
1	1	0.8021568529068461	2.197843147093155	0.5	0.2673856176356152	1.2466389788683	0.4549915226309892	-0.791647456237311	0.9285049314816205	0.4632761667528511	-0.6622635014653397
2	2	1	2.000000000000001	0.5	0.3333333333333333	1.999999999999999	0.9999999999999996	-0.9999999999999996	0.8888888888888891	0.4074074074074072	-0.8365636701633178
0	0	0.821676095843056	1.379965503553702	0	0.3732106515738949	0	0	0	0	0	0
1	1	0.8218951556259229	2.078062871825785	0.5	0.2834162245955505	1.216700199721264	0.4812173941211896	-0.7354828056000746	0.9196752436360045	0.4865076928271055	-0.6152781951948126
1	5	0.980044387545093	2.019955612454909	0.1666666666666667	0.3266814625150308	1.020361947589837	2.475301917116565	1.454939969526728	0.3644356837025906	0.9068198450022492	1.217149920774586
1	0	1	2	1	0.3333333333333333	0.9999999999999998	0	-0.9999999999999998	1	0.3333333333333333	-0.836563670163318
0	1	0.9983229940657592	1.933893294311163	0	0.3404670378590536	0	0.5170916114873814	0.5170916114873814	0.6595329621409465	0.3404670378590535	0.4325800563165483
0	0	0.7983584006032431	2.201641599396758	0	0.2661194668677476	0	0	0	0	0	0
0	0	0.7983584006032431	2.201641599396758	0	0.2661194668677476	0	0	0	0	0	0
1	1	0.7983584006032433	2.201641599396758	0.5	0.2661194668677477	1.252570273256216	0.4542065340126189	-0.7983637392435972	0.9291804293540258	0.4614193630895211	-0.6678820998269339
0	0	0.7983584006032431	2.201641599396758	0	0.2661194668677476	0	0	0	0	0	0
1	0	1	2.000000000000001	1	0.3333333333333333	0.9999999999999996	0	-0.9999999999999996	1	0.3333333333333333	-0.8365636701633178
0	0	1	2	0	0.3333333333333333	0	0	0	0	0	0
1	0	1	2	1	0.3333333333333333	0.9999999999999998	0	-0.9999999999999998	1	0.3333333333333333	-0.836563670163318
1	0	1.798126567373903	1.201661820975516	1	0.5994178037215787	0.556134377937846	0	-0.556134377937846	1	0.5994178037215787	-0.4652418163116784
1	0	0.7983584006032433	2.077899000978455	1	0.2775684819321851	1.252570273256216	0	-1.252570273256216	1	0.2775684819321851	-1.04785478493269
0	0	1	2	0	0.3333333333333333	0	0	0	0	0	0
2	0	1	1.999826237067778	1	0.3333526414441472	1.999999999999999	0	-1.999999999999999	1	0.1111239835577902	-1.673127340326636
0	0	0.7983584006032431	2.201641599396758	0	0.2661194668677476	0	0	0	0	0	0
0	0	0.7983584006032431	2.201641599396758	0	0.2661194668677476	0	0	0	0	0	0
0	0	1	2	0	0.3333333333333333	0	0	0	0	0	0
1	0	1	2	1	0.3333333333333333	0.9999999999999998	0	-0.9999999999999998	1	0.3333333333333333	-0.836563670163318
0	0	1	2	0	0.3333333333333333	0	0	0	0	0	0
2	0	0.7983584006032433	2.201641599396758	1	0.2661194668677476	2.505140546512432	0	-2.505140546512432	1	0.07081957064597399	-2.095709569865381
2	0	1	1.932505973861249	1	0.3410052729349752	1.999999999999999	0	-1.999999999999999	1	0.116284596169457	-1.673127340326636
2	0	1	2	1	0.3333333333333333	2	0	-2	1	0.1111111111111109	-1.673127340326636
0	0	0.1783239041569442	2.821676095843056	0	0.05944130138564806	0	0	0	0	0	0
0	0	1	2	0	0.3333333333333333	0	0	0	0	0	0
0	0	0.821676095843056	2.075975231084747	0	0.2835662414615728	0	0	0	0	0	0
0	0	1	2	0	0.3333333333333333	0	0	0	0	0	0
0	0	0.9221009990215463	2.077899000978454	0	0.3073669996738487	0	0	0	0	0	0
4	0	1.000000000000001	2.000000000000002	1	0.3333333333333333	3.999999999999996	0	-3.999999999999996	1	0.01234567901234551	-3.34625468065327
1	2	0.7983584006032431	2.201641599396758	0.3333333333333333	0.2661194668677476	1.252570273256216	0.9084130680252376	-0.3441572052309787	0.8252342208302963	0.6047461550494295	-0.2879094147211779
0	0	0.7983584006032431	2.201641599396758	0	0.2661194668677476	0	0	0	0	0	0
0	3	0.9656093867119465	1.236032212684811	0	0.4385860927484837	0	2.42712121028273	2.42712121028273	0.1769495653134589	0.823050434686541	2.030441427605355
0	0	0.9221009990215463	2.077899000978454	0	0.3073669996738487	0	0	0	0	0	0
1	0	0.8217491812277321	2.11046710714919	1	0.2802484879731015	1.216916332677025	0	-1.216916332677025	1	0.2802484879731015	-1.018027993545978
1	0	1	2.000000000000001	1	0.3333333333333333	0.9999999999999996	0	-0.9999999999999996	1	0.3333333333333333	-0.8365636701633178
0	0	1	2	0	0.3333333333333333	0	0	0	0	0	0
0	0	0.7983584006032431	2.201641599396758	0	0.2661194668677476	0	0	0	0	0	0
1	0	1	2	1	0.3333333333333333	0.9999999999999998	0	-0.9999999999999998	1	0.3333333333333333	-0.836563670163318
0	0	1	2	0	0.3333333333333333	0	0	0	0	0	0
3	0	0.8641402752132299	2.068076013163693	1	0.2947055026733924	3.471658579111752	0	-3.471658579111752	0.9999999999999998	0.0255955658397925	-2.904263442495698
3	0	1.786414628796331	1.202683391045657	1	0.5976433750040643	1.67934137553574	0	-1.67934137553574	1	0.2134648285429136	-1.404875984575294
0	1	0.9998667772279363	2.000133222772065	0	0.3332889257426453	0	0.4999666965253744	0.4999666965253744	0.6667110742573547	0.3332889257426453	0.4182539746046971
1	0	0.8643228581373863	1.337318741259372	1	0.3925810896624626	1.156975070814392	0	-1.156975070814392	1	0.3925810896624626	-0.9678833115279525
0	3	0.7983584006032431	2.201641599396758	0	0.2661194668677476	0	1.362619602037857	1.362619602037857	0.3952538449505704	0.6047461550494295	1.139918055317269
1	0	1	2	1	0.3333333333333333	0.9999999999999998	0	-0.9999999999999998	1	0.3333333333333333	-0.836563670163318
0	0	1	1.798358400603243	0	0.3573523676539895	0	0	0	0	0	0
0	2	0.5985295414341879	2.401470458565814	0	0.1995098471447292	0	0.8328230700761664	0.8328230700761664	0.6407844848182548	0.3592155151817452	0.6967095240996001
1	1	0.9994821036047884	2.000285886558669	0.5	0.3331864687143111	1.000518164750868	0.4999285385752633	-0.5005896261756051	0.8889867770656872	0.5553597144943097	-0.4187750949191477
0	3	0.8308332699990734	2.101323789306946	0	0.2833522397315628	0	1.427671458947054	1.427671458947054	0.3680588321228724	0.6319411678771276	1.194338075484167
0	0	0.1783239041569442	2.821676095843056	0	0.05944130138564806	0	0	0	0	0	0
2	0	0.7983584006032431	2.077899000978455	1	0.2775684819321851	2.505140546512433	0	-2.505140546512433	1	0.07704426216213767	-2.095709569865381
0	5	0.798358400603243	2.201641599396758	0	0.2661194668677476	0	2.271032670063094	2.271032670063094	0.212876067554794	0.7871239324452061	1.899863425528782
0	0	0.7983584006032431	2.201641599396758	0	0.2661194668677476	0	0	0	0	0	0
1	0	1	2.000000000000001	1	0.3333333333333333	0.9999999999999996	0	-0.9999999999999996	1	0.3333333333333333	-0.8365636701633178
1	0	0.7983584006032431	2.201641599396758	1	0.2661194668677476	1.252570273256216	0	-1.252570273256216	1	0.2661194668677476	-1.047854784932691
0	2	0.864371548902504	1.341364899727744	0	0.3918743553606663	0	1.491018588905926	1.491018588905926	0.3698167996680052	0.6301832003319948	1.247331983016873
1	1	0.9225008708393573	2.077499129160643	0.5	0.3075002902797856	1.084009816803889	0.4813479755363472	-0.602661841267542	0.9054435714778477	0.5204441520374188	-0.5041650017981579
0	0	1	2	0	0.3333333333333333	0	0	0	0	0	0
0	0	0.7983584006032431	2.201641599396758	0	0.2661194668677476	0	0	0	0	0	0
0	0	1	1.932216288376922	0	0.3410389622225082	0	0	0	0	0	0
2	2	0.8219322607024203	2.108538791700411	0.5	0.2804778637988863	2.433290546706133	0.9485241665329377	-1.484766380173195	0.9303075414457784	0.3140561919656153	-1.242101612332793
3	0	0.7983584006032433	2.201641599396758	1	0.2661194668677476	3.757710819768648	0	-3.757710819768648	1	0.01884646638410936	-3.143564354798071
1	0	0.7983584006032433	2.077899000978455	1	0.2775684819321851	1.252570273256216	0	-1.252570273256216	1	0.2775684819321851	-1.04785478493269
1	0	1	2.000000000000001	1	0.3333333333333333	0.9999999999999996	0	-0.9999999999999996	1	0.3333333333333333	-0.8365636701633178
1	0	1.798358400603244	1.201641599396758	1	0.599452800201081	0.5560626845374975	0	-0.5560626845374975	1	0.599452800201081	-0.4651818402175563
0	1	0.1780183357801798	2.821981664219821	0	0.05933944526005992	0	0.354360913353583	0.354360913353583	0.94066055473994	0.05933944526005996	0.296445466237499
0	0	0.7983584006032431	2.201641599396758	0	0.2661194668677476	0	0	0	0	0	0
0	0	1	2	0	0.3333333333333333	0	0	0	0	0	0
0	0	1.798358400603243	1.201641599396757	0	0.5994528002010809	0	0	0	0	0	0
0	0	1.662790977357086	1.213466424224611	0	0.5781092389167577	0	0	0	0	0	0
0	0	1	1.932216288376922	0	0.3410389622225082	0	0	0	0	0	0
3	0	0.7983584006032433	2.201641599396758	1	0.2661194668677476	3.757710819768648	0	-3.757710819768648	1	0.01884646638410936	-3.143564354798071
0	0	1	2	0	0.3333333333333333	0	0	0	0	0	0
2	0	0.8641765498278351	1.337465049568923	1	0.392514635472284	2.314341902008853	0	-2.314341902008853	1	0.15406773905994	-1.93609435555728
1	0	0.7983584006032433	2.077899000978455	1	0.2775684819321851	1.252570273256216	0	-1.252570273256216	1	0.2775684819321851	-1.04785478493269
1	0	0.7983584006032431	2.201641599396758	1	0.2661194668677476	1.252570273256216	0	-1.252570273256216	1	0.2661194668677476	-1.047854784932691
0	1	0.996377411198665	2.003622588801337	0	0.3321258037328881	0	0.4990959902275049	0.4990959902275049	0.6678741962671119	0.3321258037328881	0.4175255733485171
2	1	0.7987032478092108	2.201296752190791	0.6666666666666666	0.2662344159364035	2.504058929878982	0.4542776883692636	-2.049781241509719	0.981129101134367	0.1749004949557271	-1.714772518429293
0	0	0.821676095843056	1.379965503553702	0	0.3732106515738949	0	0	0	0	0	0
1	0	0.7983584006032431	2.201641599396758	1	0.2661194668677476	1.252570273256216	0	-1.252570273256216	1	0.2661194668677476	-1.047854784932691
0	0	0.8644325767538431	2.03321875017396	0	0.2983218059124962	0	0	0	0	0	0
1	3	0.8232072351803082	2.075444691933989	0.25	0.283996580437941	1.214760946289507	1.445473354052365	0.2307124077628575	0.6798042354096607	0.7371788048670358	0.1930056185903121
0	0	0	1.271134846492315	0	0	0	0	0	0	0	0
0	0	0.7983584006032431	2.201641599396758	0	0.2661194668677476	0	0	0	0	0	0
1	0	1	2	1	0.3333333333333333	0.9999999999999998	0	-0.9999999999999998	1	0.3333333333333333	-0.836563670163318
0	0	0.7983584006032431	2.201641599396758	0	0.2661194668677476	0	0	0	0	0	0
1	0	1	2	1	0.3333333333333333	0.9999999999999998	0	-0.9999999999999998	1	0.3333333333333333	-0.836563670163318
0	0	0.821676095843056	2.110540192533866	0	0.2802235630093579	0	0	0	0	0	0
3	0	1.094720208956041	1.298537913433486	1	0.4574183614858174	2.740426252714281	0	-2.740426252714281	1	0.09570635616818068	-2.292541043782568
0	0	0.7983584006032431	2.201641599396758	0	0.2661194668677476	0	0	0	0	0	0
0	2	0.8228452821974546	2.074806044730348	0	0.2839697359550383	0	0.9639455240067654	0.9639455240067654	0.5126993390282975	0.4873006609717025	0.8064018054006026
0	0	1	2	0	0.3333333333333333	0	0	0	0	0	0
0	3	0.7983584006032431	2.035523134479284	0	0.2817190453164068	0	1.473822600776995	1.473822600776995	0.370580918696232	0.629419081303768	1.23294644407565
0	0	0.7983584006032431	2.201641599396758	0	0.2661194668677476	0	0	0	0	0	0
0	0	0.7983584006032431	2.201641599396758	0	0.2661194668677476	0	0	0	0	0	0
0	0	0.7983584006032431	2.077899000978454	0	0.2775684819321851	0	0	0	0	0	0
0	0	0.7983584006032431	2	0	0.2852952646920211	0	0	0	0	0	0
1	0	1	2	1	0.3333333333333333	0.9999999999999998	0	-0.9999999999999998	1	0.3333333333333333	-0.836563670163318
0	0	0.7983584006032431	2	0	0.2852952646920211	0	0	0	0	0	0
0	0	0.7983584006032431	2.201641599396758	0	0.2661194668677476	0	0	0	0	0	0
1	0	1	2	1	0.3333333333333333	0.9999999999999998	0	-0.9999999999999998	1	0.3333333333333333	-0.836563670163318
1	0	1	2	1	0.3333333333333333	0.9999999999999998	0	-0.9999999999999998	1	0.3333333333333333	-0.836563670163318
0	0	0.7983584006032431	2.201641599396758	0	0.2661194668677476	0	0	0	0	0	0
0	0	0.7983584006032431	2	0	0.2852952646920211	0	0	0	0	0	0
0	0	1	2	0	0.3333333333333333	0	0	0	0	0	0
1	0	1	2	1	0.3333333333333333	0.9999999999999998	0	-0.9999999999999998	1	0.3333333333333333	-0.836563670163318
0	0	1	2	0	0.3333333333333333	0	0	0	0	0	0
0	0	0.9404078078385898	2.059592192161411	0	0.3134692692795298	0	0	0	0	0	0
1	0	1	1.798530910670882	1	0.3573303393530406	0.9999999999999998	0	-0.9999999999999998	1	0.3573303393530407	-0.836563670163318
2	0	1.798052726154549	1.20160162930037	1	0.5994199707992227	1.112314433780455	0	-1.112314433780455	1	0.359304301392941	-0.9305218450990103
0	0	1	2	0	0.3333333333333333	0	0	0	0	0	0
0	0	1	2	0	0.3333333333333333	0	0	0	0	0	0
0	1	1	1.801806577984726	0	0.3569125748570685	0	0.5549985288201545	0.5549985288201545	0.6430874251429315	0.3569125748570685	0.4642916062050306
3	0	1	2	1	0.3333333333333333	3	0	-3	1	0.03703703703703698	-2.509691010489954
1	0	1	2	1	0.3333333333333333	0.9999999999999998	0	-0.9999999999999998	1	0.3333333333333333	-0.836563670163318
0	0	1	2	0	0.3333333333333333	0	0	0	0	0	0
1	0	1.797545238190394	1.201712527226308	1	0.5993300272211356	0.5563142327403728	0	-0.5563142327403728	1	0.5993300272211356	-0.4653922763053767
2	0	0.8640664943077776	2.068149794069145	1	0.2946803405099652	2.314636678051315	0	-2.314636678051315	1	0.08683650308306889	-1.936340954485239
0	0	0.7983584006032431	2.201641599396758	0	0.2661194668677476	0	0	0	0	0	0
0	0	0.7983584006032431	2.201641599396758	0	0.2661194668677476	0	0	0	0	0	0
0	2	0.798358400603243	2.201641599396758	0	0.2661194668677476	0	0.9084130680252378	0.9084130680252378	0.5385806369104791	0.4614193630895209	0.759945370211513
0	0	0.821676095843056	2.110540192533866	0	0.2802235630093579	0	0	0	0	0	0
0	0	0.7983584006032431	2.201641599396758	0	0.2661194668677476	0	0	0	0	0	0
0	0	0.7983584006032431	2.201641599396758	0	0.2661194668677476	0	0	0	0	0	0
0	0	0.7983584006032431	2.201641599396758	0	0.2661194668677476	0	0	0	0	0	0
0	0	0	1.271134846492315	0	0	0	0	0	0	0	0
1	2	1	2	0.3333333333333333	0.3333333333333333	0.9999999999999998	0.9999999999999998	0	0.7407407407407408	0.7037037037037037	0
1	0	1	1.932505758897421	1	0.3410052979319589	0.9999999999999996	0	-0.9999999999999996	1	0.3410052979319589	-0.8365636701633178
0	0	1	2	0	0.3333333333333333	0	0	0	0	0	0
0	0	1	2	0	0.3333333333333333	0	0	0	0	0	0
0	0	0.821676095843056	1.379965503553702	0	0.3732106515738949	0	0	0	0	0	0
1	1	0.798358400603243	2.201641599396757	0.5	0.2661194668677477	1.252570273256216	0.454206534012619	-0.7983637392435974	0.9291804293540258	0.4614193630895211	-0.6678820998269341
0	0	1	1.932216288376922	0	0.3410389622225082	0	0	0	0	0	0
0	0	1	2	0	0.3333333333333333	0	0	0	0	0	0
1	0	0.7983584006032431	2.201641599396758	1	0.2661194668677476	1.252570273256216	0	-1.252570273256216	1	0.2661194668677476	-1.047854784932691
0	0	1	2	0	0.3333333333333333	0	0	0	0	0	0
0	2	1	2	0	0.3333333333333333	0	0.9999999999999998	0.9999999999999998	0.4444444444444445	0.5555555555555555	0.836563670163318
0	0	0.7983584006032431	2.077899000978454	0	0.2775684819321851	0	0	0	0	0	0
0	3	0.2293455875777581	2.762416314254675	0	0.07665903741781241	0	1.086005749574871	1.086005749574871	0.7872022166861111	0.2127977833138889	0.9085129556828194
0	0	0.9404078078385898	2.059592192161411	0	0.3134692692795298	0	0	0	0	0	0
1	9	0.912358771661454	1.991792585179882	0.1	0.3141567568481588	1.096060049029777	4.518542777478608	3.422482728448831	0.1285076135800841	0.9769724017605901	2.863124712381721
1	1	1	2	0.5	0.3333333333333333	0.9999999999999998	0.4999999999999999	-0.4999999999999999	0.8888888888888891	0.5555555555555555	-0.418281835081659
1	4	0.7989373419722214	2.198521502896791	0.2	0.2665382189783275	1.251662611652929	1.819404538336134	0.5677419266832049	0.5979603767948635	0.7877305749941261	0.4749522698916954
1	2	0.7983584006032434	2.201641599396758	0.3333333333333333	0.2661194668677476	1.252570273256216	0.9084130680252375	-0.3441572052309784	0.8252342208302963	0.6047461550494295	-0.2879094147211776
1	0	0.7983584006032431	2.201641599396758	1	0.2661194668677476	1.252570273256216	0	-1.252570273256216	1	0.2661194668677476	-1.047854784932691
0	0	0.7983584006032431	2.201641599396758	0	0.2661194668677476	0	0	0	0	0	0
1	0	0.7983584006032431	2.201641599396758	1	0.2661194668677476	1.252570273256216	0	-1.252570273256216	1	0.2661194668677476	-1.047854784932691
0	0	0.7983584006032431	2.201641599396758	0	0.2661194668677476	0	0	0	0	0	0
0	0	0.8976513269278027	2	0	0.3097858319204767	0	0	0	0	0	0
4	0	1.645259813286358	1.196207565351157	1	0.5790176672995136	2.431226951328811	0	-2.431226951328811	1	0.1124002459209622	-2.033876141403605
0	0	0.7983584006032431	2.201641599396758	0	0.2661194668677476	0	0	0	0	0	0
0	0	0	1.271134846492315	0	0	0	0	0	0	0	0
0	0	1.662790977357086	1.213466424224611	0	0.5781092389167577	0	0	0	0	0	0
0	0	1	2	0	0.3333333333333333	0	0	0	0	0	0
1	0	0.7983584006032431	2.201641599396758	1	0.2661194668677476	1.252570273256216	0	-1.252570273256216	1	0.2661194668677476	-1.047854784932691
2	5	1.572159969835807	1.226998883104295	0.2857142857142857	0.5616544299315082	1.272135176046287	4.074983334418407	2.80284815837212	0.1382122234675335	0.9689991307192264	2.344760942278278
1	2	0.803319486903137	2.174904750330915	0.3333333333333333	0.269731028597497	1.244834734253843	0.9195805010291584	-0.3252542332246844	0.8209839857047332	0.6105528369624618	-0.2720958750825978
0	3	0.8021509003217389	2.156968759815699	0	0.2710775475313096	0	1.390840727918718	1.390840727918718	0.3872968663385596	0.6127031336614404	1.163526823960303
1	3	0.8572009632930766	2.060672044280704	0.25	0.2937759666264028	1.166587583101094	1.455835734912965	0.2892481518118706	0.6626618592753291	0.7512460581431247	0.2419744954676951
1	0	0.7983584006032431	2.000000000000001	1	0.285295264692021	1.252570273256216	0	-1.252570273256216	1	0.285295264692021	-1.047854784932691
0	0	1	2	0	0.3333333333333333	0	0	0	0	0	0
0	0	1	2	0	0.3333333333333333	0	0	0	0	0	0
3	0	1.661255797918545	1.212204625473237	1	0.5781376991988036	1.805862771861397	0	-1.805862771861397	0.9999999999999999	0.1932385941785046	-1.510719188239673
0	0	0.7983584006032431	2.201641599396758	0	0.2661194668677476	0	0	0	0	0	0
0	0	1	2	0	0.3333333333333333	0	0	0	0	0	0
1	0	1	2	1	0.3333333333333333	0.9999999999999998	0	-0.9999999999999998	1	0.3333333333333333	-0.836563670163318
0	0	0	3.000000000000001	0	0	0	0	0	0	0	0
0	0	1	2	0	0.3333333333333333	0	0	0	0	0	0
0	0	0.7983584006032431	2.201641599396758	0	0.2661194668677476	0	0	0	0	0	0
0	1	0.7986414029520178	2.200920227376792	0	0.266252706687834	0	0.4543554044173009	0.4543554044173009	0.733747293312166	0.266252706687834	0.3800972246778759
2	0	0.8221511637487245	2.110065124628198	1	0.2803855796748922	2.432642667414947	0	-2.432642667414947	1	0.07861607328962505	-2.035060478048532
0	4	0.8214750573994826	1.493832196393666	0	0.3548017465300413	0	2.677676923590614	2.677676923590614	0.1732896930264655	0.8267103069735345	2.240047234710587
0	0	0.7983584006032431	2.201641599396758	0	0.2661194668677476	0	0	0	0	0	0
0	0	0.7983584006032431	2.201641599396758	0	0.2661194668677476	0	0	0	0	0	0
0	0	0.821676095843056	2.075975231084747	0	0.2835662414615728	0	0	0	0	0	0
1	0	1.662906979629762	1.21345630596374	1	0.5781282871877019	0.6013565474496024	0	-0.6013565474496024	1	0.5781282871877019	-0.5030730404111809
1	0	0.7983584006032433	2.000000000000001	1	0.285295264692021	1.252570273256216	0	-1.252570273256216	1	0.285295264692021	-1.04785478493269
0	0	0.9221009990215463	2.077899000978454	0	0.3073669996738487	0	0	0	0	0	0
0	0	0	1.271134846492315	0	0	0	0	0	0	0	0
4	0	1	1.997737629086728	1	0.3335848975898047	3.999999999999998	0	-3.999999999999998	1	0.0123829900020298	-3.346254680653271
1	0	1	2	1	0.3333333333333333	0.9999999999999998	0	-0.9999999999999998	1	0.3333333333333333	-0.836563670163318
1	0	0.7983584006032433	2.201641599396758	1	0.2661194668677477	1.252570273256216	0	-1.252570273256216	1	0.2661194668677477	-1.04785478493269
1	0	0.7983584006032431	2.201641599396758	1	0.2661194668677476	1.252570273256216	0	-1.252570273256216	1	0.2661194668677476	-1.047854784932691
1	0	1	2.000000000000001	1	0.3333333333333333	0.9999999999999996	0	-0.9999999999999996	1	0.3333333333333333	-0.8365636701633178
2	1	1	2	0.6666666666666666	0.3333333333333333	2	0.4999999999999999	-1.5	0.962962962962963	0.2592592592592592	-1.254845505244977
3	0	1	2.000000000000001	1	0.3333333333333333	2.999999999999999	0	-2.999999999999999	1	0.03703703703703698	-2.509691010489953
0	0	0.7983584006032431	2.201641599396758	0	0.2661194668677476	0	0	0	0	0	0
0	2	0.8493130213242502	2.0701140683695	0	0.2909177024226844	0	0.9661303357912424	0.9661303357912424	0.5027977047375247	0.4972022952624753	0.8082295395656407
0	0	0.7983584006032431	2.201641599396758	0	0.2661194668677476	0	0	0	0	0	0
0	0	0.821676095843056	1.379965503553702	0	0.3732106515738949	0	0	0	0	0	0
1	2	0.922699921972165	2.077300078027835	0.3333333333333333	0.3075666406573883	1.083775966798193	0.9627881985633858	-0.1209877682348067	0.774398194352343	0.6680031614804297	-0.1012139714393788
0	2	0.79860854979475	2.201141301013744	0	0.2662250485918047	0	0.9086195416345569	0.9086195416345569	0.5384256793140993	0.4615743206859007	0.7601180985319168
2	0	1.798358400603243	1.201641599396757	1	0.5994528002010809	1.112125369074995	0	-1.112125369074995	1	0.359343659668917	-0.9303636804351129
1	0	0.7983584006032431	2.000000000000001	1	0.285295264692021	1.252570273256216	0	-1.252570273256216	1	0.285295264692021	-1.047854784932691
1	0	1	2.000000000000001	1	0.3333333333333333	0.9999999999999996	0	-0.9999999999999996	1	0.3333333333333333	-0.8365636701633178
1	4	0.8297420838952823	1.375138675663266	0.2	0.3763206152070598	1.205193781789915	2.908797542233835	1.70360376044392	0.3790550213697882	0.9056358689181785	1.425173014340996
2	2	1	1.896293169872089	0.5	0.3452689149020656	1.999999999999999	1.054689238866428	-0.9453107611335712	0.8779946277181853	0.4286194786866474	-0.79081263977878
0	1	1	1.812837844216561	0	0.3555128505029492	0	0.5516213174776046	0.5516213174776046	0.6444871494970508	0.3555128505029492	0.4614663538893898
0	0	1	1.932216288376922	0	0.3410389622225082	0	0	0	0	0	0
0	0	0.8976513269278027	2	0	0.3097858319204767	0	0	0	0	0	0
1	0	0.9214646499292419	2.078535350070759	1	0.3071548833097473	1.085228825736059	0	-1.085228825736059	1	0.3071548833097473	-0.9078630094247857
0	0	1	2	0	0.3333333333333333	0	0	0	0	0	0
2	0	1	2	1	0.3333333333333333	2	0	-2	1	0.1111111111111109	-1.673127340326636
1	0	1	2	1	0.3333333333333333	0.9999999999999998	0	-0.9999999999999998	1	0.3333333333333333	-0.836563670163318
0	0	1	2	0	0.3333333333333333	0	0	0	0	0	0
0	0	0.821676095843056	2.075975231084747	0	0.2835662414615728	0	0	0	0	0	0
0	1	0.8984384677490398	1.999478690589415	0	0.3100290376361783	0	0.5001303613319408	0.5001303613319408	0.6899709623638217	0.3100290376361783	0.4183908906359548
0	0	0.7983584006032431	2.201641599396758	0	0.2661194668677476	0	0	0	0	0	0
0	0	0.821676095843056	1.379965503553702	0	0.3732106515738949	0	0	0	0	0	0
2	0	0.8225538657941678	1.37908773360259	1	0.3736093404210498	2.431451705681329	0	-2.431451705681329	0.9999999999999998	0.1395839392498521	-2.034064162729632
0	4	1	2.000000000000001	0	0.3333333333333333	0	1.999999999999999	1.999999999999999	0.1975308641975309	0.802469135802469	1.673127340326636
2	1	1	2	0.6666666666666666	0.3333333333333333	2	0.4999999999999999	-1.5	0.962962962962963	0.2592592592592592	-1.254845505244977
1	2	0.9228337578534193	2.077166242146582	0.3333333333333333	0.3076112526178063	1.083618789939019	0.9628502328889976	-0.1207685570500214	0.7743411861593535	0.668067326827452	-0.101030587326094
1	0	1.000000000000001	2.000000000000001	1	0.3333333333333334	0.9999999999999993	0	-0.9999999999999993	1	0.3333333333333334	-0.8365636701633176
0	0	0.7983584006032431	2.201641599396758	0	0.2661194668677476	0	0	0	0	0	0
0	0	0.9221009990215463	2.077899000978454	0	0.3073669996738487	0	0	0	0	0	0
3	0	1	1.932621759924791	1	0.3409918093309264	3	0	-3	0.9999999999999999	0.03964896381105798	-2.509691010489954
1	1	0.9998276105060655	2	0.5	0.3332950223554333	1.000172419217196	0.4999999999999999	-0.5001724192171962	0.888914428073091	0.555504472783958	-0.4184260747348035
0	0	0.8976513269278027	2	0	0.3097858319204767	0	0	0	0	0	0
1	1	0.9998274202821926	2.000172579717808	0.5	0.3332758067607308	1.000172609506707	0.4999568587931966	-0.5002157507135108	0.888927236627984	0.5554788501494456	-0.418462324290394
2	0	0.8981975481551481	2.000761300267217	1	0.3098345285735787	2.226681651612051	0	-2.226681651612051	1	0.09599743509641168	-1.862760974757896
0	2	0.5472708210206372	2.452729178979364	0	0.182423607006879	0	0.815418195021533	0.815418195021533	0.6684311583796423	0.3315688416203577	0.682149237945162
1	0	0.9403715917051982	2.059541715631668	1	0.3134662556432342	1.063409410514705	0	-1.063409410514705	1	0.3134662556432342	-0.8896096793463926
1	5	0.7983584006032434	2.201641599396758	0.1666666666666667	0.2661194668677477	1.252570273256216	2.271032670063094	1.018462396806878	0.4961283955877157	0.8437743980517906	0.8520086405960915
1	0	0.9221009990215463	2.077899000978455	1	0.3073669996738487	1.084479900858055	0	-1.084479900858055	1	0.3073669996738486	-0.9072364860801659
2	0	1	2	1	0.3333333333333333	2	0	-2	1	0.1111111111111109	-1.673127340326636
0	0	0.7983584006032431	2.201641599396758	0	0.2661194668677476	0	0	0	0	0	0
1	0	0.8977976422427968	2.000203928157359	1	0.3097988805157303	1.11383674109668	0	-1.11383674109668	1	0.3097988805157303	-0.9317953520945884
0	1	0.3181633320351795	2.681836667964821	0	0.1060544440117265	0	0.3728787856267455	0.3728787856267455	0.8939455559882735	0.1060544440117265	0.3119368454299514
0	0	0.7983584006032431	2.201641599396758	0	0.2661194668677476	0	0	0	0	0	0
1	0	0.9221009990215463	2.077899000978454	1	0.3073669996738487	1.084479900858055	0	-1.084479900858055	1	0.3073669996738487	-0.9072364860801659
0	0	0.7983584006032431	2	0	0.2852952646920211	0	0	0	0	0	0
0	0	0	1.271134846492315	0	0	0	0	0	0	0	0
0	0	1	2	0	0.3333333333333333	0	0	0	0	0	0
0	0	0.1783239041569442	2.821676095843056	0	0.05944130138564806	0	0	0	0	0	0
0	0	1	2	0	0.3333333333333333	0	0	0	0	0	0
0	0	0.821676095843056	2.075975231084747	0	0.2835662414615728	0	0	0	0	0	0
2	0	1	2.000000000000001	1	0.3333333333333333	1.999999999999999	0	-1.999999999999999	1	0.1111111111111109	-1.673127340326636
2	0	1	1.932680955445575	1	0.34098492648617	2	0	-2	1	0.1162707200907788	-1.673127340326636
1	0	0.7983584006032433	2.201641599396758	1	0.2661194668677476	1.252570273256216	0	-1.252570273256216	1	0.2661194668677476	-1.04785478493269
0	0	0.1783239041569442	2.821676095843056	0	0.05944130138564806	0	0	0	0	0	0
0	0	1	2	0	0.3333333333333333	0	0	0	0	0	0
2	0	1.662607799673856	1.213315866337906	1	0.5781126318903681	1.202929518550514	0	-1.202929518550514	1	0.3342142151512082	-1.006327132986411
0	0	0.9221009990215463	2.077899000978454	0	0.3073669996738487	0	0	0	0	0	0
1	0	0.7983584006032431	2.201641599396758	1	0.2661194668677476	1.252570273256216	0	-1.252570273256216	1	0.2661194668677476	-1.047854784932691
1	0	0.7983584006032431	2.201641599396758	1	0.2661194668677476	1.252570273256216	0	-1.252570273256216	1	0.2661194668677476	-1.047854784932691
0	0	1	2	0	0.3333333333333333	0	0	0	0	0	0
1	0	1	1.999942032022034	1	0.3333397743442315	0.9999999999999996	0	-0.9999999999999996	1	0.3333397743442315	-0.8365636701633178
1	0	0.7983584006032433	2.201641599396758	1	0.2661194668677476	1.252570273256216	0	-1.252570273256216	1	0.2661194668677476	-1.04785478493269
0	0	1.798358400603243	1.201641599396757	0	0.5994528002010809	0	0	0	0	0	0
0	0	0.9221009990215463	2.077899000978454	0	0.3073669996738487	0	0	0	0	0	0
1	0	1	2.000000000000001	1	0.3333333333333333	0.9999999999999996	0	-0.9999999999999996	1	0.3333333333333333	-0.8365636701633178
0	0	1	2	0	0.3333333333333333	0	0	0	0	0	0
1	0	0.9430650136747095	2.056934986325291	1	0.3143550045582365	1.060372281337678	0	-1.060372281337678	1	0.3143550045582364	-0.8870689274152982
1	0	1	2	1	0.3333333333333333	0.9999999999999998	0	-0.9999999999999998	1	0.3333333333333333	-0.836563670163318
0	0	0.7983584006032431	2	0	0.2852952646920211	0	0	0	0	0	0
1	0	0.7983584006032433	2.201641599396758	1	0.2661194668677477	1.252570273256216	0	-1.252570273256216	1	0.2661194668677477	-1.04785478493269
1	1	0.8221401059888904	2.075511220938913	0.5	0.2837263746499665	1.21633769319303	0.4818090068179074	-0.7345286863751224	0.9194993443279869	0.4869520936279199	-0.6144800137142132
0	0	0.1783239041569442	2.821676095843056	0	0.05944130138564806	0	0	0	0	0	0
0	5	1.121341313623965	1.085082173908069	0	0.5082167226556433	0	4.607945942003479	4.607945942003479	0.02876529182174218	0.9712347081782579	3.854840169156599
0	1	0.7992108134805136	2.200789186519487	0	0.2664036044935045	0	0.4543824579497702	0.4543824579497702	0.7335963955064955	0.2664036044935045	0.3801198566802894
2	1	0.9999490762602573	1.999761271081542	0.6666666666666666	0.333348543850697	2.000101852666204	0.500059689354402	-1.500042163311802	0.9629578925591452	0.2592795401804302	-1.254880777539845
0	0	0.821676095843056	2.075975231084747	0	0.2835662414615728	0	0	0	0	0	0
1	0	0.7983584006032431	2.201641599396758	1	0.2661194668677476	1.252570273256216	0	-1.252570273256216	1	0.2661194668677476	-1.047854784932691
0	0	1	1.798358400603243	0	0.3573523676539895	0	0	0	0	0	0
0	0	0.1783239041569442	2.821676095843056	0	0.05944130138564806	0	0	0	0	0	0
0	0	0	3.000000000000001	0	0	0	0	0	0	0	0
0	1	0.8975863536410686	2.000064973286735	0	0.3097634091789513	0	0.4999837572059901	0.4999837572059901	0.6902365908210486	0.3097634091789514	0.4182682469502885
0	0	1	1.798358400603243	0	0.3573523676539895	0	0	0	0	0	0
0	0	0.7983584006032431	2.201641599396758	0	0.2661194668677476	0	0	0	0	0	0
0	0	1	2	0	0.3333333333333333	0	0	0	0	0	0
1	0	1	2	1	0.3333333333333333	0.9999999999999998	0	-0.9999999999999998	1	0.3333333333333333	-0.836563670163318
1	0	0.9195540148110246	2.080445985188976	1	0.3065180049370081	1.087483697415543	0	-1.087483697415543	1	0.3065180049370081	-0.9097493531527221
2	1	0.9993102421296732	1.99993908453372	0.6666666666666666	0.3331867855218914	2.001380467929272	0.5000152293304209	-1.501365238598852	0.9630117907603299	0.2590638836598923	-1.255987614257881
0	0	0.821676095843056	2.075975231084747	0	0.2835662414615728	0	0	0	0	0	0
1	0	0.7983584006032431	2.077899000978454	1	0.2775684819321851	1.252570273256216	0	-1.252570273256216	1	0.2775684819321851	-1.047854784932691
2	1	0.8298488498514794	2.121032981593711	0.6666666666666666	0.2812206307309371	2.410077450077741	0.471468387657327	-1.938609062420414	0.9777596542843376	0.1927744380147931	-1.621769912270291
1	0	1	1.999827643081566	1	0.3333524852023673	0.9999999999999998	0	-0.9999999999999998	1	0.3333524852023673	-0.836563670163318
1	2	0.8522074190280418	2.091544845022006	0.3333333333333333	0.2894969897553692	1.173423250809666	0.9562309910591263	-0.2171922597505397	0.7970990997973485	0.6413277585486513	-0.1816951539479762
1	0	0.7983584006032433	2.077899000978455	1	0.2775684819321851	1.252570273256216	0	-1.252570273256216	1	0.2775684819321851	-1.04785478493269
0	0	0.9221009990215463	2.077899000978454	0	0.3073669996738487	0	0	0	0	0	0
0	0	1	2	0	0.3333333333333333	0	0	0	0	0	0
0	0	1	2	0	0.3333333333333333	0	0	0	0	0	0
1	0	0.7983584006032431	2.201641599396758	1	0.2661194668677476	1.252570273256216	0	-1.252570273256216	1	0.2661194668677476	-1.047854784932691
1	0	1	1.932332437850071	1	0.3410254536941865	0.9999999999999996	0	-0.9999999999999996	1	0.3410254536941865	-0.8365636701633178
1	0	0.7983584006032433	2.201641599396758	1	0.2661194668677476	1.252570273256216	0	-1.252570273256216	1	0.2661194668677476	-1.04785478493269
1	0	0.9221009990215464	2.077899000978455	1	0.3073669996738487	1.084479900858055	0	-1.084479900858055	1	0.3073669996738487	-0.9072364860801657
1	0	1	2.000000000000001	1	0.3333333333333333	0.9999999999999996	0	-0.9999999999999996	1	0.3333333333333333	-0.8365636701633178
0	0	0.7983584006032431	2.201641599396758	0	0.2661194668677476	0	0	0	0	0	0
0	0	0.7983584006032431	2.201641599396758	0	0.2661194668677476	0	0	0	0	0	0
1	0	0.8223711542203371	2.075280172707466	1	0.2838061110313936	1.215995958598605	0	-1.215995958598605	1	0.2838061110313936	-1.017258042029011
0	0	1	2	0	0.3333333333333333	0	0	0	0	0	0
2	0	0.7983584006032431	2.201641599396758	1	0.2661194668677476	2.505140546512433	0	-2.505140546512433	1	0.07081957064597399	-2.095709569865381
0	0	0.821676095843056	1.379965503553702	0	0.3732106515738949	0	0	0	0	0	0
1	0	0.7983584006032433	2.201641599396758	1	0.2661194668677476	1.252570273256216	0	-1.252570273256216	1	0.2661194668677476	-1.04785478493269
1	0	1	2	1	0.3333333333333333	0.9999999999999998	0	-0.9999999999999998	1	0.3333333333333333	-0.836563670163318
0	0	0.7983584006032431	2.201641599396758	0	0.2661194668677476	0	0	0	0	0	0
1	0	0.9400051830958931	2.059031030659701	1	0.3134357560553613	1.063823921381492	0	-1.063823921381492	1	0.3134357560553613	-0.8899564440784338
1	0	0.9221009990215464	2.077899000978455	1	0.3073669996738487	1.084479900858055	0	-1.084479900858055	1	0.3073669996738487	-0.9072364860801657
0	0	1	2	0	0.3333333333333333	0	0	0	0	0	0
2	0	0.7983584006032431	2	1	0.2852952646920211	2.505140546512433	0	-2.505140546512433	1	0.0813933880556903	-2.095709569865381
1	0	1	2	1	0.3333333333333333	0.9999999999999998	0	-0.9999999999999998	1	0.3333333333333333	-0.836563670163318
0	3	1	2.000000000000001	0	0.3333333333333333	0	1.499999999999999	1.499999999999999	0.2962962962962963	0.7037037037037037	1.254845505244977
0	0	0.7983584006032431	2.077899000978454	0	0.2775684819321851	0	0	0	0	0	0
1	0	1	2	1	0.3333333333333333	0.9999999999999998	0	-0.9999999999999998	1	0.3333333333333333	-0.836563670163318
0	0	0.8976513269278027	2	0	0.3097858319204767	0	0	0	0	0	0
0	0	0.7983584006032431	2	0	0.2852952646920211	0	0	0	0	0	0
1	0	1	2	1	0.3333333333333333	1	0	-1	1	0.3333333333333333	-0.8365636701633181
0	0	0.8644325767538431	2.03321875017396	0	0.2983218059124962	0	0	0	0	0	0
1	1	0.8171255742192449	1.549103344914223	0.5	0.3453282003325709	1.223802107718253	0.6455347238665811	-0.5782673838516722	0.880748434055068	0.5714048347202094	-0.4837574849706952
0	4	0.7983584006032434	2.201641599396758	0	0.2661194668677476	0	1.816826136050475	1.816826136050475	0.2900691024548973	0.7099308975451027	1.519890740423025
1	0	1	2	1	0.3333333333333333	0.9999999999999998	0	-0.9999999999999998	1	0.3333333333333333	-0.836563670163318
2	0	1.798358400603243	1.201641599396758	1	0.5994528002010809	1.112125369074995	0	-1.112125369074995	1	0.359343659668917	-0.9303636804351126
1	0	0.8217126337521874	2.075938693175616	1	0.28357885095285	1.216970457705754	0	-1.216970457705754	1	0.28357885095285	-1.018073272578659
0	0	1.662790977357086	1.213466424224611	0	0.5781092389167577	0	0	0	0	0	0
0	0	1	2	0	0.3333333333333333	0	0	0	0	0	0
1	0	1	2.000000000000001	1	0.3333333333333333	0.9999999999999996	0	-0.9999999999999996	1	0.3333333333333333	-0.8365636701633178
1	0	1	1.947334423248322	1	0.3392896279811634	1	0	-1	1	0.3392896279811634	-0.8365636701633181
0	0	0	3.000000000000001	0	0	0	0	0	0	0	0
4	0	1.081385725180112	1.258169868963297	1	0.4622184349400102	3.698957649301106	0	-3.698957649301106	0.9999999999999999	0.04564456272395445	-3.094413586878013
2	0	0.7983584006032434	2.201641599396758	1	0.2661194668677477	2.505140546512432	0	-2.505140546512432	1	0.07081957064597422	-2.09570956986538
1	0	1	2.000000000000001	1	0.3333333333333333	0.9999999999999996	0	-0.9999999999999996	1	0.3333333333333333	-0.8365636701633178
0	0	1	2	0	0.3333333333333333	0	0	0	0	0	0
0	0	0.8644325767538431	2.067783711623079	0	0.2948051888874592	0	0	0	0	0	0
0	1	0.8221304350427354	2.075520891885068	0	0.283723037137939	0	0.4818067618157105	0.4818067618157105	0.716276962862061	0.283723037137939	0.4030620329740544
0	0	0.821676095843056	1.379965503553702	0	0.3732106515738949	0	0	0	0	0	0
1	0	1	2.000000000000001	1	0.3333333333333333	0.9999999999999996	0	-0.9999999999999996	1	0.3333333333333333	-0.8365636701633178
0	0	0.8976513269278027	2	0	0.3097858319204767	0	0	0	0	0	0
1	0	1	2.000000000000001	1	0.3333333333333333	0.9999999999999996	0	-0.9999999999999996	1	0.3333333333333333	-0.8365636701633178
0	0	0.1783239041569442	2.821676095843056	0	0.05944130138564806	0	0	0	0	0	0
1	0	0.7983584006032433	2.201641599396758	1	0.2661194668677476	1.252570273256216	0	-1.252570273256216	1	0.2661194668677476	-1.04785478493269
2	0	1	2	1	0.3333333333333333	2	0	-2	1	0.1111111111111109	-1.673127340326636
0	0	1	2	0	0.3333333333333333	0	0	0	0	0	0
1	0	0.3550371531571169	2.644962846842883	1	0.118345717719039	2.816606631468407	0	-2.816606631468407	1	0.118345717719039	-2.356270781027551
3	0	1	2	1	0.3333333333333333	3	0	-3	1	0.03703703703703698	-2.509691010489954
0	0	1	2	0	0.3333333333333333	0	0	0	0	0	0
0	0	0.7983584006032431	2.201641599396758	0	0.2661194668677476	0	0	0	0	0	0
0	0	0.1783239041569442	2.821676095843056	0	0.05944130138564806	0	0	0	0	0	0
0	0	0.821676095843056	2.110540192533866	0	0.2802235630093579	0	0	0	0	0	0
0	0	0.7983584006032431	2.201641599396758	0	0.2661194668677476	0	0	0	0	0	0
1	0	1	2.000000000000001	1	0.3333333333333333	0.9999999999999996	0	-0.9999999999999996	1	0.3333333333333333	-0.8365636701633178
0	0	0	1.271134846492315	0	0	0	0	0	0	0	0
1	0	0.8643960322505126	2.06782025612641	1	0.2947927257879684	1.156877128873941	0	-1.156877128873941	1	0.2947927257879684	-0.9678013768587864
1	0	1	1.932448198730881	1	0.3410119914250437	0.9999999999999998	0	-0.9999999999999998	1	0.3410119914250437	-0.836563670163318
0	0	0	3.000000000000001	0	0	0	0	0	0	0	0
0.5	6.5	0.9422851239241516	2.054300424586347	0.07142857142857142	0.3144529360733685	0.5306249534299631	3.164094171527438	2.633469218097475	0.1854117636835755	0.9288359057438709	2.203064674353747
0	0	0.7983584006032431	2.201641599396758	0	0.2661194668677476	0	0	0	0	0	0
0	0	1	2	0	0.3333333333333333	0	0	0	0	0	0
0	0	0	1.271134846492315	0	0	0	0	0	0	0	0
2	0	0.7983584006032431	2	1	0.2852952646920211	2.505140546512433	0	-2.505140546512433	1	0.0813933880556903	-2.095709569865381
1	0	1	2.000000000000001	1	0.3333333333333333	0.9999999999999996	0	-0.9999999999999996	1	0.3333333333333333	-0.8365636701633178
0	0	0.7983584006032431	2.201641599396758	0	0.2661194668677476	0	0	0	0	0	0
0	0	0.9404078078385898	2.059592192161411	0	0.3134692692795298	0	0	0	0	0	0
2	0	0.7983584006032431	2.201641599396758	1	0.2661194668677476	2.505140546512433	0	-2.505140546512433	1	0.07081957064597399	-2.095709569865381
0	0	0.821676095843056	1.379965503553702	0	0.3732106515738949	0	0	0	0	0	0
0	0	0.7983584006032431	2.201641599396758	0	0.2661194668677476	0	0	0	0	0	0
0	0	1	2	0	0.3333333333333333	0	0	0	0	0	0
4	0	0.8639571414130948	2.068259146963828	1	0.2946430469122464	4.629859293086657	0	-4.629859293086657	0.9999999999999999	0.007536761767250377	-3.873172082564319
1	0	1	1.933783351409206	1	0.3408567982770995	0.9999999999999996	0	-0.9999999999999996	1	0.3408567982770995	-0.8365636701633178
1	1	0.7898773941934119	2.142679589076688	0.5	0.2693476712301147	1.266019267485375	0.4667053371385848	-0.7993139303467902	0.9274518320029141	0.4661471744631435	-0.6686769951835777
0	0	1	1.932216288376922	0	0.3410389622225082	0	0	0	0	0	0
2	0	0.8235044235928934	1.378137175803864	1	0.3740410899841877	2.428645120416156	0	-2.428645120416156	0.9999999999999999	0.1399067369965593	-2.031716275459573
0	0	1	2	0	0.3333333333333333	0	0	0	0	0	0
0	0	1	2	0	0.3333333333333333	0	0	0	0	0	0
0	0	0.7983584006032431	2.201641599396758	0	0.2661194668677476	0	0	0	0	0	0
0	0	1	2	0	0.3333333333333333	0	0	0	0	0	0
0	0	0.821676095843056	2.075975231084747	0	0.2835662414615728	0	0	0	0	0	0
0	0	0.7983584006032431	2.201641599396758	0	0.2661194668677476	0	0	0	0	0	0
1	0	1	2	1	0.3333333333333333	0.9999999999999998	0	-0.9999999999999998	1	0.3333333333333333	-0.836563670163318
0	0	0.821676095843056	1.379965503553702	0	0.3732106515738949	0	0	0	0	0	0
0	0	1	2	0	0.3333333333333333	0	0	0	0	0	0
0	1	1	2	0	0.3333333333333333	0	0.4999999999999999	0.4999999999999999	0.6666666666666667	0.3333333333333333	0.418281835081659
2	1	0.9197556265769178	2.080244373423083	0.6666666666666666	0.3065852088589725	2.174490638827033	0.4807127531629759	-1.693777885664057	0.9711826795625105	0.2243488299983204	-1.416953044472589
1	2	0.7983584006032429	2.201641599396757	0.3333333333333333	0.2661194668677476	1.252570273256217	0.9084130680252379	-0.3441572052309786	0.8252342208302963	0.6047461550494295	-0.2879094147211778
0	0	0.821676095843056	1.379965503553702	0	0.3732106515738949	0	0	0	0	0	0
0	0	0.9221009990215463	2.077899000978454	0	0.3073669996738487	0	0	0	0	0	0
1	0	0.7983584006032433	2.201641599396758	1	0.2661194668677477	1.252570273256216	0	-1.252570273256216	1	0.2661194668677477	-1.04785478493269
4	0	1	1.998492404642528	1	0.3335009281503307	3.999999999999998	0	-3.999999999999998	1	0.01237052660574878	-3.346254680653271
1	0	0.8642862465733874	2.033365080354416	1	0.2982713063306121	1.157024080811969	0	-1.157024080811969	1	0.2982713063306121	-0.9679243115114001
0	0	1.798358400603243	1.201641599396757	0	0.5994528002010809	0	0	0	0	0	0
0	0	0.7983584006032431	2.201641599396758	0	0.2661194668677476	0	0	0	0	0	0
5	0	1.022111478531986	1.598237136929488	1	0.390066982881963	4.891834310657855	0	-4.891834310657855	1	0.009030170609197752	-4.092330864754781
0	0	1.662790977357086	1.213466424224611	0	0.5781092389167577	0	0	0	0	0	0
0	0	0.9221009990215463	2.077899000978454	0	0.3073669996738487	0	0	0	0	0	0
0	0	1	2	0	0.3333333333333333	0	0	0	0	0	0
0	1	0.8221320095043002	2.075519317423503	0	0.2837235804957786	0	0.481807127307962	0.481807127307962	0.7162764195042215	0.2837235804957785	0.4030623387315938
0	0	1	2	0	0.3333333333333333	0	0	0	0	0	0
1	0	0.7983584006032433	2.201641599396758	1	0.2661194668677476	1.252570273256216	0	-1.252570273256216	1	0.2661194668677476	-1.04785478493269
0	0	0.8644325767538431	2.067783711623079	0	0.2948051888874592	0	0	0	0	0	0
0	0	0.821676095843056	2.075975231084747	0	0.2835662414615728	0	0	0	0	0	0
1	0	0.7983584006032433	2.201641599396758	1	0.2661194668677477	1.252570273256216	0	-1.252570273256216	1	0.2661194668677477	-1.04785478493269
0	0	0.7983584006032431	2.201641599396758	0	0.2661194668677476	0	0	0	0	0	0
0	0	0.8644325767538431	1.337209022642915	0	0.3926309245749602	0	0	0	0	0	0
0	0	0.9221009990215463	2.077899000978454	0	0.3073669996738487	0	0	0	0	0	0
1	0	0.8219683712802648	2.110247917096657	1	0.2803232403211467	1.216591823895171	0	-1.216591823895171	1	0.2803232403211466	-1.017756521288429
2	0	0.8220420610078069	2.075609265919996	1	0.28369253863244	2.4329655316518	0	-2.4329655316518	0.9999999999999999	0.08048145647571858	-2.035330574539478
0	0	0.821676095843056	2.110540192533866	0	0.2802235630093579	0	0	0	0	0	0
1	0	0.7983584006032431	2.201641599396758	1	0.2661194668677476	1.252570273256216	0	-1.252570273256216	1	0.2661194668677476	-1.047854784932691
1	0	1	1.798875416677573	1	0.357286356527815	0.9999999999999996	0	-0.9999999999999996	1	0.357286356527815	-0.8365636701633178
0	0	0.821676095843056	2.110540192533866	0	0.2802235630093579	0	0	0	0	0	0
2	0	1	2.000000000000001	1	0.3333333333333333	1.999999999999999	0	-1.999999999999999	1	0.1111111111111109	-1.673127340326636
1	0	0.8218960838156425	2.11032020456128	1	0.2802985874792302	1.216698825668462	0	-1.216698825668462	1	0.2802985874792302	-1.017846035084608
3	0	1.000000000000001	1.985735898064219	1	0.3349258052757926	2.999999999999998	0	-2.999999999999998	1	0.03757040102320042	-2.509691010489953
1	0	0.8984926124750185	2.001172548556953	1	0.3098608158451133	1.112975205489298	0	-1.112975205489298	1	0.3098608158451133	-0.9310746227049004
1	1	0.9224346482855773	2.077565351714424	0.5	0.3074782160951923	1.08408763900899	0.481332632532975	-0.6027550064760154	0.9054571466269183	0.5204135788173028	-0.5042429404268901
3	0	0.863773631647767	1.337867967748991	1	0.3923316274022248	3.473132184270418	0	-3.473132184270418	0.9999999999999998	0.06038929494851697	-2.905496207035602
0	0	0.7983584006032431	2.201641599396758	0	0.2661194668677476	0	0	0	0	0	0
1	0	1	2.000000000000001	1	0.3333333333333333	0.9999999999999996	0	-0.9999999999999996	1	0.3333333333333333	-0.8365636701633178
0	0	0.8644325767538431	2.067783711623079	0	0.2948051888874592	0	0	0	0	0	0
0	0	0.821676095843056	2.075975231084747	0	0.2835662414615728	0	0	0	0	0	0
0	0	0.7983584006032431	2	0	0.2852952646920211	0	0	0	0	0	0
0	0	1	2	0	0.3333333333333333	0	0	0	0	0	0
2	0	0.8641766930749238	2.068039595301999	1	0.2947179225831508	2.314341518380432	0	-2.314341518380432	0.9999999999999999	0.0868586538917282	-1.936094034627681
0	0	0.7983584006032431	2.201641599396758	0	0.2661194668677476	0	0	0	0	0	0
3	0	1	2	1	0.3333333333333333	3	0	-3	1	0.03703703703703698	-2.509691010489954
0	0	0.821676095843056	2.075975231084747	0	0.2835662414615728	0	0	0	0	0	0
1	1	0.1809321700167612	2.81906782998324	0.5	0.06031072333892037	5.526933103755745	0.3547271865416396	-5.172205917214105	0.9963626166503361	0.116984063328177	-4.326879564945063
0	0	0.7983584006032431	2.201641599396758	0	0.2661194668677476	0	0	0	0	0	0
0	0	1	2	0	0.3333333333333333	0	0	0	0	0	0
0	0	0	1.271134846492315	0	0	0	0	0	0	0	0
0	0	1	1.798358400603243	0	0.3573523676539895	0	0	0	0	0	0
1	0	0.7983584006032433	2.000000000000001	1	0.285295264692021	1.252570273256216	0	-1.252570273256216	1	0.285295264692021	-1.04785478493269
1	0	0.7983584006032433	2.201641599396758	1	0.2661194668677476	1.252570273256216	0	-1.252570273256216	1	0.2661194668677476	-1.04785478493269
4	0	1	2.000000000000001	1	0.3333333333333333	3.999999999999998	0	-3.999999999999998	1	0.01234567901234551	-3.346254680653271
0	0	0.8644325767538431	2.067783711623079	0	0.2948051888874592	0	0	0	0	0	0
0	0	1	2	0	0.3333333333333333	0	0	0	0	0	0
0	0	1	2	0	0.3333333333333333	0	0	0	0	0	0
0	0	1	2	0	0.3333333333333333	0	0	0	0	0	0
0	0	1	2	0	0.3333333333333333	0	0	0	0	0	0
0	0	1.798358400603243	1.201641599396757	0	0.5994528002010809	0	0	0	0	0	0
4	0	0.8637028257539672	2.068513462622955	1	0.2945563153637806	4.631222546375497	0	-4.631222546375497	0.9999999999999998	0.007527891556914246	-3.874312530738994
2	0	0.7983584006032434	2.201641599396758	1	0.2661194668677477	2.505140546512432	0	-2.505140546512432	1	0.07081957064597422	-2.09570956986538
0	0	0.821676095843056	1.379965503553702	0	0.3732106515738949	0	0	0	0	0	0
2	0	0.798358400603243	2.201641599396758	1	0.2661194668677476	2.505140546512433	0	-2.505140546512433	1	0.07081957064597399	-2.095709569865381
0	0	1	2	0	0.3333333333333333	0	0	0	0	0	0
0	0	0.9221009990215463	2.077899000978454	0	0.3073669996738487	0	0	0	0	0	0
0	0	0.7983584006032431	2.201641599396758	0	0.2661194668677476	0	0	0	0	0	0
3	0	1.798358400603244	1.201641599396758	1	0.599452800201081	1.668188053612492	0	-1.668188053612492	1	0.2154095630230366	-1.395545520652669
1	0	1	2.000000000000001	1	0.3333333333333333	0.9999999999999996	0	-0.9999999999999996	1	0.3333333333333333	-0.8365636701633178
2	0	0.798358400603243	2.201641599396758	1	0.2661194668677476	2.505140546512433	0	-2.505140546512433	1	0.07081957064597399	-2.095709569865381
0	1	1	1.799394209644898	0	0.357220143041894	0	0.5557425908341371	0.5557425908341371	0.642779856958106	0.357220143041894	0.464914061454277
0	0	0.821676095843056	2.110540192533866	0	0.2802235630093579	0	0	0	0	0	0
0	0	0	3.000000000000001	0	0	0	0	0	0	0	0
0	0	0.7983584006032431	2.201641599396758	0	0.2661194668677476	0	0	0	0	0	0
1	0	0.8217125953622266	2.075938731565576	1	0.2835788377042026	1.216970514561945	0	-1.216970514561945	1	0.2835788377042026	-1.018073320142482
2	0	1.794999243752541	1.201934600771112	1	0.5989452343209287	1.114206597557609	0	-1.114206597557609	1	0.3587353937157522	-0.9321047605729764
0	0	0.7983584006032431	2.201641599396758	0	0.2661194668677476	0	0	0	0	0	0
0	0	0.821676095843056	2.110540192533866	0	0.2802235630093579	0	0	0	0	0	0
0	1	0.8269466428933081	2.070704684034495	0	0.2853851445853796	0	0.4829273858847085	0.4829273858847085	0.7146148554146203	0.2853851445853797	0.4039995063580888
0	0	1	2	0	0.3333333333333333	0	0	0	0	0	0
1	0	0.8643227609846672	2.033328565943136	1	0.2982839077126143	1.156975200862192	0	-1.156975200862192	1	0.2982839077126143	-0.9678834203212178
2	0	0.863847406274832	2.033803920652972	1	0.2981198594348184	2.315223713670215	0	-2.315223713670215	1	0.08887545058943591	-1.936832047157103
1	0	0.8218952973819019	1.379746302014856	1	0.3733102143451043	1.216699989871508	0	-1.216699989871508	1	0.3733102143451043	-1.017847009014581
1	0	1.798358400603244	1.201641599396758	1	0.599452800201081	0.5560626845374975	0	-0.5560626845374975	1	0.599452800201081	-0.4651818402175563
2	0	0.9392397024700156	2.057964135826885	1	0.3133719804001449	2.129381876362757	0	-2.129381876362757	1	0.09820199809990882	-1.781363517669281
0	0	0.821676095843056	2.110540192533866	0	0.2802235630093579	0	0	0	0	0	0
0	0	0.7983584006032431	2.201641599396758	0	0.2661194668677476	0	0	0	0	0	0
0	0	1	2	0	0.3333333333333333	0	0	0	0	0	0
1	0	0.8639590684519466	2.068257219924976	1	0.2946437041075766	1.157462241575649	0	-1.157462241575649	1	0.2946437041075767	-0.9682908608879865
0	0	0.7983584006032431	2.201641599396758	0	0.2661194668677476	0	0	0	0	0	0
0	2	0.004617396285530475	2.995382603714471	0	0.001539132095176824	0	0.6676943364496638	0.6676943364496638	0.9969241047372527	0.003075895262747319	0.5585688246475922
3	0	1.000000000000001	1.987069437914189	1	0.3347762818323636	2.999999999999997	0	-2.999999999999997	1	0.03752010497478153	-2.509691010489952
1	0	0.7983584006032431	2.201641599396758	1	0.2661194668677476	1.252570273256216	0	-1.252570273256216	1	0.2661194668677476	-1.047854784932691
1	0	1	2	1	0.3333333333333333	0.9999999999999998	0	-0.9999999999999998	1	0.3333333333333333	-0.836563670163318
0	0	0.7983584006032431	2.077899000978454	0	0.2775684819321851	0	0	0	0	0	0
0	0	0.7983584006032431	2.201641599396758	0	0.2661194668677476	0	0	0	0	0	0
0	1	0.8222860080892529	2.075715376837694	0	0.2837424482838821	0	0.4817616187453781	0.4817616187453781	0.7162575517161179	0.2837424482838821	0.4030242679214547
1	0	0.1847365357647896	2.815263464235211	1	0.06157884525492985	5.413114389420082	0	-5.413114389420082	1	0.06157884525492985	-4.528414840627133
0	0	0.7983584006032431	2	0	0.2852952646920211	0	0	0	0	0	0
0	0	0.7983584006032431	2.201641599396758	0	0.2661194668677476	0	0	0	0	0	0
0	0	0.821676095843056	2.075975231084747	0	0.2835662414615728	0	0	0	0	0	0
0	0	0.7983584006032431	2.077899000978454	0	0.2775684819321851	0	0	0	0	0	0
1	1	0.7983584006032433	2.201641599396758	0.5	0.2661194668677476	1.252570273256216	0.4542065340126188	-0.7983637392435973	0.929180429354026	0.4614193630895209	-0.667882099826934
0	0	0.7983584006032431	2.201641599396758	0	0.2661194668677476	0	0	0	0	0	0
2	1	1	2	0.6666666666666666	0.3333333333333333	2	0.4999999999999999	-1.5	0.962962962962963	0.2592592592592592	-1.254845505244977
0	0	0.7983584006032431	2.077899000978454	0	0.2775684819321851	0	0	0	0	0	0
0	0	0.1783239041569442	2.821676095843056	0	0.05944130138564806	0	0	0	0	0	0
2	1	0.999847704336406	1.933583033017766	0.6666666666666666	0.3408458538340078	2.000304637722192	0.5171745836222446	-1.483130054099947	0.9604019275071016	0.2693315432417043	-1.240732721387372
0	0	1	1.798358400603243	0	0.3573523676539895	0	0	0	0	0	0
1	0	0.7458347672760297	2.254165232723972	1	0.2486115890920098	1.340779545115929	0	-1.340779545115929	1	0.2486115890920098	-1.121647457142086
0	0	0.8976513269278027	2	0	0.3097858319204767	0	0	0	0	0	0
0	0	0.7983584006032431	2.201641599396758	0	0.2661194668677476	0	0	0	0	0	0
0	1	0.999236220764917	1.932980067612005	0	0.3407784837448082	0	0.517335908815343	0.517335908815343	0.6592215162551918	0.3407784837448082	0.432784426585839
0	0	1	2	0	0.3333333333333333	0	0	0	0	0	0
0	0	0.7983584006032431	2	0	0.2852952646920211	0	0	0	0	0	0
1	3	0.7985307829910326	2.201469217008968	0.25	0.2661769276636775	1.252299875346483	1.362726299700869	0.1104264243543855	0.7107092414484044	0.710021733278231	0.09237873484091678
1	0	0.7983584006032431	2.201641599396758	1	0.2661194668677476	1.252570273256216	0	-1.252570273256216	1	0.2661194668677476	-1.047854784932691
1	6	0.798697573129153	2.199573246705304	0.1428571428571428	0.2663860675445093	1.252038360505066	2.727801862923764	1.475763502418698	0.4050395756111927	0.8856403033664833	1.234570131876459
6	0	1	2.000000000000001	1	0.3333333333333333	5.999999999999997	0	-5.999999999999997	1	0.001371742112482699	-5.019382020979907
0	0	0.7983584006032431	2	0	0.2852952646920211	0	0	0	0	0	0
1	0	0.9170728347733743	2.027068884130398	1	0.3114907237260437	1.090425931378851	0	-1.090425931378851	1	0.3114907237260437	-0.9122107191955462
1	1	0.7983584006032431	2.201641599396758	0.5	0.2661194668677476	1.252570273256216	0.4542065340126189	-0.7983637392435974	0.929180429354026	0.4614193630895209	-0.6678820998269341
0	0	0.821676095843056	2.110540192533866	0	0.2802235630093579	0	0	0	0	0	0
1	0	1	2	1	0.3333333333333333	0.9999999999999998	0	-0.9999999999999998	1	0.3333333333333333	-0.836563670163318
3	0	1.620948304387791	1.179074983601225	1	0.5789052938741664	1.850768461819057	0	-1.850768461819057	0.9999999999999998	0.1940093064497468	-1.548285657041869
1	0	0.7983584006032431	2.201641599396758	1	0.2661194668677476	1.252570273256216	0	-1.252570273256216	1	0.2661194668677476	-1.047854784932691
0	1	0.7984982651287262	2.200887825629995	0	0.2662205667983008	0	0.4543620934945897	0.4543620934945897	0.7337794332016992	0.2662205667983008	0.3801028205169227
1	0	1.123742598418303	1.732159975114617	1	0.3934807191367762	0.8898835030437804	0	-0.8898835030437804	1	0.3934807191367762	-0.7444442093240953
2	0	0.7983584006032431	2.201641599396758	1	0.2661194668677476	2.505140546512433	0	-2.505140546512433	1	0.07081957064597399	-2.095709569865381
2	1	0.8641765171286694	1.33925281820498	0.6666666666666666	0.392196156813812	2.314341989580139	0.746685007047672	-1.567656982532467	0.9396732400210048	0.3407999563005819	-1.311444878864514
1	0	0.9208295665885574	2.079170433411443	1	0.3069431888628524	1.085977292958511	0	-1.085977292958511	1	0.3069431888628524	-0.9084891499113965
5	0	0.8611004104673672	2.036550916460436	1	0.2971718517218349	5.806523767984527	0	-5.806523767984527	0.9999999999999998	0.002317599305987406	-4.857526834235675
4	0	1	1.945417254835489	1	0.3395104711762998	3.999999999999999	0	-3.999999999999999	1	0.01328656429021113	-3.346254680653272
0	1	0.9995327451235898	2.000467254876411	0	0.3331775817078632	0	0.4998832135654128	0.4998832135654128	0.6668224182921368	0.3331775817078632	0.4181841357933155
1	0	0.8642861986466335	2.067930089730289	1	0.2947552682496843	1.157024144971744	0	-1.157024144971744	1	0.2947552682496843	-0.9679243651851372
3	0	1.788674615134993	1.211219714568283	1	0.5962458735377901	1.677219531498515	0	-1.677219531498515	1	0.2119708587500513	-1.403100926939999
1	1	0.8643876196165063	2.033351191802304	0.5	0.2982972848382008	1.156888388155836	0.4917989592902685	-0.6650894288655675	0.9110187298581574	0.507613299534559	-0.5563896535986043
0	0	1	1.798358400603243	0	0.3573523676539895	0	0	0	0	0	0
4	0	1	1.989349967462419	1	0.3345208861071807	3.999999999999999	0	-3.999999999999999	1	0.01252255517938028	-3.346254680653272
0	0	0.7983584006032431	2	0	0.2852952646920211	0	0	0	0	0	0
1	0	0.821749191292665	2.075902135635138	1	0.2835914672190438	1.216916317772014	0	-1.216916317772014	1	0.2835914672190438	-1.018027981076987
0	0	0.7983584006032431	2.201641599396758	0	0.2661194668677476	0	0	0	0	0	0
0	0	0	1.271134846492315	0	0	0	0	0	0	0	0
0	1	0.9223008776988301	2.07769912230117	0	0.30743362589961	0	0.4813016424112664	0.4813016424112664	0.69256637410039	0.30743362589961	0.402639468431202
2	0	1.797596010151037	1.201541908958157	1	0.5993709054517105	1.112597039994519	0	-1.112597039994519	1	0.3592454823020031	-0.9307582631906586
0	0	0	1.271134846492315	0	0	0	0	0	0	0	0
0	0	0.9221009990215463	2.077899000978454	0	0.3073669996738487	0	0	0	0	0	0
0	0	1	2	0	0.3333333333333333	0	0	0	0	0	0
0	0	0.7983584006032431	2.201641599396758	0	0.2661194668677476	0	0	0	0	0	0
0	0	1	2	0	0.3333333333333333	0	0	0	0	0	0
0	1	0.1832500827444515	2.816749917255549	0	0.06108336091481716	0	0.3550190927046631	0.3550190927046631	0.9389166390851829	0.06108336091481714	0.2969960751710642
0	0	1	1.798358400603243	0	0.3573523676539895	0	0	0	0	0	0
0	0	0.7983584006032431	2.077899000978454	0	0.2775684819321851	0	0	0	0	0	0
0	0	0.7983584006032431	2.201641599396758	0	0.2661194668677476	0	0	0	0	0	0
0	0	1.662790977357086	1.213466424224611	0	0.5781092389167577	0	0	0	0	0	0
0	0	1	2	0	0.3333333333333333	0	0	0	0	0	0
2	0	0.798358400603243	2.077899000978454	1	0.2775684819321851	2.505140546512433	0	-2.505140546512433	1	0.07704426216213767	-2.095709569865381
0	2	0.9990616205766213	2.000938379423379	0	0.333020540192207	0	0.9995310303240573	0.9995310303240573	0.4448615998054953	0.5551384001945048	0.8361713471700163
0	4	1	2	0	0.3333333333333333	0	2	2	0.1975308641975309	0.802469135802469	1.673127340326636
1	0	1.6625709893845	1.213285611127355	1	0.5781133138170345	0.6014780760550923	0	-0.6014780760550923	1	0.5781133138170345	-0.5031747068274194
0	0	1.662790977357086	1.213466424224611	0	0.5781092389167577	0	0	0	0	0	0
1	0	1	1.99959403559525	1	0.3333784465942094	0.9999999999999996	0	-0.9999999999999996	1	0.3333784465942093	-0.8365636701633178
0	0	0.7983584006032431	2.201641599396758	0	0.2661194668677476	0	0	0	0	0	0
0	0	0.9221009990215463	2.077899000978454	0	0.3073669996738487	0	0	0	0	0	0
0	0	0	3.000000000000001	0	0	0	0	0	0	0	0
0	0	0	1.271134846492315	0	0	0	0	0	0	0	0
1	0	1	2	1	0.3333333333333333	0.9999999999999998	0	-0.9999999999999998	1	0.3333333333333333	-0.836563670163318
0	0	0.7983584006032431	2.077899000978454	0	0.2775684819321851	0	0	0	0	0	0
1	0	0.8217857249472627	1.379855874449495	1	0.3732604458293435	1.216862218024259	0	-1.216862218024259	1	0.3732604458293435	-1.01798272319345
5	1	0.8433460511618631	2.054392791108075	0.8333333333333334	0.2910359066385809	5.928764346630411	0.4867618326584137	-5.442002513971997	0.9993923137063057	0.009489636989738703	-4.552581596126418
0	0	1	2	0	0.3333333333333333	0	0	0	0	0	0
0	0	0.7983584006032431	2.201641599396758	0	0.2661194668677476	0	0	0	0	0	0
0	0	0.9221009990215463	2.077899000978454	0	0.3073669996738487	0	0	0	0	0	0
1	0	0.939419614003715	2.058214888986638	1	0.3133869766532836	1.064487035498543	0	-1.064487035498543	1	0.3133869766532835	-0.8905111812579314
0	0	0.7983584006032431	2.077899000978454	0	0.2775684819321851	0	0	0	0	0	0
0	0	0.7983584006032431	2.201641599396758	0	0.2661194668677476	0	0	0	0	0	0
1	0	0.9221009990215464	2.077899000978455	1	0.3073669996738487	1.084479900858055	0	-1.084479900858055	1	0.3073669996738487	-0.9072364860801657
0	0	0.7983584006032431	2.077899000978454	0	0.2775684819321851	0	0	0	0	0	0
0	0	0.9221009990215463	2.077899000978454	0	0.3073669996738487	0	0	0	0	0	0