Observed S Changes	Observed NS Changes	E[S Sites]	E[NS Sites]	Observed S. Prop.	P{S}	dS	dN	dN-dS	P{S leq. observed}	P{S geq. observed}	Scaled dN-dS
0	0	0	3.000000000000003	0	0	0	0	0	0	0	0
0	1	0.8611486800030247	2.034176530681346	0	0.2974272723579381	0	0.4915994186920694	0.4915994186920694	0.7025727276420619	0.2974272723579381	0.415231204447243
5	0	1.000000000000001	2.000000000000002	1	0.3333333333333333	4.999999999999996	0	-4.999999999999996	1	0.004115226337448097	-4.223267854465642
0	2	0.9205778859722504	2.079422114027752	0	0.3068592953240832	0	0.9618056798126885	0.9618056798126885	0.4804440364786265	0.5195559635213735	0.812392601959081
0	0	0.9203253383105332	2.079674661689469	0	0.3067751127701774	0	0	0	0	0	0
3	0	1.000000000000001	2.000000000000002	1	0.3333333333333333	2.999999999999997	0	-2.999999999999997	1	0.03703703703703698	-2.533960712679385
0	0	1.654834877199694	1.218587444052094	0	0.5759107754403383	0	0	0	0	0	0
0	0	0.7937476595623183	2.206252340437684	0	0.2645825531874392	0	0	0	0	0	0
0	2	0.7937476595623185	2.000389060706446	0	0.2840761705769247	0	0.9998055074814755	0.9998055074814755	0.5125469295358006	0.4874530704641994	0.8444892920928455
0	0	0.9203253383105332	2.079674661689469	0	0.3067751127701774	0	0	0	0	0	0
1	1	1.785720327678803	1.2142796723212	0.5	0.5952401092262671	0.5599981052463382	0.8235335094496099	0.2635354042032717	0.6456892123683016	0.8361694308208358	0.2225961202170576
0	0	0.7937476595623183	2.079674661689469	0	0.2762377300725246	0	0	0	0	0	0
5	0	1.793527995604258	1.206271846041393	1	0.59788255559756	2.787801479683873	0	-2.787801479683873	1.000000000000001	0.07639754642304264	-2.354726474756133
0	1	0.9991776516870835	2.00082234831292	0	0.3330592172290275	0	0.4997944974191204	0.4997944974191204	0.6669407827709726	0.3330592172290274	0.422153206957797
3	4	0.7978078711313022	2.2021921288687	0.4285714285714285	0.2659359570437672	3.760303838248625	1.816371944828838	-1.943931893419786	0.9137937391995116	0.2773389787591183	-1.641949015350065
5	0	1.000000000000001	2.000000000000002	1	0.3333333333333333	4.999999999999996	0	-4.999999999999996	1	0.004115226337448097	-4.223267854465642
0	0	0.8174921183953436	1.388760222042341	0	0.3705342781565805	0	0	0	0	0	0
1	2	0.8175767560606295	2.079147653506532	0.3333333333333333	0.2822418153968587	1.22312674936889	0.9619326441904942	-0.2611941051783963	0.8059856886576245	0.6302276269816166	-0.220618533635168
1	4	0.9787713903625231	2.021228609637481	0.2	0.3262571301208406	1.021689037753355	1.97899435072682	0.957305312973465	0.4749556211193959	0.8611739679597903	0.8085913510380019
1	0	1	2.000000000000001	1	0.3333333333333333	0.9999999999999996	0	-0.9999999999999996	1	0.3333333333333333	-0.8446535708931289
0	1	0.9972557388534761	1.933287869965214	0	0.3402971844037744	0	0.5172535428042556	0.5172535428042556	0.6597028155962257	0.3402971844037743	0.4369000519867366
0	1	0.7952535641365452	2.204746435863457	0	0.2650845213788482	0	0.4535668971875962	0.4535668971875962	0.7349154786211518	0.2650845213788482	0.38310689934842
0	0	0.7937476595623183	2.206252340437684	0	0.2645825531874392	0	0	0	0	0	0
2	1	0.7937476595623182	2.206252340437683	0.6666666666666666	0.2645825531874392	2.519692468892222	0.4532573095431218	-2.0664351593491	0.9814781821418173	0.1729681466371874	-1.74542183636333
0	0	0.7937476595623183	2.206252340437684	0	0.2645825531874392	0	0	0	0	0	0
0	0	1.000000000000001	2.000000000000002	0	0.3333333333333333	0	0	0	0	0	0
0	0	1.000000000000001	2.000000000000002	0	0.3333333333333333	0	0	0	0	0	0
2	1	0.9978901344812574	2.000518763196022	0.6666666666666666	0.3328065545877596	2.004228652926486	0.4998703428316781	-1.504358310094807	0.9631382785284863	0.2585571653866989	-1.270661618524333
0	0	1.793747659562319	1.206252340437683	0	0.5979158865207725	0	0	0	0	0	0
3	0	0.7937476595623184	2.07967466168947	1	0.2762377300725246	3.779538703338331	0	-3.779538703338331	1	0.02107895078635558	-3.192400862103509
1	0	1.003144664199352	1.996855335800651	1	0.334381554733117	0.9968651937137485	0	-0.9968651937137485	1	0.334381554733117	-0.8420057455693887
0	0	1.000000000000001	2.000000000000002	0	0.3333333333333333	0	0	0	0	0	0
0	0	0.7937476595623183	2.206252340437684	0	0.2645825531874392	0	0	0	0	0	0
0	0	0.7937476595623183	2.206252340437684	0	0.2645825531874392	0	0	0	0	0	0
0	0	1.000000000000001	2.000000000000002	0	0.3333333333333333	0	0	0	0	0	0
1	0	1	2.000000000000001	1	0.3333333333333333	0.9999999999999996	0	-0.9999999999999996	1	0.3333333333333333	-0.8446535708931289
0	0	1.000000000000001	2.000000000000002	0	0.3333333333333333	0	0	0	0	0	0
1	0	0.7937476595623184	2.206252340437684	1	0.2645825531874392	1.25984623444611	0	-1.25984623444611	1	0.2645825531874393	-1.06413362070117
1	0	1.000000000000001	1.930763633299351	1	0.3412080007537953	0.9999999999999991	0	-0.9999999999999991	1	0.3412080007537952	-0.8446535708931285
2	0	1.000000000000001	2.000000000000002	1	0.3333333333333333	1.999999999999998	0	-1.999999999999998	1	0.1111111111111109	-1.689307141786257
0	0	0.1825078816046573	2.817492118395346	0	0.06083596053488571	0	0	0	0	0	0
1	0	1.000000000000001	2.000000000000002	1	0.3333333333333333	0.9999999999999989	0	-0.9999999999999989	1	0.3333333333333333	-0.8446535708931283
0	1	0.8176588043743817	2.077583594390068	0	0.2824146277780814	0	0.4813284060868691	0.4813284060868691	0.7175853722219185	0.2824146277780815	0.4065557569735722
0	0	1.000000000000001	2.000000000000002	0	0.3333333333333333	0	0	0	0	0	0
0	0	0.9203253383105332	2.079674661689469	0	0.3067751127701774	0	0	0	0	0	0
2	1	0.9992094679979614	2.000790532002043	0.6666666666666666	0.3330698226659867	2.001582314874623	0.4998024450862301	-1.501779869788393	0.9630507304325043	0.2589079811772641	-1.268483729712185
1	1	0.7937476595623184	2.206252340437684	0.5	0.2645825531874392	1.25984623444611	0.4532573095431216	-0.8065889249029887	0.9299960725488157	0.4591611789236945	-0.6812882156621595
0	0	0.7937476595623183	2.206252340437684	0	0.2645825531874392	0	0	0	0	0	0
1	5	0.9826384361660936	1.226507344695179	0.1666666666666667	0.4448047044604706	1.01766831338457	4.076616435788764	3.058948122404193	0.1700697561552677	0.9707130150019716	2.583751454765535
0	0	0.9203253383105332	2.079674661689469	0	0.3067751127701774	0	0	0	0	0	0
0	0	0.8174921183953436	2.113051490423346	0	0.2789557937084843	0	0	0	0	0	0
1	0	1.000000000000001	2.000000000000002	1	0.3333333333333333	0.9999999999999989	0	-0.9999999999999989	1	0.3333333333333333	-0.8446535708931283
0	0	1.000000000000001	2.000000000000002	0	0.3333333333333333	0	0	0	0	0	0
0	0	0.7937476595623183	2.206252340437684	0	0.2645825531874392	0	0	0	0	0	0
1	0	1.000000000000001	2.000000000000002	1	0.3333333333333333	0.9999999999999991	0	-0.9999999999999991	1	0.3333333333333333	-0.8446535708931285
0	0	1.000000000000001	2.000000000000002	0	0.3333333333333333	0	0	0	0	0	0
4	0	0.8604652096115841	2.070078399207106	1	0.2936196571251297	4.648648144421329	0	-4.648648144421329	1	0.007432595682194343	-3.926497255011195
4	0	1.778199818863691	1.20763294935456	1	0.5955456842028043	2.249465981025736	0	-2.249465981025736	0.9999999999999998	0.1257941158453686	-1.900019473476004
1	1	0.9999369891603521	2.000063010839651	0.5	0.333312329720117	1.000063014810264	0.4999842477863674	-0.5000787670238966	0.8889028908565479	0.555527550296782	-0.4223933162945676
1	0	0.8610527203881443	1.34519962004954	1	0.3902784394179161	1.16136907337012	0	-1.16136907337012	1	0.3902784394179161	-0.9809545349469163
0	3	0.7937476595623181	2.206252340437683	0	0.2645825531874392	0	1.359771928629365	1.359771928629365	0.397742304933052	0.602257695066948	1.148536215117031
0	0	1.000000000000001	2.000000000000002	0	0.3333333333333333	0	0	0	0	0	0
0	0	1.000000000000001	1.793747659562319	0	0.3579421343145447	0	0	0	0	0	0
0	2	0.5580346484682587	2.441965351531743	0	0.1860115494894194	0	0.8190124396095478	0.8190124396095478	0.6625771975646159	0.3374228024353841	0.6917817817220979
1	0	1.000000000000001	1.999505316124084	1	0.3333883072733426	0.9999999999999989	0	-0.9999999999999989	1	0.3333883072733426	-0.8446535708931283
0	2	0.8327453887292064	2.097798220089483	0	0.2841607223394599	0	0.9533805400572265	0.9533805400572265	0.5124258714415638	0.4875741285584362	0.8052762775793564
0	0	0.1825078816046573	2.817492118395346	0	0.06083596053488571	0	0	0	0	0	0
2	0	0.7937476595623183	2.079674661689469	1	0.2762377300725246	2.519692468892221	0	-2.519692468892221	1	0.07630728351562088	-2.12826724140234
0	3	0.7937476595623181	2.206252340437683	0	0.2645825531874393	0	1.359771928629366	1.359771928629366	0.397742304933052	0.602257695066948	1.148536215117031
1	1	0.7940736591924308	2.205926340807572	0.5	0.26469121973081	1.25932901617338	0.4533242935182994	-0.8060047226550809	0.9299385581974162	0.459320997659036	-0.6807947671473404
0	0	1.000000000000001	2.000000000000002	0	0.3333333333333333	0	0	0	0	0	0
1	1	0.7937476595623183	2.20311969350737	0.5	0.2648591232272203	1.259846234446111	0.4539018024971663	-0.8059444319489442	0.9298496448433081	0.4595678912977488	-0.6807438423871103
0	2	0.8615035322455381	1.349142987145235	0	0.3897065970017486	0	1.482422559399704	1.482422559399704	0.3724580377431861	0.6275419622568139	1.252133508369492
1	2	0.9219777291168262	2.078022270883177	0.3333333333333333	0.3073259097056085	1.084624897564405	0.9624535925449844	-0.1221713050194202	0.7747057373751232	0.6676567756398173	-0.103192429045327
0	0	1.000000000000001	2.000000000000002	0	0.3333333333333333	0	0	0	0	0	0
0	0	0.7937476595623183	2.206252340437684	0	0.2645825531874392	0	0	0	0	0	0
0	0	1.000000000000001	1.930543608818689	0	0.3412336185650906	0	0	0	0	0	0
1	2	0.8176649521381363	2.11039117575577	0.3333333333333333	0.2792518027057995	1.222994818825327	0.9476916047489458	-0.2753032140763817	0.809608279674452	0.6255871939829666	-0.2325358428479714
2	0	0.7937476595623183	2.206252340437684	1	0.2645825531874392	2.519692468892221	0	-2.519692468892221	1	0.07000392745118411	-2.12826724140234
1	0	0.7937476595623183	2.079674661689469	1	0.2762377300725246	1.259846234446111	0	-1.259846234446111	1	0.2762377300725245	-1.06413362070117
1	0	1.000000000000001	2.000000000000002	1	0.3333333333333333	0.9999999999999989	0	-0.9999999999999989	1	0.3333333333333333	-0.8446535708931283
0	0	1.793747659562319	1.206252340437683	0	0.5979158865207725	0	0	0	0	0	0
0	2	0.1820751485009671	2.817924851499036	0	0.06069171616698897	0	0.7097421348678163	0.7097421348678163	0.8823000520773164	0.1176999479226836	0.599486228629414
0	0	0.7937476595623183	2.206252340437684	0	0.2645825531874392	0	0	0	0	0	0
0	0	1.000000000000001	2.000000000000002	0	0.3333333333333333	0	0	0	0	0	0
0	0	1.793747659562319	1.206252340437683	0	0.5979158865207725	0	0	0	0	0	0
0	0	1.654834877199694	1.218587444052094	0	0.5759107754403383	0	0	0	0	0	0
0	0	1.000000000000001	1.930543608818689	0	0.3412336185650906	0	0	0	0	0	0
3	0	0.7937476595623185	2.206252340437684	1	0.2645825531874393	3.779538703338331	0	-3.779538703338331	0.9999999999999999	0.01852181785818263	-3.192400862103509
0	0	1.000000000000001	2.000000000000002	0	0.3333333333333333	0	0	0	0	0	0
1	0	0.8609147269299051	1.345337613507779	1	0.3902158928743	1.161555225760959	0	-1.161555225760959	1	0.3902158928743	-0.9811117692285687
1	0	0.7937476595623183	2.079674661689469	1	0.2762377300725246	1.259846234446111	0	-1.259846234446111	1	0.2762377300725245	-1.06413362070117
0	0	0.7937476595623183	2.206252340437684	0	0.2645825531874392	0	0	0	0	0	0
0	1	0.9978712019530728	2.00212879804693	0	0.3326237339843572	0	0.4994683663585962	0.4994683663585962	0.6673762660156428	0.3326237339843572	0.421877739192946
4	0	0.7937476595623182	2.206252340437683	1	0.2645825531874392	5.039384937784443	0	-5.039384937784443	0.9999999999999997	0.004900549858591008	-4.25653448280468
0	0	0.8174921183953436	1.388760222042341	0	0.3705342781565805	0	0	0	0	0	0
2	0	0.7937476595623181	2.206252340437683	1	0.2645825531874392	2.519692468892222	0	-2.519692468892222	0.9999999999999998	0.07000392745118433	-2.12826724140234
1	0	0.8610527434599368	2.034189655304513	1	0.2974026436706621	1.161369042251392	0	-1.161369042251392	1	0.297402643670662	-0.9809545086623714
1	2	0.8190230231987921	2.077055367506113	0.3333333333333333	0.2828041622863123	1.22096689796873	0.9629016304949868	-0.2580652674737428	0.8053017498080729	0.631096070453279	-0.2179757496951874
0	0	0	1.277825564725252	0	0	0	0	0	0	0	0
0	0	0.7937476595623183	2.206252340437684	0	0.2645825531874392	0	0	0	0	0	0
1	0	1.000000000000001	2.000000000000002	1	0.3333333333333333	0.9999999999999989	0	-0.9999999999999989	1	0.3333333333333333	-0.8446535708931283
0	0	0.7937476595623183	2.206252340437684	0	0.2645825531874392	0	0	0	0	0	0
0	0	1.000000000000001	2.000000000000002	0	0.3333333333333333	0	0	0	0	0	0
0	0	0.8174921183953436	2.113051490423346	0	0.2789557937084843	0	0	0	0	0	0
2	0	1.096874870844342	1.305062169202332	1	0.4566626237726147	1.82336203806042	0	-1.82336203806042	0.9999999999999996	0.2085407519508891	-1.540109256478708
0	0	0.7937476595623183	2.206252340437684	0	0.2645825531874392	0	0	0	0	0	0
0	2	0.81866071428019	2.07658168448426	0	0.2827606816719578	0	0.9631212751915994	0.9631212751915994	0.5144322397556746	0.4855677602443254	0.8135038242937287
0	0	1.000000000000001	2.000000000000002	0	0.3333333333333333	0	0	0	0	0	0
0	3	0.7937476595623181	2.023350974992164	0	0.2817606915946155	0	1.482688884468805	1.482688884468805	0.3705164630492138	0.6294835369507863	1.252358460790126
0	0	0.7937476595623183	2.206252340437684	0	0.2645825531874392	0	0	0	0	0	0
0	0	0.7937476595623183	2.206252340437684	0	0.2645825531874392	0	0	0	0	0	0
0	0	0.7937476595623183	2.079674661689469	0	0.2762377300725246	0	0	0	0	0	0
0	0	0.7937476595623183	2.000000000000002	0	0.2841157313709106	0	0	0	0	0	0
3	0	1.000000000000001	2.000000000000002	1	0.3333333333333333	2.999999999999997	0	-2.999999999999997	1	0.03703703703703698	-2.533960712679385
0	0	0.7937476595623183	2.000000000000002	0	0.2841157313709106	0	0	0	0	0	0
0	0	0.7937476595623183	2.206252340437684	0	0.2645825531874392	0	0	0	0	0	0
0	0	1.000000000000001	2.000000000000002	0	0.3333333333333333	0	0	0	0	0	0
0	0	1.000000000000001	2.000000000000002	0	0.3333333333333333	0	0	0	0	0	0
0	1	0.7937476595623184	2.206252340437684	0	0.2645825531874392	0	0.4532573095431216	0.4532573095431216	0.7354174468125607	0.2645825531874393	0.3828454050390101
0	0	0.7937476595623183	2.000000000000002	0	0.2841157313709106	0	0	0	0	0	0
0	1	1.000000000000001	2.000000000000002	0	0.3333333333333333	0	0.4999999999999994	0.4999999999999994	0.6666666666666667	0.3333333333333333	0.4223267854465642
1	0	1.000000000000001	2.000000000000002	1	0.3333333333333333	0.9999999999999991	0	-0.9999999999999991	1	0.3333333333333333	-0.8446535708931285
0	0	1.000000000000001	2.000000000000002	0	0.3333333333333333	0	0	0	0	0	0
0	0	0.9388374980064802	2.061162501993522	0	0.3129458326688265	0	0	0	0	0	0
0	0	1.000000000000001	1.793747659562319	0	0.3579421343145447	0	0	0	0	0	0
0	0	1.793747659562319	1.206252340437683	0	0.5979158865207725	0	0	0	0	0	0
0	0	1.000000000000001	2.000000000000002	0	0.3333333333333333	0	0	0	0	0	0
0	0	1.000000000000001	2.000000000000002	0	0.3333333333333333	0	0	0	0	0	0
1	2	1.000000000000001	1.801430646404319	0.3333333333333333	0.356960469924007	0.9999999999999991	1.11022869739228	0.1102286973922806	0.7087060296699883	0.7341032589744632	0.09310506286728797
1	0	1.000000000000001	2.000000000000002	1	0.3333333333333333	0.9999999999999991	0	-0.9999999999999991	1	0.3333333333333333	-0.8446535708931285
1	0	1.000000000000001	2.000000000000002	1	0.3333333333333333	0.9999999999999991	0	-0.9999999999999991	1	0.3333333333333333	-0.8446535708931285
0	0	1.000000000000001	2.000000000000002	0	0.3333333333333333	0	0	0	0	0	0
1	0	1.792757277604896	1.206340283849765	1	0.5977655747668809	0.5577999947298996	0	-0.5577999947298996	1	0.5977655747668809	-0.4711477573927784
2	0	0.8604996211351873	2.070043987683503	1	0.2936313994938492	2.324231122102718	0	-2.324231122102718	0.9999999999999999	0.08621939876871654	-1.963170116865005
0	0	0.7937476595623183	2.206252340437684	0	0.2645825531874392	0	0	0	0	0	0
1	1	0.7939487216473626	2.20605127835264	0.5	0.2646495738824539	1.259527187001576	0.4532986199426632	-0.8062285670589129	0.9299606030438357	0.4592597508087434	-0.6809838381223615
0	2	0.7937476595623183	2.206252340437683	0	0.2645825531874393	0	0.9065146190862435	0.9065146190862435	0.5408388210763055	0.4591611789236945	0.7656908100780204
0	0	0.8174921183953436	2.113051490423346	0	0.2789557937084843	0	0	0	0	0	0
0	1	0.7937476595623184	2.206252340437684	0	0.2645825531874392	0	0.4532573095431216	0.4532573095431216	0.7354174468125607	0.2645825531874393	0.3828454050390101
0	0	0.7937476595623183	2.206252340437684	0	0.2645825531874392	0	0	0	0	0	0
1	0	0.7937476595623184	2.206252340437684	1	0.2645825531874392	1.25984623444611	0	-1.25984623444611	1	0.2645825531874393	-1.06413362070117
0	0	0	1.277825564725252	0	0	0	0	0	0	0	0
1	5	0.9961504754278359	2.003849524572165	0.1666666666666667	0.3320501584759452	1.003864400677529	2.49519733826697	1.491332937589441	0.353705519514508	0.9111897470784869	1.259659691125462
1	0	1.000000000000001	1.930708408214721	1	0.3412144303394426	0.9999999999999989	0	-0.9999999999999989	1	0.3412144303394427	-0.8446535708931283
0	0	1.000000000000001	2.000000000000002	0	0.3333333333333333	0	0	0	0	0	0
0	0	1.000000000000001	2.000000000000002	0	0.3333333333333333	0	0	0	0	0	0
0	0	0.8174921183953436	1.388760222042341	0	0.3705342781565805	0	0	0	0	0	0
3	1	0.7937476595623181	2.206252340437683	0.75	0.2645825531874393	3.779538703338333	0.4532573095431219	-3.32628139379521	0.9950994501414093	0.05938562185695828	-2.8095554570645
1	0	1.000000000000001	1.930653423782753	1	0.3412208321478172	0.9999999999999991	0	-0.9999999999999991	1	0.3412208321478172	-0.8446535708931285
0	1	0.9998551755259241	2.000061696751752	0	0.3332942938404782	0	0.4999845762878585	0.4999845762878585	0.6667057061595218	0.3332942938404782	0.4223137577530279
1	0	0.7937476595623181	2.206252340437683	1	0.2645825531874392	1.259846234446111	0	-1.259846234446111	1	0.2645825531874393	-1.06413362070117
0	0	1.000000000000001	2.000000000000002	0	0.3333333333333333	0	0	0	0	0	0
0	2	1.000000000000001	2.000000000000002	0	0.3333333333333333	0	0.9999999999999991	0.9999999999999991	0.4444444444444445	0.5555555555555555	0.8446535708931285
0	0	0.7937476595623183	2.079674661689469	0	0.2762377300725246	0	0	0	0	0	0
0	3	0.24988617032305	2.738902600988032	0	0.08360783897532956	0	1.095329201891947	1.095329201891947	0.7695628538581183	0.2304371461418817	0.9251737216815547
0	0	0.9388374980064802	2.061162501993522	0	0.3129458326688265	0	0	0	0	0	0
0	6	0.9156416905175269	1.9872845331553	0	0.3154202414965417	0	3.019195238476261	3.019195238476261	0.1029305570723295	0.8970694429276704	2.550174039402507
2	0	1.000000000000001	1.99983688845009	1	0.333351457824317	1.999999999999998	0	-1.999999999999998	0.9999999999999999	0.1111231944335975	-1.689307141786257
0	4	0.7955788789701662	2.19926329074615	0	0.2656496849867472	0	1.818790872757626	1.818790872757626	0.2908125483106833	0.7091874516893166	1.53624820538256
1	3	0.7937476595623181	2.206252340437683	0.25	0.2645825531874392	1.259846234446111	1.359771928629365	0.09992569418325425	0.7134493285825836	0.707493369616792	0.0844025944158605
1	0	0.7937476595623184	2.206252340437684	1	0.2645825531874392	1.25984623444611	0	-1.25984623444611	1	0.2645825531874393	-1.06413362070117
0	0	0.7937476595623183	2.206252340437684	0	0.2645825531874392	0	0	0	0	0	0
1	0	0.7937476595623184	2.206252340437684	1	0.2645825531874392	1.25984623444611	0	-1.25984623444611	1	0.2645825531874393	-1.06413362070117
0	0	0.7937476595623183	2.206252340437684	0	0.2645825531874392	0	0	0	0	0	0
1	0	0.8954151135387246	2.000242313193679	1	0.3092268806635574	1.116800448060287	0	-1.116800448060287	1	0.3092268806635574	-0.9433094864291679
2	0	1.633247887689673	1.198905544612276	1	0.5766805813067069	1.22455385681173	0	-1.22455385681173	1	0.3325604928562413	-1.034323787906982
0	0	0.7937476595623183	2.206252340437684	0	0.2645825531874392	0	0	0	0	0	0
0	0	0	1.277825564725252	0	0	0	0	0	0	0	0
0	0	1.654834877199694	1.218587444052094	0	0.5759107754403383	0	0	0	0	0	0
0	0	1.000000000000001	2.000000000000002	0	0.3333333333333333	0	0	0	0	0	0
2	1	0.7937476595623183	2.206252340437683	0.6666666666666666	0.2645825531874393	2.519692468892221	0.4532573095431218	-2.066435159349099	0.9814781821418174	0.1729681466371873	-1.745421836363329
0	6	1.541967212210781	1.251780447351538	0	0.5519350349817751	0	4.793172806536909	4.793172806536909	0.008091814569117341	0.9919081854308827	4.048570526949243
0	3	0.7985643995882183	2.180184742077339	0	0.2680871606199453	0	1.376030178590058	1.376030178590058	0.3920830764262273	0.6079169235737727	1.162268804002803
0	3	0.799620045999021	2.153024625935303	0	0.2708148574732419	0	1.393388614260164	1.393388614260164	0.3877157409604856	0.6122842590395144	1.176930668676677
1	2	0.8583971050794568	2.06059665101099	0.3333333333333333	0.2940729500665841	1.164961990298693	0.9705926674289899	-0.1943693228697029	0.7914255105774171	0.6482132555471656	-0.1641747426339741
1	0	0.7937476595623184	2.000000000000002	1	0.2841157313709106	1.25984623444611	0	-1.25984623444611	1	0.2841157313709106	-1.06413362070117
0	0	1.000000000000001	2.000000000000002	0	0.3333333333333333	0	0	0	0	0	0
0	0	1.000000000000001	2.000000000000002	0	0.3333333333333333	0	0	0	0	0	0
3	0	1.653214274506363	1.217246223660511	1	0.5759404372790131	1.814646804266057	0	-1.814646804266057	1	0.1910436976862904	-1.53274790313313
1	0	0.7937476595623184	2.206252340437684	1	0.2645825531874392	1.25984623444611	0	-1.25984623444611	1	0.2645825531874393	-1.06413362070117
1	0	1.000000000000001	2.000000000000002	1	0.3333333333333333	0.9999999999999991	0	-0.9999999999999991	1	0.3333333333333333	-0.8446535708931285
1	0	1.000000000000001	2.000000000000002	1	0.3333333333333333	0.9999999999999991	0	-0.9999999999999991	1	0.3333333333333333	-0.8446535708931285
0	0	0	3.000000000000003	0	0	0	0	0	0	0	0
1	0	1.000000000000001	2.000000000000002	1	0.3333333333333333	0.9999999999999991	0	-0.9999999999999991	1	0.3333333333333333	-0.8446535708931285
0	0	0.7937476595623183	2.206252340437684	0	0.2645825531874392	0	0	0	0	0	0
0	1	0.7940146287414804	2.205570057413106	0	0.2647081885723963	0	0.4533975226218348	0.4533975226218348	0.7352918114276037	0.2647081885723963	0.3829638365166311
2	0	0.8182505698452557	2.112293038973434	1	0.2792146028412438	2.444239055498894	0	-2.444239055498894	1	0.07796079443979342	-2.064535246343591
0	4	0.8173026316566172	1.510927539997501	0	0.351040305897228	0	2.647380429644307	2.647380429644307	0.1773662145150105	0.8226337854849894	2.236119333411651
0	0	0.7937476595623183	2.206252340437684	0	0.2645825531874392	0	0	0	0	0	0
0	0	0.7937476595623183	2.206252340437684	0	0.2645825531874392	0	0	0	0	0	0
0	0	0.8174921183953436	2.077750280369106	0	0.2823570554037928	0	0	0	0	0	0
1	0	1.654944877974841	1.218577676261571	1	0.5759289675784757	0.6042497326096454	0	-0.6042497326096454	1	0.5759289675784757	-0.5103816943599555
1	0	0.7937476595623184	2.000000000000002	1	0.2841157313709106	1.25984623444611	0	-1.25984623444611	1	0.2841157313709106	-1.06413362070117
0	0	0.9203253383105332	2.079674661689469	0	0.3067751127701774	0	0	0	0	0	0
0	0	0	1.277825564725252	0	0	0	0	0	0	0	0
4	0	1.000000000000001	1.998240425351433	1	0.3335289563653948	3.999999999999996	0	-3.999999999999996	1	0.01237468572451061	-3.378614283572513
2	0	1.000000000000001	2.000000000000002	1	0.3333333333333333	1.999999999999998	0	-1.999999999999998	1	0.1111111111111109	-1.689307141786257
0	0	0.7937476595623183	2.206252340437684	0	0.2645825531874392	0	0	0	0	0	0
1	0	0.7937476595623184	2.206252340437684	1	0.2645825531874392	1.25984623444611	0	-1.25984623444611	1	0.2645825531874393	-1.06413362070117
2	0	1.000000000000001	2.000000000000002	1	0.3333333333333333	1.999999999999998	0	-1.999999999999998	1	0.1111111111111109	-1.689307141786257
1	2	1.000000000000001	1.99983494760844	0.3333333333333333	0.3333516734969806	0.9999999999999991	1.000082533006915	8.253300691607457e-05	0.7407162868528618	0.7037281565825164	6.971179900820972e-05
3	0	1.000000000000001	2.000000000000002	1	0.3333333333333333	2.999999999999997	0	-2.999999999999997	1	0.03703703703703698	-2.533960712679386
0	0	0.7937476595623183	2.206252340437684	0	0.2645825531874392	0	0	0	0	0	0
0	2	0.8449198047177084	2.073164554703906	0	0.289546051672467	0	0.9647087566985945	0.9647087566985945	0.5047448126941808	0.4952551873058192	0.8148446962173388
0	0	0.7937476595623183	2.206252340437684	0	0.2645825531874392	0	0	0	0	0	0
0	0	0.8174921183953436	1.388760222042341	0	0.3705342781565805	0	0	0	0	0	0
0	2	0.9205772852749	2.079422714725103	0	0.3068590950916331	0	0.9618054019691699	0.9618054019691699	0.4804443140571899	0.5195556859428101	0.8123923672775609
0	2	0.7940494286387151	2.205648802284891	0	0.2647097699538355	0	0.9067626713410341	0.9067626713410341	0.5406517224013416	0.4593482775986584	0.7659003283007974
1	1	1.792492009343174	1.207507990656829	0.5	0.5974973364477241	0.5578825427324677	0.8281518695839403	0.2702693268514725	0.6429969329378753	0.8379916058333233	0.2282839520279786
1	0	0.7937476595623184	2.000000000000002	1	0.2841157313709106	1.25984623444611	0	-1.25984623444611	1	0.2841157313709106	-1.06413362070117
1	0	1.000000000000001	2.000000000000002	1	0.3333333333333333	0.9999999999999991	0	-0.9999999999999991	1	0.3333333333333333	-0.8446535708931285
1	4	0.8266673308510464	1.390119176794576	0.2	0.3729124694687099	1.209676447441693	2.877451132803915	1.667774685362223	0.385300591852713	0.9030292342424768	1.408691843436366
2	3	1.000000000000001	1.88460377552715	0.4	0.3466680618267077	1.999999999999999	1.591846540348174	-0.408153459651825	0.7699812183339709	0.5651611485426472	-0.3447482771672988
0	1	1.000000000000001	1.803866888601424	0	0.3566503117766774	0	0.5543646298509981	0.5543646298509981	0.6433496882233225	0.3566503117766775	0.4682460641804934
1	0	1.000000000000001	1.930653393010919	1	0.3412208357306329	0.9999999999999989	0	-0.9999999999999989	1	0.3412208357306329	-0.8446535708931283
0	0	0.8952423987644482	2.000000000000002	0	0.3092115531143418	0	0	0	0	0	0
1	0	0.9185741062343201	2.081425893765683	1	0.306191368744773	1.088643793911723	0	-1.088643793911723	1	0.306191368744773	-0.9195268679581804
0	0	1.000000000000001	2.000000000000002	0	0.3333333333333333	0	0	0	0	0	0
2	0	1	2	1	0.3333333333333333	2	0	-2	1	0.1111111111111109	-1.689307141786258
1	0	1.000000000000001	2.000000000000002	1	0.3333333333333333	0.9999999999999991	0	-0.9999999999999991	1	0.3333333333333333	-0.8446535708931285
0	0	1.000000000000001	2.000000000000002	0	0.3333333333333333	0	0	0	0	0	0
0	0	0.8174921183953436	2.077750280369106	0	0.2823570554037928	0	0	0	0	0	0
1	1	0.8962470074751151	1.999527015458698	0.5	0.3095017084817602	1.115763837044405	0.5001182741062373	-0.6156455629381676	0.9042086924468715	0.5232121094103919	-0.5200072231402341
2	0	0.7937476595623184	2.206252340437684	1	0.2645825531874392	2.519692468892221	0	-2.519692468892221	0.9999999999999998	0.07000392745118433	-2.128267241402339
0	0	0.8174921183953436	1.388760222042341	0	0.3705342781565805	0	0	0	0	0	0
1	0	0.8179420777118059	1.388310262725879	1	0.3707382255057641	1.222580458016662	0	-1.222580458016662	1	0.3707382255057641	-1.032656949567931
0	3	1	2	0	0.3333333333333333	0	1.5	1.5	0.2962962962962963	0.7037037037037037	1.266980356339694
3	1	1.000000000000001	2.000000000000001	0.75	0.3333333333333334	2.999999999999998	0.4999999999999997	-2.499999999999999	0.9876543209876543	0.1111111111111112	-2.111633927232822
2	1	0.9208935809192632	2.079106419080738	0.6666666666666666	0.3069645269730876	2.171803606235957	0.4809758609865401	-1.690827745249417	0.971075585733058	0.2248328339255501	-1.428163692790098
1	0	1.000000000000001	2.000000000000003	1	0.3333333333333333	0.9999999999999987	0	-0.9999999999999987	1	0.3333333333333333	-0.8446535708931281
0	0	0.7937476595623183	2.206252340437684	0	0.2645825531874392	0	0	0	0	0	0
0	0	0.9203253383105332	2.079674661689469	0	0.3067751127701774	0	0	0	0	0	0
2	0	1.000000000000001	1.930818539161485	1	0.3412016085738639	1.999999999999998	0	-1.999999999999998	0.9999999999999999	0.1164185376933924	-1.689307141786257
2	3	0.9991833090195537	2.000000000000002	0.4	0.333151797029102	2.001634717019538	1.499999999999998	-0.5016347170195397	0.7903923262088339	0.5387360111789204	-0.4237075550145186
0	0	0.8952423987644482	2.000000000000002	0	0.3092115531143418	0	0	0	0	0	0
1	0	1.000000000000001	2.000000000000002	1	0.3333333333333333	0.9999999999999991	0	-0.9999999999999991	1	0.3333333333333333	-0.8446535708931285
3	0	0.8980607938135917	2.000007755973243	1	0.3098825229236375	3.340531087278154	0	-3.340531087278154	1	0.0297571441920661	-2.821591511549001
0	4	0.4994898281408884	2.500510171859113	0	0.1664966093802961	0	1.599673556627057	1.599673556627057	0.482646858059841	0.5173531419401589	1.351169981868356
0	0	0.9388374980064802	2.061162501993522	0	0.3129458326688265	0	0	0	0	0	0
1	4	0.7937476595623186	2.206252340437684	0.2	0.2645825531874393	1.25984623444611	1.813029238172486	0.5531830037263763	0.6020752347473832	0.7848855207078358	0.4672479994548709
2	0	0.9203253383105333	2.079674661689469	1	0.3067751127701775	2.173144557414289	0	-2.173144557414289	1	0.09411096981515499	-1.835554310486948
1	0	1	2	1	0.3333333333333333	0.9999999999999998	0	-0.9999999999999998	1	0.3333333333333333	-0.8446535708931291
1	0	0.7937476595623184	2.206252340437684	1	0.2645825531874393	1.25984623444611	0	-1.25984623444611	1	0.2645825531874393	-1.06413362070117
1	0	0.8953805174497752	2.000193776009543	1	0.3092238107902497	1.116843599465624	0	-1.116843599465624	1	0.3092238107902497	-0.9433459344177751
0	1	0.2789758944162518	2.72102410558375	0	0.09299196480541722	0	0.3675086883456576	0.3675086883456576	0.9070080351945828	0.09299196480541716	0.3104175259454099
0	0	0.7937476595623183	2.206252340437684	0	0.2645825531874392	0	0	0	0	0	0
1	0	0.9203253383105333	2.079674661689469	1	0.3067751127701775	1.086572278707145	0	-1.086572278707145	1	0.3067751127701774	-0.9177771552434741
0	0	0.7937476595623183	2.000000000000002	0	0.2841157313709106	0	0	0	0	0	0
0	0	0	1.277825564725252	0	0	0	0	0	0	0	0
0	0	1.000000000000001	2.000000000000002	0	0.3333333333333333	0	0	0	0	0	0
0	0	0.1825078816046573	2.817492118395346	0	0.06083596053488571	0	0	0	0	0	0
0	0	1.000000000000001	2.000000000000002	0	0.3333333333333333	0	0	0	0	0	0
0	0	0.8174921183953436	2.077750280369106	0	0.2823570554037928	0	0	0	0	0	0
3	0	1.000000000000001	2.000000000000002	1	0.3333333333333333	2.999999999999997	0	-2.999999999999997	1	0.03703703703703698	-2.533960712679386
3	0	1.000000000000001	1.93100036967244	1	0.3411804414448975	2.999999999999997	0	-2.999999999999997	1	0.039714800048812	-2.533960712679385
0	0	0.7937476595623183	2.206252340437684	0	0.2645825531874392	0	0	0	0	0	0
0	0	0.1825078816046573	2.817492118395346	0	0.06083596053488571	0	0	0	0	0	0
0	0	1.000000000000001	2.000000000000002	0	0.3333333333333333	0	0	0	0	0	0
0	0	1.654834877199694	1.218587444052094	0	0.5759107754403383	0	0	0	0	0	0
0	0	0.9203253383105332	2.079674661689469	0	0.3067751127701774	0	0	0	0	0	0
0	0	0.7937476595623183	2.206252340437684	0	0.2645825531874392	0	0	0	0	0	0
0	0	0.7937476595623183	2.206252340437684	0	0.2645825531874392	0	0	0	0	0	0
0	0	1.000000000000001	2.000000000000002	0	0.3333333333333333	0	0	0	0	0	0
1	0	1.000000000000001	1.999890082424323	1	0.3333455468447908	0.9999999999999991	0	-0.9999999999999991	1	0.3333455468447908	-0.8446535708931285
1	0	0.7937476595623184	2.206252340437684	1	0.2645825531874392	1.25984623444611	0	-1.25984623444611	1	0.2645825531874393	-1.06413362070117
0	0	1.793747659562319	1.206252340437683	0	0.5979158865207725	0	0	0	0	0	0
0	0	0.9203253383105332	2.079674661689469	0	0.3067751127701774	0	0	0	0	0	0
2	0	1.000000000000001	2.000000000000002	1	0.3333333333333333	1.999999999999998	0	-1.999999999999998	1	0.1111111111111109	-1.689307141786257
0	0	1.000000000000001	2.000000000000002	0	0.3333333333333333	0	0	0	0	0	0
1	0	0.9461804275676872	2.053819572432316	1	0.3153934758558954	1.056880876907024	0	-1.056880876907024	1	0.3153934758558954	-0.8926982066881796
0	0	1.000000000000001	2.000000000000002	0	0.3333333333333333	0	0	0	0	0	0
0	0	0.7937476595623183	2.000000000000002	0	0.2841157313709106	0	0	0	0	0	0
1	0	0.7937476595623183	2.206252340437684	1	0.2645825531874392	1.259846234446111	0	-1.259846234446111	1	0.2645825531874392	-1.06413362070117
1	1	0.817853329237873	2.077389069526577	0.5	0.2824818155422473	1.222713125019449	0.481373477250409	-0.7413396477690399	0.9202040238879559	0.4851676549724503	-0.6261751807327742
0	1	0.1819293188704276	2.818070681129575	0	0.06064310629014248	0	0.3548527035521931	0.3548527035521931	0.9393568937098575	0.06064310629014247	0.2997276031964409
1	5	1.119715822689827	1.089512862899774	0.1666666666666667	0.5068356345332338	0.8930837447645948	4.589206947674154	3.696123202909559	0.1030972026608254	0.985613666304416	3.12194366179851
0	0	0.7937476595623183	2.206252340437684	0	0.2645825531874392	0	0	0	0	0	0
3	0	1.000000000000001	1.999725154948576	1	0.3333638744704074	2.999999999999997	0	-2.999999999999997	1	0.03704721834885127	-2.533960712679386
0	0	0.8174921183953436	2.077750280369106	0	0.2823570554037928	0	0	0	0	0	0
0	0	0.7937476595623183	2.206252340437684	0	0.2645825531874392	0	0	0	0	0	0
0	0	1.000000000000001	1.793747659562319	0	0.3579421343145447	0	0	0	0	0	0
0	0	0.1825078816046573	2.817492118395346	0	0.06083596053488571	0	0	0	0	0	0
0	0	0	3.000000000000003	0	0	0	0	0	0	0	0
0	0	0.8952423987644482	2.000000000000002	0	0.3092115531143418	0	0	0	0	0	0
0	0	1.000000000000001	1.793747659562319	0	0.3579421343145447	0	0	0	0	0	0
1	0	0.7937476595623184	2.206252340437684	1	0.2645825531874393	1.25984623444611	0	-1.25984623444611	1	0.2645825531874393	-1.06413362070117
0	0	1.000000000000001	2.000000000000002	0	0.3333333333333333	0	0	0	0	0	0
0	0	1.000000000000001	2.000000000000002	0	0.3333333333333333	0	0	0	0	0	0
0	0	0.9203253383105332	2.079674661689469	0	0.3067751127701774	0	0	0	0	0	0
1	0	1.000000000000001	1.998921481775228	1	0.3334532117886745	0.9999999999999989	0	-0.9999999999999989	1	0.3334532117886745	-0.8446535708931283
1	0	0.8175610242133211	2.077681374551129	1	0.2823808550752837	1.223150285279593	0	-1.223150285279593	1	0.2823808550752838	-1.033138256200358
1	0	0.7937476595623183	2.079674661689469	1	0.2762377300725246	1.259846234446111	0	-1.259846234446111	1	0.2762377300725245	-1.06413362070117
3	1	0.8297401860246381	2.113624124145626	0.75	0.281901966113274	3.615589615314738	0.4731210192844587	-3.142468596030279	0.9936847227802013	0.07066372029755574	-2.654297321056494
1	0	1.000000000000001	1.999836556361961	1	0.3333514947270149	0.9999999999999991	0	-0.9999999999999991	1	0.3333514947270149	-0.8446535708931285
1	2	0.8393737434144367	2.099366054558317	0.3333333333333333	0.2856237030558018	1.19136440452874	0.952668542800068	-0.2386958617286722	0.8018601781269744	0.6354298486099292	-0.2016153119665356
1	0	0.7937476595623183	2.07967466168947	1	0.2762377300725246	1.259846234446111	0	-1.259846234446111	1	0.2762377300725245	-1.06413362070117
1	0	0.918572474211628	2.081427525788374	1	0.3061908247372091	1.088645728099199	0	-1.088645728099199	1	0.3061908247372092	-0.9195285016765388
0	0	1.000000000000001	2.000000000000002	0	0.3333333333333333	0	0	0	0	0	0
0	0	1.000000000000001	2.000000000000002	0	0.3333333333333333	0	0	0	0	0	0
2	0	0.7937476595623184	2.206252340437684	1	0.2645825531874392	2.519692468892221	0	-2.519692468892221	0.9999999999999998	0.07000392745118433	-2.128267241402339
1	0	1.000000000000001	1.930598520040613	1	0.3412272248012131	0.9999999999999989	0	-0.9999999999999989	1	0.3412272248012131	-0.8446535708931283
1	0	0.7937476595623184	2.206252340437684	1	0.2645825531874392	1.25984623444611	0	-1.25984623444611	1	0.2645825531874393	-1.06413362070117
1	0	0.9203253383105333	2.079674661689469	1	0.3067751127701775	1.086572278707145	0	-1.086572278707145	1	0.3067751127701774	-0.9177771552434741
1	0	1.000000000000001	2.000000000000002	1	0.3333333333333333	0.9999999999999991	0	-0.9999999999999991	1	0.3333333333333333	-0.8446535708931285
0	0	0.7937476595623183	2.206252340437684	0	0.2645825531874392	0	0	0	0	0	0
0	0	0.7937476595623183	2.206252340437684	0	0.2645825531874392	0	0	0	0	0	0
2	0	0.8180448528423798	2.07719754592207	1	0.2825479666888969	2.444853718045896	0	-2.444853718045896	0.9999999999999998	0.07983335348003018	-2.06505442325881
0	0	1.000000000000001	2.000000000000002	0	0.3333333333333333	0	0	0	0	0	0
2	0	0.793747659562318	2.206252340437683	1	0.2645825531874392	2.519692468892222	0	-2.519692468892222	0.9999999999999998	0.07000392745118433	-2.12826724140234
0	0	0.8174921183953436	1.388760222042341	0	0.3705342781565805	0	0	0	0	0	0
1	0	0.7937476595623184	2.206252340437684	1	0.2645825531874392	1.25984623444611	0	-1.25984623444611	1	0.2645825531874393	-1.06413362070117
1	0	1.000000000000001	2.000000000000002	1	0.3333333333333333	0.9999999999999991	0	-0.9999999999999991	1	0.3333333333333333	-0.8446535708931285
0	0	0.7937476595623183	2.206252340437684	0	0.2645825531874392	0	0	0	0	0	0
2	0	0.9386308543671233	2.060872587709031	1	0.3129287472053824	2.130763111711803	0	-2.130763111711803	1	0.09792440082753018	-1.79975667103473
0	0	0.9203253383105332	2.079674661689469	0	0.3067751127701774	0	0	0	0	0	0
0	0	1.000000000000001	2.000000000000002	0	0.3333333333333333	0	0	0	0	0	0
2	0	0.7937476595623182	2.000000000000002	1	0.2841157313709106	2.519692468892222	0	-2.519692468892222	0.9999999999999999	0.08072174881242755	-2.12826724140234
0	0	1.000000000000001	2.000000000000002	0	0.3333333333333333	0	0	0	0	0	0
2	1	1.000000000000001	2.000000000000002	0.6666666666666666	0.3333333333333333	1.999999999999998	0.4999999999999994	-1.499999999999998	0.962962962962963	0.2592592592592592	-1.266980356339692
0	0	0.7937476595623183	2.079674661689469	0	0.2762377300725246	0	0	0	0	0	0
1	0	1.000000000000001	2.000000000000002	1	0.3333333333333333	0.9999999999999989	0	-0.9999999999999989	1	0.3333333333333333	-0.8446535708931283
1	0	0.8954146927866975	2.000241722892311	1	0.3092268433293147	1.116800972840655	0	-1.116800972840655	1	0.3092268433293146	-0.9433099296867798
0	0	0.7937476595623183	2.000000000000002	0	0.2841157313709106	0	0	0	0	0	0
1	0	1.000000000000001	2.000000000000002	1	0.3333333333333333	0.9999999999999991	0	-0.9999999999999991	1	0.3333333333333333	-0.8446535708931285
0	0	0.8610872176373755	2.034155181127074	0	0.2974145508524074	0	0	0	0	0	0
0	1	0.8119388682028882	1.579951703631133	0	0.3394548554034899	0	0.6329307394028213	0.6329307394028213	0.6605451445965101	0.3394548554034899	0.5346072091646217
1	4	0.793747659562318	2.206252340437683	0.2	0.2645825531874392	1.259846234446111	1.813029238172488	0.5531830037263765	0.6020752347473831	0.7848855207078358	0.4672479994548712
1	0	1.000000000000001	2.000000000000002	1	0.3333333333333333	0.9999999999999989	0	-0.9999999999999989	1	0.3333333333333333	-0.8446535708931283
3	0	1.793307305360333	1.206291442776692	1	0.5978490644704099	1.672886733374012	0	-1.672886733374012	1	0.2136853074192631	-1.413009753044101
0	0	0.8174921183953436	2.077750280369106	0	0.2823570554037928	0	0	0	0	0	0
0	0	1.654834877199694	1.218587444052094	0	0.5759107754403383	0	0	0	0	0	0
0	0	1.000000000000001	2.000000000000002	0	0.3333333333333333	0	0	0	0	0	0
1	0	1.000000000000001	2.000000000000002	1	0.3333333333333333	0.9999999999999991	0	-0.9999999999999991	1	0.3333333333333333	-0.8446535708931285
1	0	1	1.947007372894014	1	0.3393272813627141	0.9999999999999998	0	-0.9999999999999998	1	0.3393272813627142	-0.8446535708931291
0	0	0	3.000000000000003	0	0	0	0	0	0	0	0
4	0	1.100570540297178	1.189432384767516	1	0.4805978753350658	3.634478530490116	0	-3.634478530490116	1	0.05334913547235598	-3.06987526911289
2	0	0.7937476595623183	2.206252340437684	1	0.2645825531874392	2.519692468892221	0	-2.519692468892221	0.9999999999999998	0.07000392745118433	-2.12826724140234
2	0	1.000000000000001	2.000000000000002	1	0.3333333333333333	1.999999999999998	0	-1.999999999999998	1	0.1111111111111109	-1.689307141786257
1	0	1.000000000000001	2.000000000000002	1	0.3333333333333333	0.9999999999999989	0	-0.9999999999999989	1	0.3333333333333333	-0.8446535708931283
0	0	0.8610872176373755	2.069456391181314	0	0.2938319071745471	0	0	0	0	0	0
0	1	0.819028646092158	2.076213752672292	0	0.2828877631944324	0	0.481645976341743	0.481645976341743	0.7171122368055676	0.2828877631944324	0.4068239938233609
0	0	0.8174921183953436	1.388760222042341	0	0.3705342781565805	0	0	0	0	0	0
1	0	1.000000000000001	2.000000000000002	1	0.3333333333333333	0.9999999999999989	0	-0.9999999999999989	1	0.3333333333333333	-0.8446535708931283
0	0	0.8952423987644482	2.000000000000002	0	0.3092115531143418	0	0	0	0	0	0
1	0	1.000000000000001	2.000000000000002	1	0.3333333333333333	0.9999999999999989	0	-0.9999999999999989	1	0.3333333333333333	-0.8446535708931283
0	0	0.1825078816046573	2.817492118395346	0	0.06083596053488571	0	0	0	0	0	0
0	0	0.7937476595623183	2.206252340437684	0	0.2645825531874392	0	0	0	0	0	0
5	0	1.000000000000001	1.999890022333723	1	0.3333455535220135	4.999999999999996	0	-4.999999999999996	0.9999999999999998	0.004115980725393875	-4.223267854465642
0	0	1.000000000000001	2.000000000000002	0	0.3333333333333333	0	0	0	0	0	0
1	0	0.3685067135877725	2.631493286412228	1	0.1228355711959242	2.713654767002815	0	-2.713654767002815	1	0.1228355711959241	-2.29209818912009
4	0	1.000000000000001	2.000000000000001	1	0.3333333333333334	3.999999999999997	0	-3.999999999999997	1	0.01234567901234573	-3.378614283572515
1	0	1.000000000000001	2.000000000000002	1	0.3333333333333333	0.9999999999999989	0	-0.9999999999999989	1	0.3333333333333333	-0.8446535708931283
0	0	0.7937476595623183	2.206252340437684	0	0.2645825531874392	0	0	0	0	0	0
0	0	0.1825078816046573	2.817492118395346	0	0.06083596053488571	0	0	0	0	0	0
0	0	0.8174921183953436	2.113051490423346	0	0.2789557937084843	0	0	0	0	0	0
0	0	0.7937476595623183	2.206252340437684	0	0.2645825531874392	0	0	0	0	0	0
1	0	1.000000000000001	2.000000000000002	1	0.3333333333333333	0.9999999999999989	0	-0.9999999999999989	1	0.3333333333333333	-0.8446535708931283
0	0	0	1.277825564725252	0	0	0	0	0	0	0	0
3	0	0.8601488011992133	2.070394807619476	1	0.293511687937632	3.487768623077102	0	-3.487768623077102	0.9999999999999998	0.02528577097102147	-2.945956221931087
1	0	1.000000000000001	1.930708597313788	1	0.3412144083231526	0.9999999999999989	0	-0.9999999999999989	1	0.3412144083231526	-0.8446535708931283
0	1	0.02724419072074973	2.972755809279253	0	0.009081396906916568	0	0.3363882081664995	0.3363882081664995	0.9909186030930834	0.009081396906916561	0.2841315012341751
0	7	0.9372013298542068	2.05782260428877	0	0.312919479263656	0	3.401653760344108	3.401653760344108	0.07228587675083055	0.9277141232491695	2.873218995616692
0	0	0.7937476595623183	2.206252340437684	0	0.2645825531874392	0	0	0	0	0	0
1	0	1.000000000000001	2.000000000000002	1	0.3333333333333333	0.9999999999999991	0	-0.9999999999999991	1	0.3333333333333333	-0.8446535708931285
0	0	0	1.277825564725252	0	0	0	0	0	0	0	0
3	0	0.7937476595623184	2.000000000000002	1	0.2841157313709106	3.779538703338331	0	-3.779538703338331	1	0.02293431870138174	-3.192400862103509
2	0	1.000000000000001	2.000000000000002	1	0.3333333333333333	1.999999999999998	0	-1.999999999999998	1	0.1111111111111109	-1.689307141786257
0	0	0.7937476595623183	2.206252340437684	0	0.2645825531874392	0	0	0	0	0	0
0	0	0.9388374980064802	2.061162501993522	0	0.3129458326688265	0	0	0	0	0	0
1	0	0.7937476595623184	2.206252340437684	1	0.2645825531874392	1.25984623444611	0	-1.25984623444611	1	0.2645825531874393	-1.06413362070117
0	0	0.8174921183953436	1.388760222042341	0	0.3705342781565805	0	0	0	0	0	0
0	0	0.7937476595623183	2.206252340437684	0	0.2645825531874392	0	0	0	0	0	0
1	0	1.000000000000001	2.000000000000002	1	0.3333333333333333	0.9999999999999991	0	-0.9999999999999991	1	0.3333333333333333	-0.8446535708931285
3	0	0.8608112665117604	2.06973234230693	1	0.2937377433734062	3.485084497275238	0	-3.485084497275238	0.9999999999999999	0.02534423940330444	-2.943689065487817
1	0	1.000000000000001	1.932030336804122	1	0.3410605911704135	0.9999999999999991	0	-0.9999999999999991	1	0.3410605911704135	-0.8446535708931285
1	3	0.7877207400926558	2.138162150363948	0.25	0.2692249722851097	1.269485426881581	1.40307413050472	0.1335887036231393	0.7054584276595177	0.7148096722382934	0.1128361755462686
0	0	1.000000000000001	1.930543608818689	0	0.3412336185650906	0	0	0	0	0	0
3	0	0.8190475081088651	1.387204832328819	1	0.3712392699134223	3.662791193793914	0	-3.662791193793914	1	0.05116367478350992	-3.093789661273937
0	0	1.000000000000001	2.000000000000002	0	0.3333333333333333	0	0	0	0	0	0
1	0	1.000000000000001	2.000000000000002	1	0.3333333333333333	0.9999999999999991	0	-0.9999999999999991	1	0.3333333333333333	-0.8446535708931285
0	0	0.7937476595623183	2.206252340437684	0	0.2645825531874392	0	0	0	0	0	0
0	0	1.000000000000001	2.000000000000002	0	0.3333333333333333	0	0	0	0	0	0
0	0	0.8174921183953436	2.077750280369106	0	0.2823570554037928	0	0	0	0	0	0
0	0	0.7937476595623183	2.206252340437684	0	0.2645825531874392	0	0	0	0	0	0
1	0	1.000000000000001	2.000000000000002	1	0.3333333333333333	0.9999999999999989	0	-0.9999999999999989	1	0.3333333333333333	-0.8446535708931283
0	0	0.8174921183953436	1.388760222042341	0	0.3705342781565805	0	0	0	0	0	0
0	0	1.000000000000001	2.000000000000002	0	0.3333333333333333	0	0	0	0	0	0
0	0	1.000000000000001	2.000000000000002	0	0.3333333333333333	0	0	0	0	0	0
3	0	0.9179877733341217	2.082012226665881	1	0.3059959244447069	3.268017382305684	0	-3.268017382305684	0.9999999999999998	0.028651471159162	-2.760342551705313
1	2	0.7937476595623182	2.206252340437683	0.3333333333333333	0.2645825531874392	1.259846234446111	0.9065146190862435	-0.3533316153598672	0.8270318533628126	0.602257695066948	-0.2984428106231495
0	0	0.8174921183953436	1.388760222042341	0	0.3705342781565805	0	0	0	0	0	0
0	0	0.9203253383105332	2.079674661689469	0	0.3067751127701774	0	0	0	0	0	0
1	0	0.7937476595623184	2.206252340437684	1	0.2645825531874393	1.25984623444611	0	-1.25984623444611	1	0.2645825531874393	-1.06413362070117
3	0	1.000000000000001	1.998794306659095	1	0.3334673531223565	2.999999999999997	0	-2.999999999999997	1	0.03708172826375566	-2.533960712679386
1	0	0.8610527361859192	2.034189662578531	1	0.2974026411582584	1.161369052062427	0	-1.161369052062427	1	0.2974026411582584	-0.9809545169492976
0	0	1.793747659562319	1.206252340437683	0	0.5979158865207725	0	0	0	0	0	0
0	0	0.7937476595623183	2.206252340437684	0	0.2645825531874392	0	0	0	0	0	0
5	0	1.034256095503648	1.575280942488559	1	0.3963370055477009	4.8343925858761	0	-4.8343925858761	1	0.009779645650324187	-4.083386960759517
1	0	1.654627945872322	1.218416186459428	1	0.5759145594917936	0.6043654723073099	0	-0.6043654723073099	1	0.5759145594917936	-0.5104794543088819
0	0	0.9203253383105332	2.079674661689469	0	0.3067751127701774	0	0	0	0	0	0
1	0	1.000000000000001	1.999890185035938	1	0.3333455354426652	0.9999999999999991	0	-0.9999999999999991	1	0.3333455354426652	-0.8446535708931285
0	0	0.8174921183953436	2.077750280369106	0	0.2823570554037928	0	0	0	0	0	0
0	0	1.000000000000001	2.000000000000002	0	0.3333333333333333	0	0	0	0	0	0
1	0	0.7937476595623184	2.206252340437684	1	0.2645825531874392	1.25984623444611	0	-1.25984623444611	1	0.2645825531874393	-1.06413362070117
0	0	0.8610872176373755	2.069456391181314	0	0.2938319071745471	0	0	0	0	0	0
0	0	0.8174921183953436	2.077750280369106	0	0.2823570554037928	0	0	0	0	0	0
1	0	0.7937476595623184	2.206252340437684	1	0.2645825531874392	1.25984623444611	0	-1.25984623444611	1	0.2645825531874393	-1.06413362070117
1	0	0.7937476595623185	2.206252340437684	1	0.2645825531874393	1.25984623444611	0	-1.25984623444611	1	0.2645825531874393	-1.064133620701169
1	0	0.8610181831916826	1.345234157246002	1	0.3902627851811686	1.161415658253732	0	-1.161415658253732	1	0.3902627851811686	-0.9809938830352086
0	0	0.9203253383105332	2.079674661689469	0	0.3067751127701774	0	0	0	0	0	0
1	0	0.8175264610543309	2.11301714776436	1	0.2789675125782816	1.223201997291122	0	-1.223201997291122	1	0.2789675125782816	-1.033181934935554
2	0	0.8178367476024105	2.07740565116204	1	0.2824760883411433	2.445475831042378	0	-2.445475831042378	1	0.07979274048451335	-2.065579893222787
1	0	0.8175611094203405	2.11298249939835	1	0.2789793357655925	1.223150157801673	0	-1.223150157801673	1	0.2789793357655925	-1.033138148525677
1	0	0.7937476595623185	2.206252340437685	1	0.2645825531874392	1.25984623444611	0	-1.25984623444611	1	0.2645825531874392	-1.064133620701169
0	0	1.000000000000001	1.793747659562319	0	0.3579421343145447	0	0	0	0	0	0
0	0	0.8174921183953436	2.113051490423346	0	0.2789557937084843	0	0	0	0	0	0
2	0	1	2.000000000000001	1	0.3333333333333333	1.999999999999999	0	-1.999999999999999	1	0.1111111111111109	-1.689307141786258
2	0	0.8179964123503602	2.11254719646833	1	0.279127875759575	2.444998498530541	0	-2.444998498530541	1	0.07791237102605253	-2.065176712612161
3	0	1.000000000000002	1.983557517538301	1	0.335170344168558	2.999999999999996	0	-2.999999999999996	0.9999999999999998	0.03765275479011387	-2.533960712679384
1	0	0.8956908190040356	2.000629118966917	1	0.3092513390048757	1.116456682130505	0	-1.116456682130505	1	0.3092513390048757	-0.943019123309026
1	1	0.9206412102829561	2.079358789717047	0.5	0.3068804034276517	1.08619947578998	0.4809174852099849	-0.6052819905799955	0.9058244179920816	0.5195852248473852	-0.5112535947406947
4	0	0.8603612441810596	1.345891096256625	1	0.3899650227726797	4.649209883701149	0	-4.649209883701149	1	0.02312611185982405	-3.926971730099805
0	0	0.7937476595623183	2.206252340437684	0	0.2645825531874392	0	0	0	0	0	0
2	1	0.9987898678684782	2.001210132131523	0.6666666666666666	0.3329299559561593	2.002423196651172	0.4996976499088994	-1.502725546742273	0.9630972594410141	0.2587215856009386	-1.269282499128191
0	0	0.8610872176373755	2.069456391181314	0	0.2938319071745471	0	0	0	0	0	0
1	0	0.8176648331696198	2.07757756559483	1	0.282416710089131	1.222994996768506	0	-1.222994996768506	1	0.2824167100891311	-1.03300709120495
0	0	0.7937476595623183	2.000000000000002	0	0.2841157313709106	0	0	0	0	0	0
0	1	0.999810958906412	2.000189041093591	0	0.3332703196354703	0	0.499952744193247	0.499952744193247	0.6667296803645297	0.3332703196354703	0.4222868706606452
1	0	0.8609491167526768	2.069594492066013	1	0.2937847825099343	1.161508828502891	0	-1.161508828502891	1	0.2937847825099343	-0.9810725796188617
0	0	0.7937476595623183	2.206252340437684	0	0.2645825531874392	0	0	0	0	0	0
3	0	1	2.000000000000001	1	0.3333333333333333	2.999999999999999	0	-2.999999999999999	1	0.03703703703703698	-2.533960712679387
0	0	0.8174921183953436	2.077750280369106	0	0.2823570554037928	0	0	0	0	0	0
1	0	0.1842582940019432	2.81574170599806	1	0.06141943133398101	5.427164109038445	0	-5.427164109038445	1	0.06141943133398098	-4.584073544522351
0	0	0.7937476595623183	2.206252340437684	0	0.2645825531874392	0	0	0	0	0	0
1	0	1.000000000000001	2.000000000000002	1	0.3333333333333333	0.9999999999999991	0	-0.9999999999999991	1	0.3333333333333333	-0.8446535708931285
0	0	0	1.277825564725252	0	0	0	0	0	0	0	0
1	0	1.000000000000001	1.793936668097888	1	0.3579179196931477	0.9999999999999989	0	-0.9999999999999989	1	0.3579179196931477	-0.8446535708931283
1	0	0.7937476595623186	2.000000000000002	1	0.2841157313709106	1.25984623444611	0	-1.25984623444611	1	0.2841157313709106	-1.064133620701169
1	0	0.7937476595623184	2.206252340437684	1	0.2645825531874392	1.25984623444611	0	-1.25984623444611	1	0.2645825531874393	-1.06413362070117
3	0	1.000000000000001	2.000000000000002	1	0.3333333333333333	2.999999999999997	0	-2.999999999999997	1	0.03703703703703698	-2.533960712679385
0	0	0.8610872176373755	2.069456391181314	0	0.2938319071745471	0	0	0	0	0	0
0	0	1.000000000000001	2.000000000000002	0	0.3333333333333333	0	0	0	0	0	0
0	0	1.000000000000001	2.000000000000002	0	0.3333333333333333	0	0	0	0	0	0
0	0	1.000000000000001	2.000000000000002	0	0.3333333333333333	0	0	0	0	0	0
0	0	1.000000000000001	2.000000000000002	0	0.3333333333333333	0	0	0	0	0	0
1	0	1.793747659562319	1.206252340437683	1	0.5979158865207727	0.5574920165994828	0	-0.5574920165994828	1	0.5979158865207727	-0.4708876225651648
4	0	0.8602378706752216	2.070305738143468	1	0.293542081437234	4.649876663602711	0	-4.649876663602711	1	0.007424743888310603	-3.92753492812466
2	0	0.7937476595623184	2.206252340437684	1	0.2645825531874392	2.519692468892221	0	-2.519692468892221	0.9999999999999998	0.07000392745118433	-2.128267241402339
0	0	0.8174921183953436	1.388760222042341	0	0.3705342781565805	0	0	0	0	0	0
2	0	0.793747659562318	2.206252340437683	1	0.2645825531874392	2.519692468892222	0	-2.519692468892222	0.9999999999999998	0.07000392745118433	-2.12826724140234
0	0	1.000000000000001	2.000000000000002	0	0.3333333333333333	0	0	0	0	0	0
0	0	0.9203253383105332	2.079674661689469	0	0.3067751127701774	0	0	0	0	0	0
0	0	0.7937476595623183	2.206252340437684	0	0.2645825531874392	0	0	0	0	0	0
3	0	1.793747659562319	1.206252340437683	1	0.5979158865207725	1.672476049798449	0	-1.672476049798449	1	0.2137569667422166	-1.412662867695495
1	0	1.000000000000001	2.000000000000002	1	0.3333333333333333	0.9999999999999991	0	-0.9999999999999991	1	0.3333333333333333	-0.8446535708931285
4	0	0.7937476595623184	2.206252340437684	1	0.2645825531874393	5.039384937784441	0	-5.039384937784441	1	0.004900549858590675	-4.256534482804678
0	1	1.000000000000001	1.795215156071908	0	0.3577542135988172	0	0.5570362954087854	0.5570362954087854	0.6422457864011828	0.3577542135988172	0.4705026960341106
0	0	0.8174921183953436	2.113051490423346	0	0.2789557937084843	0	0	0	0	0	0
0	0	0	3.000000000000003	0	0	0	0	0	0	0	0
0	0	0.7937476595623183	2.206252340437684	0	0.2645825531874392	0	0	0	0	0	0
1	0	0.8175953926531079	2.077647006111342	1	0.2823927257358549	1.223098868934409	0	-1.223098868934409	1	0.2823927257358549	-1.033094827200796
3	0	1.791769142570886	1.206428027740732	1	0.597615513853833	1.674322840327246	0	-1.674322840327246	0.9999999999999999	0.2134349757980163	-1.414222765910335
1	0	0.7937476595623184	2.206252340437684	1	0.2645825531874392	1.25984623444611	0	-1.25984623444611	1	0.2645825531874393	-1.06413362070117
0	0	0.8174921183953436	2.113051490423346	0	0.2789557937084843	0	0	0	0	0	0
1	1	0.8241087268402001	2.071133671924249	0.5	0.2846423937394293	1.213432120582199	0.4828273585407551	-0.7306047620414435	0.9189787076862878	0.4882634951651463	-0.6171079211698303
0	0	1.000000000000001	2.000000000000002	0	0.3333333333333333	0	0	0	0	0	0
0	0	0.8610872176373755	2.034155181127074	0	0.2974145508524074	0	0	0	0	0	0
2	1	0.8615431490451138	2.03529035204206	0.6666666666666666	0.2974085837939181	2.32141594093887	0.4913303888050538	-1.830085552133816	0.9736936558839793	0.2127429089108699	-1.545788296649752
1	0	0.8175610457291015	1.388691294708583	1	0.3705655199744335	1.223150253089908	0	-1.223150253089908	1	0.3705655199744335	-1.033138229011225
1	0	1.79374765956232	1.206252340437684	1	0.5979158865207725	0.5574920165994828	0	-0.5574920165994828	1	0.5979158865207725	-0.4708876225651648
3	0	0.9377669947129068	2.059660620796653	1	0.312857261293193	3.199088917517764	0	-3.199088917517764	1	0.03062236422349407	-2.702121877786015
0	0	0.8174921183953436	2.113051490423346	0	0.2789557937084843	0	0	0	0	0	0
0	0	0.7937476595623183	2.206252340437684	0	0.2645825531874392	0	0	0	0	0	0
0	0	1.000000000000001	2.000000000000002	0	0.3333333333333333	0	0	0	0	0	0
1	0	0.8608449879589132	2.069698620859777	1	0.2937492502648416	1.161649325938491	0	-1.161649325938491	1	0.2937492502648416	-0.9811912512795431
0	0	0.7937476595623183	2.206252340437684	0	0.2645825531874392	0	0	0	0	0	0
0	1	0.001421011522378147	2.998578988477625	0	0.0004736705074593818	0	0.3334912983258443	0.3334912983258443	0.9995263294925406	0.0004736705074593894	0.2816846159927102
2	0	1.000000000000002	1.984987258015004	1	0.3350098052562523	1.999999999999997	0	-1.999999999999997	0.9999999999999999	0.1122315696178322	-1.689307141786256
0	0	0.7937476595623183	2.206252340437684	0	0.2645825531874392	0	0	0	0	0	0
2	0	1.000000000000001	2.000000000000002	1	0.3333333333333333	1.999999999999998	0	-1.999999999999998	1	0.1111111111111109	-1.689307141786257
0	0	0.7937476595623183	2.079674661689469	0	0.2762377300725246	0	0	0	0	0	0
1	0	0.7937476595623184	2.206252340437684	1	0.2645825531874392	1.25984623444611	0	-1.25984623444611	1	0.2645825531874393	-1.06413362070117
0	1	0.8180700310084773	2.077504083507333	0	0.2825242935096734	0	0.4813468276374006	0.4813468276374006	0.7174757064903265	0.2825242935096735	0.40657131680201
1	0	0.1883958500199158	2.811604149980087	1	0.0627986166733052	5.307972547666456	0	-5.307972547666456	1	0.06279861667330522	-4.483397966589172
0	0	0.7937476595623183	2.000000000000002	0	0.2841157313709106	0	0	0	0	0	0
0	0	0.7937476595623183	2.206252340437684	0	0.2645825531874392	0	0	0	0	0	0
0	0	0.8174921183953436	2.077750280369106	0	0.2823570554037928	0	0	0	0	0	0
0	0	0.7937476595623183	2.079674661689469	0	0.2762377300725246	0	0	0	0	0	0
1	1	0.7937476595623184	2.206252340437684	0.5	0.2645825531874392	1.25984623444611	0.4532573095431216	-0.8065889249029887	0.9299960725488157	0.4591611789236945	-0.6812882156621595
0	0	0.7937476595623183	2.206252340437684	0	0.2645825531874392	0	0	0	0	0	0
1	0	1.000000000000001	2.000000000000002	1	0.3333333333333333	0.9999999999999991	0	-0.9999999999999991	1	0.3333333333333333	-0.8446535708931285
0	0	0.7937476595623183	2.079674661689469	0	0.2762377300725246	0	0	0	0	0	0
0	0	0.1825078816046573	2.817492118395346	0	0.06083596053488571	0	0	0	0	0	0
2	1	0.9988402491675791	1.935079621230063	0.6666666666666666	0.3404456472194667	2.002322194832232	0.5167746014318184	-1.485547593400413	0.9605412468823096	0.2687922098966641	-1.254773079497354
0	0	1.000000000000001	1.793747659562319	0	0.3579421343145447	0	0	0	0	0	0
1	0	0.7319773072684174	2.268022692731587	1	0.2439924357561387	1.366162570984319	0	-1.366162570984319	1	0.2439924357561387	-1.153934094002443
0	0	0.8952423987644482	2.000000000000002	0	0.3092115531143418	0	0	0	0	0	0
0	0	0.7937476595623183	2.206252340437684	0	0.2645825531874392	0	0	0	0	0	0
1	1	0.9992764434348053	1.931321865273024	0.5	0.3409803521914302	1.000724080478379	0.5177800852260498	-0.4829439952523288	0.8837323994194082	0.5656931038022686	-0.407920370131274
0	0	1.000000000000001	2.000000000000002	0	0.3333333333333333	0	0	0	0	0	0
0	0	0.7937476595623183	2.000000000000002	0	0.2841157313709106	0	0	0	0	0	0
2	2	0.7937476595623183	2.206252340437684	0.5	0.2645825531874392	2.519692468892221	0.9065146190862434	-1.613177849805978	0.9406143781430414	0.2865506714174164	-1.362576431324319
1	0	0.7937476595623181	2.206252340437683	1	0.2645825531874393	1.259846234446111	0	-1.259846234446111	1	0.2645825531874393	-1.06413362070117
0	8	0.7941214484568357	2.205002472490231	0	0.2647844735292122	0	3.628113845589098	3.628113845589098	0.08537237436722463	0.9146276256327753	3.064499315283635
6	0	1.000000000000001	2.000000000000001	1	0.3333333333333334	5.999999999999996	0	-5.999999999999996	0.9999999999999999	0.001371742112482921	-5.067921425358772
0	0	0.7937476595623183	2.000000000000002	0	0.2841157313709106	0	0	0	0	0	0
1	0	0.9176548895281267	2.031443993358126	1	0.3111645034533488	1.08973429053946	0	-1.08973429053946	1	0.3111645034533488	-0.9204479598288459
1	1	0.7937476595623183	2.206252340437684	0.5	0.2645825531874392	1.259846234446111	0.4532573095431216	-0.8065889249029889	0.9299960725488159	0.4591611789236942	-0.6812882156621597
1	0	0.8175610428473912	2.112982565971299	1	0.278979313048664	1.223150257401225	0	-1.223150257401225	1	0.278979313048664	-1.033138232652794
1	0	1.000000000000001	2.000000000000002	1	0.3333333333333333	0.9999999999999991	0	-0.9999999999999991	1	0.3333333333333333	-0.8446535708931285
4	0	1.61203309562537	1.183164436007111	1	0.5767152687359069	2.481338634333835	0	-2.481338634333835	1	0.1106230933939207	-2.095871538085154
1	0	0.7937476595623184	2.206252340437684	1	0.2645825531874392	1.25984623444611	0	-1.25984623444611	1	0.2645825531874393	-1.06413362070117
0	1	0.7937852595403135	2.206048854029976	0	0.2646097182339127	0	0.4532991180921563	0.4532991180921563	0.7353902817660873	0.2646097182339127	0.3828807187792461
1	0	1.126577678748215	1.779756269104234	1	0.3876284346403712	0.8876440736080795	0	-0.8876440736080795	1	0.3876284346403712	-0.749751736455188
4	0	0.7937476595623183	2.206252340437684	1	0.2645825531874392	5.039384937784442	0	-5.039384937784442	0.9999999999999997	0.004900549858591008	-4.256534482804679
1	1	0.8610182243261263	1.347960096589263	0.5	0.3897812016413654	1.161415602768045	0.7418617231550809	-0.4195538796129644	0.8480706148470132	0.627633018129744	-0.3543776825971565
0	0	0.9203253383105332	2.079674661689469	0	0.3067751127701774	0	0	0	0	0	0
4	0	0.8573228088678334	2.037919589896616	1	0.29611434580873	4.665687135143803	0	-4.665687135143803	0.9999999999999998	0.007688432261722	-3.940889299369347
5	0	1	1.945669585648139	1	0.3394813881611807	4.999999999999998	0	-4.999999999999998	1	0.004508995966712726	-4.223267854465645
0	2	0.9996847197157879	2.000315280284215	0	0.3332282399052623	0	0.9998423847043901	0.9998423847043901	0.4445845800598343	0.5554154199401657	0.8445204405708651
0	0	0.8610872176373755	2.069456391181314	0	0.2938319071745471	0	0	0	0	0	0
3	0	1.788797874321757	1.21070185177157	1	0.5963654067912056	1.677103960746535	0	-1.677103960746535	1	0.2120983698025807	-1.416571849203571
0	2	0.8612101608009048	2.034197886638232	0	0.2974399969505535	0	0.9831885153047975	0.9831885153047975	0.4935905578848383	0.5064094421151617	0.8304536903133113
0	0	1.000000000000001	1.793747659562319	0	0.3579421343145447	0	0	0	0	0	0
1	0	1	1.987880928477441	1	0.3346853585994735	0.9999999999999998	0	-0.9999999999999998	1	0.3346853585994735	-0.8446535708931291
0	0	0.7937476595623183	2.000000000000002	0	0.2841157313709106	0	0	0	0	0	0
1	0	0.817630045831505	2.077612352932945	1	0.2824046947434971	1.223047030987016	0	-1.223047030987016	1	0.2824046947434971	-1.033051042093423
0	1	0.7937476595623183	2.206252340437684	0	0.2645825531874392	0	0.4532573095431217	0.4532573095431217	0.7354174468125607	0.2645825531874393	0.3828454050390102
0	0	0	1.277825564725252	0	0	0	0	0	0	0	0
0	1	0.920514580245576	2.079485419754427	0	0.3068381934151917	0	0.48088819979228	0.48088819979228	0.6931618065848083	0.3068381934151917	0.4061839351549179
0	0	1.793747659562319	1.206252340437683	0	0.5979158865207725	0	0	0	0	0	0
0	0	0	1.277825564725252	0	0	0	0	0	0	0	0
0	0	0.9203253383105332	2.079674661689469	0	0.3067751127701774	0	0	0	0	0	0
0	0	1.000000000000001	2.000000000000002	0	0.3333333333333333	0	0	0	0	0	0
0	0	0.7937476595623183	2.206252340437684	0	0.2645825531874392	0	0	0	0	0	0
0	0	1.000000000000001	2.000000000000002	0	0.3333333333333333	0	0	0	0	0	0
0	1	0.1857472907582497	2.814252709241754	0	0.06191576358608317	0	0.3553341164836014	0.3553341164836014	0.9380842364139168	0.06191576358608319	0.3001342303480291
0	0	1.000000000000001	1.793747659562319	0	0.3579421343145447	0	0	0	0	0	0
0	0	0.7937476595623183	2.079674661689469	0	0.2762377300725246	0	0	0	0	0	0
0	0	0.7937476595623183	2.206252340437684	0	0.2645825531874392	0	0	0	0	0	0
0	0	1.654834877199694	1.218587444052094	0	0.5759107754403383	0	0	0	0	0	0
0	0	1.000000000000001	2.000000000000002	0	0.3333333333333333	0	0	0	0	0	0
2	0	0.7937476595623185	2.07967466168947	1	0.2762377300725246	2.51969246889222	0	-2.51969246889222	1	0.07630728351562088	-2.128267241402339
0	1	0.999364176210173	2.00063582378983	0	0.3331213920700573	0	0.4998410945704687	0.4998410945704687	0.6668786079299427	0.3331213920700573	0.4221925654080767
0	2	1.000000000000001	2.000000000000002	0	0.3333333333333333	0	0.9999999999999991	0.9999999999999991	0.4444444444444445	0.5555555555555555	0.8446535708931285
1	0	1.654651654943961	1.2184358082276	1	0.5759141258851251	0.6043568125122188	0	-0.6043568125122188	1	0.5759141258851251	-0.5104721397820351
0	0	1.654834877199694	1.218587444052094	0	0.5759107754403383	0	0	0	0	0	0
1	0	1.000000000000001	1.999725267446383	1	0.333363861968361	0.9999999999999989	0	-0.9999999999999989	1	0.333363861968361	-0.8446535708931283
0	0	0.7937476595623183	2.206252340437684	0	0.2645825531874392	0	0	0	0	0	0
0	0	0.9203253383105332	2.079674661689469	0	0.3067751127701774	0	0	0	0	0	0
0	0	0	3.000000000000003	0	0	0	0	0	0	0	0
0	0	0	1.277825564725252	0	0	0	0	0	0	0	0
1	0	1.000000000000001	2.000000000000002	1	0.3333333333333333	0.9999999999999991	0	-0.9999999999999991	1	0.3333333333333333	-0.8446535708931285
0	0	0.7937476595623183	2.079674661689469	0	0.2762377300725246	0	0	0	0	0	0
0	0	0.8174921183953436	1.388760222042341	0	0.3705342781565805	0	0	0	0	0	0
5	0	0.841531019507733	2.053711379256716	1	0.2906599529859256	5.941551629225539	0	-5.941551629225539	1	0.002074559975748458	-5.018552800271241
0	0	1.000000000000001	2.000000000000002	0	0.3333333333333333	0	0	0	0	0	0
0	0	0.7937476595623183	2.206252340437684	0	0.2645825531874392	0	0	0	0	0	0
0	0	0.9203253383105332	2.079674661689469	0	0.3067751127701774	0	0	0	0	0	0
1	0	0.9376976284738855	2.059563302226305	1	0.3128515168196684	1.066441856771583	0	-1.066441856771583	1	0.3128515168196684	-0.9007739224720163
0	0	0.7937476595623183	2.079674661689469	0	0.2762377300725246	0	0	0	0	0	0
0	0	0.7937476595623183	2.206252340437684	0	0.2645825531874392	0	0	0	0	0	0
1	0	0.9203253383105332	2.079674661689469	1	0.3067751127701774	1.086572278707145	0	-1.086572278707145	1	0.3067751127701774	-0.9177771552434744
0	0	0.7937476595623183	2.079674661689469	0	0.2762377300725246	0	0	0	0	0	0
0	0	0.9203253383105332	2.079674661689469	0	0.3067751127701774	0	0	0	0	0	0