Observed S Changes	Observed NS Changes	E[S Sites]	E[NS Sites]	Observed S. Prop.	P{S}	dS	dN	dN-dS	P{S leq. observed}	P{S geq. observed}	Scaled dN-dS
0	0	0	2.999999999999996	0	0	0	0	0	0	0	0
0	4	0.8551054750370131	2.036462967478317	0	0.2957237540928376	0	1.964189903709894	1.964189903709894	0.2460209903299995	0.7539790096700005	3.260594533794206
3	1	0.9999999999999983	1.999999999999997	0.75	0.3333333333333333	3.000000000000005	0.5000000000000009	-2.500000000000004	0.9876543209876545	0.1111111111111109	-4.150050012521337
0	1	0.9166890906882148	2.083310909311781	0	0.3055630302294054	0	0.4800051665501761	0.4800051665501761	0.6944369697705945	0.3055630302294055	0.7968181789807447
0	0	0.9165665492843991	2.083433450715596	0	0.3055221830948001	0	0	0	0	0	0
2	0	0.9999999999999983	1.999999999999997	1	0.3333333333333333	2.000000000000004	0	-2.000000000000004	1	0.1111111111111109	-3.32004001001707
3	0	1.638337209325776	1.22869653256343	1	0.5714398074178954	1.831124864236336	0	-1.831124864236336	0.9999999999999997	0.186599928182644	-3.03970390630085
0	0	0.7840502342289807	2.215949765771015	0	0.2613500780763273	0	0	0	0	0	0
0	3	0.7840502342289808	2.001473023374661	0	0.2814732320359412	0	1.498896045544363	1.498896045544363	0.3709615144314674	0.6290384855685327	2.488197421031822
0	2	0.9168935760149594	2.083106423985035	0	0.305631192004987	0	0.9601045712172254	0.9601045712172254	0.4821480415164152	0.5178519584835848	1.593792795120733
2	3	1.767159310485997	1.230666097473915	0.4	0.589480396621426	1.131759874807194	2.437704269385375	1.305944394578181	0.3357720699003046	0.9046312362615911	2.167893820428537
0	3	0.7855336845649875	2.082573988162121	0	0.2738857024213709	0	1.440525050755824	1.440525050755824	0.3828379349864074	0.6171620650135926	2.3913004019706
5	2	1.780911923340606	1.217224538560881	0.7142857142857143	0.5940062922323124	2.80755040969184	1.643082222417723	-1.164468187274117	0.8490633676699708	0.4069208129269026	-1.933040486071056
1	2	0.9999999999999984	1.999999999999997	0.3333333333333333	0.3333333333333333	1.000000000000002	1.000000000000002	0	0.7407407407407408	0.7037037037037037	0
3	4	0.7864853505528305	2.213514649447165	0.4285714285714285	0.2621617835176105	3.814438498938679	1.807080879721766	-2.007357619216913	0.9176712313859807	0.2692337070577278	-3.332253805106375
1	3	0.9999999999999984	1.999999999999997	0.25	0.3333333333333333	1.000000000000002	1.500000000000002	0.5000000000000009	0.5925925925925928	0.802469135802469	0.8300100025042676
0	0	0.8084366957041803	1.407513070066834	0	0.3648262736781372	0	0	0	0	0	0
0	4	0.8083530561731	2.082376034821312	0	0.2796363930094281	0	1.920882651890123	1.920882651890123	0.2692818336926538	0.7307181663073462	3.188703629411445
2	7	0.9908017297111423	2.009198270288853	0.2222222222222222	0.3302672432370479	2.01856732787808	3.483976720223656	1.465409392345576	0.3847496162134043	0.8525758210465602	2.432608906821053
1	1	0.9999999999999983	1.999999999999997	0.5	0.3333333333333333	1.000000000000002	0.5000000000000009	-0.5000000000000009	0.8888888888888891	0.5555555555555555	-0.8300100025042676
0	2	0.9996248073935902	1.927642982051537	0	0.3414873114779404	0	1.037536524461317	1.037536524461317	0.4336389609445511	0.566361039055449	1.72233138653281
1	2	0.7863232856595137	2.213676714340481	0.3333333333333333	0.262107761886505	1.271741557495997	0.9034742910036248	-0.3682672664923726	0.8299124209757132	0.5982287778856423	-0.6113310295671468
0	0	0.7840502342289807	2.215949765771015	0	0.2613500780763273	0	0	0	0	0	0
1	1	0.7840502342289807	2.215949765771015	0.5	0.2613500780763273	1.2754284819306	0.4512737677751739	-0.8241547141554257	0.9316961366894976	0.4543962928421522	-1.368113312720095
0	1	0.7840502342289806	2.215949765771015	0	0.2613500780763273	0	0.4512737677751739	0.4512737677751739	0.7386499219236727	0.2613500780763273	0.7491234822423634
1	4	0.9946067514647903	2.005393248535205	0.2	0.3315355838215973	1.005422493389741	1.994621255916619	0.9891987625268783	0.4644612220357583	0.8665276002607916	1.642089734724302
0	0	0.9999999999999984	1.999999999999997	0	0.3333333333333333	0	0	0	0	0	0
1	2	0.9976043187855574	2.002073248842279	0.3333333333333333	0.3325705167620628	1.002401434285448	0.9989644490562579	-0.003436985229190004	0.7417572467255642	0.7026854507198922	-0.005705464237374241
2	0	1.782826473875782	1.217108710999339	1	0.5942883309160549	1.121814169413859	0	-1.121814169413859	1	0.3531786202629904	-1.862233963129037
0	0	0.7840502342289807	2.083433450715596	0	0.2734279669473115	0	0	0	0	0	0
0	1	0.9998363018933438	2.000163698106651	0	0.3332787672977818	0	0.4999590788226968	0.4999590788226968	0.6667212327022182	0.3332787672977818	0.8299420725313142
2	0	0.9999999999999984	1.999465424375692	1	0.3333927412109238	2.000000000000003	0	-2.000000000000003	1	0.111150719892134	-3.320040010017069
0	0	0.7840502342289807	2.215949765771015	0	0.2613500780763273	0	0	0	0	0	0
0	1	0.7840502342289806	2.2156327478999	0	0.2613776985435103	0	0.4513383370722679	0.4513383370722679	0.7386223014564897	0.2613776985435103	0.7492306685672487
1	0	0.9999999999999984	1.999999999999997	1	0.3333333333333333	1.000000000000002	0	-1.000000000000002	1	0.3333333333333333	-1.660020005008535
1	0	0.9999999999999987	1.999999999999997	1	0.3333333333333333	1.000000000000001	0	-1.000000000000001	1	0.3333333333333333	-1.660020005008534
1	2	0.9999063012801713	1.998862705435623	0.3333333333333333	0.3334389207841165	1.000093707500102	1.000568970825902	0.0004752633258009453	0.7405999463266743	0.7038444646751723	0.0007889466284764569
0	0	0.7840502342289807	2.215949765771015	0	0.2613500780763273	0	0	0	0	0	0
0	0	0.9999999999999984	1.927267789445129	0	0.3416154830814271	0	0	0	0	0	0
4	1	0.9999999999999984	1.999999999999997	0.8	0.3333333333333333	4.000000000000006	0.5000000000000008	-3.500000000000005	0.9958847736625519	0.04526748971193373	-5.810070017529871
0	1	0.1909999674167205	2.809000032583275	0	0.0636666558055736	0	0.3559985718762551	0.3559985718762551	0.9363333441944264	0.06366665580557362	0.5909647510690512
0	0	0.9999999999999984	1.999999999999997	0	0.3333333333333333	0	0	0	0	0	0
0	0	0.8084366957041803	2.082275474729328	0	0.2796669637236635	0	0	0	0	0	0
0	0	0.9999999999999984	1.999999999999997	0	0.3333333333333333	0	0	0	0	0	0
2	0	0.9147850512296529	2.085214948770342	1	0.3049283504098849	2.186305949481359	0	-2.186305949481359	1	0.09298129888369355	-3.629311613208229
1	1	0.9985316471248574	2.001468352875138	0.5	0.332843882374953	1.001470512105821	0.4996331810910153	-0.5018373310148059	0.8892149499655685	0.5549027147154744	-0.8330600087446665
1	5	0.7840502342289806	2.215949765771014	0.1666666666666667	0.2613500780763273	1.2754284819306	2.25636883887587	0.9809403569452704	0.5072170969809661	0.8375828305283789	1.628380616249359
0	0	0.7840502342289807	2.215949765771015	0	0.2613500780763273	0	0	0	0	0	0
0	2	0.8857720113116865	1.330177754459329	0	0.3997256729344187	0	1.50355844795565	1.50355844795565	0.3603292677340364	0.6396707322659636	2.495937102305959
0	1	0.9168527053838137	2.083147294616182	0	0.3056175684612717	0	0.4800428671484074	0.4800428671484074	0.6943824315387283	0.3056175684612717	0.7968807627280095
1	0	0.8084592376363103	2.118808551808817	1	0.2761821930167709	1.236920741883903	0	-1.236920741883903	1	0.2761821930167709	-2.053313176137275
1	0	0.9999999999999984	1.999999999999997	1	0.3333333333333333	1.000000000000002	0	-1.000000000000002	1	0.3333333333333333	-1.660020005008535
0	0	0.9999999999999984	1.999999999999997	0	0.3333333333333333	0	0	0	0	0	0
1	0	0.7840502342289806	2.215949765771015	1	0.2613500780763273	1.2754284819306	0	-1.2754284819306	1	0.2613500780763273	-2.117236794962459
2	0	0.9999999999999984	1.999999999999997	1	0.3333333333333333	2.000000000000003	0	-2.000000000000003	1	0.1111111111111109	-3.320040010017069
0	0	0.9999999999999984	1.999999999999997	0	0.3333333333333333	0	0	0	0	0	0
4	0	0.8540836831051345	2.073184106339993	1	0.2917682099959255	4.683381826775416	0	-4.683381826775416	1	0.007246893582613545	-7.774507523540595
2	0	1.783478998656018	1.216000612697875	1	0.5945961399120824	1.121403729176035	0	-1.121403729176035	1	0.3535445695983487	-1.861552624123389
0	0	0.9999999999999984	1.999999999999997	0	0.3333333333333333	0	0	0	0	0	0
1	0	0.8544676816491248	1.36148208412189	1	0.3855988501399184	1.170319277693449	0	-1.170319277693449	1	0.3855988501399183	-1.942753413218262
1	4	0.7840502342289803	2.215949765771015	0.2	0.2613500780763272	1.2754284819306	1.805095071100696	0.5296665891700953	0.6088817300958845	0.7801161759434876	0.8792571340069938
3	0	0.9999999999999984	1.999999999999997	1	0.3333333333333333	3.000000000000005	0	-3.000000000000005	1	0.03703703703703698	-4.980060015025605
0	1	0.9999999999999984	1.784579755453624	0	0.359120617048763	0	0.5603560148791497	0.5603560148791497	0.6408793829512369	0.3591206170487631	0.9302021946262471
0	4	0.7785537103967779	2.221339281300806	0	0.2595271606525567	0	1.800715466417907	1.800715466417907	0.3006329183046335	0.6993670816953665	2.989223697581996
1	0	0.9999999999999984	1.999999999999997	1	0.3333333333333333	1.000000000000002	0	-1.000000000000002	1	0.3333333333333333	-1.660020005008535
1	3	0.8185914873326195	2.108621364288582	0.25	0.2796487747309707	1.221610553584548	1.422730534181112	0.2011199805965642	0.6873880071360476	0.7307366796619214	0.3338631911972244
1	0	0.1922742729208759	2.80772572707912	1	0.06409142430695873	5.200903817285617	0	-5.200903817285617	1	0.06409142430695869	-8.633604380819364
1	0	0.7840502342289807	2.083433450715596	1	0.2734279669473115	1.2754284819306	0	-1.2754284819306	1	0.2734279669473114	-2.117236794962459
0	8	0.7848184077457935	2.214469140653617	0	0.2616682779097379	0	3.612603965950386	3.612603965950386	0.08831047581115412	0.9116895241888459	5.996994853650802
0	1	0.784474150929545	2.21552584907045	0	0.261491383643182	0	0.45136011408739	0.45136011408739	0.738508616356818	0.261491383643182	0.7492668188480007
0	0	0.9999999999999984	1.999999999999997	0	0.3333333333333333	0	0	0	0	0	0
2	0	0.7840502342289807	2.215949765771015	1	0.2613500780763273	2.550856963861199	0	-2.550856963861199	0.9999999999999999	0.06830386331050242	-4.234473589924917
0	2	0.8536343736998612	1.376135024971732	0	0.3828352717587846	0	1.453345757289393	1.453345757289393	0.3808923017850532	0.6191076982149468	2.412583031294667
3	0	0.9165665492843992	2.083433450715596	1	0.3055221830948002	3.273084755648373	0	-3.273084755648373	0.9999999999999998	0.02851860288736174	-5.433386172464763
0	0	0.9999999999999984	1.999999999999997	0	0.3333333333333333	0	0	0	0	0	0
0	0	0.7840502342289806	2.215949765771015	0	0.2613500780763273	0	0	0	0	0	0
1	0	0.9999999999999983	1.927363184815533	1	0.3416043506959024	1.000000000000002	0	-1.000000000000002	1	0.3416043506959023	-1.660020005008535
1	1	0.8085044478103849	2.116845306010087	0.5	0.2763787293312492	1.23685157540967	0.4724010758655006	-0.7644504995441697	0.9236147979732442	0.4763722566357425	-1.269003122082087
5	0	0.7840502342289808	2.215949765771015	1	0.2613500780763273	6.377142409652998	0	-6.377142409652998	1	0.001219307291428162	-10.58618397481229
1	1	0.7821257273804483	2.081488192006447	0.5	0.2731254105469297	1.278566814761703	0.4804254974110863	-0.798141317350617	0.9254025101135711	0.4716533312074305	-1.324930553625888
0	0	0.9999999999999984	1.999999999999997	0	0.3333333333333333	0	0	0	0	0	0
1	0	1.784050234228979	1.215949765771016	1	0.5946834114096606	0.5605223332919066	0	-0.5605223332919066	1	0.5946834114096606	-0.930478286518625
0	2	0.1903420387176218	2.809657961282374	0	0.06344734623920738	0	0.7118304176381552	0.7118304176381552	0.8771308732663832	0.1228691267336168	1.181652733452916
0	0	0.7840502342289806	2.215949765771015	0	0.2613500780763273	0	0	0	0	0	0
0	1	0.9999999999999984	1.999999999999997	0	0.3333333333333333	0	0.5000000000000008	0.5000000000000008	0.6666666666666667	0.3333333333333333	0.8300100025042674
0	0	1.784050234228979	1.215949765771016	0	0.5946834114096606	0	0	0	0	0	0
0	0	1.638585813119243	1.228897871825334	0	0.5714368391082629	0	0	0	0	0	0
1	0	0.9999999999999984	1.927303349429475	1	0.3416113332411883	1.000000000000002	0	-1.000000000000002	1	0.3416113332411883	-1.660020005008535
2	0	0.7840502342289808	2.215949765771015	1	0.2613500780763273	2.550856963861199	0	-2.550856963861199	0.9999999999999999	0.06830386331050242	-4.234473589924917
0	0	0.9999999999999984	1.999999999999997	0	0.3333333333333333	0	0	0	0	0	0
1	0	0.8544904566072522	1.361459309163763	1	0.3856091278810835	1.170288084866965	0	-1.170288084866965	1	0.3856091278810835	-1.942701632502285
1	0	0.7840502342289806	2.083433450715596	1	0.2734279669473115	1.2754284819306	0	-1.2754284819306	1	0.2734279669473114	-2.117236794962459
3	0	0.7840502342289807	2.215949765771015	1	0.2613500780763273	3.826285445791799	0	-3.826285445791799	1	0.01785122000911454	-6.351710384887377
0	2	0.9988348923090365	2.001165107690959	0	0.3329449641030127	0	0.999417785325918	0.999417785325918	0.4449624209155311	0.5550375790844689	1.659053517002346
1	1	0.7847927120417015	2.215207287958294	0.5	0.2615975706805675	1.274221822726181	0.4514250225863409	-0.8227968001398404	0.9315667110140256	0.4547618523751605	-1.365859148289142
0	0	0.8084366957041803	1.407513070066834	0	0.3648262736781372	0	0	0	0	0	0
2	0	0.7840502342289807	2.215949765771016	1	0.2613500780763272	2.550856963861199	0	-2.550856963861199	1	0.0683038633105022	-4.234473589924917
0	0	0.8545355788902622	2.036176591543246	0	0.2956142045654138	0	0	0	0	0	0
1	2	0.8109081086834191	2.082860933732129	0.3333333333333333	0.2802255801335551	1.2331853502163	0.9602177311071572	-0.2729676191091431	0.808431071123366	0.6271027123205671	-0.4531317084407269
0	0	0	1.290928842219471	0	0	0	0	0	0	0	0
1	0	0.7840502342289807	2.215949765771015	1	0.2613500780763273	1.2754284819306	0	-1.2754284819306	1	0.2613500780763273	-2.117236794962459
0	0	0.9999999999999984	1.999999999999997	0	0.3333333333333333	0	0	0	0	0	0
0	0	0.7840502342289806	2.215949765771015	0	0.2613500780763273	0	0	0	0	0	0
0	1	0.9999183796006905	2.000081620399305	0	0.333306126533564	0	0.499979595732876	0.499979595732876	0.666693873466436	0.333306126533564	0.8299761310126527
0	0	0.8084366957041803	2.118831093740947	0	0.2761744923437366	0	0	0	0	0	0
3	0	1.084736083571172	1.413911715804762	1	0.434129245363071	2.765649677775436	0	-2.765649677775436	0.9999999999999999	0.08181955817006059	-4.591033791952624
1	0	0.7840502342289808	2.215949765771015	1	0.2613500780763273	1.2754284819306	0	-1.2754284819306	1	0.2613500780763274	-2.117236794962459
0	1	0.8113777119000535	2.079334458533454	0	0.2806843656725515	0	0.4809231126315753	0.4809231126315753	0.7193156343274485	0.2806843656725515	0.7983419878393865
3	0	0.9999999999999983	1.999999999999997	1	0.3333333333333333	3.000000000000005	0	-3.000000000000005	1	0.03703703703703698	-4.980060015025605
0	7	0.7843673112747114	2.039875252983577	0	0.2777266093221368	0	3.431582391992652	3.431582391992652	0.1025442485696812	0.8974557514303189	5.696495419542833
0	0	0.7840502342289807	2.215949765771015	0	0.2613500780763273	0	0	0	0	0	0
0	3	0.7843047420318219	2.215427144439071	0	0.2614582808447378	0	1.354140671035055	1.354140671035055	0.4028330541414186	0.5971669458585813	2.247900603513869
0	0	0.7840502342289806	2.083433450715596	0	0.2734279669473115	0	0	0	0	0	0
0	0	0.7840502342289807	1.999999999999997	0	0.2816221577431837	0	0	0	0	0	0
1	0	0.9999999999999984	1.999999999999997	1	0.3333333333333333	1.000000000000002	0	-1.000000000000002	1	0.3333333333333333	-1.660020005008535
0	0	0.7840502342289806	1.999999999999997	0	0.2816221577431837	0	0	0	0	0	0
1	0	0.7840502342289806	2.215949765771015	1	0.2613500780763273	1.2754284819306	0	-1.2754284819306	1	0.2613500780763273	-2.117236794962459
0	0	0.9999999999999984	1.999999999999997	0	0.3333333333333333	0	0	0	0	0	0
1	0	0.9999999999999984	1.999999999999997	1	0.3333333333333333	1.000000000000002	0	-1.000000000000002	1	0.3333333333333333	-1.660020005008535
1	1	0.7843673887762577	2.215632611223738	0.5	0.2614557962587529	1.274912769588961	0.451338364914064	-0.8235744046748971	0.9316408666027014	0.4545524591202074	-1.367149987373321
0	1	0.7840502342289806	2.001170179211624	0	0.2815038373427822	0	0.4997076262619292	0.4997076262619292	0.7184961626572177	0.2815038373427823	0.8295246562501294
5	2	0.9999999999999984	1.999999999999997	0.7142857142857143	0.3333333333333333	5.000000000000008	1.000000000000002	-4.000000000000006	0.993141289437586	0.04526748971193395	-6.640080020034139
2	0	0.9999999999999986	1.999999999999997	1	0.3333333333333334	2.000000000000003	0	-2.000000000000003	1	0.111111111111111	-3.320040010017069
0	0	0.9999999999999984	1.999999999999997	0	0.3333333333333333	0	0	0	0	0	0
3	1	0.9365274195725029	2.062884068688976	0.75	0.3122370582488279	3.203323188732063	0.4847582155382729	-2.71856497319379	0.9904953137296315	0.09324837802038854	-4.512872240417175
0	0	0.9999999999999984	1.784050234228979	0	0.3591889211284081	0	0	0	0	0	0
2	0	1.782549260184319	1.215758688226964	1	0.5945184053321942	1.12198862868631	0	-1.12198862868631	1	0.3534521342787352	-1.862523569011364
0	4	0.9991812598463921	2.000818740153604	0	0.3330604199487979	0	1.999181594876965	1.999181594876965	0.19785451576984	0.8021454842301601	3.318681441140624
0	0	0.9999999999999984	1.999999999999997	0	0.3333333333333333	0	0	0	0	0	0
1	0	0.9999999999999984	1.784473453522241	1	0.359134327078982	1.000000000000002	0	-1.000000000000002	1	0.359134327078982	-1.660020005008535
4	0	0.9999999999999984	1.999999999999997	1	0.3333333333333333	4.000000000000006	0	-4.000000000000006	1	0.01234567901234551	-6.640080020034139
0	0	0.9999999999999984	1.999999999999997	0	0.3333333333333333	0	0	0	0	0	0
0	0	0.9999999999999984	1.999999999999997	0	0.3333333333333333	0	0	0	0	0	0
3	0	1.782269006647517	1.216108316731146	1	0.5944111812582688	1.683247584293159	0	-1.683247584293159	0.9999999999999998	0.2100201240036346	-2.794224663308929
2	0	0.853925995540318	2.07334179390481	1	0.2917143414822947	2.342123334393291	0	-2.342123334393291	1	0.08509725702644877	-3.887971589290151
3	0	0.7840502342289805	2.215949765771015	1	0.2613500780763273	3.8262854457918	0	-3.8262854457918	1	0.01785122000911454	-6.351710384887378
0	1	0.7840502342289808	2.215949765771015	0	0.2613500780763273	0	0.4512737677751739	0.4512737677751739	0.7386499219236727	0.2613500780763273	0.7491234822423632
1	4	0.7840502342289807	2.215949765771014	0.2	0.2613500780763273	1.2754284819306	1.805095071100696	0.5296665891700965	0.6088817300958839	0.780116175943488	0.8792571340069957
0	0	0.8084366957041803	2.118831093740947	0	0.2761744923437366	0	0	0	0	0	0
1	1	0.784154705181406	2.215738251912286	0.5	0.2613942285264398	1.27525855981271	0.451316846264198	-0.823941713548512	0.9316730572930672	0.4544615143459472	-1.367759727451539
0	0	0.7840502342289807	2.215949765771015	0	0.2613500780763273	0	0	0	0	0	0
1	0	0.7840502342289806	2.215949765771014	1	0.2613500780763273	1.2754284819306	0	-1.2754284819306	1	0.2613500780763274	-2.117236794962459
0	0	0	1.290928842219471	0	0	0	0	0	0	0	0
1	4	0.9988366571139781	2.001163342886018	0.2	0.3329455523713264	1.001164697828956	1.998837333403939	0.9976726355749832	0.4616715593967371	0.8679293178468692	1.656156533504059
1	0	0.9999999999999984	1.927374558941612	1	0.3416030234141093	1.000000000000002	0	-1.000000000000002	1	0.3416030234141092	-1.660020005008535
0	0	0.9999999999999984	1.999999999999997	0	0.3333333333333333	0	0	0	0	0	0
2	0	0.9999999999999983	1.999999999999997	1	0.3333333333333333	2.000000000000004	0	-2.000000000000004	1	0.1111111111111109	-3.32004001001707
0	0	0.8084366957041803	1.407513070066834	0	0.3648262736781372	0	0	0	0	0	0
2	1	0.7840502342289806	2.215949765771015	0.6666666666666666	0.2613500780763273	2.5508569638612	0.4512737677751739	-2.099583196086026	0.9821487799908855	0.169209149913278	-3.485350107682554
0	0	0.9999999999999984	1.927267789445129	0	0.3416154830814271	0	0	0	0	0	0
1	0	0.9999999999999984	1.999999999999997	1	0.3333333333333333	1.000000000000002	0	-1.000000000000002	1	0.3333333333333333	-1.660020005008535
2	0	0.7840502342289808	2.215949765771015	1	0.2613500780763273	2.550856963861199	0	-2.550856963861199	0.9999999999999999	0.06830386331050253	-4.234473589924917
0	0	0.9999999999999984	1.999999999999997	0	0.3333333333333333	0	0	0	0	0	0
0	11	0.9999999999999984	1.999999999999997	0	0.3333333333333333	0	5.500000000000009	5.500000000000009	0.01156101994388842	0.9884389800561115	9.130110027546941
0	0	0.7840502342289807	2.083433450715596	0	0.2734279669473115	0	0	0	0	0	0
0	9	0.2359173655599249	2.752229763058613	0	0.07895105408313437	0	3.270075820268037	3.270075820268037	0.4770285682448531	0.5229714317551468	5.428391279539627
1	0	0.9366753985400438	2.063003000410449	1	0.3122586070785993	1.067605705838605	0	-1.067605705838605	1	0.3122586070785993	-1.772246829153338
2	10	0.9085128257389421	1.989289950132543	0.1666666666666667	0.3135178257484125	2.201399851865925	5.026919278073927	2.825519426208002	0.2217690613387037	0.9290169515320307	4.690418772045512
1	1	0.9999999999999983	1.999999999999997	0.5	0.3333333333333333	1.000000000000002	0.5000000000000009	-0.5000000000000009	0.8888888888888891	0.5555555555555555	-0.8300100025042676
1	5	0.7853297667094412	2.20893601359691	0.1666666666666667	0.2622779086194185	1.273350434926253	2.26353319843714	0.9901827635108866	0.5050531545346051	0.8388030825291408	1.643723196042704
2	5	0.7841803894455593	2.215337345470215	0.2857142857142857	0.2614354902180897	2.550433582525653	2.256992602153208	-0.2934409803724454	0.7323184482281232	0.5831025157842725	-0.4871178977075754
1	0	0.7840502342289806	2.215949765771015	1	0.2613500780763273	1.2754284819306	0	-1.2754284819306	1	0.2613500780763273	-2.117236794962459
0	0	0.7840502342289807	2.215949765771015	0	0.2613500780763273	0	0	0	0	0	0
2	0	0.7840502342289806	2.215949765771015	1	0.2613500780763273	2.5508569638612	0	-2.5508569638612	0.9999999999999999	0.06830386331050242	-4.234473589924918
1	0	0.7840502342289806	2.215949765771015	1	0.2613500780763273	1.2754284819306	0	-1.2754284819306	1	0.2613500780763273	-2.117236794962459
2	1	0.8907670857483393	2.000266339282371	0.6666666666666666	0.3081137277888362	2.245255838477448	0.4999334240453032	-1.745322414432144	0.9707495100286236	0.2263012278130457	-2.897270123147152
3	0	1.628880901092803	1.21969041409841	1	0.5718238095027166	1.841755279951607	0	-1.841755279951607	0.9999999999999997	0.186976361129486	-3.057350609049756
2	0	0.7840502342289807	2.215949765771015	1	0.2613500780763273	2.550856963861199	0	-2.550856963861199	0.9999999999999999	0.06830386331050242	-4.234473589924917
0	0	0	1.290928842219471	0	0	0	0	0	0	0	0
0	0	1.638585813119243	1.228897871825334	0	0.5714368391082629	0	0	0	0	0	0
2	0	0.9999999999999986	1.999999999999997	1	0.3333333333333334	2.000000000000003	0	-2.000000000000003	1	0.111111111111111	-3.320040010017069
2	0	0.7840502342289807	2.215949765771015	1	0.2613500780763273	2.550856963861199	0	-2.550856963861199	0.9999999999999999	0.06830386331050242	-4.234473589924917
3	6	1.544352373886993	1.240693898692772	0.3333333333333333	0.5545158761245544	1.942561847105706	4.836003470575424	2.893441623469717	0.1589238245559008	0.9530237344178308	4.803170978284095
0	5	0.7932958052327812	2.17088789847698	0	0.2676270719118888	0	2.303205063470954	2.303205063470954	0.2106984845265151	0.7893015154734849	3.82336648099873
0	5	0.7847916783489723	2.210871517796549	0	0.2619759388701484	0	2.261551591647089	2.261551591647089	0.2189538594555831	0.7810461405444169	3.754220884493054
3	2	0.8125401505600669	2.080151894633584	0.6	0.2808941075874779	3.692125241973782	0.9614682491022115	-2.73065699287157	0.9758675318691568	0.1387401113105782	-4.532945234983248
0	1	0.7840502342289807	2.000105625160009	0	0.2816114735764284	0	0.4999735951045085	0.4999735951045085	0.7183885264235716	0.2816114735764284	0.8299661698495201
0	2	0.9995306171382503	1.997592929594405	0	0.3334966348744277	0	1.001204985445199	1.001204985445199	0.4442267357237119	0.555773264276288	1.662020304953307
0	0	0.9999999999999984	1.999999999999997	0	0.3333333333333333	0	0	0	0	0	0
4	0	1.636664780695088	1.227342065918356	1	0.5714598003249778	2.443994669636141	0	-2.443994669636141	1	0.1066455505081527	-4.057080043730213
3	0	0.7840502342289807	2.215949765771015	1	0.2613500780763273	3.826285445791799	0	-3.826285445791799	1	0.01785122000911454	-6.351710384887377
2	0	0.9999999999999984	1.999999999999997	1	0.3333333333333333	2.000000000000003	0	-2.000000000000003	1	0.1111111111111109	-3.320040010017069
2	0	0.9999999999999984	1.999999999999997	1	0.3333333333333333	2.000000000000003	0	-2.000000000000003	1	0.1111111111111109	-3.320040010017069
0	0	0	2.999999999999996	0	0	0	0	0	0	0	0
1	0	0.9999999999999984	1.999999999999997	1	0.3333333333333333	1.000000000000002	0	-1.000000000000002	1	0.3333333333333333	-1.660020005008535
0	0	0.7840502342289807	2.215949765771015	0	0.2613500780763273	0	0	0	0	0	0
0	1	0.7840502342289806	2.215949765771015	0	0.2613500780763273	0	0.4512737677751739	0.4512737677751739	0.7386499219236727	0.2613500780763273	0.7491234822423634
2	0	0.8086400950812357	2.118627694363892	1	0.2762439767201879	2.473288193555479	0	-2.473288193555479	1	0.07631073467418359	-4.10570787945351
3	7	0.8083552824256861	1.544257865859276	0.3	0.3435988968330689	3.711239432985083	4.532921706119962	0.8216822731348783	0.5312458814214931	0.7243310458000483	1.364009011164783
0	0	0.7840502342289806	2.215949765771015	0	0.2613500780763273	0	0	0	0	0	0
0	0	0.7840502342289807	2.215949765771015	0	0.2613500780763273	0	0	0	0	0	0
1	0	0.8084818107463757	2.082230359687132	1	0.2796825706189666	1.23688620660101	0	-1.23688620660101	1	0.2796825706189665	-2.053255846876792
0	0	1.638585813119243	1.228897871825334	0	0.5714368391082629	0	0	0	0	0	0
1	0	0.7840502342289807	1.999999999999997	1	0.2816221577431837	1.2754284819306	0	-1.2754284819306	1	0.2816221577431837	-2.117236794962459
0	0	0.9165665492843991	2.083433450715596	0	0.3055221830948001	0	0	0	0	0	0
0	0	0	1.290928842219471	0	0	0	0	0	0	0	0
3	0	0.9999999999999986	1.998822773290564	1	0.3334641876494467	3.000000000000004	0	-3.000000000000004	1	0.03708067226750067	-4.980060015025604
1	1	0.9997953394946252	2.00020466050537	0.5	0.3332651131648756	1.000204702399871	0.4999488401088621	-0.5002558622910094	0.8889343643472027	0.5554645906769539	-0.830434739025869
1	1	0.7847927120417014	2.215207287958294	0.5	0.2615975706805675	1.274221822726181	0.4514250225863409	-0.8227968001398406	0.9315667110140254	0.4547618523751605	-1.365859148289142
0	0	0.7840502342289807	2.215949765771015	0	0.2613500780763273	0	0	0	0	0	0
6	0	0.9999999999999984	1.999999999999997	1	0.3333333333333333	6.00000000000001	0	-6.00000000000001	1	0.001371742112482699	-9.960120030051209
2	0	0.9999999999999984	1.999999999999997	1	0.3333333333333333	2.000000000000003	0	-2.000000000000003	1	0.1111111111111109	-3.320040010017069
3	0	0.9999999999999983	1.999999999999997	1	0.3333333333333333	3.000000000000005	0	-3.000000000000005	1	0.03703703703703698	-4.980060015025605
1	2	0.7846037145001845	2.215325046063011	0.3333333333333333	0.261540782172736	1.27452876084971	0.9028020531588904	-0.3717267076908198	0.8305699098014836	0.5973019303096601	-0.6170737711627199
0	3	0.8290860617967545	2.097371175910991	0	0.2833070824045822	0	1.430361985735287	1.430361985735287	0.3681284127506209	0.6318715872493792	2.374429510724306
0	0	0.7840502342289807	2.215949765771015	0	0.2613500780763273	0	0	0	0	0	0
0	0	0.8084366957041803	1.407513070066834	0	0.3648262736781372	0	0	0	0	0	0
2	4	0.9172604023389619	2.082739597661034	0.3333333333333333	0.3057534674463211	2.180405907526493	1.920547342784521	-0.2598585647419718	0.7335817748235496	0.5921715958542743	-0.4313704159444779
0	3	0.7845632007439606	2.21524093588584	0	0.2615381421619734	0	1.354254497288055	1.354254497288055	0.4027023886737576	0.5972976113262425	2.248089557370945
3	1	1.780828988409842	1.219041379987946	0.75	0.5936353141022462	1.684608696020158	0.8203166983633388	-0.8642919976568189	0.8758122058336626	0.4642318095400348	-1.434742006279107
0	1	0.7840502342289805	2.000105914220815	0	0.2816114443385425	0	0.4999735228469497	0.4999735228469497	0.7183885556614575	0.2816114443385425	0.829966049900527
2	0	0.9999999999999984	1.999999999999997	1	0.3333333333333333	2.000000000000003	0	-2.000000000000003	1	0.1111111111111109	-3.320040010017069
1	0	0.8085494655201898	1.407400300250825	1	0.3648771637378991	1.236782711069679	0	-1.236782711069679	1	0.3648771637378991	-2.053084042224354
1	2	0.9999999999999982	1.926565616096811	0.3333333333333333	0.3416974471714421	1.000000000000002	1.038116731290973	0.03811673129097093	0.7295198008363468	0.714716523827279	0.06327453646854643
0	2	0.9999999999999988	1.806892344663822	0	0.3562658902473041	0	1.106872806178227	1.106872806178227	0.4143936040590959	0.5856063959409041	1.837431001255788
1	0	0.9999999999999984	1.927410539946418	1	0.3415988247477932	1.000000000000002	0	-1.000000000000002	1	0.3415988247477932	-1.660020005008535
0	1	0.8904293691777183	2.00028280125579	0	0.3080311413516429	0	0.499929309681708	0.499929309681708	0.6919688586483571	0.3080311413516429	0.8298926551617409
2	2	0.9168936879990742	2.083106312000921	0.5	0.3056312293330253	2.181277967312192	0.9601046228307507	-1.221173344481441	0.9119799349400325	0.3582460243624958	-2.027172181422368
0	0	0.9999999999999984	1.999999999999997	0	0.3333333333333333	0	0	0	0	0	0
2	0	0.9999999999999983	1.999999999999997	1	0.3333333333333333	2.000000000000004	0	-2.000000000000004	1	0.1111111111111109	-3.32004001001707
0	0	0.9999999999999984	1.999999999999997	0	0.3333333333333333	0	0	0	0	0	0
0	0	0.9999999999999984	1.999999999999997	0	0.3333333333333333	0	0	0	0	0	0
0	0	0.8084366957041803	2.082275474729328	0	0.2796669637236635	0	0	0	0	0	0
3	2	0.8897321795487937	2.001730934413441	0.6	0.3077100223940171	3.371801165516322	0.999135281179062	-2.37266588433726	0.9662082152130582	0.1734289469642839	-3.938672833201112
1	0	0.7840502342289807	2.215949765771015	1	0.2613500780763273	1.2754284819306	0	-1.2754284819306	1	0.2613500780763273	-2.117236794962459
0	0	0.8084366957041803	1.407513070066834	0	0.3648262736781372	0	0	0	0	0	0
1	0	0.8085947529967439	1.407355012774271	1	0.3648976007880767	1.23671344179997	0	-1.23671344179997	1	0.3648976007880766	-2.052969053850906
1	4	0.9999999999999982	1.999999999999996	0.2	0.3333333333333333	1.000000000000002	2.000000000000004	1.000000000000002	0.4609053497942389	0.868312757201646	1.660020005008535
4	1	0.9999999999999986	1.999999999999997	0.8	0.3333333333333334	4.000000000000006	0.5000000000000008	-3.500000000000005	0.9958847736625515	0.04526748971193417	-5.810070017529871
3	1	0.9166894351491025	2.083310564850893	0.75	0.3055631450497013	3.272645985618936	0.4800052459156862	-2.792640739703249	0.9912822605363353	0.08796708184674307	-4.635839494709219
2	0	0.9999999999999987	1.999999999999997	1	0.3333333333333333	2.000000000000003	0	-2.000000000000003	1	0.1111111111111109	-3.320040010017069
0	0	0.7840502342289806	2.215949765771015	0	0.2613500780763273	0	0	0	0	0	0
2	0	0.9165665492843992	2.083433450715596	1	0.3055221830948002	2.182056503765582	0	-2.182056503765582	1	0.09334380436301259	-3.622257448309842
0	3	0.9994099694477561	1.927660461040216	0	0.3414369394866745	0	1.556290674956896	1.556290674956896	0.2856222928061031	0.7143777071938969	2.583473654036679
2	1	0.9995768019634883	1.999999999999997	0.6666666666666666	0.3332392760569351	2.000846754417831	0.5000000000000009	-1.50084675441783	0.9629943065424897	0.2591338584058305	-2.491435636785725
0	0	0.8907121704335108	1.999999999999997	0	0.3081289723493759	0	0	0	0	0	0
1	17	0.9973495490009785	2.002650450999017	0.05555555555555555	0.3324498496669933	1.002657494558128	8.488750491389846	7.486092996831718	0.006904869724828607	0.9993070368113448	12.42706413409493
4	1	0.8950646794267567	1.991444844796991	0.8	0.3100854758715758	4.468950783044859	0.5021479769387941	-3.966802806106065	0.9971331357847125	0.03475954244008173	-6.584972014060049
0	4	0.6970346386826518	2.302965361317343	0	0.2323448795608843	0	1.736891082769877	1.736891082769877	0.3472678709389731	0.6527321290610268	2.883273943918926
1	0	0.9359751293020471	2.062043123027888	1	0.3121979422822547	1.06840445722708	0	-1.06840445722708	1	0.3121979422822547	-1.773572772437236
2	34	0.7840502342289808	2.215949765771016	0.05555555555555555	0.2613500780763273	2.550856963861199	15.34330810435591	12.79245114049471	0.001699946519560368	0.9997478253386493	21.23572480631543
4	0	0.908392045429491	2.091607954570504	1	0.3027973484764975	4.403385102418842	0	-4.403385102418842	1	0.008406365549918582	-7.309707359771822
4	0	0.9999999999999983	1.999999999999997	1	0.3333333333333333	4.000000000000007	0	-4.000000000000007	1	0.01234567901234551	-6.640080020034141
0	0	0.7840502342289807	2.215949765771015	0	0.2613500780763273	0	0	0	0	0	0
3	0	0.8915709553218352	2.001177158935531	1	0.308208983328893	3.364847163417379	0	-3.364847163417379	1	0.02927762734746886	-5.585713605069063
0	2	0.3313234226591062	2.66867657734089	0	0.1104411408863689	0	0.7494351383684082	0.7494351383684082	0.791314963827545	0.208685036172455	1.244077322147895
0	0	0.7840502342289807	2.215949765771015	0	0.2613500780763273	0	0	0	0	0	0
1	0	0.9140745329355303	2.085925467064465	1	0.3046915109785105	1.094002692306197	0	-1.094002692306197	1	0.3046915109785105	-1.816066354761481
0	0	0.7840502342289806	1.999999999999997	0	0.2816221577431837	0	0	0	0	0	0
0	0	0	1.290928842219471	0	0	0	0	0	0	0	0
0	0	0.9999999999999984	1.999999999999997	0	0.3333333333333333	0	0	0	0	0	0
0	0	0.1915633042958183	2.808436695704177	0	0.06385443476527285	0	0	0	0	0	0
1	0	0.9999999999999984	1.999999999999997	1	0.3333333333333333	1.000000000000002	0	-1.000000000000002	1	0.3333333333333333	-1.660020005008535
0	0	0.8084366957041803	2.082275474729328	0	0.2796669637236635	0	0	0	0	0	0
3	0	0.9999999999999984	1.999999999999997	1	0.3333333333333333	3.000000000000005	0	-3.000000000000005	1	0.03703703703703698	-4.980060015025605
2	0	0.9999999999999986	1.927731494132965	1	0.3415613767874382	2.000000000000003	0	-2.000000000000003	1	0.1166641741129302	-3.320040010017069
2	0	0.7840502342289807	2.215949765771015	1	0.2613500780763273	2.550856963861199	0	-2.550856963861199	0.9999999999999999	0.06830386331050242	-4.234473589924917
0	0	0.1915633042958183	2.808436695704177	0	0.06385443476527285	0	0	0	0	0	0
0	0	0.9999999999999984	1.999999999999997	0	0.3333333333333333	0	0	0	0	0	0
5	1	1.635867131905527	1.228609710244815	0.8333333333333334	0.5710875744687443	3.056482951751582	0.8139281267773296	-2.242554824974253	0.965309044153421	0.1910177542014045	-3.722685871785667
0	0	0.9165665492843991	2.083433450715596	0	0.3055221830948001	0	0	0	0	0	0
0	1	0.7840502342289807	2.215949765771015	0	0.2613500780763273	0	0.4512737677751739	0.4512737677751739	0.7386499219236727	0.2613500780763273	0.7491234822423634
1	1	0.7840502342289807	2.215949765771015	0.5	0.2613500780763273	1.2754284819306	0.4512737677751739	-0.8241547141554257	0.9316961366894976	0.4543962928421522	-1.368113312720095
1	1	0.9992088720610685	2.000791127938927	0.5	0.3330696240203567	1.000791754317893	0.4998022962197604	-0.5009894580981329	0.8890646255549381	0.5552038735956516	-0.8316525227412844
1	0	0.9999999999999984	1.999893164774694	1	0.3333452043366696	1.000000000000002	0	-1.000000000000002	1	0.3333452043366696	-1.660020005008535
1	0	0.7840502342289806	2.215949765771015	1	0.2613500780763273	1.2754284819306	0	-1.2754284819306	1	0.2613500780763273	-2.117236794962459
0	0	1.784050234228979	1.215949765771016	0	0.5946834114096606	0	0	0	0	0	0
0	0	0.9165665492843991	2.083433450715596	0	0.3055221830948001	0	0	0	0	0	0
1	0	0.9999999999999986	1.999999999999997	1	0.3333333333333334	1.000000000000002	0	-1.000000000000002	1	0.3333333333333334	-1.660020005008535
1	0	0.9999999999999984	1.999999999999997	1	0.3333333333333333	1.000000000000002	0	-1.000000000000002	1	0.3333333333333333	-1.660020005008535
1	0	0.9395997336574095	2.060400266342586	1	0.313199911219137	1.064282975163777	0	-1.064282975163777	1	0.313199911219137	-1.766731029761868
0	0	0.9999999999999984	1.999999999999997	0	0.3333333333333333	0	0	0	0	0	0
2	0	0.7840502342289808	1.999999999999997	1	0.2816221577431837	2.550856963861199	0	-2.550856963861199	1	0.07931103973192666	-4.234473589924917
4	0	0.7840502342289807	2.215949765771015	1	0.2613500780763273	5.101713927722399	0	-5.101713927722399	1	0.004665417743139666	-8.468947179849835
0	1	0.8087597896785634	2.081952380754944	0	0.2797787334037056	0	0.4803183825162161	0.4803183825162161	0.7202212665962944	0.2797787334037056	0.797338123750259
0	2	0.1913621801272934	2.808320719265559	0	0.06379413642889582	0	0.7121693709267816	0.7121693709267816	0.8764814189849168	0.1235185810150832	1.182215402692799
1	4	1.131497289168268	1.089725471596665	0.2	0.5094028879744634	0.883784706841916	3.670649263744566	2.78686455690265	0.1759673869961401	0.9715799435194242	4.626250915707638
0	0	0.7840502342289806	2.215949765771015	0	0.2613500780763273	0	0	0	0	0	0
2	0	0.9999999999999983	1.999358690117862	1	0.3334046052226928	2.000000000000004	0	-2.000000000000004	0.9999999999999999	0.1111586307836998	-3.32004001001707
0	3	0.8087189462844069	2.0819932241491	0	0.2797646042231617	0	1.440926879685732	1.440926879685732	0.3736142072133134	0.6263857927866866	2.391967446032838
1	2	0.785003342960972	2.214996657039024	0.3333333333333333	0.2616677809869911	1.273879925438377	0.9029358999907349	-0.3709440254476426	0.8304227175559357	0.5975096603289571	-0.6157745029814807
0	0	0.9999999999999984	1.784050234228979	0	0.3591889211284081	0	0	0	0	0	0
0	1	0.1927512145717704	2.807248785428225	0	0.06425040485725692	0	0.3562206546105807	0.3562206546105807	0.935749595142743	0.06425040485725697	0.5913334128507988
0	1	0.0006586323567579928	2.999341367643237	0	0.0002195441189193312	0	0.3334065307763751	0.3334065307763751	0.9997804558810807	0.0002195441189193348	0.5534615108892755
1	1	0.8895653713477769	2.001307304618049	0.5	0.3077151680679184	1.124144477976817	0.4996733873366094	-0.6244710906402077	0.9053113753409326	0.5207417114767696	-1.036634503012241
0	0	0.9999999999999984	1.784050234228979	0	0.3591889211284081	0	0	0	0	0	0
0	0	0.7840502342289806	2.215949765771015	0	0.2613500780763273	0	0	0	0	0	0
1	0	0.9999999999999984	1.999999999999997	1	0.3333333333333333	1.000000000000002	0	-1.000000000000002	1	0.3333333333333333	-1.660020005008535
2	0	0.9999999999999984	1.999999999999997	1	0.3333333333333333	2.000000000000003	0	-2.000000000000003	1	0.1111111111111109	-3.320040010017069
0	0	0.9165665492843991	2.083433450715596	0	0.3055221830948001	0	0	0	0	0	0
1	1	0.9993637689157363	1.999182143507863	0.5	0.3332827970968076	1.00063663613196	0.5002045477683945	-0.5004320883635658	0.8889225771593281	0.5554881713529434	-0.8307272778317167
0	0	0.8084366957041803	2.082275474729328	0	0.2796669637236635	0	0	0	0	0	0
2	0	0.7840502342289807	2.083433450715596	1	0.2734279669473115	2.550856963861199	0	-2.550856963861199	1	0.07476285310893993	-4.234473589924917
4	2	0.8009405350264821	2.172766066465025	0.6666666666666666	0.2693408067308182	4.994128558954436	0.9204856569091646	-4.073642902045271	0.993404139543448	0.04873926251622218	-6.762328710656162
0	1	0.9990446857736119	2.000955314226383	0	0.3330148952578711	0	0.4997612854670988	0.4997612854670988	0.6669851047421289	0.3330148952578711	0.8296137316041639
0	4	0.8423044228838938	2.097500912593078	0	0.286517074011376	0	1.907031351445239	1.907031351445239	0.2591399309702311	0.7408600690297689	3.165710193577554
1	0	0.7840502342289807	2.083433450715596	1	0.2734279669473115	1.2754284819306	0	-1.2754284819306	1	0.2734279669473114	-2.117236794962459
0	0	0.9165665492843992	2.083433450715596	0	0.3055221830948002	0	0	0	0	0	0
3	0	0.9999999999999982	1.999999999999996	1	0.3333333333333333	3.000000000000005	0	-3.000000000000005	1	0.03703703703703698	-4.980060015025606
0	0	0.9999999999999984	1.999999999999997	0	0.3333333333333333	0	0	0	0	0	0
1	0	0.7840502342289807	2.215949765771015	1	0.2613500780763273	1.2754284819306	0	-1.2754284819306	1	0.2613500780763273	-2.117236794962459
0	0	0.9999999999999984	1.927267789445129	0	0.3416154830814271	0	0	0	0	0	0
1	0	0.7840502342289807	2.215949765771015	1	0.2613500780763273	1.2754284819306	0	-1.2754284819306	1	0.2613500780763273	-2.117236794962459
3	0	0.916566549284399	2.083433450715596	1	0.3055221830948002	3.273084755648374	0	-3.273084755648374	0.9999999999999998	0.02851860288736174	-5.433386172464763
2	0	0.9999999999999982	1.999999999999996	1	0.3333333333333333	2.000000000000004	0	-2.000000000000004	1	0.1111111111111109	-3.32004001001707
1	0	0.7840502342289806	2.215949765771015	1	0.2613500780763273	1.2754284819306	0	-1.2754284819306	1	0.2613500780763273	-2.117236794962459
0	0	0.7840502342289807	2.215949765771015	0	0.2613500780763273	0	0	0	0	0	0
1	0	0.8087075630840942	2.082004607349413	1	0.2797606663699125	1.236540927336442	0	-1.236540927336442	1	0.2797606663699126	-2.052682676390296
1	0	0.9999999999999984	1.999999999999997	1	0.3333333333333333	1.000000000000002	0	-1.000000000000002	1	0.3333333333333333	-1.660020005008535
1	0	0.7840502342289805	2.215949765771014	1	0.2613500780763273	1.2754284819306	0	-1.2754284819306	1	0.2613500780763273	-2.11723679496246
1	0	0.8084818013670731	1.407467964403942	1	0.3648466286805789	1.236886220950287	0	-1.236886220950287	1	0.3648466286805789	-2.05325587069688
1	0	0.7840502342289806	2.215949765771015	1	0.2613500780763273	1.2754284819306	0	-1.2754284819306	1	0.2613500780763273	-2.117236794962459
1	1	0.9972259176460437	2.002774082353952	0.5	0.3324086392153484	1.002781799294291	0.4993074400207209	-0.50347435927357	0.8895044965750002	0.5543217750056972	-0.8357775084029792
0	0	0.7840502342289807	2.215949765771015	0	0.2613500780763273	0	0	0	0	0	0
4	0	0.9359750585291583	2.062043026017636	1	0.3121979361477561	4.273618152053983	0	-4.273618152053983	1	0.009499923563224932	-7.094291626177206
0	1	0.9166482051501149	2.083351794849881	0	0.3055494017167054	0	0.4799957465042799	0.4799957465042799	0.6944505982832947	0.3055494017167053	0.7968025415161089
1	1	0.9988125150633714	2.001187484936624	0.5	0.3329375050211243	1.001188896733591	0.4997033049263094	-0.5014855918072816	0.8891526177503088	0.5550276277925574	-0.8324761146236302
4	0	0.7840502342289808	1.999999999999997	1	0.2816221577431837	5.101713927722399	0	-5.101713927722399	1	0.006290241023359178	-8.468947179849835
2	0	0.9999999999999984	1.999642695977608	1	0.3333730385092051	2.000000000000003	0	-2.000000000000003	1	0.1111375828048597	-3.320040010017069
1	0	0.9999999999999984	1.999999999999997	1	0.3333333333333333	1.000000000000002	0	-1.000000000000002	1	0.3333333333333333	-1.660020005008535
1	0	0.7840502342289806	2.083433450715596	1	0.2734279669473115	1.2754284819306	0	-1.2754284819306	1	0.2734279669473114	-2.117236794962459
1	0	0.9999999999999984	1.999999999999997	1	0.3333333333333333	1.000000000000002	0	-1.000000000000002	1	0.3333333333333333	-1.660020005008535
2	0	0.8912253717956828	1.998870563486524	1	0.3083722449886973	2.244101282675902	0	-2.244101282675902	1	0.09509344147936893	-3.725253022507305
0	0	0.7840502342289806	1.999999999999997	0	0.2816221577431837	0	0	0	0	0	0
2	0	0.9999999999999984	1.999999999999997	1	0.3333333333333333	2.000000000000003	0	-2.000000000000003	1	0.1111111111111109	-3.320040010017069
1	1	0.854691285785931	2.036559524120527	0.5	0.2956129862056427	1.170013099034291	0.4910241945576536	-0.6789889044766374	0.9126129623865824	0.5038389347978679	-1.127135164610045
0	1	0.8078395953308117	1.427307571755438	0	0.3614256847274697	0	0.7006198382105586	0.7006198382105586	0.6385743152725303	0.3614256847274697	1.163042947335369
0	4	0.7840502342289803	2.215949765771014	0	0.2613500780763273	0	1.805095071100697	1.805095071100697	0.2976834052643866	0.7023165947356134	2.996493928969455
1	0	0.9999999999999984	1.999999999999997	1	0.3333333333333333	1.000000000000002	0	-1.000000000000002	1	0.3333333333333333	-1.660020005008535
4	0	1.78355123757461	1.215994182553843	1	0.5946071780097368	2.242716618244992	0	-2.242716618244992	0.9999999999999998	0.1250030445003218	-3.722954451851769
0	0	0.8084366957041803	2.082275474729328	0	0.2796669637236635	0	0	0	0	0	0
0	0	1.638585813119243	1.228897871825334	0	0.5714368391082629	0	0	0	0	0	0
0	0	0.9999999999999984	1.999999999999997	0	0.3333333333333333	0	0	0	0	0	0
1	0	0.9999999999999984	1.999999999999997	1	0.3333333333333333	1.000000000000002	0	-1.000000000000002	1	0.3333333333333333	-1.660020005008535
2	0	0.9999999999999982	1.953991771395315	1	0.3385249781950645	2.000000000000004	0	-2.000000000000004	0.9999999999999999	0.114599160861969	-3.32004001001707
0	0	0	2.999999999999996	0	0	0	0	0	0	0	0
5	0	1.091188325182421	1.251618464763821	1	0.4657611245899878	4.582160461773745	0	-4.582160461773745	1	0.02191877020407573	-7.606478032703549
1	0	0.7840502342289805	2.215949765771015	1	0.2613500780763273	1.2754284819306	0	-1.2754284819306	1	0.2613500780763273	-2.11723679496246
2	1	0.9968272956026426	2.003172704397353	0.6666666666666666	0.3322757652008814	2.006365604977619	0.4992080801644342	-1.507157524813185	0.9633143684062632	0.2578502892320196	-2.501911641889031
1	0	0.9999999999999984	1.999999999999997	1	0.3333333333333333	1.000000000000002	0	-1.000000000000002	1	0.3333333333333333	-1.660020005008535
1	0	0.8544226527781175	2.07284513666701	1	0.2918840072845115	1.170380954611332	0	-1.170380954611332	1	0.2918840072845115	-1.942855798135794
1	1	0.8088319105340837	2.081880259899424	0.5	0.2798036825689175	1.23635082515437	0.480335021788578	-0.7560158033657922	0.9217098992208725	0.4813172643587074	-1.255001357689812
0	0	0.8084366957041803	1.407513070066834	0	0.3648262736781372	0	0	0	0	0	0
0	0	0.9999999999999984	1.999999999999997	0	0.3333333333333333	0	0	0	0	0	0
0	0	0.8907121704335108	1.999999999999997	0	0.3081289723493759	0	0	0	0	0	0
0	0	0.9999999999999984	1.999999999999997	0	0.3333333333333333	0	0	0	0	0	0
0	0	0.1915633042958183	2.808436695704177	0	0.06385443476527285	0	0	0	0	0	0
1	0	0.7840502342289806	2.215949765771015	1	0.2613500780763273	1.2754284819306	0	-1.2754284819306	1	0.2613500780763273	-2.117236794962459
5	0	0.9999999999999984	1.999678866155993	1	0.3333690186914815	5.000000000000008	0	-5.000000000000008	0.9999999999999999	0.004117429609031054	-8.300100025042674
0	0	0.9999999999999984	1.999999999999997	0	0.3333333333333333	0	0	0	0	0	0
1	0	0.4664948914181082	2.533505108581886	1	0.1554982971393697	2.143646197196453	0	-2.143646197196453	1	0.1554982971393697	-3.558495571006576
6	0	0.9999999999999984	1.999999999999997	1	0.3333333333333333	6.00000000000001	0	-6.00000000000001	1	0.001371742112482699	-9.960120030051209
1	0	0.9999999999999984	1.999999999999997	1	0.3333333333333333	1.000000000000002	0	-1.000000000000002	1	0.3333333333333333	-1.660020005008535
0	0	0.7840502342289807	2.215949765771015	0	0.2613500780763273	0	0	0	0	0	0
0	0	0.1915633042958183	2.808436695704177	0	0.06385443476527285	0	0	0	0	0	0
0	0	0.8084366957041803	2.118831093740947	0	0.2761744923437366	0	0	0	0	0	0
1	0	0.7840502342289806	2.215949765771015	1	0.2613500780763273	1.2754284819306	0	-1.2754284819306	1	0.2613500780763273	-2.117236794962459
0	0	0.9999999999999984	1.999999999999997	0	0.3333333333333333	0	0	0	0	0	0
0	0	0	1.290928842219471	0	0	0	0	0	0	0	0
3	0	0.8538802158634082	2.073387573581719	1	0.2916987024358519	3.513373356433284	0	-3.513373356433284	0.9999999999999999	0.02482009798959428	-5.832270056743224
2	0	0.9999999999999984	1.927552955864525	1	0.3415822070773414	2.000000000000003	0	-2.000000000000003	1	0.1166784041918276	-3.320040010017069
0	0	0	2.999999999999996	0	0	0	0	0	0	0	0
1	7	0.9031871601404565	2.096224478099323	0.125	0.3011214428275329	1.107190230477245	3.339337019071069	2.232146788593824	0.2530883029452674	0.9430867054973426	3.705408323181299
0	0	0.7840502342289806	2.215949765771015	0	0.2613500780763273	0	0	0	0	0	0
0	0	0.9999999999999984	1.999999999999997	0	0.3333333333333333	0	0	0	0	0	0
0	0	0	1.290928842219471	0	0	0	0	0	0	0	0
3	0	0.7840502342289808	1.999999999999997	1	0.2816221577431837	3.826285445791799	0	-3.826285445791799	1	0.0223357461421605	-6.351710384887376
1	0	0.9999999999999984	1.999999999999997	1	0.3333333333333333	1.000000000000002	0	-1.000000000000002	1	0.3333333333333333	-1.660020005008535
0	0	0.7840502342289807	2.215949765771015	0	0.2613500780763273	0	0	0	0	0	0
2	0	0.9366301862289627	2.062941026711669	1	0.3122546923334207	2.135314481003811	0	-2.135314481003811	1	0.09750299288423925	-3.544664755450737
2	0	0.7840502342289807	2.215949765771015	1	0.2613500780763273	2.550856963861199	0	-2.550856963861199	0.9999999999999999	0.06830386331050242	-4.234473589924917
0	0	0.8084366957041803	1.407513070066834	0	0.3648262736781372	0	0	0	0	0	0
1	0	0.7840502342289806	2.215949765771015	1	0.2613500780763273	1.2754284819306	0	-1.2754284819306	1	0.2613500780763273	-2.117236794962459
1	0	0.9999999999999984	1.999999999999997	1	0.3333333333333333	1.000000000000002	0	-1.000000000000002	1	0.3333333333333333	-1.660020005008535
1	0	0.8544904562786654	2.072777333166462	1	0.2919071700101058	1.170288085316989	0	-1.170288085316989	1	0.2919071700101058	-1.942701633249334
0	0	0.9999999999999984	1.927267789445129	0	0.3416154830814271	0	0	0	0	0	0
2	6	0.7629784659128497	2.166476636714975	0.25	0.2604506432709725	2.621305959935765	2.769473669052712	0.1481677091169464	0.6523402526175677	0.6584102802545914	0.2459613612304161
0	0	0.9999999999999984	1.927267789445129	0	0.3416154830814271	0	0	0	0	0	0
1	0	0.8087749897877321	1.407174775983282	1	0.3649789369238377	1.23643783824529	0	-1.23643783824529	1	0.3649789369238376	-2.052511546436685
0	0	0.9999999999999984	1.999999999999997	0	0.3333333333333333	0	0	0	0	0	0
1	0	0.9999999999999984	1.999999999999997	1	0.3333333333333333	1.000000000000002	0	-1.000000000000002	1	0.3333333333333333	-1.660020005008535
0	0	0.7840502342289806	2.215949765771015	0	0.2613500780763273	0	0	0	0	0	0
1	1	0.9999816066550208	2.000018393344975	0.5	0.3333272022183408	1.0000183936833	0.4999954017060453	-0.5000229919772552	0.8888929762612934	0.5555473806979749	-0.8300481696464644
0	0	0.8084366957041803	2.082275474729328	0	0.2796669637236635	0	0	0	0	0	0
0	0	0.7840502342289807	2.215949765771015	0	0.2613500780763273	0	0	0	0	0	0
2	0	0.9999999999999986	1.999999999999997	1	0.3333333333333334	2.000000000000003	0	-2.000000000000003	1	0.111111111111111	-3.320040010017069
0	0	0.8084366957041803	1.407513070066834	0	0.3648262736781372	0	0	0	0	0	0
0	2	0.9999999999999984	1.999258624512399	0	0.3334157287494915	0	1.000370825204159	1.000370825204159	0.4443345906785715	0.5556654093214286	1.660635582265797
1	1	0.9999999999999984	1.999999999999997	0.5	0.3333333333333333	1.000000000000002	0.5000000000000008	-0.5000000000000008	0.8888888888888891	0.5555555555555555	-0.8300100025042674
2	0	0.9115964196290957	2.088403580370899	1	0.303865473209699	2.19395332949393	0	-2.19395332949393	1	0.09233422580895434	-3.642006417014999
2	1	0.7840502342289807	2.215949765771015	0.6666666666666666	0.2613500780763273	2.550856963861199	0.4512737677751739	-2.099583196086026	0.9821487799908855	0.169209149913278	-3.485350107682554
0	1	0.8084366957041803	1.409831194365028	0	0.3644450245722836	0	0.709304776342666	0.709304776342666	0.6355549754277164	0.3644450245722836	1.177460118376928
1	0	0.9165665492843992	2.083433450715596	1	0.3055221830948002	1.091028251882791	0	-1.091028251882791	1	0.3055221830948003	-1.811128724154921
0	0	0.7840502342289806	2.215949765771015	0	0.2613500780763273	0	0	0	0	0	0
1	0	0.9999999999999986	1.997293335981348	1	0.3336343453593232	1.000000000000002	0	-1.000000000000002	1	0.3336343453593231	-1.660020005008535
0	0	0.8545355788902622	2.036176591543246	0	0.2956142045654138	0	0	0	0	0	0
1	0	1.783261997941682	1.216019928405741	1	0.5945629793173092	0.560770095002441	0	-0.560770095002441	1	0.5945629793173092	-0.9308895759145872
1	0	0.7840502342289806	2.215949765771015	1	0.2613500780763273	1.2754284819306	0	-1.2754284819306	1	0.2613500780763273	-2.117236794962459
3	2	0.9830140758167671	1.696218133492471	0.6	0.3669014101880361	3.051838293879321	1.179093632186357	-1.872744661692964	0.9359872173511303	0.261978886213295	-3.108793602683257
1	0	1.638472938683007	1.228806457067085	1	0.5714381867046395	0.610324391932767	0	-0.610324391932767	1	0.5714381867046395	-1.013150700153061
1	0	0.9165665492843992	2.083433450715596	1	0.3055221830948002	1.091028251882791	0	-1.091028251882791	1	0.3055221830948002	-1.811128724154921
3	0	0.9999999999999983	1.999143495543777	1	0.3334285276732609	3.000000000000005	0	-3.000000000000005	1	0.03706877754650462	-4.980060015025605
0	1	0.8086788075580463	2.082033362875461	0	0.2797507188122338	0	0.4802997002021701	0.4802997002021701	0.7202492811877661	0.2797507188122339	0.7973071107352029
1	0	0.9999999999999984	1.999999999999997	1	0.3333333333333333	1.000000000000002	0	-1.000000000000002	1	0.3333333333333333	-1.660020005008535
3	0	0.7840502342289808	2.215949765771015	1	0.2613500780763273	3.826285445791799	0	-3.826285445791799	1	0.01785122000911454	-6.351710384887376
2	0	0.8541733174289905	2.073094472016137	1	0.2917988304687702	2.341445183537081	0	-2.341445183537081	1	0.08514655746294209	-3.886845845302429
1	0	0.8086406270155709	2.082071543417937	1	0.2797375108066544	1.236643283297148	0	-1.236643283297148	1	0.2797375108066544	-2.052852589332699
1	0	0.7840502342289807	2.215949765771015	1	0.2613500780763273	1.2754284819306	0	-1.2754284819306	1	0.2613500780763273	-2.117236794962459
2	0	0.7840502342289805	2.215949765771015	1	0.2613500780763273	2.5508569638612	0	-2.5508569638612	0.9999999999999999	0.06830386331050242	-4.234473589924919
1	0	0.8544450727198766	1.361504693051138	1	0.3855886473232312	1.170350244769733	0	-1.170350244769733	1	0.3855886473232312	-1.942804819184389
0	0	0.9165665492843991	2.083433450715596	0	0.3055221830948001	0	0	0	0	0	0
1	0	0.8085269539676536	2.118740835477474	1	0.2762053259640152	1.236817146407721	0	-1.236817146407721	1	0.2762053259640151	-2.053141205574383
4	0	0.8092058058673706	2.081506364566137	1	0.279933026243155	4.943118266078781	0	-4.943118266078781	1	0.006140681277994275	-8.205675208813865
0	0	0.8084366957041803	2.118831093740947	0	0.2761744923437366	0	0	0	0	0	0
1	0	0.7840502342289807	2.215949765771015	1	0.2613500780763273	1.2754284819306	0	-1.2754284819306	1	0.2613500780763273	-2.117236794962459
1	0	0.9999999999999986	1.784213468451106	1	0.3591678624255459	1.000000000000002	0	-1.000000000000002	1	0.3591678624255459	-1.660020005008535
1	0	0.8084817465898557	2.118786042855271	1	0.2761898824238099	1.236886304753275	0	-1.236886304753275	1	0.2761898824238099	-2.053256009811516
5	0	0.9999999999999982	1.999999999999996	1	0.3333333333333333	5.000000000000009	0	-5.000000000000009	1	0.004115226337448097	-8.300100025042676
2	0	0.8086853741810756	2.118582415264052	1	0.2762594447617532	2.473149711685243	0	-2.473149711685243	1	0.07631928082007211	-4.105477996778587
4	0	0.9999999999999987	1.998538975625955	1	0.3334957484723859	4.000000000000005	0	-4.000000000000005	1	0.01236975810592555	-6.640080020034137
2	0	0.8930154318124592	2.003157140687916	1	0.3083433080928203	2.239602955058471	0	-2.239602955058471	1	0.09507559564562384	-3.717785708673286
2	2	0.9167707495709744	2.083229250429021	0.5	0.3055902498569919	2.181570475427963	0.9600479637985685	-1.221522511629394	0.9120118273887902	0.3581735603715115	-2.027751805873062
2	0	0.854015114553331	1.361934651217684	1	0.3853946184814285	2.341878926868929	0	-2.341878926868929	0.9999999999999998	0.148529011954446	-3.887565867910335
2	0	0.7840502342289807	2.215949765771015	1	0.2613500780763273	2.550856963861199	0	-2.550856963861199	0.9999999999999999	0.06830386331050242	-4.234473589924917
2	0	0.9999999999999983	1.999999999999997	1	0.3333333333333333	2.000000000000004	0	-2.000000000000004	1	0.1111111111111109	-3.32004001001707
1	0	0.8545130373541588	2.072754752090969	1	0.291914884055119	1.170257159675778	0	-1.170257159675778	1	0.2919148840551189	-1.942650296066256
1	0	0.8085043851318473	2.08220778530166	1	0.279690379900604	1.236851671295419	0	-1.236851671295419	1	0.2796903799006041	-2.053198517578632
0	0	0.7840502342289806	1.999999999999997	0	0.2816221577431837	0	0	0	0	0	0
0	2	0.9996324575021032	2.000367542497892	0	0.3332108191673682	0	0.9998162625167207	0.9998162625167207	0.4446078116754522	0.5553921883245478	1.659714997110619
1	0	0.8544676364366497	2.072800153008477	1	0.2918993743987518	1.170319339618593	0	-1.170319339618593	1	0.2918993743987518	-1.942753516015239
0	0	0.7840502342289807	2.215949765771015	0	0.2613500780763273	0	0	0	0	0	0
5	0	0.9999999999999984	1.999999999999997	1	0.3333333333333333	5.000000000000008	0	-5.000000000000008	1	0.004115226337448097	-8.300100025042674
0	0	0.8084366957041803	2.082275474729328	0	0.2796669637236635	0	0	0	0	0	0
0	0	0.1915633042958183	2.808436695704177	0	0.06385443476527285	0	0	0	0	0	0
0	0	0.7840502342289806	2.215949765771015	0	0.2613500780763273	0	0	0	0	0	0
2	0	0.9999999999999984	1.999999999999997	1	0.3333333333333333	2.000000000000003	0	-2.000000000000003	1	0.1111111111111109	-3.320040010017069
0	0	0	1.290928842219471	0	0	0	0	0	0	0	0
1	0	0.9999999999999984	1.784460109129179	1	0.359136048213218	1.000000000000002	0	-1.000000000000002	1	0.359136048213218	-1.660020005008535
0	0	0.7840502342289807	1.999999999999997	0	0.2816221577431837	0	0	0	0	0	0
4	0	0.7840502342289807	2.215949765771015	1	0.2613500780763273	5.101713927722399	0	-5.101713927722399	1	0.004665417743139666	-8.468947179849835
5	0	0.9999999999999984	1.999999999999997	1	0.3333333333333333	5.000000000000008	0	-5.000000000000008	1	0.004115226337448097	-8.300100025042674
0	0	0.8545355788902622	2.072732210554865	0	0.2919225845928644	0	0	0	0	0	0
1	1	1.001995721986414	1.998004278013582	0.5	0.3339985739954717	0.9980082529868917	0.5004994288571799	-0.4975088241297118	0.8884449525689914	0.5564421005599349	-0.8258746007235931
1	2	1.000793532518788	1.999206467481207	0.3333333333333333	0.33359784417293	0.9992070966757836	1.000396923745346	0.001189827069562721	0.7403879896923078	0.7040562449097041	0.001975136737974796
0	0	0.9999999999999984	1.999999999999997	0	0.3333333333333333	0	0	0	0	0	0
3	1	0.9999999999999983	1.999999999999997	0.75	0.3333333333333333	3.000000000000005	0.5000000000000009	-2.500000000000004	0.9876543209876545	0.1111111111111109	-4.150050012521337
4	2	1.776905035946057	1.222965291701895	0.6666666666666666	0.5923272814726093	2.251105106396599	1.635369387480141	-0.6157357189164578	0.7784619019523501	0.5284130923701386	-1.02213361119963
6	0	0.8529809883576883	2.074286801087439	1	0.2913915123970853	7.034154432389254	0	-7.034154432389254	0.9999999999999998	0.0006121549778244084	-11.6768370760856
1	0	0.7840502342289806	2.215949765771015	1	0.2613500780763273	1.2754284819306	0	-1.2754284819306	1	0.2613500780763273	-2.117236794962459
0	0	0.8084366957041803	1.407513070066834	0	0.3648262736781372	0	0	0	0	0	0
1	0	0.7840502342289808	2.215949765771015	1	0.2613500780763273	1.2754284819306	0	-1.2754284819306	1	0.2613500780763273	-2.117236794962459
1	0	0.9999999999999984	1.999999999999997	1	0.3333333333333333	1.000000000000002	0	-1.000000000000002	1	0.3333333333333333	-1.660020005008535
0	0	0.9165665492843991	2.083433450715596	0	0.3055221830948001	0	0	0	0	0	0
0	0	0.7840502342289806	2.215949765771015	0	0.2613500780763273	0	0	0	0	0	0
1	0	1.783580510008045	1.215889968767306	1	0.5946317933878316	0.5606699525974802	0	-0.5606699525974802	1	0.5946317933878316	-0.9307233375190026
1	0	0.9999999999999986	1.999999999999997	1	0.3333333333333334	1.000000000000002	0	-1.000000000000002	1	0.3333333333333334	-1.660020005008535
4	1	0.7841581145663141	2.21552013414485	0.8	0.2614140749606175	5.101012060829386	0.4513612783690552	-4.649650782460331	0.9987791991162805	0.01846674202377996	-7.718513315187724
0	1	0.9999999999999984	1.78447422281728	0	0.3591342278572855	0	0.5603891539667224	0.5603891539667224	0.6408657721427145	0.3591342278572855	0.9302572061745656
0	0	0.8084366957041803	2.118831093740947	0	0.2761744923437366	0	0	0	0	0	0
0	0	0	2.999999999999996	0	0	0	0	0	0	0	0
1	1	0.7841219483453673	2.215556665128866	0.5	0.2614019864738762	1.275311833969413	0.451353836143855	-0.8239579978255583	0.9316690014675114	0.4544729744152639	-1.367786759677204
1	0	0.8085949720781067	2.082117198355401	1	0.2797217171424041	1.23671310672385	0	-1.23671310672385	1	0.279721717142404	-2.052968497617843
1	0	1.781130282577527	1.216209677049445	1	0.5942369923227507	0.5614412431149449	0	-0.5614412431149449	1	0.5942369923227507	-0.9320036952076673
1	0	0.7840502342289806	2.215949765771015	1	0.2613500780763273	1.2754284819306	0	-1.2754284819306	1	0.2613500780763273	-2.117236794962459
0	0	0.8084366957041803	2.118831093740947	0	0.2761744923437366	0	0	0	0	0	0
1	1	0.8119763624525351	2.078735807980972	0.5	0.2808914601590261	1.231562944738377	0.4810616126208346	-0.7505013321175424	0.9210999876097303	0.4828829079277823	-1.245847225100673
1	0	0.9999999999999984	1.999999999999997	1	0.3333333333333333	1.000000000000002	0	-1.000000000000002	1	0.3333333333333333	-1.660020005008535
2	0	0.8543621607581415	2.036350009675366	1	0.295554213074772	2.340927643875573	0	-2.340927643875573	1	0.08735229286624757	-3.88598671911094
3	0	0.8543099702466469	2.036402200186861	1	0.2955361585233613	3.5116059796585	0	-3.5116059796585	1	0.02581260714799039	-5.829336175940694
0	0	0.8084366957041803	1.407513070066834	0	0.3648262736781372	0	0	0	0	0	0
1	0	1.784050234228979	1.215949765771016	1	0.5946834114096605	0.5605223332919067	0	-0.5605223332919067	1	0.5946834114096605	-0.9304782865186251
1	0	0.9366753246376487	2.0630028991105	1	0.3122586006799279	1.067605790071227	0	-1.067605790071227	1	0.3122586006799279	-1.772246968981176
1	0	0.8085043722254704	2.118763417219657	1	0.2761976116912505	1.236851691039621	0	-1.236851691039621	1	0.2761976116912505	-2.053198550354403
0	0	0.7840502342289806	2.215949765771015	0	0.2613500780763273	0	0	0	0	0	0
0	0	0.9999999999999984	1.999999999999997	0	0.3333333333333333	0	0	0	0	0	0
2	0	0.8542868450198606	2.072980944425267	1	0.2918376132515684	2.341134025016508	0	-2.341134025016508	1	0.08516919250837196	-3.886329315933548
0	0	0.7840502342289806	2.215949765771015	0	0.2613500780763273	0	0	0	0	0	0
0	2	0.009707986835627796	2.990292013164367	0	0.003235995611875937	0	0.6688310008505066	0.6688310008505066	0.9935384804438482	0.006461519556151818	1.11027284138172
1	0	0.9999999999999986	1.999394626333467	1	0.3334006106500308	1.000000000000002	0	-1.000000000000002	1	0.3334006106500308	-1.660020005008535
1	0	0.7840502342289806	2.215949765771015	1	0.2613500780763273	1.2754284819306	0	-1.2754284819306	1	0.2613500780763273	-2.117236794962459
2	0	0.9999999999999983	1.999999999999997	1	0.3333333333333333	2.000000000000004	0	-2.000000000000004	1	0.1111111111111109	-3.32004001001707
1	0	0.7840502342289806	2.083433450715596	1	0.2734279669473115	1.2754284819306	0	-1.2754284819306	1	0.2734279669473114	-2.117236794962459
0	1	0.7843674846254548	2.215632515374541	0	0.2614558282084853	0	0.451338384439152	0.451338384439152	0.7385441717915147	0.2614558282084853	0.7492307471972239
0	2	0.8098176772935597	2.081590048229223	0	0.2800773028809488	0	0.9608039785265929	0.9608039785265929	0.5182886898271691	0.4817113101728309	1.594953825245933
1	0	0.2100674963532093	2.789932503646786	1	0.0700224987844032	4.760374724124818	0	-4.760374724124818	1	0.07002249878440314	-7.902317273384171
0	0	0.7840502342289807	1.999999999999997	0	0.2816221577431837	0	0	0	0	0	0
0	0	0.7840502342289807	2.215949765771015	0	0.2613500780763273	0	0	0	0	0	0
2	0	0.8085948484222739	2.082117322011233	1	0.2797216743654601	2.473426591700886	0	-2.473426591700886	0.9999999999999999	0.07824421510981661	-4.105937623143542
0	0	0.7840502342289806	2.083433450715596	0	0.2734279669473115	0	0	0	0	0	0
1	0	0.7840502342289807	2.215949765771015	1	0.2613500780763273	1.2754284819306	0	-1.2754284819306	1	0.2613500780763273	-2.117236794962459
0	1	0.7841801102424811	2.215819889757514	0	0.2613933700808275	0	0.451300218317579	0.451300218317579	0.7386066299191725	0.2613933700808275	0.7491673906718992
0	1	0.9999999999999984	1.999999999999997	0	0.3333333333333333	0	0.5000000000000008	0.5000000000000008	0.6666666666666667	0.3333333333333333	0.8300100025042674
1	0	0.7840502342289807	2.083433450715596	1	0.2734279669473115	1.2754284819306	0	-1.2754284819306	1	0.2734279669473114	-2.117236794962459
0	0	0.1915633042958183	2.808436695704177	0	0.06385443476527285	0	0	0	0	0	0
2	1	0.9998125864103761	1.928741166909085	0.6666666666666666	0.3414014802620942	2.000374897440123	0.5184728864384408	-1.481902011001682	0.9602079604625291	0.2700808331005053	-2.459986983725166
0	1	0.9999999999999984	1.784261498474085	0	0.3591616665848554	0	0.5604559650338297	0.5604559650338297	0.6408383334151446	0.3591616665848554	0.9303681138825196
1	0	0.8792796958922914	2.120720304107704	1	0.2930932319640975	1.137294543103491	0	-1.137294543103491	1	0.2930932319640975	-1.887931693138833
2	0	0.8908705292224326	2.000217066538934	1	0.3081437347413967	2.244995130488417	0	-2.244995130488417	0.9999999999999999	0.09495256126037632	-3.726736827757512
1	1	0.7840502342289807	2.215949765771015	0.5	0.2613500780763273	1.2754284819306	0.4512737677751739	-0.8241547141554257	0.9316961366894976	0.4543962928421522	-1.368113312720095
1	0	0.9999999999999984	1.927339010292999	1	0.3416071717296277	1.000000000000002	0	-1.000000000000002	1	0.3416071717296277	-1.660020005008535
1	0	0.9999999999999984	1.999999999999997	1	0.3333333333333333	1.000000000000002	0	-1.000000000000002	1	0.3333333333333333	-1.660020005008535
1	0	0.7840502342289806	1.999999999999997	1	0.2816221577431837	1.2754284819306	0	-1.2754284819306	1	0.2816221577431837	-2.117236794962459
4	3	0.7840502342289807	2.215949765771015	0.5714285714285714	0.2613500780763273	5.101713927722399	1.353821303325522	-3.747892624396877	0.9842986078549817	0.08150876446554078	-6.221576733122744
4	0	0.7840502342289806	2.215949765771014	1	0.2613500780763273	5.1017139277224	0	-5.1017139277224	0.9999999999999997	0.00466541774314011	-8.468947179849836
1	8	0.7843906886455573	2.214904951058637	0.1111111111111111	0.2615249654825351	1.274874899046475	3.611893140685932	2.337018241639456	0.2734979524605747	0.9346835819415833	3.879497033191361
5	1	1.002621031752881	1.996423654020729	0.8333333333333334	0.3343134687218748	4.986929100478282	0.5008956881401571	-4.486033412338124	0.9986038784137214	0.01807590429857009	-7.446905207617976
0	1	0.7840502342289808	2.000635474888532	0	0.2815578905949326	0	0.499841181740375	0.499841181740375	0.7184421094050675	0.2815578905949325	0.829746361016128
1	0	0.9005154271888147	2.013437580753608	1	0.3090356724128092	1.110475145463917	0	-1.110475145463917	1	0.3090356724128092	-1.843410956534861
1	0	0.7840502342289806	2.215949765771015	1	0.2613500780763273	1.2754284819306	0	-1.2754284819306	1	0.2613500780763273	-2.117236794962459
1	0	0.8085045074629084	2.118763281982219	1	0.2761976578904532	1.236851484153138	0	-1.236851484153138	1	0.2761976578904533	-2.053198206918703
2	0	0.9999999999999986	1.999999999999997	1	0.3333333333333334	2.000000000000003	0	-2.000000000000003	1	0.111111111111111	-3.320040010017069
3	1	1.593389401693927	1.194407078479584	0.75	0.5715587249736233	1.882778934522039	0.8372354936751935	-1.045543440846846	0.8932805852351786	0.4267075464061947	-1.735623027911219
2	1	0.7840502342289806	2.215949765771015	0.6666666666666666	0.2613500780763273	2.5508569638612	0.4512737677751739	-2.099583196086026	0.9821487799908855	0.169209149913278	-3.485350107682554
1	1	0.7843130502294627	2.214509140915515	0.5	0.261540364929074	1.275001097721675	0.4515673390205936	-0.8234337587010812	0.9315966375127669	0.4546773673709147	-1.366916512243163
5	0	1.132386528816294	1.727067892081281	1	0.3960148903023399	4.415453445235346	0	-4.415453445235346	1	0.009739969104989976	-7.329741050274519
2	0	0.7840502342289806	2.215949765771014	1	0.2613500780763273	2.5508569638612	0	-2.5508569638612	0.9999999999999999	0.06830386331050253	-4.234473589924918
1	2	0.8543091136657852	1.365613074994275	0.3333333333333333	0.3848374136849563	1.170536500200805	1.464543681238835	0.2940071810380296	0.6696892100001971	0.7672070935973784	0.4880578021392943
1	1	0.9163750130925143	2.083624986907481	0.5	0.3054583376975052	1.091256293234441	0.479932812422355	-0.6113234808120864	0.9066952039310767	0.5176118793260873	-1.014809207679513
5	0	0.8524757942849488	2.038236376148559	1	0.2949016519196052	5.865269176579926	0	-5.865269176579926	0.9999999999999999	0.002230416794187451	-9.736464167882598
5	0	0.9999999999999986	1.941720557176541	1	0.3399371152234111	5.000000000000007	0	-5.000000000000007	0.9999999999999996	0.004539342194447404	-8.300100025042672
0	2	0.9989783572453943	2.001021642754601	0	0.3329927857484653	0	0.9994894394279542	0.9994894394279542	0.4448986238635926	0.5551013761364074	1.659172464245168
0	0	0.8545355788902622	2.072732210554865	0	0.2919225845928644	0	0	0	0	0	0
3	0	1.771983605032951	1.226134764937494	1	0.5910319028032303	1.693017921542346	0	-1.693017921542346	0.9999999999999998	0.2064585019336175	-2.81044361859826
0	0	0.8545355788902622	2.036176591543246	0	0.2956142045654138	0	0	0	0	0	0
1	1	0.9999999999999984	1.785562268969587	0.5	0.3589939493149119	1.000000000000002	0.560047676509809	-0.4399523234901925	0.8711233443552826	0.5891112429851062	-0.7303296582437048
4	0	0.9999999999999984	1.985084411048743	1	0.3349989019736535	4.000000000000006	0	-4.000000000000006	1	0.0125942855029626	-6.640080020034139
0	0	0.7840502342289807	1.999999999999997	0	0.2816221577431837	0	0	0	0	0	0
1	0	0.8085950993574111	2.082117071076096	1	0.2797217611728357	1.236712912055364	0	-1.236712912055364	1	0.2797217611728358	-2.052968174464261
2	1	0.7840502342289807	2.215949765771015	0.6666666666666666	0.2613500780763273	2.550856963861199	0.4512737677751739	-2.099583196086026	0.9821487799908855	0.169209149913278	-3.485350107682554
0	0	0	1.290928842219471	0	0	0	0	0	0	0	0
1	0	0.915146258052656	2.08485374194734	1	0.3050487526842191	1.092721508939899	0	-1.092721508939899	1	0.3050487526842192	-1.813939564743341
0	0	1.784050234228979	1.215949765771016	0	0.5946834114096606	0	0	0	0	0	0
0	0	0	1.290928842219471	0	0	0	0	0	0	0	0
0	0	0.9165665492843991	2.083433450715596	0	0.3055221830948001	0	0	0	0	0	0
1	0	0.9999999999999984	1.999682223116015	1	0.3333686456164738	1.000000000000002	0	-1.000000000000002	1	0.3333686456164737	-1.660020005008535
0	0	0.7840502342289806	2.215949765771015	0	0.2613500780763273	0	0	0	0	0	0
0	0	0.9999999999999984	1.999999999999997	0	0.3333333333333333	0	0	0	0	0	0
0	2	0.1955270130566474	2.804472986943348	0	0.06517567101888255	0	0.7131464661315352	0.7131464661315352	0.8738965260549965	0.1261034739450035	1.183837400279488
0	0	0.9999999999999984	1.784050234228979	0	0.3591889211284081	0	0	0	0	0	0
2	0	0.7840502342289806	2.083433450715596	1	0.2734279669473115	2.5508569638612	0	-2.5508569638612	1	0.07476285310893993	-4.234473589924918
0	1	0.7842614830410349	2.215738516958961	0	0.261420494347012	0	0.4513167922776701	0.4513167922776701	0.738579505652988	0.261420494347012	0.7491949037772127
0	0	1.638585813119243	1.228897871825334	0	0.5714368391082629	0	0	0	0	0	0
0	0	0.9999999999999984	1.999999999999997	0	0.3333333333333333	0	0	0	0	0	0
1	0	0.7840502342289806	2.083433450715596	1	0.2734279669473115	1.2754284819306	0	-1.2754284819306	1	0.2734279669473114	-2.117236794962459
0	3	0.9971947210791566	2.002805278920839	0	0.3323982403597194	0	1.497898987772029	1.497898987772029	0.2975448365431643	0.7024551634568357	2.486542285183598
0	4	0.9999999999999987	1.999999999999997	0	0.3333333333333333	0	2.000000000000003	2.000000000000003	0.1975308641975309	0.802469135802469	3.320040010017069
1	0	1.638404783821846	1.228751259802193	1	0.5714390004915565	0.6103497803926921	0	-0.6103497803926921	1	0.5714390004915565	-1.013192845504433
2	0	1.639282134088861	1.228754749713614	1	0.5715694046150072	1.22004623756339	0	-1.22004623756339	1	0.3266915842919538	-2.02530116139062
2	0	0.9999999999999984	1.998753876103564	1	0.3334718490799753	2.000000000000003	0	-2.000000000000003	1	0.1112034741288177	-3.320040010017069
0	0	0.7840502342289807	2.215949765771015	0	0.2613500780763273	0	0	0	0	0	0
1	0	0.9155002214489528	2.084499778551043	1	0.3051667404829847	1.092299025790852	0	-1.092299025790852	1	0.3051667404829848	-1.813238234264144
0	1	9.375682421984998e-05	2.999906243175775	0	3.125227473995005e-05	0	0.3333437510838256	0.3333437510838256	0.99996874772526	3.125227473999015e-05	0.553357295343735
0	0	0	1.290928842219471	0	0	0	0	0	0	0	0
3	0	0.9999999999999984	1.999999999999997	1	0.3333333333333333	3.000000000000005	0	-3.000000000000005	1	0.03703703703703698	-4.980060015025605
0	0	0.7840502342289807	2.083433450715596	0	0.2734279669473115	0	0	0	0	0	0
0	0	0.8084366957041803	1.407513070066834	0	0.3648262736781372	0	0	0	0	0	0
5	1	0.8228237249388093	2.067995528234434	0.8333333333333334	0.2846334041934993	6.076635673542148	0.4835600398293691	-5.593075633712779	0.9994682405681719	0.008550556851888214	-9.284617441488987
0	0	0.9999999999999984	1.999999999999997	0	0.3333333333333333	0	0	0	0	0	0
0	0	0.7840502342289807	2.215949765771015	0	0.2613500780763273	0	0	0	0	0	0
0	0	0.9165665492843991	2.083433450715596	0	0.3055221830948001	0	0	0	0	0	0
1	0	0.9367432518233054	2.063096008682697	1	0.3122644816860283	1.067528373493558	0	-1.067528373493558	1	0.3122644816860283	-1.772118455913527
0	0	0.7840502342289807	2.083433450715596	0	0.2734279669473115	0	0	0	0	0	0
1	1	0.7840502342289807	2.215949765771015	0.5	0.2613500780763273	1.2754284819306	0.4512737677751739	-0.8241547141554257	0.9316961366894976	0.4543962928421522	-1.368113312720095
1	0	0.9165665492843991	2.083433450715596	1	0.3055221830948001	1.091028251882791	0	-1.091028251882791	1	0.3055221830948001	-1.811128724154921
0	0	0.7840502342289807	2.083433450715596	0	0.2734279669473115	0	0	0	0	0	0
0	1	0.9163070644514325	2.083692935548563	0	0.305435688150478	0	0.4799171619482097	0.4799171619482097	0.6945643118495219	0.3054356881504781	0.7966720895809475