Observed S Changes	Observed NS Changes	E[S Sites]	E[NS Sites]	Observed S. Prop.	P{S}	dS	dN	dN-dS	P{S leq. observed}	P{S geq. observed}	Scaled dN-dS
0	0	0	2.999999999999998	0	0	0	0	0	0	0	0
1	2	0.8703847916359115	2.03145667278043	0.3333333333333333	0.2999422271371311	1.148917133674261	0.9845152135401561	-0.1644019201341044	0.7840727898015847	0.6569150668822122	-0.1399073760276184
9	3	0.9994941183342787	2.000505881665717	0.75	0.3331647061114267	9.004555239403588	1.499620684695041	-7.504934554708547	0.9994587034651522	0.003840501575037791	-6.386760567953117
0	3	0.9254871742647089	2.074512825735288	0	0.3084957247549033	0	1.446122657225165	1.446122657225165	0.3306622438236187	0.6693377561763814	1.230662185827408
0	2	0.9251229544659192	2.074877045534078	0	0.3083743181553067	0	0.9639125384825853	0.9639125384825853	0.4783460837871369	0.5216539162128631	0.8202974385531128
4	0	0.999999999999999	1.999999999999998	1	0.3333333333333334	4.000000000000004	0	-4.000000000000004	1	0.01234567901234573	-3.404032651528513
2	0	1.676746783889862	1.204481198083594	1	0.5819556086434361	1.192785946701044	0	-1.192785946701044	1	0.3386723304315522	-1.015070577213675
0	1	0.8069545570846609	2.193045442915337	0	0.2689848523615538	0	0.4559869031581236	0.4559869031581236	0.7310151476384461	0.2689848523615539	0.3880485767549052
0	2	0.806389702206326	2.000218085500254	0	0.2873182728767626	0	0.9998909691388981	0.9998909691388981	0.5079152441753606	0.4920847558246394	0.8509153767293235
0	5	0.9258545195857789	2.074145480414218	0	0.3086181731952599	0	2.410631292363095	2.410631292363095	0.1579755219435153	0.8420244780564847	2.051466907500086
1	1	1.803661769359099	1.195017983068285	0.5	0.6014852929523613	0.5544276742946839	0.8368074909069037	0.2823798166122198	0.6382154423620121	0.8411860282667347	0.2403075289701572
2	4	0.8066723079219831	2.075219965428515	0.3333333333333333	0.2799106390552701	2.479321504356673	1.927506513351241	-0.5518149910054311	0.7805736536181277	0.5354180266957826	-0.4695990617463495
2	3	1.799452824324703	1.198513150245183	0.4	0.6002245654515368	1.111448976580177	2.503101446476646	1.391652469896469	0.3170520235682504	0.9131323533225093	1.184307611776969
1	5	0.9998365351850232	2.000163464814973	0.1666666666666667	0.3332788450616748	1.000163491540091	2.499795685680385	1.499632194140293	0.3512736207459776	0.912165443541628	1.276199238534225
4	3	0.808579696034212	2.191420303965785	0.5714285714285714	0.2695265653447376	4.946945885011136	1.368975177683139	-3.577970707327997	0.9819983404507752	0.08999422197623264	-3.044882278489264
2	3	0.9999999999999988	1.999999999999998	0.4	0.3333333333333333	2.000000000000003	1.500000000000002	-0.5000000000000009	0.7901234567901239	0.5390946502057611	-0.4255040814410644
0	2	0.8289558195261446	1.365465207388905	0	0.3777560501648598	0	1.46470227815213	1.46470227815213	0.3871875331064364	0.6128124668935635	1.246473594899511
0	3	0.8296553552066255	2.073289421716628	0	0.2857978428669776	0	1.44697598346693	1.44697598346693	0.3643036082398193	0.6356963917601808	1.231388373424751
4	6	0.9764975933631668	2.023502406636832	0.4	0.3254991977877224	4.096272256261845	2.965155850727313	-1.131116405534532	0.8026327093574184	0.4193472707677693	-0.9625892942797771
0	2	0.9999999999999989	1.999999999999998	0	0.3333333333333334	0	1.000000000000001	1.000000000000001	0.4444444444444444	0.5555555555555556	0.8510081628821282
3	7	0.9956314959492122	1.939672586377413	0.3	0.3391919433301233	3.013163014835995	3.608856489060041	0.5956934742240461	0.5432664617340532	0.7143924307343676	0.5069400091402773
0	0	0.8073449880586259	2.192655011941371	0	0.2691149960195423	0	0	0	0	0	0
1	1	0.806389702206326	2.193610297793671	0.5	0.2687965674021089	1.240095201196079	0.4558694864834461	-0.7842257147126328	0.9277484053528435	0.4653415401570613	-0.6673824847625209
1	1	0.8063897022063259	2.193610297793671	0.5	0.2687965674021089	1.240095201196079	0.4558694864834461	-0.784225714712633	0.9277484053528436	0.4653415401570613	-0.6673824847625212
1	0	0.806389702206326	2.193610297793671	1	0.2687965674021089	1.240095201196079	0	-1.240095201196079	1	0.2687965674021089	-1.055331138968817
4	3	0.9934228418661407	2.006577158133855	0.5714285714285714	0.331140947288714	4.026482814192209	1.495083300355139	-2.53139951383707	0.9559831929856603	0.1699451300421673	-2.154241649791195
4	0	0.9999999999999992	1.999999999999998	1	0.3333333333333333	4.000000000000004	0	-4.000000000000004	1	0.01234567901234551	-3.404032651528512
6	3	0.9964267702377962	2.003357864194742	0.6666666666666666	0.332166102459648	6.02151626111782	1.49748582298643	-4.52403043813139	0.9918965066046573	0.04170947046777262	-3.84998683197702
3	0	1.805867591730068	1.193654404562847	1	0.6020517915727657	1.661251364019397	0	-1.661251364019397	1	0.2182235212639032	-1.413738471379575
3	0	0.8063897022063259	2.074785354192694	1	0.2798822308333379	3.720285603588237	0	-3.720285603588237	1	0.02192431234081205	-3.165993416906452
2	0	1.002353142685821	1.997646857314176	1	0.3341177142286073	1.995304763190515	0	-1.995304763190515	1	0.1116346469613492	-1.698020640912718
7	0	0.999999999999999	1.999645304038576	1	0.3333727486558655	7.000000000000007	0	-7.000000000000007	0.9999999999999998	0.0004576259787177905	-5.957057140174897
3	0	0.8063897022063262	2.193610297793672	1	0.2687965674021089	3.720285603588236	0	-3.720285603588236	1	0.01942098063048425	-3.165993416906451
0	0	0.8063897022063261	2.193610297793672	0	0.2687965674021089	0	0	0	0	0	0
3	1	0.999999999999999	1.999999999999998	0.75	0.3333333333333334	3.000000000000003	0.5000000000000006	-2.500000000000003	0.9876543209876543	0.1111111111111112	-2.127520407205321
1	0	0.9999999999999986	1.999999999999997	1	0.3333333333333334	1.000000000000002	0	-1.000000000000002	1	0.3333333333333334	-0.8510081628821287
2	0	0.9999999999999991	1.999999999999998	1	0.3333333333333333	2.000000000000002	0	-2.000000000000002	1	0.1111111111111109	-1.702016325764256
3	0	0.8063897022063259	2.193610297793671	1	0.2687965674021089	3.720285603588237	0	-3.720285603588237	1	0.01942098063048425	-3.165993416906452
0	0	0.9999999999999992	1.935199874643112	0	0.3406923012769577	0	0	0	0	0	0
8	0	0.999999999999999	1.999999999999998	1	0.3333333333333334	8.000000000000009	0	-8.000000000000009	1	0.0001524157902758061	-6.808065303057026
0	3	0.1783168812862421	2.821683118713755	0	0.05943896042874743	0	1.063195218521749	1.063195218521749	0.8320720915105017	0.1679279084894983	0.9047878096992553
1	0	0.999999999999999	1.999999999999998	1	0.3333333333333334	1.000000000000001	0	-1.000000000000001	1	0.3333333333333334	-0.8510081628821282
0	3	0.8291763853948354	2.072601092428275	0	0.2857477500366006	0	1.447456537082675	1.447456537082675	0.3643802683786286	0.6356197316213714	1.231797328474453
2	0	0.9999999999999989	1.999999999999998	1	0.3333333333333334	2.000000000000002	0	-2.000000000000002	1	0.111111111111111	-1.702016325764256
2	0	0.924939782528629	2.075060217471368	1	0.3083132608428766	2.162302928015852	0	-2.162302928015852	1	0.09505706681156767	-1.840137442365415
11	1	0.999271488677652	2.000728511322346	0.9166666666666666	0.3330904962258842	11.0080194668182	0.4998179384863505	-10.50820152833185	0.9999981347076957	4.668126318019272e-05	-8.942565277820854
0	1	0.806389702206326	2.193610297793672	0	0.2687965674021089	0	0.4558694864834459	0.4558694864834459	0.7312034325978911	0.2687965674021089	0.3879486542062961
2	0	0.8063897022063259	2.193610297793671	1	0.2687965674021089	2.480190402392158	0	-2.480190402392158	1	0.07225159464715636	-2.110662277937635
1	2	0.9954653512552688	1.198438660686266	0.3333333333333333	0.4537415246231825	1.004555305454894	1.668838018672339	0.6642827132174445	0.5691897409878774	0.8369973876124309	0.5653100114095324
1	0	0.9252146458073025	2.074785354192694	1	0.3084048819357679	1.080830274933059	0	-1.080830274933059	1	0.3084048819357679	-0.9197953866581675
0	0	0.8290542575725678	2.106051111930253	0	0.2824614973577599	0	0	0	0	0	0
1	0	0.9999999999999992	1.999999999999998	1	0.3333333333333333	1.000000000000001	0	-1.000000000000001	1	0.3333333333333333	-0.8510081628821281
2	0	0.9999999999999992	1.999999999999998	1	0.3333333333333333	2.000000000000002	0	-2.000000000000002	1	0.1111111111111109	-1.702016325764256
2	0	0.806389702206326	2.193610297793672	1	0.2687965674021089	2.480190402392158	0	-2.480190402392158	1	0.07225159464715647	-2.110662277937634
4	0	0.9999999999999991	1.999999999999998	1	0.3333333333333333	4.000000000000004	0	-4.000000000000004	1	0.01234567901234551	-3.404032651528512
3	0	0.999999999999999	1.999999999999998	1	0.3333333333333334	3.000000000000003	0	-3.000000000000003	0.9999999999999999	0.0370370370370372	-2.553024488646384
3	0	0.8694561377538226	2.065649231748996	1	0.2962265500884219	3.450432827756308	0	-3.450432827756308	0.9999999999999999	0.02599392982581827	-2.936346501897079
3	0	1.796200873204676	1.194740112744574	1	0.6005470792111288	1.67019181693614	0	-1.67019181693614	1	0.2165913844439513	-1.421346869791587
0	1	0.9999182310368272	2.00008176896317	0	0.333306077012276	0	0.4999795585949437	0.4999795585949437	0.666693922987724	0.333306077012276	0.4254866856385
2	0	0.8700451809809253	1.323565116812746	1	0.3966270498711713	2.298731196631785	0	-2.298731196631785	0.9999999999999999	0.1573130166895087	-1.956239012605449
2	3	0.806389702206326	2.193610297793671	0.4	0.268796567402109	2.480190402392158	1.367608459450338	-1.112581942941819	0.8756754067100283	0.4067879405170791	-0.9468163153187454
2	0	0.9999999999999989	1.999999999999998	1	0.3333333333333334	2.000000000000002	0	-2.000000000000002	1	0.111111111111111	-1.702016325764256
1	0	0.999999999999999	1.806976705210896	1	0.3562551830742274	1.000000000000001	0	-1.000000000000001	1	0.3562551830742273	-0.8510081628821282
0	1	0.5238319570953235	2.476168042904674	0	0.174610652365108	0	0.4038498125623769	0.4038498125623769	0.825389347634892	0.174610652365108	0.3436794870689998
0	1	0.999858659989555	1.999668645258244	0	0.3333387424879447	0	0.5000828524122087	0.5000828524122087	0.6666612575120553	0.3333387424879447	0.4255745895201677
0	2	0.8334606119675254	2.101486386029958	0	0.2839780795142796	0	0.9517073311991892	0.9517073311991892	0.5126873906160593	0.4873126093839407	0.8099107075252743
1	1	0.1725007685954628	2.827499231404534	0.5	0.05750025619848766	5.797075619675253	0.353669415324035	-5.443406204351218	0.9966937205371084	0.1116942329340835	-4.632383113786104
3	0	0.8063897022063259	2.074785354192694	1	0.2798822308333379	3.720285603588237	0	-3.720285603588237	1	0.02192431234081205	-3.165993416906452
1	5	0.8064225964266556	2.193482842316672	0.1666666666666667	0.2688160053353112	1.240044617339725	2.279479877179797	1.039435259840072	0.4898981684930366	0.8471870858754262	0.8845678909114063
3	3	0.8067770530435269	2.193115577642335	0.5	0.2689353094810844	3.718499415275443	1.367916962782732	-2.350582452492711	0.9515140958664803	0.2004849631813614	-2.000364854598788
1	0	0.999999999999999	1.999999999999998	1	0.3333333333333334	1.000000000000001	0	-1.000000000000001	1	0.3333333333333334	-0.8510081628821282
2	0	0.8063897022063259	2.193610297793671	1	0.2687965674021089	2.480190402392158	0	-2.480190402392158	1	0.07225159464715647	-2.110662277937635
1	4	0.870330347579963	1.336000322544721	0.2	0.3944695867055952	1.148989004899801	2.994011253216673	1.845022248316872	0.3465822062608352	0.9185896158147643	1.570128994016793
3	1	0.925296460029574	2.074703539970422	0.75	0.3084321533431917	3.242204125480082	0.481996574804252	-2.76020755067583	0.9909502082865848	0.09021571297163522	-2.348959156874014
0	2	0.9998909927530573	2.00010900724694	0	0.3332969975843527	0	0.999945499347013	0.999945499347013	0.4444928934300386	0.5555071065699615	0.8509617823815531
1	0	0.8063897022063261	2.193610297793672	1	0.2687965674021089	1.240095201196079	0	-1.240095201196079	1	0.2687965674021089	-1.055331138968817
0	0	0.9999999999999992	1.935105369502821	0	0.3407032709593625	0	0	0	0	0	0
4	1	0.8294864529919533	2.1030653090481	0.8	0.2828548378000034	4.822260792291448	0.4754964078850338	-4.346764384406415	0.9981894185964815	0.02476316203466467	-3.699131973255164
1	0	0.8063897022063261	2.193610297793671	1	0.2687965674021089	1.240095201196079	0	-1.240095201196079	1	0.2687965674021089	-1.055331138968817
1	0	0.806389702206326	2.074785354192695	1	0.2798822308333379	1.240095201196079	0	-1.240095201196079	1	0.279882230833338	-1.055331138968817
1	0	0.9999999999999991	1.999999999999998	1	0.3333333333333333	1.000000000000001	0	-1.000000000000001	1	0.3333333333333333	-0.8510081628821281
0	2	1.803408120720283	1.196591879279715	0	0.6011360402400947	0	1.671413649576073	1.671413649576073	0.1590924583953513	0.8409075416046486	1.422386659341846
0	2	0.1717546910766475	2.82824530892335	0	0.05725156369221588	0	0.7071522380642983	0.7071522380642983	0.8887746141607722	0.1112253858392278	0.6017923269930833
0	0	0.8063897022063261	2.193610297793672	0	0.2687965674021089	0	0	0	0	0	0
1	0	0.9999999999999992	1.999999999999998	1	0.3333333333333333	1.000000000000001	0	-1.000000000000001	1	0.3333333333333333	-0.8510081628821281
0	0	1.806389702206325	1.193610297793672	0	0.6021299007354423	0	0	0	0	0	0
0	0	1.676600441211971	1.204574615187051	0	0.5819155061363873	0	0	0	0	0	0
2	0	0.9999999999999989	1.935484430304286	1	0.3406592757490256	2.000000000000002	0	-2.000000000000002	0.9999999999999998	0.1160487421538509	-1.702016325764256
4	0	0.806389702206326	2.193610297793672	1	0.2687965674021089	4.960380804784315	0	-4.960380804784315	1	0.005220292929056902	-4.221324555875269
2	0	0.999999999999999	1.999999999999998	1	0.3333333333333334	2.000000000000002	0	-2.000000000000002	1	0.111111111111111	-1.702016325764256
2	1	0.8694504239207426	1.327409623738393	0.6666666666666666	0.3957696007295438	2.300303668817713	0.7533469564456623	-1.546956712372051	0.9380091918246354	0.3459191142341382	-1.316472789853915
0	0	0.8063897022063261	2.074785354192695	0	0.2798822308333379	0	0	0	0	0	0
0	0	0.8063897022063261	2.193610297793672	0	0.2687965674021089	0	0	0	0	0	0
0	5	0.9986589588919271	2.001341041108069	0	0.3328863196306427	0	2.49832482185629	2.49832482185629	0.1321293302734446	0.8678706697265555	2.12609481693074
2	5	0.8078737096630708	2.192126290336927	0.2857142857142857	0.2692912365543572	2.475634466226304	2.28089048611862	-0.1947439801076833	0.7154018162189664	0.6018362656808856	-0.1657287167437932
0	0	0.82896404553716	1.364646252256511	0	0.377899413752265	0	0	0	0	0	0
2	0	0.8063897022063254	2.19361029779367	1	0.2687965674021089	2.480190402392159	0	-2.480190402392159	1	0.07225159464715647	-2.110662277937636
1	0	0.8701656203860145	2.031611857437095	1	0.2998733111123344	1.149206514911942	0	-1.149206514911942	1	0.2998733111123344	-0.9779841250273841
0	0	0.8312334699392047	2.071476190723716	0	0.2863646616828249	0	0	0	0	0	0
0	0	0	1.259578521988709	0	0	0	0	0	0	0	0
0	2	0.8064061715174953	2.193546484032778	0	0.2688062993346068	0	0.911765496905747	0.911765496905747	0.5346442278927527	0.4653557721072473	0.7759198805010697
3	0	1.000884319665126	1.999115680334871	1	0.3336281065550422	2.997349384995596	0	-2.997349384995596	1	0.03713538169447206	-2.550768793640976
0	0	0.8063897022063261	2.193610297793672	0	0.2687965674021089	0	0	0	0	0	0
0	3	0.9995632579800031	2.000436742019994	0	0.3331877526600013	0	1.499672514998235	1.499672514998235	0.2964904462512892	0.7035095537487108	1.276233551913468
1	0	0.8290242095599408	2.106081159942879	1	0.2824512599015721	1.206237391463894	0	-1.206237391463894	1	0.282451259901572	-1.026517866509418
2	0	1.091984968207649	1.291327260545915	1	0.4581795683475094	1.831527043163186	0	-1.831527043163186	1	0.2099285168511099	-1.558644464271237
0	1	0.8063897022063261	2.193610297793672	0	0.2687965674021089	0	0.4558694864834459	0.4558694864834459	0.7312034325978911	0.2687965674021089	0.3879486542062961
0	2	0.8306368291938484	2.071140648629261	0	0.286251042866659	0	0.9656514642420139	0.9656514642420139	0.509437573808932	0.490562426191068	0.8217772785690325
2	1	0.9999999999999988	1.999999999999998	0.6666666666666666	0.3333333333333333	2.000000000000003	0.5000000000000007	-1.500000000000002	0.962962962962963	0.2592592592592592	-1.276512244323193
0	5	0.8065307036915819	2.025486709963757	0	0.2847901640020558	0	2.468542486802822	2.468542486802822	0.1871403306794967	0.8128596693205032	2.100749806690547
0	0	0.8063897022063261	2.193610297793672	0	0.2687965674021089	0	0	0	0	0	0
0	0	0.8065049871766027	2.192993399979836	0	0.2688799536049024	0	0	0	0	0	0
1	0	0.806389702206326	2.074785354192694	1	0.2798822308333379	1.240095201196079	0	-1.240095201196079	1	0.279882230833338	-1.055331138968817
2	0	0.806389702206326	1.999999999999998	1	0.2873406004776741	2.480190402392158	0	-2.480190402392158	1	0.08256462068287029	-2.110662277937634
0	0	0.999999999999999	1.999999999999998	0	0.3333333333333334	0	0	0	0	0	0
0	0	0.8063897022063261	1.999999999999998	0	0.2873406004776741	0	0	0	0	0	0
1	1	0.8063897022063261	2.193469071711218	0.5	0.2688092216932113	1.240095201196079	0.4558988375522695	-0.7841963636438094	0.9277416023326902	0.4653600457191124	-0.6673575067633629
0	1	0.9981733383686142	2.001826661631383	0	0.3327244461228717	0	0.4995437512981532	0.4995437512981532	0.6672755538771282	0.3327244461228718	0.4251158100714877
3	1	0.9999999999999989	1.999870052912242	0.75	0.3333477725240832	3.000000000000004	0.5000324888828575	-2.499967511117146	0.9876521817092865	0.1111239463643137	-2.127492758900807
0	0	0.8063897022063261	2.193610297793672	0	0.2687965674021089	0	0	0	0	0	0
0	1	0.8063897022063258	2.000921891341235	0	0.2872462408732129	0	0.4997696333512007	0.4997696333512007	0.7127537591267872	0.2872462408732128	0.4253080375424796
4	0	0.9999999999999988	1.999999999999998	1	0.3333333333333333	4.000000000000005	0	-4.000000000000005	1	0.01234567901234551	-3.404032651528514
0	0	0.9999999999999992	1.999999999999998	0	0.3333333333333333	0	0	0	0	0	0
2	0	1.001473001128963	1.998526998871034	1	0.3338243337096548	1.99705833082409	0	-1.99705833082409	1	0.1114386857766948	-1.699512941283057
1	0	0.9429790810381292	2.056913543605234	1	0.3143376110504066	1.060468911886249	0	-1.060468911886249	1	0.3143376110504066	-0.9024677004979255
3	0	0.9999999999999992	1.806514713472434	1	0.3563138276808545	3.000000000000002	0	-3.000000000000002	1	0.04523744101077487	-2.553024488646384
6	0	1.805202533994261	1.193453608266638	1	0.6020038471744182	3.32372677691969	0	-3.32372677691969	0.9999999999999993	0.04759875572910266	-2.828518618348559
0	2	0.9998636747981974	2.0001363252018	0	0.3332878915993994	0	0.9999318420449235	0.9999318420449235	0.4445050354879742	0.5554949645120258	0.8509501599059919
1	1	0.9999999999999991	1.999999999999998	0.5	0.3333333333333333	1.000000000000001	0.5000000000000004	-0.5000000000000004	0.8888888888888891	0.5555555555555555	-0.4255040814410641
1	1	0.9999999999999991	1.809997029986936	0.5	0.3558722622581023	1.000000000000001	0.5524870944165128	-0.4475129055834881	0.8733549329553003	0.5850994574715052	-0.3808371356466471
8	0	0.999999999999999	1.999291416981725	1	0.3334120833801233	8.000000000000009	0	-8.000000000000009	1	0.0001527040945975555	-6.808065303057026
1	0	0.9999999999999992	1.99978663706851	1	0.3333570420119053	1.000000000000001	0	-1.000000000000001	1	0.3333570420119053	-0.8510081628821281
1	0	0.999999999999999	1.999999999999998	1	0.3333333333333334	1.000000000000001	0	-1.000000000000001	1	0.3333333333333334	-0.8510081628821282
2	0	1.805490737963181	1.193686240357884	1	0.6019953977420472	1.1077320741375	0	-1.1077320741375	1	0.3623984589026057	-0.9426890373773626
1	0	0.8697897243599159	2.065315645142904	1	0.2963402041362659	1.149703166171464	0	-1.149703166171464	1	0.2963402041362659	-0.9784067793033426
4	0	0.8063897022063258	2.193610297793671	1	0.2687965674021089	4.960380804784317	0	-4.960380804784317	1	0.005220292929056902	-4.22132455587527
0	5	0.8066914696489069	2.193056696676	0	0.2689197308976813	0	2.279922816212852	2.279922816212852	0.2088455928943956	0.7911544071056044	1.940232927338345
1	6	0.8065630686213573	2.192942037675407	0.1428571428571428	0.2688987149674009	1.23982864936933	2.736050427652982	1.496221778283652	0.3990891207442884	0.8883540866952979	1.2732969468014
1	0	0.828979068617541	2.106126300885279	1	0.2824358802348423	1.206303075501851	0	-1.206303075501851	1	0.2824358802348423	-1.026573764161891
2	7	0.8072689461584697	2.192336627718239	0.2222222222222222	0.2691250320338451	2.477489081572318	3.192940313771762	0.7154512321994435	0.5472026932248993	0.7432746772417627	0.6088548387458027
0	0	0.8063897022063261	2.193610297793672	0	0.2687965674021089	0	0	0	0	0	0
2	1	0.8063897022063261	2.193610297793672	0.6666666666666666	0.2687965674021089	2.480190402392158	0.4558694864834459	-2.024320915908712	0.9805790193695157	0.1779128226805009	-1.722713623731338
0	0	0	1.259578521988709	0	0	0	0	0	0	0	0
2	5	0.999433980234024	2.000566019765972	0.2857142857142857	0.3331446600780085	2.001132680651589	2.499292675472367	0.498159994820778	0.5710795212869181	0.7362775246882354	0.4239382220138003
0	0	0.9999999999999991	1.935341533588659	0	0.3406758595404161	0	0	0	0	0	0
2	1	0.999999999999999	1.999999999999998	0.6666666666666666	0.3333333333333334	2.000000000000002	0.5000000000000006	-1.500000000000002	0.9629629629629628	0.2592592592592594	-1.276512244323192
2	0	0.999999999999999	1.999999999999998	1	0.3333333333333334	2.000000000000002	0	-2.000000000000002	1	0.111111111111111	-1.702016325764256
0	0	0.82896404553716	1.364646252256511	0	0.377899413752265	0	0	0	0	0	0
2	0	0.8063897022063261	2.193610297793671	1	0.2687965674021089	2.480190402392158	0	-2.480190402392158	1	0.07225159464715636	-2.110662277937634
4	0	0.9999999999999993	1.935294447705839	1	0.3406813244175818	4.000000000000003	0	-4.000000000000003	1	0.01347079750115554	-3.404032651528512
0	5	0.9993754065005604	2.000265901965585	0	0.3331649699848904	0	2.499667666727055	2.499667666727055	0.1318536115969446	0.8681463884030555	2.127237588877244
3	1	0.8065888623796977	2.193411137620299	0.75	0.2688629541265661	3.71936700334422	0.4559108791090262	-3.263456124235194	0.9947745479789071	0.06206513923596724	-2.77722780093182
1	0	0.9999999999999992	1.999999999999998	1	0.3333333333333333	1.000000000000001	0	-1.000000000000001	1	0.3333333333333333	-0.8510081628821281
0	6	0.9999999999999989	1.999999999999998	0	0.3333333333333334	0	3.000000000000004	3.000000000000004	0.08779149519890257	0.9122085048010974	2.553024488646385
1	0	0.806389702206326	2.074785354192694	1	0.2798822308333379	1.240095201196079	0	-1.240095201196079	1	0.279882230833338	-1.055331138968817
0	7	0.1957188443506817	2.800300266694095	0	0.06532630036609821	0	2.49973193348436	2.49973193348436	0.623189542645665	0.376810457354335	2.127292280412314
0	0	0.942964002801789	2.05689271538996	0	0.3143363471606697	0	0	0	0	0	0
2	3	0.9189466101670198	1.989813673516857	0.4	0.3159238027697475	2.176405003155186	1.507678854521946	-0.6687261486332401	0.8152246966576977	0.5042806530791428	-0.569091411219614
2	0	0.9999999999999989	1.999999999999998	1	0.3333333333333334	2.000000000000002	0	-2.000000000000002	1	0.111111111111111	-1.702016325764256
1	2	0.8074775266355728	2.187789274371201	0.3333333333333333	0.2695845079190148	1.238424559215399	0.9141648253919819	-0.3242597338234172	0.8211571225570535	0.6103183746706651	-0.2759476803777139
1	7	0.8064692068952276	2.193315618110134	0.125	0.2688423516822698	1.239972948068078	3.191515139089529	1.951542191021451	0.3219256379777071	0.9183251738850049	1.660778334768127
1	1	0.8064602379560557	2.193539762043942	0.5	0.2688200793186855	1.239986738260604	0.4558841454819124	-0.7841025927786915	0.9277357649550957	0.4653759235924666	-0.6672777069917071
0	0	0.8063897022063261	2.193610297793672	0	0.2687965674021089	0	0	0	0	0	0
0	0	0.806389702206326	2.193610297793671	0	0.2687965674021089	0	0	0	0	0	0
1	0	0.806389702206326	2.193610297793671	1	0.2687965674021089	1.240095201196079	0	-1.240095201196079	1	0.2687965674021089	-1.055331138968817
6	1	0.9018236157656216	2.000634467292881	0.8571428571428571	0.3107102979469434	6.653185717371326	0.4998414334794152	-6.153344283891911	0.9997204306659457	0.004621008448656205	-5.236546214616094
5	0	1.653758936246778	1.185278059649894	1	0.5825070045360434	3.02341525745436	0	-3.02341525745436	1	0.06706651818959153	-2.572951063876029
2	0	0.806389702206326	2.193610297793671	1	0.2687965674021089	2.480190402392158	0	-2.480190402392158	1	0.07225159464715647	-2.110662277937634
0	0	0	1.259578521988709	0	0	0	0	0	0	0	0
5	0	1.676791001402975	1.204260720438778	1	0.5820065598583086	2.981886231388699	0	-2.981886231388699	0.9999999999999998	0.06677892111548089	-2.537609523697606
1	0	0.9999999999999991	1.999999999999998	1	0.3333333333333333	1.000000000000001	0	-1.000000000000001	1	0.3333333333333333	-0.8510081628821281
3	1	0.8064144282422071	2.192702320341838	0.75	0.2688839734641656	3.720171533313573	0.4560582577593578	-3.264113275554215	0.9947729137125372	0.06207847103329267	-2.777787042068556
2	6	1.585032262051529	1.221623506079977	0.25	0.5647405285852861	1.261803969473386	4.911496848364665	3.649692878891279	0.07538149374307396	0.985340402468255	3.10591843194925
2	5	0.8107052648909553	2.171610125225432	0.2857142857142857	0.2718375352176675	2.466987802612842	2.302439071323153	-0.1645487312896892	0.7098608679462068	0.6078116046357696	-0.1400323135194232
0	1	0.8142201991549874	2.133815538696718	0	0.27619074921674	0	0.4686440706167017	0.4686440706167017	0.72380925078326	0.27619074921674	0.3988199295811213
1	11	0.8726579620407929	2.054478822370035	0.08333333333333333	0.298126813440473	1.145924340919787	5.354155944674312	4.208231603754525	0.08714200261805306	0.9857076442333259	3.581239446093647
0	0	0.8063897022063262	1.999999999999999	0	0.287340600477674	0	0	0	0	0	0
0	3	0.999749477240631	1.997652642269601	0	0.3335386569366901	0	1.50176258700892	1.50176258700892	0.2960226157987289	0.7039773842012711	1.278012220255572
0	1	0.9999999999999991	1.999219750652212	0	0.3334200502589177	0	0.500195138465277	0.500195138465277	0.6665799497410823	0.3334200502589177	0.4256701458679066
6	0	1.674323754504644	1.202510869199016	1	0.5820020868454046	3.583536328537085	0	-3.583536328537085	1.000000000000001	0.03886397796604935	-3.049618667569708
4	0	0.806389702206326	2.193610297793671	1	0.268796567402109	4.960380804784315	0	-4.960380804784315	1	0.005220292929057013	-4.221324555875269
1	3	0.9967188455855028	2.003281154414494	0.25	0.332239615195168	1.003291955829901	1.497543164816933	0.4942512089870321	0.5945369751561754	0.8011696838597361	0.4206118133623246
1	0	0.9999999999999992	1.999999999999998	1	0.3333333333333333	1.000000000000001	0	-1.000000000000001	1	0.3333333333333333	-0.8510081628821281
0	1	0.00109360108928502	2.998906398910713	0	0.0003645336964283402	0	0.3334548888765679	0.3334548888765679	0.9996354663035717	0.0003645336964283041	0.2837728323869119
1	1	0.999999999999999	1.999929406859177	0.5	0.3333411772002211	1.000000000000001	0.5000176489081516	-0.4999823510918495	0.8888836595827709	0.5555660139832129	-0.4254890620761617
0	0	0.8063897022063261	2.193610297793672	0	0.2687965674021089	0	0	0	0	0	0
2	1	0.8066335512801195	2.192828400778602	0.6666666666666666	0.2689260821349894	2.479440629299413	0.4560320359061988	-2.023408593393214	0.9805509329029661	0.1780655787633583	-1.721937229823469
1	1	0.8299525461198185	2.105152823383002	0.5	0.2827675472040735	1.204888164600717	0.4750248955289573	-0.7298632690717597	0.9200425142481918	0.4855776086563393	-0.621119599767902
0	3	0.829306435643528	1.439591399990221	0	0.3655106997851606	0	2.083924646966061	2.083924646966061	0.2554305909553735	0.7445694090446265	1.773436885399374
0	0	0.8063897022063261	2.193610297793672	0	0.2687965674021089	0	0	0	0	0	0
1	1	0.8063897022063259	2.193610297793671	0.5	0.2687965674021089	1.240095201196079	0.4558694864834461	-0.784225714712633	0.9277484053528435	0.4653415401570613	-0.6673824847625212
1	0	0.8290243725717248	2.072753105251385	1	0.2856953639304045	1.206237154280386	0	-1.206237154280386	1	0.2856953639304045	-1.026517664664317
4	0	1.676828226392481	1.204420154409515	1	0.5819797548747724	2.385456027660972	0	-2.385456027660972	0.9999999999999999	0.1147179847261588	-2.030042551735861
2	0	0.8063897022063259	1.999999999999998	1	0.287340600477674	2.480190402392158	0	-2.480190402392158	1	0.08256462068287029	-2.110662277937635
1	0	0.9252146458073028	2.074785354192695	1	0.3084048819357679	1.080830274933059	0	-1.080830274933059	1	0.3084048819357679	-0.9197953866581673
0	0	0	1.259578521988709	0	0	0	0	0	0	0	0
1	0	0.9999999999999988	1.997775959659311	1	0.3335806322610067	1.000000000000001	0	-1.000000000000001	1	0.3335806322610066	-0.8510081628821284
4	1	0.9998631681045193	2.000136831895478	0.8	0.3332877227015067	4.000547402484043	0.4999657943663413	-3.500581608117701	0.9958875883632647	0.04524496979538251	-2.979023523343208
3	1	0.8068851974846043	2.193114802515393	0.75	0.2689617324948683	3.7180010357759	0.455972482084864	-3.262028553691036	0.9947668645679009	0.06212780553130226	-2.776012926745651
0	0	0.8063897022063261	2.193610297793672	0	0.2687965674021089	0	0	0	0	0	0
8	0	0.9999999999999988	1.999999999999998	1	0.3333333333333333	8.000000000000011	0	-8.000000000000011	1	0.000152415790275473	-6.808065303057028
3	5	0.9999999999999989	1.999999999999998	0.375	0.3333333333333334	3.000000000000004	2.500000000000003	-0.5000000000000009	0.7413504039018441	0.5317786922725195	-0.4255040814410644
5	0	0.9999999999999991	1.999999999999998	1	0.3333333333333333	5.000000000000004	0	-5.000000000000004	1	0.004115226337448097	-4.25504081441064
1	1	0.8063897022063261	2.193610297793671	0.5	0.2687965674021089	1.240095201196079	0.4558694864834461	-0.7842257147126328	0.9277484053528436	0.4653415401570613	-0.6673824847625209
1	0	0.8566736204673822	2.062716838826899	1	0.2934426320878195	1.167305699753451	0	-1.167305699753451	1	0.2934426320878194	-0.9933866790690207
0	0	0.8063897022063261	2.193610297793672	0	0.2687965674021089	0	0	0	0	0	0
2	0	0.8290392497254861	1.364571048068185	1	0.3779336970469788	2.41243101658003	0	-2.41243101658003	0.9999999999999998	0.1428338793635977	-2.052998487499634
1	3	0.9260600223356171	2.073939977664379	0.25	0.3086866741118728	1.079843612596405	1.446522094327208	0.3666784817308031	0.6363478814153765	0.7715980991134077	0.3120463811061384
1	3	0.806883866257842	2.192975075867683	0.25	0.2689739357165011	1.239335723290379	1.368004603888626	0.1286688805982474	0.7058914871955777	0.7144175947990463	0.1094982676980144
2	4	1.803896223387651	1.195973908168228	0.3333333333333333	0.6013247721667413	1.108711229653817	3.344554569862198	2.235843340208381	0.1773736931103074	0.9596470928135367	1.902720933442974
0	0	0.8063897022063262	1.999999999999999	0	0.287340600477674	0	0	0	0	0	0
1	0	0.9999999999999991	1.999999999999998	1	0.3333333333333333	1.000000000000001	0	-1.000000000000001	1	0.3333333333333333	-0.8510081628821281
2	1	0.8402148914605141	1.357456031598252	0.6666666666666666	0.3823206116278249	2.380343433955896	0.7366721107147848	-1.643671323241111	0.9441165593740866	0.3267402689745955	-1.398777713173453
1	3	0.999999999999999	1.882877961504157	0.25	0.346875592152449	1.000000000000001	1.593305599903787	0.5933055999037855	0.5685272991139655	0.8180367621052151	0.504907908601799
2	0	0.999999999999999	1.81959569151665	1	0.3546607774329882	2.000000000000002	0	-2.000000000000002	1	0.1257842670493716	-1.702016325764256
4	0	0.9999999999999991	1.93534208499504	1	0.3406757955441808	4.000000000000004	0	-4.000000000000004	0.9999999999999999	0.01346992305908168	-3.404032651528512
2	1	0.901829943189292	2.000198836656708	0.6666666666666666	0.3107584423188073	2.217713012419022	0.4999502957773339	-1.717762716641688	0.9699898056748869	0.2296920397670088	-1.461830093756655
1	0	0.9180649932618677	2.08193500673813	1	0.3060216644206228	1.089247501363731	0	-1.089247501363731	1	0.3060216644206228	-0.9269585150594962
2	1	0.9993951410591201	2.000604858940877	0.6666666666666666	0.3331317136863737	2.001210450033285	0.4998488309827467	-1.501361619050538	0.9630301288696634	0.258990473730187	-1.277670993249935
3	0	0.999999999999998	1.999999999999996	1	0.3333333333333334	3.000000000000006	0	-3.000000000000006	0.9999999999999999	0.0370370370370372	-2.553024488646387
4	0	0.9999999999999991	1.999630657036436	1	0.3333743764933966	4.000000000000004	0	-4.000000000000004	1	0.01235176060362231	-3.404032651528512
0	0	0.9999999999999992	1.999999999999998	0	0.3333333333333333	0	0	0	0	0	0
0	1	0.8290171097420823	2.072760368081028	0	0.2856928610404696	0	0.4824484370693584	0.4824484370693584	0.7143071389595304	0.2856928610404696	0.4105675581157483
2	2	0.9028177388097701	1.999753273997742	0.5	0.3110407066101441	2.215286556771359	1.000123378221437	-1.215163178549922	0.9077113755861617	0.3678211262046128	-1.034113784179776
2	0	0.8063897022063259	2.193610297793671	1	0.2687965674021089	2.480190402392158	0	-2.480190402392158	1	0.07225159464715636	-2.110662277937635
1	0	0.8290092460220905	1.364601051771581	1	0.3779200192741191	1.206259163933804	0	-1.206259163933804	1	0.3779200192741191	-1.026536395059037
1	0	0.8290691994456829	1.364541098347988	1	0.3779473502105452	1.20617193434348	0	-1.20617193434348	1	0.3779473502105452	-1.026462161965627
0	2	0.9999999999999978	1.999999999999996	0	0.3333333333333333	0	1.000000000000002	1.000000000000002	0.4444444444444445	0.5555555555555555	0.8510081628821292
2	1	0.9999999999999991	1.999999999999998	0.6666666666666666	0.3333333333333333	2.000000000000002	0.5000000000000004	-1.500000000000001	0.962962962962963	0.2592592592592592	-1.276512244323192
3	7	0.9261662643479944	2.073833735652002	0.3	0.3087220881159985	3.239159226029411	3.375391131728908	0.1362319056994972	0.6262056045385775	0.6401446505439794	0.1159344637952603
2	0	0.9999999999999993	1.999999999999999	1	0.3333333333333333	2.000000000000001	0	-2.000000000000001	1	0.1111111111111109	-1.702016325764256
0	1	0.806389702206326	2.193610297793671	0	0.2687965674021089	0	0.4558694864834461	0.4558694864834461	0.7312034325978911	0.2687965674021089	0.3879486542062962
6	2	0.9254875970844367	2.07451240291556	0.75	0.3084958656948126	6.483069053439287	0.9640819679791556	-5.518987085460132	0.9984469064441264	0.01309409997484101	-4.696703060567613
3	3	0.9997134637517856	1.935460285500428	0.5	0.3405977121478686	3.000859855124304	1.550018888258576	-1.450840966865728	0.8925315108766352	0.3340406380657075	-1.234677505846533
1	5	0.9977382451035043	2.000212083637519	0.1666666666666667	0.3328067965430569	1.002266882028022	2.499734923562289	1.497468041534267	0.3522068744889993	0.9117916534118825	1.274357527000774
0	0	0.9017774778231118	1.999999999999998	0	0.3107672744429797	0	0	0	0	0	0
1	6	0.9998588760950454	2.000141123904951	0.1428571428571428	0.3332862920316821	1.000141143823722	2.999788329078486	1.999647185254764	0.2634612211264479	0.9414434216303081	1.701716077536074
2	1	0.9033761631797415	1.997854136938662	0.6666666666666666	0.3113769227981912	2.213917171513931	0.5005370419746022	-1.713380129539328	0.9698102673445061	0.2304872988428248	-1.458100476358005
0	0	0.483556238257682	2.516443761742314	0	0.1611854127525609	0	0	0	0	0	0
1	0	0.9429189811059733	2.056830524988421	1	0.3143325731666283	1.060536504236106	0	-1.060536504236106	1	0.3143325731666282	-0.9025252221394021
1	13	0.8063897022063264	2.193610297793672	0.07142857142857142	0.268796567402109	1.240095201196078	5.926303324284796	4.686208123088718	0.07676518296834479	0.9875107861769544	3.988001365713032
3	0	0.9241138763485873	2.07588612365141	1	0.3080379587828628	3.246353157095503	0	-3.246353157095503	1	0.02922891609735034	-2.762673036286438
2	0	0.9999999999999987	1.999999999999997	1	0.3333333333333333	2.000000000000003	0	-2.000000000000003	1	0.1111111111111109	-1.702016325764257
1	0	0.806389702206326	2.193610297793671	1	0.2687965674021089	1.240095201196079	0	-1.240095201196079	1	0.2687965674021089	-1.055331138968817
2	0	0.9023049023495832	2.000728554144582	1	0.3108145034743235	2.216545643043767	0	-2.216545643043767	1	0.09660565556999023	-1.886298435631059
0	2	0.2695786103522942	2.730421389647701	0	0.08985953678409822	0	0.7324876693329945	0.7324876693329945	0.8283556627828563	0.1716443372171437	0.6233529858128828
0	0	0.8063897022063261	2.193610297793672	0	0.2687965674021089	0	0	0	0	0	0
1	0	0.9252146458073025	2.074785354192695	1	0.3084048819357678	1.080830274933059	0	-1.080830274933059	1	0.3084048819357678	-0.9197953866581675
3	0	0.8063897022063262	1.999999999999998	1	0.2873406004776741	3.720285603588236	0	-3.720285603588236	1	0.02372416768522734	-3.165993416906451
0	0	0	1.259578521988709	0	0	0	0	0	0	0	0
1	0	0.9999999999999991	1.999999999999998	1	0.3333333333333333	1.000000000000001	0	-1.000000000000001	1	0.3333333333333333	-0.8510081628821281
0	0	0.1710359544628392	2.828964045537159	0	0.05701198482094645	0	0	0	0	0	0
2	0	0.9999999999999989	1.999999999999998	1	0.3333333333333334	2.000000000000002	0	-2.000000000000002	1	0.111111111111111	-1.702016325764256
1	2	0.8290321977903281	2.072757423396609	0.3333333333333333	0.2856968650440013	1.20622576863162	0.9648982449295094	-0.2413275237021109	0.8017706021798288	0.6355418481779629	-0.2053716925986264
10	0	0.999999999999999	1.999999999999998	1	0.3333333333333334	10.00000000000001	0	-10.00000000000001	1	1.693508780831188e-05	-8.510081628821283
2	0	0.999999999999999	1.935554841504057	1	0.3406511048138486	2.000000000000002	0	-2.000000000000002	1	0.1160431752108957	-1.702016325764256
1	0	0.8063897022063261	2.193610297793672	1	0.2687965674021089	1.240095201196079	0	-1.240095201196079	1	0.2687965674021089	-1.055331138968817
0	4	0.1695363608434956	2.830463639156501	0	0.05651212028116525	0	1.413196037802495	1.413196037802495	0.7924015236231948	0.2075984763768052	1.202641363922603
1	2	1.000473411414617	1.999526588585381	0.3333333333333333	0.333491137138206	0.9995268125977003	1.000236761750167	0.0007099491524670265	0.7405303107733957	0.7039140589767152	0.0006041725239806875
2	1	1.674754827317523	1.204540980588802	0.6666666666666666	0.5816543137800482	1.194204648571413	0.8301917627669099	-0.3640128858045028	0.8032137000536212	0.6213926223240587	-0.3097779372139115
0	0	0.9252146458073026	2.074785354192695	0	0.3084048819357678	0	0	0	0	0	0
2	5	0.8066724143152283	2.193327585684769	0.2857142857142857	0.268890804771743	2.479321177355208	2.279641232177806	-0.1996799451774018	0.716270715324145	0.6008922189678714	-0.1699292633098246
0	0	0.8063897022063259	2.193610297793671	0	0.2687965674021089	0	0	0	0	0	0
0	0	0.9999999999999992	1.999999999999998	0	0.3333333333333333	0	0	0	0	0	0
4	0	0.9999999999999989	1.99969234072924	1	0.3333675212028225	4.000000000000004	0	-4.000000000000004	0.9999999999999998	0.01235074466116004	-3.404032651528513
1	0	0.8063897022063259	2.193610297793671	1	0.2687965674021089	1.240095201196079	0	-1.240095201196079	1	0.2687965674021089	-1.055331138968817
3	0	1.806015340317709	1.193560887283291	1	0.60209016317019	1.661115458450231	0	-1.661115458450231	1	0.2182652491630129	-1.413622814630833
0	0	0.9252146458073028	2.074785354192695	0	0.3084048819357679	0	0	0	0	0	0
1	0	0.9999999999999992	1.999999999999998	1	0.3333333333333333	1.000000000000001	0	-1.000000000000001	1	0.3333333333333333	-0.8510081628821281
1	0	0.9999999999999992	1.999999999999998	1	0.3333333333333333	1.000000000000001	0	-1.000000000000001	1	0.3333333333333333	-0.8510081628821281
1	0	0.9456748808756309	2.054217640063939	1	0.3152362540573435	1.057445873019349	0	-1.057445873019349	1	0.3152362540573435	-0.8998950697454831
1	0	0.9999999999999992	1.999999999999998	1	0.3333333333333333	1.000000000000001	0	-1.000000000000001	1	0.3333333333333333	-0.8510081628821281
1	0	0.8063897022063261	1.999999999999998	1	0.2873406004776741	1.240095201196079	0	-1.240095201196079	1	0.2873406004776741	-1.055331138968817
0	0	0.806389702206326	2.193610297793671	0	0.2687965674021089	0	0	0	0	0	0
1	1	0.8290055708126983	2.072771907010412	0.5	0.285688884536595	1.206264511611992	0.482445751323557	-0.7238187602884347	0.9183818612522361	0.4897596303254261	-0.6159756734526798
0	1	0.1704103739830893	2.829589626016908	0	0.05680345799436317	0	0.3534081376343103	0.3534081376343103	0.9431965420056369	0.05680345799436315	0.3007532099557684
5	6	1.119546545672648	1.090080597191708	0.4545454545454545	0.5066676291011575	4.466093901433897	5.504180163794625	1.038086262360728	0.4819558680567527	0.7404239891287754	0.8834198830447769
1	6	0.8066014046572488	2.193398595342748	0.1428571428571428	0.2688671348857499	1.239769722971078	2.735480916573861	1.495711193602783	0.3991636214517489	0.8883203243310634	1.272862435070138
5	0	0.9999999999999988	1.998767654190393	1	0.333470316915893	5.000000000000006	0	-5.000000000000006	1	0.004123689066821923	-4.255040814410642
0	3	0.8293509870294756	2.072821256603246	0	0.2857690438081498	0	1.44730279586004	1.44730279586004	0.3643476798965742	0.6356523201034258	1.23166649343902
0	1	0.8064601572417083	2.19353984275829	0	0.2688200524139029	0	0.4558841287070216	0.4558841287070216	0.7311799475860971	0.2688200524139029	0.3879611148580817
1	0	0.999999999999999	1.806580863530417	1	0.3563054294976176	1.000000000000001	0	-1.000000000000001	1	0.3563054294976176	-0.8510081628821282
0	1	0.1709113131914005	2.829088686808597	0	0.05697043773046689	0	0.3534707146731648	0.3534707146731648	0.9430295622695332	0.05697043773046684	0.3008064635266426
0	2	0.0005622646325645736	2.999437735367433	0	0.0001874215441881913	0	0.6667916377850728	0.6667916377850728	0.9996251920384589	0.0003748079615411015	0.5674451266966396
1	3	0.901354631747551	2.000494448621825	0.25	0.3106138902416034	1.109441239638604	1.499629255190761	0.3901880155521575	0.6329350056795923	0.7741343879741174	0.3320531862936645
0	0	0.9999999999999992	1.806389702206325	0	0.356329699761163	0	0	0	0	0	0
0	0	0.8063897022063261	2.193610297793672	0	0.2687965674021089	0	0	0	0	0	0
1	1	0.9999999999999989	1.999999999999998	0.5	0.3333333333333334	1.000000000000001	0.5000000000000006	-0.5000000000000006	0.888888888888889	0.5555555555555556	-0.4255040814410641
1	0	0.9999999999999989	1.999999999999998	1	0.3333333333333334	1.000000000000001	0	-1.000000000000001	1	0.3333333333333334	-0.8510081628821282
2	0	0.9230144635135996	2.076985536486398	1	0.3076714878378668	2.166813283062419	0	-2.166813283062419	1	0.09466174442836661	-1.84397579132754
2	1	0.9998589064562232	1.999689464065653	0.6666666666666666	0.3333364836794623	2.000282226907948	0.5000776460395295	-1.500204580868419	0.962961912837662	0.2592634597306892	-1.276686344312185
0	2	0.8290260077385395	2.072858949144996	0	0.2856853459238672	0	0.9648509855554576	0.9648509855554576	0.5102454250279052	0.4897545749720948	0.8210960646725599
2	0	0.8063897022063258	2.074785354192694	1	0.2798822308333379	2.480190402392159	0	-2.480190402392159	1	0.0783340631362458	-2.110662277937635
3	2	0.8429536117637653	2.100733446477272	0.6	0.2863597913385064	3.558914699615451	0.9520484397265192	-2.606866259888931	0.9740807128275577	0.1455092511108451	-2.218464466707482
1	0	0.9999999999999991	1.999435863537726	1	0.3333960269517268	1.000000000000001	0	-1.000000000000001	1	0.3333960269517268	-0.8510081628821281
0	5	0.8499995041254208	2.092734884225934	0	0.2888468315353553	0	2.389218069468658	2.389218069468658	0.1818928997862539	0.8181071002137461	2.033244080023305
1	0	0.8063897022063261	2.074785354192695	1	0.2798822308333379	1.240095201196079	0	-1.240095201196079	1	0.279882230833338	-1.055331138968817
3	0	0.9246647601988132	2.075335239801184	1	0.308221586732938	3.244419090173791	0	-3.244419090173791	0.9999999999999997	0.02928121919140925	-2.761027129548501
2	0	0.9999999999999991	1.999999999999998	1	0.3333333333333333	2.000000000000002	0	-2.000000000000002	1	0.1111111111111109	-1.702016325764256
1	1	0.9998127929191878	1.999304574755808	0.5	0.3333690117283646	1.000187242133866	0.5001739167841091	-0.5000133253497565	0.8888651020192535	0.5556031254759828	-0.4255154214224797
0	0	0.8063897022063261	2.193610297793672	0	0.2687965674021089	0	0	0	0	0	0
3	0	0.9999999999999992	1.935366045859633	1	0.3406730146689919	3.000000000000002	0	-3.000000000000002	1	0.03953786379976698	-2.553024488646384
1	0	0.8063897022063261	2.193610297793671	1	0.2687965674021089	1.240095201196079	0	-1.240095201196079	1	0.2687965674021089	-1.055331138968817
7	0	0.9252146458073028	2.074785354192695	1	0.3084048819357679	7.565811924531413	0	-7.565811924531413	0.9999999999999998	0.0002653680964099792	-6.43856770660717
3	1	0.999999999999999	1.999999999999998	0.75	0.3333333333333334	3.000000000000003	0.5000000000000006	-2.500000000000003	0.9876543209876543	0.1111111111111112	-2.127520407205321
1	2	0.8063897022063261	2.193610297793671	0.3333333333333333	0.2687965674021089	1.240095201196079	0.9117389729668921	-0.3283562282291868	0.8220871773194991	0.6090558988953415	-0.2794338305562247
1	2	0.8065309776763726	2.193257198894508	0.3333333333333333	0.2688626430277937	1.239877980733008	0.9118857564940778	-0.3279922242389307	0.8220092502711873	0.6091618729951384	-0.2791240601891952
1	1	0.8295141751090754	2.072263302714034	0.5	0.2858641578993061	1.20552490844235	0.4825641600130179	-0.7229607484293326	0.9182816832285206	0.4900099990271328	-0.6152454983567341
2	0	0.999999999999999	1.999999999999998	1	0.3333333333333334	2.000000000000002	0	-2.000000000000002	1	0.111111111111111	-1.702016325764256
1	0	0.8063897022063261	2.193610297793672	1	0.2687965674021089	1.240095201196079	0	-1.240095201196079	1	0.2687965674021089	-1.055331138968817
2	0	0.8290091107754106	1.364601187018261	1	0.3779199576192847	2.412518721452057	0	-2.412518721452057	1	0.142823494366962	-2.053073125061653
0	0	0.8063897022063259	2.193610297793671	0	0.2687965674021089	0	0	0	0	0	0
3	1	1.00046363445262	1.999395082986665	0.75	0.3335035842310026	2.998609741214012	0.5001512750077468	-2.498458466206265	0.9876290793022849	0.1112625032131063	-2.126208549363491
2	0	0.806389702206326	2.193610297793672	1	0.2687965674021089	2.480190402392158	0	-2.480190402392158	1	0.07225159464715647	-2.110662277937634
1	3	0.942506490499324	2.056452766200509	0.25	0.314277857691369	1.06100065100901	1.458822711276167	0.3978220602671567	0.6264409211618921	0.7788979887715067	0.338549820661936
2	4	0.9227552393939669	2.07724476060603	0.3333333333333333	0.3075850797979893	2.167421992979991	1.925627675591302	-0.2417943173886887	0.7301371231880969	0.5960655075919727	-0.205768937836286
2	1	0.9999999999999991	1.999999999999998	0.6666666666666666	0.3333333333333333	2.000000000000002	0.5000000000000004	-1.500000000000001	0.962962962962963	0.2592592592592592	-1.276512244323192
2	0	0.806389702206326	1.999999999999998	1	0.287340600477674	2.480190402392158	0	-2.480190402392158	1	0.08256462068287029	-2.110662277937634
3	0	0.9999999999999991	1.999833920430631	1	0.3333517876404464	3.000000000000003	0	-3.000000000000003	1	0.03704318881330904	-2.553024488646384
2	4	0.9999294578788138	2.000070542121183	0.3333333333333333	0.3333098192929383	2.000141094195456	1.999929460366825	-0.0002116338286315411	0.6804305344594732	0.6487875700789757	-0.0001801021157074388
0	0	0.8063897022063261	2.074785354192695	0	0.2798822308333379	0	0	0	0	0	0
1	0	0.9999999999999991	1.999999999999998	1	0.3333333333333333	1.000000000000001	0	-1.000000000000001	1	0.3333333333333333	-0.8510081628821281
2	0	0.9020411914125537	1.999470819015078	1	0.3108865957372373	2.217193648183732	0	-2.217193648183732	1	0.09665047540908844	-1.886849893294759
0	0	0.8063897022063261	1.999999999999998	0	0.2873406004776741	0	0	0	0	0	0
4	2	0.9998090690331188	2.000190930966878	0.6666666666666666	0.3332696896777066	4.000763869713908	0.9999045436293497	-3.000859326084559	0.9821830617706899	0.1000743282810997	-2.553755782158919
5	0	0.8697582494189553	2.032019228404154	1	0.299732924411365	5.748723859003655	0	-5.748723859003655	1	0.002419202680452481	-4.892210930167354
1	0	0.8227406002795256	1.593180579139959	1	0.3405494381556022	1.215449923900985	0	-1.215449923900985	1	0.3405494381556022	-1.034357806814199
2	2	0.8064674486419796	2.193425191119277	0.5	0.2688321035069314	2.479951302892416	0.9118159160830216	-1.568135386809395	0.9379544251033923	0.2938638872808701	-1.334496014679117
2	0	0.9999999999999992	1.999999999999998	1	0.3333333333333333	2.000000000000002	0	-2.000000000000002	1	0.1111111111111109	-1.702016325764256
6	0	1.803366774298252	1.196024211785449	1	0.6012443134840865	3.327110206039364	0	-3.327110206039364	1	0.04723956516135708	-2.831397944147935
1	0	0.828994109739381	2.072783368083729	1	0.2856849348631949	1.206281188553173	0	-1.206281188553173	1	0.2856849348631949	-1.026555138189905
4	0	1.677264106965346	1.204518550132766	1	0.5820231108803715	2.384836105052741	0	-2.384836105052741	0.9999999999999998	0.1147521733340443	-2.029514992535901
1	0	0.9999999999999991	1.999999999999998	1	0.3333333333333333	1.000000000000001	0	-1.000000000000001	1	0.3333333333333333	-0.8510081628821281
2	0	0.999999999999999	1.999999999999998	1	0.3333333333333334	2.000000000000002	0	-2.000000000000002	1	0.111111111111111	-1.702016325764256
2	0	0.9999999999999979	1.949633020511907	1	0.3390252255266824	2.000000000000004	0	-2.000000000000004	1	0.1149381035434178	-1.702016325764258
0	0	0	2.999999999999998	0	0	0	0	0	0	0	0
2	0	1.091912386093444	1.192457513646738	1	0.4779928094034311	1.831648789291089	0	-1.831648789291089	0.9999999999999999	0.2284771258413849	-1.558748071219882
1	0	0.806389702206326	2.193610297793671	1	0.268796567402109	1.240095201196079	0	-1.240095201196079	1	0.268796567402109	-1.055331138968817
4	3	0.9984886730103841	2.001511326989613	0.5714285714285714	0.3328295576701283	4.006054458224586	1.498867360651998	-2.507187097572587	0.9550220939344933	0.172523654955637	-2.133636685907021
1	0	0.999999999999999	1.999999999999998	1	0.3333333333333334	1.000000000000001	0	-1.000000000000001	1	0.3333333333333334	-0.8510081628821282
3	1	0.8701549008566137	2.064997767440839	0.75	0.2964598435560596	3.44766201632225	0.484262024766886	-2.963399991555363	0.9922756223180419	0.08104843827121877	-2.521877582698441
1	1	0.8313167407603835	2.070460737062727	0.5	0.2864853515177292	1.202910937515016	0.4829842856226565	-0.719926651892359	0.9179261433657633	0.4908968464012216	-0.6126634574367973
0	2	0.8292808040634	1.365411012995776	0	0.3778575185898366	0	1.464760413505019	1.464760413505019	0.3870612671751955	0.6129387328248045	1.246523068559372
1	1	0.9999727638913792	2.000027236108619	0.5	0.33332425463046	1.000027236850447	0.4999931910655698	-0.5000340457848769	0.8888949412750482	0.5555434505359683	-0.4255330546819056
1	1	0.9017695021818293	2.000115397205091	0.5	0.3107530220693266	1.108930827201965	0.4999711523631956	-0.6089596748387693	0.9034325592747805	0.5249386034134338	-0.5182296541538387
0	0	0.9999999999999991	1.999858180790525	0	0.3333490917682244	0	0	0	0	0	0
0	1	0.1731715852612629	2.826546044260989	0	0.05772929543666514	0	0.3537886821374792	0.3537886821374792	0.9422707045633348	0.05772929543666516	0.301077056434305
1	0	0.8063897022063261	2.193610297793671	1	0.2687965674021089	1.240095201196079	0	-1.240095201196079	1	0.2687965674021089	-1.055331138968817
8	0	0.999999999999999	1.999952709902954	1	0.3333385878713896	8.000000000000009	0	-8.000000000000009	0.9999999999999996	0.000152435012326535	-6.808065303057026
3	0	0.9999999999999992	1.999999999999998	1	0.3333333333333333	3.000000000000002	0	-3.000000000000002	1	0.03703703703703698	-2.553024488646384
0	0	0.3426158809977938	2.6573841190022	0	0.1142052936659315	0	0	0	0	0	0
8	0	0.9999999999999983	1.999999999999997	1	0.3333333333333333	8.000000000000014	0	-8.000000000000014	1	0.000152415790275473	-6.808065303057031
3	0	0.999999999999999	1.999999999999998	1	0.3333333333333334	3.000000000000003	0	-3.000000000000003	0.9999999999999999	0.0370370370370372	-2.553024488646384
0	0	0.8063897022063261	2.193610297793672	0	0.2687965674021089	0	0	0	0	0	0
1	0	0.1718620072926881	2.828137992707309	1	0.05728733576422941	5.81862167068117	0	-5.81862167068117	1	0.0572873357642294	-4.951694538472516
0	0	0.82896404553716	2.10614132396566	0	0.2824307618222166	0	0	0	0	0	0
0	0	0.8063897022063261	2.193610297793672	0	0.2687965674021089	0	0	0	0	0	0
1	0	0.999999999999999	1.999999999999998	1	0.3333333333333334	1.000000000000001	0	-1.000000000000001	1	0.3333333333333334	-0.8510081628821282
0	0	0	1.259578521988709	0	0	0	0	0	0	0	0
3	0	0.8692467990553474	2.065858570447473	1	0.2961552277091128	3.451263787522997	0	-3.451263787522997	0.9999999999999997	0.02597515869355538	-2.937053655441558
2	0	0.9999999999999991	1.935389316132118	1	0.3406703139867226	2.000000000000002	0	-2.000000000000002	0.9999999999999999	0.1160562628318123	-1.702016325764256
0	0	0	2.999999999999998	0	0	0	0	0	0	0	0
3	2	0.9275650080158516	2.068424156542069	0.6	0.3096022572407134	3.234274658999137	0.9669196686155228	-2.267354990383614	0.9654388613089816	0.1760137863011029	-1.929537604967983
1	0	0.8063897022063261	2.193610297793672	1	0.2687965674021089	1.240095201196079	0	-1.240095201196079	1	0.2687965674021089	-1.055331138968817
1	0	0.9999999999999991	1.999999999999998	1	0.3333333333333333	1.000000000000001	0	-1.000000000000001	1	0.3333333333333333	-0.8510081628821281
0	0	0	1.259578521988709	0	0	0	0	0	0	0	0
2	0	0.806389702206326	1.999999999999998	1	0.287340600477674	2.480190402392158	0	-2.480190402392158	1	0.08256462068287029	-2.110662277937634
3	0	0.9999999999999991	1.999928969704796	1	0.3333412257752233	3.000000000000003	0	-3.000000000000003	1	0.03703966791329139	-2.553024488646384
1	0	0.8063897022063261	2.193610297793672	1	0.2687965674021089	1.240095201196079	0	-1.240095201196079	1	0.2687965674021089	-1.055331138968817
4	0	0.9426176217797365	2.056414244411543	1	0.3143073044358295	4.243502251154274	0	-4.243502251154274	1	0.009759282647662237	-3.61125505494097
0	0	0.8063897022063261	2.193610297793672	0	0.2687965674021089	0	0	0	0	0	0
2	0	0.8289940764642817	1.36461622132939	1	0.3779131039355906	2.412562473944496	0	-2.412562473944496	0.9999999999999999	0.1428183141262326	-2.053110358789866
3	0	0.806389702206326	2.193610297793671	1	0.2687965674021089	3.720285603588237	0	-3.720285603588237	1	0.01942098063048425	-3.165993416906451
1	4	0.9994355955698752	2.000352793806903	0.2	0.3331686992019838	1.00056472316238	1.999647268413857	0.9990825452514773	0.4612305931514814	0.8681500752612767	0.8502274014020595
6	0	0.8694964469182365	2.065608922584583	1	0.2962402835525872	6.900545736863963	0	-6.900545736863963	0.9999999999999997	0.0006758723634372465	-5.872420750412696
1	0	0.9999999999999992	1.936951237634475	1	0.3404891396172567	1.000000000000001	0	-1.000000000000001	1	0.3404891396172567	-0.8510081628821281
3	6	0.8363801861135131	2.085814039503063	0.3333333333333333	0.2862164940241229	3.586885545364703	2.876574750369154	-0.7103107949955492	0.7605278348942264	0.4999449224417486	-0.6044802847245057
2	0	0.9999999999999991	1.935342487815439	1	0.3406757487928525	2.000000000000002	0	-2.000000000000002	1	0.1160599658155707	-1.702016325764256
0	0	0.8292645472002942	1.364345750593377	0	0.3780364032911255	0	0	0	0	0	0
0	0	0.9999999999999992	1.999999999999998	0	0.3333333333333333	0	0	0	0	0	0
0	0	0.9999999999999992	1.999999999999998	0	0.3333333333333333	0	0	0	0	0	0
1	0	0.8063897022063262	2.193610297793672	1	0.2687965674021089	1.240095201196079	0	-1.240095201196079	1	0.2687965674021089	-1.055331138968817
1	1	1.000841015952665	1.999158984047332	0.5	0.3336136719842219	0.9991596907608107	0.5002103424388403	-0.4989493483219704	0.8887019178652039	0.5559292618336479	-0.4246099682867146
0	0	0.82896404553716	2.07281343228595	0	0.2856745742471756	0	0	0	0	0	0
0	0	0.8063897022063261	2.193610297793672	0	0.2687965674021089	0	0	0	0	0	0
3	0	0.999999999999999	1.999999999999998	1	0.3333333333333334	3.000000000000003	0	-3.000000000000003	0.9999999999999999	0.0370370370370372	-2.553024488646384
0	0	0.82896404553716	1.364646252256511	0	0.377899413752265	0	0	0	0	0	0
1	3	0.9999999999999989	1.999575946756582	0.25	0.3333804570213638	1.000000000000001	1.500318107379796	0.5003181073797953	0.5925088171476238	0.8025249801779613	0.4257747934179425
0	0	0.9999999999999992	1.999999999999998	0	0.3333333333333333	0	0	0	0	0	0
1	2	0.9248292463329505	2.075170753667047	0.3333333333333333	0.3082764154443172	1.081280683937181	0.9637761116601071	-0.1175045722770736	0.7734906515302659	0.6690230496192886	-0.09999735018376252
1	1	0.8063897022063261	2.193610297793672	0.5	0.2687965674021089	1.240095201196079	0.4558694864834459	-0.7842257147126329	0.9277484053528435	0.4653415401570613	-0.667382484762521
0	0	0.82896404553716	1.364646252256511	0	0.377899413752265	0	0	0	0	0	0
2	0	0.9252146458073027	2.074785354192695	1	0.3084048819357679	2.161660549866118	0	-2.161660549866118	1	0.09511357120181496	-1.839590773316335
0	0	0.8063897022063261	2.193610297793672	0	0.2687965674021089	0	0	0	0	0	0
3	0	0.9999999999999991	1.997562958115642	1	0.333604335913141	3.000000000000003	0	-3.000000000000003	1	0.03712744469260765	-2.553024488646384
2	0	0.8701806861987174	2.031596791624393	1	0.2998785030379103	2.298373236409976	0	-2.298373236409976	1	0.08992711658425789	-1.955934385534703
1	0	1.805771699975762	1.193662505291841	1	0.6020374431966096	0.55377986044051	0	-0.55377986044051	1	0.6020374431966096	-0.4712711816745992
4	0	0.806389702206326	2.193610297793671	1	0.2687965674021089	4.960380804784315	0	-4.960380804784315	1	0.005220292929056902	-4.221324555875269
1	1	1.039963170613754	1.497581516267415	0.5	0.4098304853468199	0.9615725135822177	0.6677432841802217	-0.2938292294019961	0.8320389732803899	0.65169994397403	-0.2500510727144638
3	0	1.676905813222429	1.204440746870978	1	0.5819868517197971	1.789009243300937	0	-1.789009243300937	1	0.197124007387651	-1.522461469520675
0	0	0.9252146458073028	2.074785354192695	0	0.3084048819357679	0	0	0	0	0	0
3	2	0.9997633550826708	1.999644718389196	0.6	0.3333202187208316	3.000710102794204	1.000177672367264	-2.00053243042694	0.9547389863214182	0.2098571145365324	-1.702469428403747
0	0	0.82896404553716	2.07281343228595	0	0.2856745742471756	0	0	0	0	0	0
0	0	0.9999999999999992	1.999999999999998	0	0.3333333333333333	0	0	0	0	0	0
1	0	0.8063897022063261	2.193610297793671	1	0.2687965674021089	1.240095201196079	0	-1.240095201196079	1	0.2687965674021089	-1.055331138968817
3	1	0.8700148754575631	2.065078354079804	0.75	0.2964181398744515	3.448216903673312	0.4842431271551429	-2.963973776518169	0.992279967824223	0.08101749771905109	-2.522365878385528
2	0	0.8291751321561874	2.072602345666922	1	0.2857473181500562	2.41203567550223	0	-2.41203567550223	1	0.08165152982994939	-2.052662049015304
1	1	0.8065307993915763	2.19346920060842	0.5	0.2688435997971924	1.239878254809824	0.4558988107617932	-0.783979444048031	0.9277231188480871	0.4654103184424718	-0.6671729064166664
0	0	0.8063897022063259	2.193610297793671	0	0.2687965674021089	0	0	0	0	0	0
3	0	0.8699546060293182	1.323655691764353	1	0.3965857595144939	3.448455792070256	0	-3.448455792070256	0.9999999999999998	0.06237511321273737	-2.93466402838994
0	0	0.9252146458073028	2.074785354192695	0	0.3084048819357679	0	0	0	0	0	0
2	0	0.8290541256008668	2.106051243901954	1	0.2824614523945697	2.412387729872855	0	-2.412387729872855	1	0.07978447208884965	-2.052961650158484
3	0	0.8295809901570541	2.072196487666055	1	0.2858871834581193	3.616283443804622	0	-3.616283443804622	0.9999999999999998	0.02336598309324223	-3.077486729973224
1	0	0.8290091543809927	2.106096215121827	1	0.2824461305528596	1.206259297277222	0	-1.206259297277222	1	0.2824461305528596	-1.026536508535374
1	0	0.8063897022063262	2.193610297793672	1	0.2687965674021089	1.240095201196079	0	-1.240095201196079	1	0.2687965674021089	-1.055331138968817
1	0	0.9999999999999991	1.807133781202104	1	0.3562352484575094	1.000000000000001	0	-1.000000000000001	1	0.3562352484575094	-0.8510081628821281
1	0	0.8290543857429485	2.106050983759872	1	0.2824615410258279	1.206193486454885	0	-1.206193486454885	1	0.2824615410258279	-1.026480502988359
2	0	0.999999999999999	1.999999999999998	1	0.3333333333333334	2.000000000000002	0	-2.000000000000002	1	0.111111111111111	-1.702016325764256
1	0	0.8290993632178549	2.106006006284965	1	0.282476864998648	1.206128052153912	0	-1.206128052153912	1	0.282476864998648	-1.026424817864099
4	0	0.9999999999999996	1.981919653740305	1	0.335354441473858	4.000000000000002	0	-4.000000000000002	1	0.01264783671730874	-3.404032651528511
0	1	0.9021217358064805	2.002486865419581	0	0.3105828907294728	0	0.4993790557474994	0.4993790557474994	0.6894171092705272	0.3105828907294728	0.4249756528134909
2	2	0.92438032461844	2.075619675381557	0.5	0.3081267748728136	2.163611607403638	0.9635676630557782	-1.20004394434786	0.9100251885400839	0.3626610210330222	-1.021247192457295
3	0	0.8698040124784281	1.323806285315243	1	0.3965171085097818	3.449052840595401	0	-3.449052840595401	0.9999999999999999	0.06234272647512396	-2.935172121558475
2	1	0.8063897022063259	2.193610297793671	0.6666666666666666	0.2687965674021089	2.480190402392158	0.4558694864834461	-2.024320915908712	0.9805790193695159	0.1779128226805009	-1.722713623731338
0	2	0.9998361213927167	2.000163878607281	0	0.3332787071309058	0	0.999918067409859	0.999918067409859	0.4445172823650365	0.5554827176349635	0.8509384375791113
1	0	0.8701505567403762	2.064954812762444	1	0.2964631409085567	1.149226409445793	0	-1.149226409445793	1	0.2964631409085567	-0.9780010554380875
1	0	0.8290392930228151	2.072738184800294	1	0.2857005057619904	1.206215445294316	0	-1.206215445294316	1	0.2857005057619904	-1.026499190139963
2	0	0.806389702206326	1.999999999999998	1	0.287340600477674	2.480190402392158	0	-2.480190402392158	1	0.08256462068287029	-2.110662277937634
1	1	0.9998909354419613	2.000109064558035	0.5	0.3332969784806541	1.000109076454414	0.4999727353472947	-0.5001363411071194	0.8889131241356665	0.5555070810969746	-0.4256201088361586
1	0	0.8699397174655041	2.065165652037316	1	0.2963913072779613	1.14950493686323	0	-1.14950493686323	1	0.2963913072779613	-0.9782380845439127
0	0	0.8063897022063261	2.193610297793672	0	0.2687965674021089	0	0	0	0	0	0
0	1	0.9999999999999987	1.999999999999997	0	0.3333333333333333	0	0.5000000000000007	0.5000000000000007	0.6666666666666667	0.3333333333333333	0.4255040814410642
1	0	0.8290091463192532	2.072768331503857	1	0.285690116714659	1.206259309007549	0	-1.206259309007549	1	0.285690116714659	-1.026536518517978
0	6	0.1744474633000528	2.825552536699944	0	0.05814915443335101	0	2.123478477950227	2.123478477950227	0.6980600629199368	0.3019399370800632	1.807097518440159
3	0	0.8063897022063261	2.193610297793672	1	0.2687965674021089	3.720285603588236	0	-3.720285603588236	1	0.01942098063048425	-3.165993416906451
0	0	0.9999999999999992	1.999999999999998	0	0.3333333333333333	0	0	0	0	0	0
0	0	0	1.259578521988709	0	0	0	0	0	0	0	0
1	0	0.9999999999999992	1.806498916773094	1	0.3563158332338845	1.000000000000001	0	-1.000000000000001	1	0.3563158332338845	-0.8510081628821281
0	0	0.8063897022063262	1.999999999999998	0	0.2873406004776741	0	0	0	0	0	0
6	0	0.8063897022063258	2.193610297793671	1	0.2687965674021089	7.440571207176475	0	-7.440571207176475	1	0.0003771744886496009	-6.331986833812905
6	0	0.9999999999999988	1.999999999999998	1	0.3333333333333333	6.000000000000007	0	-6.000000000000007	1	0.001371742112482699	-5.10604897729277
1	0	0.8701806678686569	2.064924701634164	1	0.2964733998684543	1.149186642412214	0	-1.149186642412214	1	0.2964733998684543	-0.9779672133678987
3	2	1.001779595265268	1.998220404734729	0.6	0.3339265317550896	2.994670698204439	1.000890590077578	-1.993780108126861	0.9544389206944688	0.2107561369554043	-1.696723147007969
0	0	0.9999999999999992	1.999999999999998	0	0.3333333333333333	0	0	0	0	0	0
0	0	0.9999999999999992	1.999999999999998	0	0.3333333333333333	0	0	0	0	0	0
4	3	0.999999999999999	1.999999999999998	0.5714285714285714	0.3333333333333334	4.000000000000004	1.500000000000002	-2.500000000000003	0.954732510288066	0.173296753543667	-2.127520407205321
6	0	1.804598612276682	1.194838356289048	1	0.6016457859221508	3.324839085645976	0	-3.324839085645976	1	0.04742914271754117	-2.829465202154274
4	0	0.869412163934285	2.065693205568535	1	0.2962115680642687	4.600809795320902	0	-4.600809795320902	0.9999999999999998	0.007698534506979882	-3.915326691686137
3	0	0.8063897022063261	2.193610297793672	1	0.2687965674021089	3.720285603588236	0	-3.720285603588236	1	0.01942098063048425	-3.165993416906451
0	0	0.82896404553716	1.364646252256511	0	0.377899413752265	0	0	0	0	0	0
1	1	0.8064391281155898	2.191795303616533	0.5	0.2689713384585802	1.240019196906659	0.4562469854506795	-0.7837722114559795	0.9276544190877998	0.4655970960049604	-0.6669965497892154
0	0	0.9999999999999992	1.999999999999998	0	0.3333333333333333	0	0	0	0	0	0
1	0	0.9252146458073028	2.074785354192695	1	0.3084048819357678	1.080830274933059	0	-1.080830274933059	1	0.3084048819357679	-0.9197953866581673
1	0	0.806389702206326	2.193610297793671	1	0.2687965674021089	1.240095201196079	0	-1.240095201196079	1	0.2687965674021089	-1.055331138968817
4	0	1.806077902766637	1.193569144647692	1	0.6020968047969047	2.214743889990907	0	-2.214743889990907	1	0.1314211581241254	-1.884765129075578
0	0	0.9999999999999989	1.999999999999998	0	0.3333333333333334	0	0	0	0	0	0
3	0	0.8063897022063258	2.193610297793671	1	0.2687965674021089	3.720285603588238	0	-3.720285603588238	1	0.01942098063048425	-3.165993416906452
1	0	0.9999999999999992	1.807176781069944	1	0.3562297917051214	1.000000000000001	0	-1.000000000000001	1	0.3562297917051214	-0.8510081628821281
0	0	0.82896404553716	2.10614132396566	0	0.2824307618222166	0	0	0	0	0	0
0	0	0	2.999999999999998	0	0	0	0	0	0	0	0
0	2	0.8063979285648193	2.193566277982953	0	0.2688025166449525	0	0.911757269463067	0.911757269463067	0.5346497596647548	0.4653502403352452	0.7759128788801893
2	0	0.8291753018552781	2.072602175967832	1	0.2857473766311394	2.412035181854795	0	-2.412035181854795	1	0.08165156325157819	-2.052661628917307
1	0	1.802791904710606	1.193914231981739	1	0.6015911545802959	0.5546951910462041	0	-0.5546951910462041	1	0.6015911545802959	-0.4720501354917808
2	0	0.806389702206326	2.193610297793671	1	0.2687965674021089	2.480190402392158	0	-2.480190402392158	1	0.07225159464715647	-2.110662277937634
1	0	0.8290241722467298	2.106081197256091	1	0.282451247188839	1.206237445754942	0	-1.206237445754942	1	0.282451247188839	-1.026517912711543
1	1	0.8312759245073488	2.070501553315761	0.5	0.2864712855690662	1.202970001317727	0.4829747644470834	-0.7199952368706435	0.9179342025444066	0.4908767736825389	-0.6127218238131684
0	0	0.9999999999999992	1.999999999999998	0	0.3333333333333333	0	0	0	0	0	0
3	1	0.8701434840589406	2.031705588643031	0.75	0.2998582842383088	3.447707251689068	0.4921972974774837	-2.955509954211584	0.9919152944606644	0.08359290264806918	-2.515163096513441
3	0	0.8690813534534203	2.032696124369689	1	0.2994996549857428	3.451920798989722	0	-3.451920798989722	1	0.02686513203151164	-2.937612777562848
2	0	0.8292646647064679	1.364345633087203	1	0.3780364568586045	2.411775257188769	0	-2.411775257188769	1	0.1429115627142076	-2.052440430904785
5	0	1.806295146992066	1.193618285614639	1	0.6021157568611998	2.768096901730734	0	-2.768096901730734	1	0.07914071368445441	-2.355673059021581
4	0	0.9422105906264368	2.055851994802684	1	0.3142731560060397	4.245335426914026	0	-4.245335426914026	1	0.009755042086078247	-3.612815102476517
0	0	0.82896404553716	2.10614132396566	0	0.2824307618222166	0	0	0	0	0	0
0	0	0.8063897022063261	2.193610297793672	0	0.2687965674021089	0	0	0	0	0	0
0	0	0.9999999999999992	1.999999999999998	0	0.3333333333333333	0	0	0	0	0	0
2	0	0.8700751963987673	2.065030173104053	1	0.29643746539367	2.29865189615562	0	-2.29865189615562	1	0.0878751708890233	-1.956171527252913
0	0	0.8063897022063261	2.193610297793672	0	0.2687965674021089	0	0	0	0	0	0
0	3	0.006665950342853445	2.993334049657145	0	0.002221983447617816	0	1.00222693165289	1.00222693165289	0.9933488503180712	0.006651149681928814	0.8529032998969175
0	0	0.9999999999999996	1.983718820284193	0	0.3351522245332593	0	0	0	0	0	0
0	0	0.8063897022063262	2.193610297793672	0	0.2687965674021089	0	0	0	0	0	0
2	0	0.9999999999999989	1.999999999999998	1	0.3333333333333334	2.000000000000002	0	-2.000000000000002	1	0.111111111111111	-1.702016325764256
2	0	0.806389702206326	2.074785354192694	1	0.2798822308333379	2.480190402392158	0	-2.480190402392158	1	0.07833406313624591	-2.110662277937634
1	1	0.8066014899487477	2.193398510051249	0.5	0.2688671633162495	1.239769591875588	0.4559135038240884	-0.7838560880514994	0.9277104484902732	0.4654447751227723	-0.6670679294566776
1	0	0.8300221717705263	2.072328393487612	1	0.2859827416116092	1.204787093659068	0	-1.204787093659068	1	0.2859827416116092	-1.025283651238901
0	0	0.1820607947261039	2.817939205273893	0	0.06068693157536804	0	0	0	0	0	0
2	0	0.806389702206326	1.999999999999998	1	0.287340600477674	2.480190402392158	0	-2.480190402392158	1	0.08256462068287029	-2.110662277937634
0	0	0.8063897022063261	2.193610297793672	0	0.2687965674021089	0	0	0	0	0	0
1	0	0.8290392907844046	2.072738187038705	1	0.2857005049905974	1.206215448551104	0	-1.206215448551104	1	0.2857005049905974	-1.026499192911516
1	0	0.806389702206326	2.074785354192695	1	0.2798822308333379	1.240095201196079	0	-1.240095201196079	1	0.279882230833338	-1.055331138968817
1	1	0.806389702206326	2.193610297793671	0.5	0.2687965674021089	1.240095201196079	0.4558694864834461	-0.7842257147126328	0.9277484053528435	0.4653415401570613	-0.6673824847625209
0	0	0.8063897022063261	2.193610297793672	0	0.2687965674021089	0	0	0	0	0	0
3	5	0.9995759729845254	2.000424027015472	0.375	0.3331919909948421	3.001272620671969	2.499470078581159	-0.5018025420908101	0.7416398777791533	0.5314312131260577	-0.4270380594742817
2	0	0.8063897022063261	2.074785354192695	1	0.2798822308333379	2.480190402392158	0	-2.480190402392158	1	0.07833406313624591	-2.110662277937634
0	2	0.1704126898198492	2.829587310180147	0	0.05680422993994979	0	0.7068168537526657	0.7068168537526657	0.889618260659171	0.110381739340829	0.6015069122061812
2	1	0.9997505530195244	1.937415014808232	0.6666666666666666	0.3403793657294272	2.000499018439594	0.5161516723865079	-1.484347346053086	0.9605642891137132	0.2687029160705278	-1.263191708043598
2	1	0.999999999999999	1.806694584767435	0.6666666666666666	0.356290992766803	2.000000000000002	0.5534969819642892	-1.446503018035713	0.9547712557626672	0.2903723261055959	-1.230985875982025
0	0	0.6958314530516971	2.304168546948302	0	0.2319438176838992	0	0	0	0	0	0
1	0	0.9018075233070496	2.000041503117033	1	0.310769966009685	1.108884073546942	0	-1.108884073546942	1	0.310769966009685	-0.9436693982784329
1	0	0.8063897022063261	2.193610297793672	1	0.2687965674021089	1.240095201196079	0	-1.240095201196079	1	0.2687965674021089	-1.055331138968817
1	0	0.9995016119611566	1.935674711258591	1	0.3405252366115953	1.000498636553337	0	-1.000498636553337	1	0.3405252366115953	-0.8514325066593288
0	0	0.9999999999999992	1.999999999999998	0	0.3333333333333333	0	0	0	0	0	0
0	0	0.8063897022063261	1.999999999999998	0	0.2873406004776741	0	0	0	0	0	0
2	2	0.8064061530251876	2.193546555685056	0.5	0.268806288407087	2.480139806097847	0.911765467122894	-1.568374338974953	0.93797079328338	0.2938193662824596	-1.334699364922546
2	1	0.8064602851230791	2.193539714876918	0.6666666666666666	0.2688200950410266	2.479973331476288	0.4558841552846519	-2.024089176191636	0.9805739191948355	0.1779405688832711	-1.722516411340443
0	8	0.8063897022063261	2.193115228140635	0	0.2688409323978169	0	3.647779148742016	3.647779148742016	0.08167609446634151	0.9183239055336585	3.104289831970674
3	1	0.9990941122754926	2.000905887724504	0.75	0.3330313707584979	3.002720127303455	0.4997736306015038	-2.502946496701952	0.9876989954330311	0.1108428822962482	-2.130027899950584
0	0	0.8063897022063261	1.999999999999998	0	0.2873406004776741	0	0	0	0	0	0
0	0	0.9244285336418305	2.031288875976879	0	0.3127594439960628	0	0	0	0	0	0
1	0	0.806389702206326	2.193610297793672	1	0.2687965674021089	1.240095201196079	0	-1.240095201196079	1	0.2687965674021089	-1.055331138968817
2	0	0.8291296919329364	2.105975677569884	1	0.2824871980910802	2.412167866449738	0	-2.412167866449738	0.9999999999999999	0.07979901708534931	-2.052774544590692
0	0	0.9999999999999992	1.999999999999998	0	0.3333333333333333	0	0	0	0	0	0
2	1	1.636808726962882	1.173672817322654	0.6666666666666666	0.5823944050765799	1.22188986840938	0.8520262080203658	-0.369863660389014	0.8024615769435033	0.6224728830805175	-0.3147569941445138
2	1	0.8063897022063261	2.193610297793672	0.6666666666666666	0.2687965674021089	2.480190402392158	0.4558694864834459	-2.024320915908712	0.9805790193695157	0.1779128226805009	-1.722713623731338
2	0	0.8065378751102732	2.192817414382283	1	0.2689037467270931	2.479734754832874	0	-2.479734754832874	0.9999999999999998	0.07230922500386883	-2.110274518145286
3	0	1.118479553328543	1.783603201329089	1	0.3854058095116221	2.682212644005999	0	-2.682212644005999	1	0.05724726861838025	-2.282584854634759
4	1	0.8064602547928715	2.193539745207125	0.8	0.2688200849309574	4.959946849491481	0.455884148981114	-4.504062700510367	0.9985961892304661	0.02049535743548025	-3.832994124267241
3	2	0.8699533524181303	1.325536786423392	0.6	0.3962456205233389	3.448460761328378	1.508822705250201	-1.939638056078176	0.9158118750839194	0.3109729618349232	-1.650647818759349
4	1	0.9242520974633696	2.075747902536627	0.8	0.3080840324877901	4.327823556990662	0.4817540698357298	-3.846069487154932	0.9972244698426586	0.03394289736343514	-3.273036528580724
5	2	0.8683141243384512	2.033930775711471	0.7142857142857143	0.2991870618235957	5.758284772586633	0.9833176349378941	-4.774967137648739	0.996266919320551	0.02845815243720129	-4.063536011632984
1	1	0.9996880113487163	1.945268519215943	0.5	0.3394576459697483	1.00031208601858	0.5140678472517813	-0.4862442387667983	0.8847685065926771	0.5636837985321735	-0.4137978163449516
0	4	0.9987725115628665	2.00122748843713	0	0.3329241705209559	0	1.998773264464712	1.998773264464712	0.1980162445216685	0.8019837554783316	1.700972363810027
0	0	0.8702107390056445	2.064894630497176	0	0.2964836452031874	0	0	0	0	0	0
5	0	1.7935057301857	1.204935201910837	1	0.5981460935205634	2.787836088754675	0	-2.787836088754675	1	0.07656606955173739	-2.372471268307611
6	3	0.8700354899654029	2.032112068369826	0.6666666666666666	0.2997902320530128	6.89627040414017	1.476296532408579	-5.419973871731591	0.9957279547441503	0.02520683726803108	-4.612442007451432
2	1	1.001856951959346	1.805318704139206	0.6666666666666666	0.356891436338451	1.996292979839659	0.5539188164988355	-1.442374163340823	0.9545422033687022	0.2911988987325727	-1.227472186933319
3	1	0.9998582004050042	1.992953413962336	0.75	0.3340865811951105	3.000425459114918	0.5017678752519493	-2.498657583862968	0.9875423498867797	0.1117817995297412	-2.12637800011472
0	1	0.806389702206326	2.000211656443383	0	0.2873189310341852	0	0.499947091488368	0.499947091488368	0.7126810689658148	0.2873189310341852	0.4254590558657789
0	0	0.82896404553716	2.07281343228595	0	0.2856745742471756	0	0	0	0	0	0
1	1	0.8063897022063259	2.193610297793671	0.5	0.2687965674021089	1.240095201196079	0.4558694864834461	-0.784225714712633	0.9277484053528435	0.4653415401570613	-0.6673824847625212
0	0	0	1.259578521988709	0	0	0	0	0	0	0	0
3	3	0.9251065010762137	2.074893498923783	0.5	0.3083688336920716	3.2428698712094	1.445857342343622	-1.797012528865778	0.9226872458464357	0.2713410619253325	-1.529272330866231
1	1	1.805258300067413	1.193789156626444	0.5	0.6019438925643164	0.5539373506620395	0.8376688583986833	0.2837315077366438	0.6376635502045188	0.8415513353331514	0.2414578291507373
0	0	0	1.259578521988709	0	0	0	0	0	0	0	0
0	0	0.9252146458073028	2.074785354192695	0	0.3084048819357679	0	0	0	0	0	0
0	0	0.9999999999999992	1.999999999999998	0	0.3333333333333333	0	0	0	0	0	0
0	0	0.8063897022063261	2.193610297793672	0	0.2687965674021089	0	0	0	0	0	0
0	0	0.9999999999999992	1.999999999999998	0	0.3333333333333333	0	0	0	0	0	0
0	5	0.174501473105946	2.825498526894051	0	0.05816715770198207	0	1.76959922378593	1.76959922378593	0.7410869273459466	0.2589130726540534	1.505943384471703
1	0	0.9999999999999991	1.806460287766035	1	0.3563207376777127	1.000000000000001	0	-1.000000000000001	1	0.3563207376777127	-0.8510081628821281
3	0	0.8063897022063261	2.074785354192694	1	0.279882230833338	3.720285603588236	0	-3.720285603588236	1	0.02192431234081194	-3.165993416906451
2	2	0.8066012742978657	2.193398725702132	0.5	0.2688670914326221	2.479539846674517	0.9118269179990415	-1.567712928675476	0.9379322367565385	0.2939242296390755	-1.334136499358676
2	0	1.676792023740018	1.204517865179696	1	0.5819547665415107	1.192753765335238	0	-1.192753765335238	1	0.3386713503003842	-1.015043190608681
0	1	0.999929474423829	2.000070525576169	0	0.3333098248079432	0	0.499982369227668	0.499982369227668	0.6666901751920568	0.3333098248079432	0.4254890775098912
0	0	0.8063897022063258	2.074785354192694	0	0.2798822308333379	0	0	0	0	0	0
2	1	0.9990720750990759	2.00092792490092	0.6666666666666666	0.3330240250330258	2.001857573490545	0.4997681263554343	-1.502089447135111	0.9630659700876996	0.2588469439229911	-1.278290380891081
2	3	0.999999999999999	1.999999999999998	0.4	0.3333333333333334	2.000000000000002	1.500000000000002	-0.5000000000000007	0.7901234567901234	0.5390946502057614	-0.4255040814410642
1	0	1.676509927135497	1.204501016053488	1	0.5819172367598756	0.5964772315476895	0	-0.5964772315476895	1	0.5819172367598756	-0.5076069930204166
0	0	1.676600441211971	1.204574615187051	0	0.5819155061363873	0	0	0	0	0	0
1	0	0.9999999999999989	1.999360258929574	1	0.3334044308358223	1.000000000000001	0	-1.000000000000001	1	0.3334044308358224	-0.8510081628821282
1	0	0.8063897022063261	2.193610297793672	1	0.2687965674021089	1.240095201196079	0	-1.240095201196079	1	0.2687965674021089	-1.055331138968817
1	1	0.925323774015543	2.074676225984454	0.5	0.3084412580051814	1.080702807040601	0.4820029204920833	-0.5986998865485176	0.9048639903601811	0.521746506370544	-0.509498490569392
0	0	0	2.999999999999998	0	0	0	0	0	0	0	0
0	0	0	1.259578521988709	0	0	0	0	0	0	0	0
3	0	0.9999999999999992	1.999999999999998	1	0.3333333333333333	3.000000000000002	0	-3.000000000000002	1	0.03703703703703698	-2.553024488646384
0	0	0.8063897022063261	2.074785354192695	0	0.2798822308333379	0	0	0	0	0	0
2	0	0.829099815739303	1.364510482054368	1	0.3779613072445958	2.412254787702024	0	-2.412254787702024	1	0.1428547497740437	-2.052848515285916
5	2	0.8534586562603068	2.048497854172645	0.7142857142857143	0.2940976727914426	5.858514602112125	0.9763251623262098	-4.882189439785916	0.9966123342407492	0.02641090687295422	-4.154783065994734
0	0	0.9999999999999992	1.999999999999998	0	0.3333333333333333	0	0	0	0	0	0
0	0	0.8063897022063261	2.193610297793672	0	0.2687965674021089	0	0	0	0	0	0
0	0	0.9252146458073028	2.074785354192695	0	0.3084048819357679	0	0	0	0	0	0
4	2	0.9423876881958775	2.056178842184313	0.6666666666666666	0.3142793993890113	4.244537625122911	0.9726780370307513	-3.27185958809216	0.9864216711436615	0.08238797283202937	-2.784379217270583
0	0	0.8063897022063261	2.074785354192695	0	0.2798822308333379	0	0	0	0	0	0
0	0	0.8063897022063259	2.193610297793671	0	0.2687965674021089	0	0	0	0	0	0
1	0	0.9252146458073025	2.074785354192695	1	0.3084048819357678	1.080830274933059	0	-1.080830274933059	1	0.3084048819357678	-0.9197953866581675
0	0	0.8063897022063261	2.074785354192695	0	0.2798822308333379	0	0	0	0	0	0
1	0	0.9252146458073026	2.074785354192694	1	0.3084048819357679	1.080830274933059	0	-1.080830274933059	1	0.3084048819357679	-0.9197953866581675