Observed S Changes	Observed NS Changes	E[S Sites]	E[NS Sites]	Observed S. Prop.	P{S}	dS	dN	dN-dS	P{S leq. observed}	P{S geq. observed}	Scaled dN-dS
0	0	0	3.000000000000001	0	0	0	0	0	0	0	0
0	0	0.8727668150846705	2.031023500378669	0	0.3005612390250735	0	0	0	0	0	0
1	0	1	2	1	0.3333333333333333	0.9999999999999998	0	-0.9999999999999998	1	0.3333333333333333	-5.151669710404755
0	0	0.9265407389499744	2.073459261050026	0	0.3088469129833247	0	0	0	0	0	0
0	1	0.9267636656599489	2.073236334340052	0	0.3089212218866496	0	0.482337678264894	0.482337678264894	0.6910787781133505	0.3089212218866495	2.484844407304209
1	0	1	2.000000000000001	1	0.3333333333333333	0.9999999999999996	0	-0.9999999999999996	1	0.3333333333333333	-5.151669710404754
0	0	1.682908632850714	1.200692445965356	0	0.5836135397555309	0	0	0	0	0	0
0	0	0.8101418177660439	2.189858182233956	0	0.2700472725886813	0	0	0	0	0	0
0	1	0.8101418177660439	2.000222846787933	0	0.288269286895058	0	0.4999442945099115	0.4999442945099115	0.711730713104942	0.288269286895058	2.575547878916386
0	1	0.9276584253136072	2.072341574686394	0	0.3092194751045356	0	0.4825459336505997	0.4825459336505997	0.6907805248954644	0.3092194751045356	2.485917270266778
0	1	1.802765525148532	1.197234474851469	0	0.6009218417161771	0	0.835258273133224	0.835258273133224	0.3990781582838229	0.6009218417161771	4.302974746065413
0	0	0.8101418177660439	2.073459261050026	0	0.2809479520997636	0	0	0	0	0	0
2	0	1.805117866503479	1.190285985821429	1	0.6026292131201012	1.107960891148902	0	-1.107960891148902	1	0.3631619685057523	-5.70784856324486
0	0	1	2	0	0.3333333333333333	0	0	0	0	0	0
0	1	0.8110068408686723	2.188993159131328	0	0.2703356136228907	0	0.456831030206068	0.456831030206068	0.7296643863771093	0.2703356136228907	2.353442581085601
0	1	1	2	0	0.3333333333333333	0	0.4999999999999999	0.4999999999999999	0.6666666666666667	0.3333333333333333	2.575834855202377
0	0	0.832998487198228	1.356859695035729	0	0.3803892388814215	0	0	0	0	0	0
1	0	0.8339050386713275	2.069885276792012	1	0.2871781182789249	1.199177308717686	0	-1.199177308717686	1	0.2871781182789248	-6.177765418725594
2	2	0.9646449500578745	2.035355049942126	0.5	0.3215483166859581	2.073301684604277	0.9826295417386115	-1.090672142865666	0.8990867438758312	0.3864628716938315	-5.618782642383298
0	0	1	2	0	0.3333333333333333	0	0	0	0	0	0
0	2	0.9960470777472884	1.940286873724713	0	0.3392145083661087	0	1.030775411143537	1.030775411143537	0.4366374659538435	0.5633625340461565	5.310214463818171
0	0	0.8101418177660439	2.189858182233956	0	0.2700472725886813	0	0	0	0	0	0
0	1	0.8101418177660439	2.189281626464709	0	0.270099181669168	0	0.4567708365665215	0.4567708365665215	0.729900818330832	0.270099181669168	2.35313248333599
0	0	0.8101418177660439	2.189858182233956	0	0.2700472725886813	0	0	0	0	0	0
0	0	0.8101418177660439	2.189858182233956	0	0.2700472725886813	0	0	0	0	0	0
2	0	1	2	1	0.3333333333333333	2	0	-2	1	0.1111111111111109	-10.30333942080951
0	0	1	2	0	0.3333333333333333	0	0	0	0	0	0
0	0	1	2	0	0.3333333333333333	0	0	0	0	0	0
0	0	1.810141817766044	1.189858182233956	0	0.6033806059220146	0	0	0	0	0	0
1	0	0.8101418177660438	2.073459261050026	1	0.2809479520997636	1.234351786403877	0	-1.234351786403877	1	0.2809479520997635	-6.358972710000852
1	0	1.002462677203158	1.997537322796842	1	0.334154225734386	0.9975433726769467	0	-0.9975433726769467	1	0.334154225734386	-5.139013977834829
2	0	1	1.999613509295513	1	0.3333762822780656	2	0	-2	1	0.1111397455855445	-10.30333942080951
1	0	0.8101418177660439	2.189858182233956	1	0.2700472725886813	1.234351786403876	0	-1.234351786403876	1	0.2700472725886813	-6.358972710000852
0	0	0.8101418177660439	2.189858182233956	0	0.2700472725886813	0	0	0	0	0	0
1	0	1	2	1	0.3333333333333333	0.9999999999999998	0	-0.9999999999999998	1	0.3333333333333333	-5.151669710404755
0	0	1	2	0	0.3333333333333333	0	0	0	0	0	0
0	0	1	2	0	0.3333333333333333	0	0	0	0	0	0
1	0	0.8101418177660441	2.189858182233957	1	0.2700472725886813	1.234351786403876	0	-1.234351786403876	1	0.2700472725886813	-6.35897271000085
0	0	1	1.936383407542336	0	0.3405549825106013	0	0	0	0	0	0
1	0	1	2.000000000000001	1	0.3333333333333333	0.9999999999999996	0	-0.9999999999999996	1	0.3333333333333333	-5.151669710404754
0	1	0.1707982410912802	2.829201758908721	0	0.05693274703042669	0	0.3534565878347679	0.3534565878347679	0.9430672529695733	0.05693274703042672	1.820891597491392
0	0	1	2	0	0.3333333333333333	0	0	0	0	0	0
0	1	0.8332520843251172	2.070684328614634	0	0.2869388188433467	0	0.482932133199191	0.482932133199191	0.7130611811566534	0.2869388188433466	2.487906842783428
1	0	1	2	1	0.3333333333333333	0.9999999999999998	0	-0.9999999999999998	1	0.3333333333333333	-5.151669710404755
1	0	0.9253869654945042	2.074613034505497	1	0.3084623218315013	1.080629009579386	0	-1.080629009579386	1	0.3084623218315012	-5.567043736834816
2	0	1	2	1	0.3333333333333333	2	0	-2	1	0.1111111111111109	-10.30333942080951
0	1	0.810141817766044	2.189858182233956	0	0.2700472725886813	0	0.456650575874216	0.456650575874216	0.7299527274113187	0.2700472725886813	2.352512939970087
0	1	0.8102113259702819	2.189595212986998	0	0.270087859149713	0	0.4567054193710177	0.4567054193710177	0.729912140850287	0.270087859149713	2.352795475551373
1	0	1.116398921183931	1.077147719377041	1	0.508946972241459	0.8957371608165917	0	-0.8957371608165917	1	0.508946972241459	-4.614541999862789
1	0	0.9265407389499745	2.073459261050027	1	0.3088469129833247	1.079283357937693	0	-1.079283357937693	1	0.3088469129833247	-5.560111384031549
0	0	0.832998487198228	2.103384920344108	0	0.2836817852391499	0	0	0	0	0	0
1	0	1	2	1	0.3333333333333333	0.9999999999999998	0	-0.9999999999999998	1	0.3333333333333333	-5.151669710404755
0	0	1	2	0	0.3333333333333333	0	0	0	0	0	0
0	0	0.8101418177660439	2.189858182233956	0	0.2700472725886813	0	0	0	0	0	0
1	0	1	2	1	0.3333333333333333	0.9999999999999998	0	-0.9999999999999998	1	0.3333333333333333	-5.151669710404755
0	0	1	2	0	0.3333333333333333	0	0	0	0	0	0
1	0	0.8721007279693305	2.064282679573005	1	0.2969982481610779	1.146656536256403	0	-1.146656536256403	1	0.296998248161078	-5.907195746069744
2	0	1.805889351509195	1.190220291702224	1	0.60274474787696	1.107487564688604	0	-1.107487564688604	1	0.3633012310932601	-5.705410141656206
0	0	1	2	0	0.3333333333333333	0	0	0	0	0	0
0	0	0.8727668150846705	1.317091367149286	0	0.3985494687123201	0	0	0	0	0	0
0	0	0.8101418177660439	2.189858182233956	0	0.2700472725886813	0	0	0	0	0	0
0	0	1	2	0	0.3333333333333333	0	0	0	0	0	0
1	0	1	1.811033286820875	1	0.3557410738209171	0.9999999999999996	0	-0.9999999999999996	1	0.3557410738209171	-5.151669710404754
0	1	0.1784199338390982	2.821580066160903	0	0.05947331127969938	0	0.3544113498649073	0.3544113498649073	0.9405266887203007	0.05947331127969935	1.825810216122706
0	0	1	2	0	0.3333333333333333	0	0	0	0	0	0
0	0	0.832998487198228	2.103384920344108	0	0.2836817852391499	0	0	0	0	0	0
0	0	0.1670015128017723	2.832998487198228	0	0.05566717093392407	0	0	0	0	0	0
1	0	0.8101418177660439	2.073459261050026	1	0.2809479520997636	1.234351786403876	0	-1.234351786403876	1	0.2809479520997635	-6.358972710000852
0	2	0.810141817766044	2.189858182233957	0	0.2700472725886813	0	0.9133011517484317	0.9133011517484317	0.5328309842552229	0.4671690157447771	4.705025879940173
0	0	0.8101418177660439	2.189858182233956	0	0.2700472725886813	0	0	0	0	0	0
2	0	1	2	1	0.3333333333333333	2	0	-2	1	0.1111111111111109	-10.30333942080951
2	0	0.8101418177660439	2.189858182233957	1	0.2700472725886812	2.468703572807753	0	-2.468703572807753	1	0.07292552943258546	-12.7179454200017
0	2	0.8781491495977151	1.31908974246917	0	0.3996602976436773	0	1.516197068029846	1.516197068029846	0.360407758225278	0.639592241774722	7.810946510373858
1	2	0.9272102805174196	2.072789719482581	0.3333333333333333	0.3090700935058064	1.078504003905091	0.9648832108735317	-0.1136207930315598	0.7724744545986791	0.6701610237672269	-0.5853367979328544
0	0	1	2	0	0.3333333333333333	0	0	0	0	0	0
0	0	0.8101418177660439	2.189858182233956	0	0.2700472725886813	0	0	0	0	0	0
1	0	1	1.936673365951598	1	0.3405213571227254	0.9999999999999996	0	-0.9999999999999996	1	0.3405213571227255	-5.151669710404754
1	1	0.8331795736945061	2.100775317839845	0.5	0.2839783174917129	1.200221454740872	0.4760147320410569	-0.7242067226998155	0.9193563151945758	0.4873129501780018	-3.730873837404136
1	0	0.8101418177660439	2.189858182233957	1	0.2700472725886812	1.234351786403876	0	-1.234351786403876	1	0.2700472725886812	-6.358972710000852
0	0	0.8101418177660439	2.073459261050026	0	0.2809479520997636	0	0	0	0	0	0
2	0	1	2	1	0.3333333333333333	2	0	-2	1	0.1111111111111109	-10.30333942080951
0	1	1.805149685200464	1.194850314799537	0	0.6017165617334878	0	0.8369249165472015	0.8369249165472015	0.3982834382665122	0.6017165617334878	4.311560742459246
0	0	0.1670015128017723	2.832998487198228	0	0.05566717093392407	0	0	0	0	0	0
0	0	0.8101418177660439	2.189858182233956	0	0.2700472725886813	0	0	0	0	0	0
0	0	1	2	0	0.3333333333333333	0	0	0	0	0	0
1	0	1.808870151905168	1.189684135629692	1	0.6032474247422271	0.5528312792086063	0	-0.5528312792086063	1	0.6032474247422271	-2.848004156063292
0	0	1.682908632850714	1.200692445965356	0	0.5836135397555309	0	0	0	0	0	0
1	0	1	1.937155430330738	1	0.3404654686209083	0.9999999999999996	0	-0.9999999999999996	1	0.3404654686209083	-5.151669710404754
3	0	0.8101418177660439	2.189858182233956	1	0.2700472725886813	3.703055359211629	0	-3.703055359211629	0.9999999999999998	0.01969334032535552	-19.07691813000255
0	0	1	2	0	0.3333333333333333	0	0	0	0	0	0
2	0	0.8721019823448571	1.3177561998891	1	0.3982458724588243	2.29330977395845	0	-2.29330977395845	1	0.1585997749304902	-11.81437449907692
0	0	0.8101418177660439	2.073459261050026	0	0.2809479520997636	0	0	0	0	0	0
0	0	0.8101418177660439	2.189858182233956	0	0.2700472725886813	0	0	0	0	0	0
0	1	0.9991354740106599	2.000864525989341	0	0.3330451580035532	0	0.499783961887946	0.499783961887946	0.6669548419964468	0.3330451580035532	2.574721898204217
0	0	0.8101418177660439	2.189858182233956	0	0.2700472725886813	0	0	0	0	0	0
0	0	0.832998487198228	1.356859695035729	0	0.3803892388814215	0	0	0	0	0	0
1	0	0.8101418177660439	2.189858182233956	1	0.2700472725886813	1.234351786403876	0	-1.234351786403876	1	0.2700472725886813	-6.358972710000852
0	0	0.8727668150846705	2.031023500378669	0	0.3005612390250735	0	0	0	0	0	0
0	1	0.8354746918956997	2.068315623567639	0	0.2877186715055176	0	0.4834852034212743	0.4834852034212743	0.7122813284944824	0.2877186715055176	2.490756077894261
0	0	0	1.25446636983066	0	0	0	0	0	0	0	0
0	0	0.8101418177660439	2.189858182233956	0	0.2700472725886813	0	0	0	0	0	0
0	0	1	2	0	0.3333333333333333	0	0	0	0	0	0
0	0	0.8101418177660439	2.189858182233956	0	0.2700472725886813	0	0	0	0	0	0
0	0	1	2	0	0.3333333333333333	0	0	0	0	0	0
0	0	0.832998487198228	2.103384920344108	0	0.2836817852391499	0	0	0	0	0	0
1	0	1.116398921183931	1.111598407570638	1	0.501077315836814	0.8957371608165915	0	-0.8957371608165915	1	0.501077315836814	-4.614541999862788
0	0	0.8101418177660439	2.189858182233956	0	0.2700472725886813	0	0	0	0	0	0
0	0	0.832998487198228	2.070791828265111	0	0.2868659223644087	0	0	0	0	0	0
0	0	1	2	0	0.3333333333333333	0	0	0	0	0	0
0	3	0.8101418177660442	2.017026453382494	0	0.286555924538911	0	1.487337954824087	1.487337954824087	0.3631447814990573	0.6368552185009427	7.662273891002605
0	0	0.8101418177660439	2.189858182233956	0	0.2700472725886813	0	0	0	0	0	0
0	0	0.8101418177660439	2.189858182233956	0	0.2700472725886813	0	0	0	0	0	0
0	0	0.8101418177660439	2.073459261050026	0	0.2809479520997636	0	0	0	0	0	0
0	0	0.8101418177660439	2	0	0.2882921469102495	0	0	0	0	0	0
0	0	1	2	0	0.3333333333333333	0	0	0	0	0	0
0	0	0.8101418177660439	2	0	0.2882921469102495	0	0	0	0	0	0
0	0	0.8101418177660439	2.189858182233956	0	0.2700472725886813	0	0	0	0	0	0
0	0	1	2	0	0.3333333333333333	0	0	0	0	0	0
0	0	1	2	0	0.3333333333333333	0	0	0	0	0	0
1	1	0.810141817766044	2.189858182233957	0.5	0.2700472725886813	1.234351786403876	0.4566505758742159	-0.7777012105296603	0.9270744705674143	0.4671690157447771	-4.006459770030763
0	0	0.8101418177660439	2	0	0.2882921469102495	0	0	0	0	0	0
1	1	1	2.000000000000001	0.5	0.3333333333333333	0.9999999999999996	0.4999999999999998	-0.4999999999999998	0.8888888888888891	0.5555555555555555	-2.575834855202377
0	0	1	2	0	0.3333333333333333	0	0	0	0	0	0
0	0	1	2	0	0.3333333333333333	0	0	0	0	0	0
0	0	0.943558643349781	2.05644135665022	0	0.3145195477832603	0	0	0	0	0	0
0	0	1	1.810141817766044	0	0.3558539265448753	0	0	0	0	0	0
1	0	1.810141817766044	1.189858182233957	1	0.6033806059220145	0.5524429026418124	0	-0.5524429026418124	1	0.6033806059220145	-2.846003368267908
0	2	0.9994421017181947	2.000557898281806	0	0.3331473672393981	0	0.9997211286500203	0.9997211286500203	0.4446924338197462	0.5553075661802538	5.150233057317966
0	0	1	2	0	0.3333333333333333	0	0	0	0	0	0
0	0	1	1.810141817766044	0	0.3558539265448753	0	0	0	0	0	0
0	0	1	2	0	0.3333333333333333	0	0	0	0	0	0
2	0	1	1.999127968359121	1	0.3334302539104788	2	0	-2	1	0.1111757342228064	-10.30333942080951
0	0	1	2	0	0.3333333333333333	0	0	0	0	0	0
1	0	1.810141817766045	1.189858182233957	1	0.6033806059220145	0.5524429026418122	0	-0.5524429026418122	1	0.6033806059220145	-2.846003368267907
0	0	0.8727668150846705	2.063616592457665	0	0.2972250874469932	0	0	0	0	0	0
0	0	0.8101418177660439	2.189858182233956	0	0.2700472725886813	0	0	0	0	0	0
0	0	0.8101418177660439	2.189858182233956	0	0.2700472725886813	0	0	0	0	0	0
1	2	0.8101418177660441	2.189858182233957	0.3333333333333333	0.2700472725886813	1.234351786403876	0.9133011517484316	-0.3210506346554446	0.8206100923529539	0.6110585697936426	-1.653946830060677
0	0	0.832998487198228	2.103384920344108	0	0.2836817852391499	0	0	0	0	0	0
0	0	0.8101418177660439	2.189858182233956	0	0.2700472725886813	0	0	0	0	0	0
0	0	0.8101418177660439	2.189858182233956	0	0.2700472725886813	0	0	0	0	0	0
0	0	0.8101418177660439	2.189858182233956	0	0.2700472725886813	0	0	0	0	0	0
0	0	0	1.25446636983066	0	0	0	0	0	0	0	0
0	1	1	2.000000000000001	0	0.3333333333333333	0	0.4999999999999998	0.4999999999999998	0.6666666666666667	0.3333333333333333	2.575834855202377
0	0	1	1.936383407542336	0	0.3405549825106013	0	0	0	0	0	0
0	0	1	2	0	0.3333333333333333	0	0	0	0	0	0
1	0	1	2	1	0.3333333333333333	0.9999999999999998	0	-0.9999999999999998	1	0.3333333333333333	-5.151669710404755
0	0	0.832998487198228	1.356859695035729	0	0.3803892388814215	0	0	0	0	0	0
0	0	0.8101418177660439	2.189858182233956	0	0.2700472725886813	0	0	0	0	0	0
1	0	1	1.936673013460355	1	0.34052139799578	0.9999999999999998	0	-0.9999999999999998	1	0.34052139799578	-5.151669710404755
0	1	0.9982245611191427	2.000752607340139	0	0.3328550052389957	0	0.4998119189405582	0.4998119189405582	0.6671449947610043	0.3328550052389957	2.574865923705351
0	0	0.8101418177660439	2.189858182233956	0	0.2700472725886813	0	0	0	0	0	0
0	0	1	2	0	0.3333333333333333	0	0	0	0	0	0
0	1	1.000000000000001	2.000000000000001	0	0.3333333333333334	0	0.4999999999999997	0.4999999999999997	0.6666666666666666	0.3333333333333334	2.575834855202376
0	0	0.8101418177660439	2.073459261050026	0	0.2809479520997636	0	0	0	0	0	0
0	0	0.1670015128017723	2.832998487198228	0	0.05566717093392407	0	0	0	0	0	0
0	0	0.943558643349781	2.05644135665022	0	0.3145195477832603	0	0	0	0	0	0
0	3	0.9537106945111856	1.967465019921205	0	0.3264817962847195	0	1.524804746017872	1.524804746017872	0.3055258877831785	0.6944741122168214	7.855290424341686
0	0	1	2	0	0.3333333333333333	0	0	0	0	0	0
0	1	0.8101418177660439	2.189858182233956	0	0.2700472725886813	0	0.456650575874216	0.456650575874216	0.7299527274113187	0.2700472725886813	2.352512939970087
0	0	0.8101418177660439	2.189858182233956	0	0.2700472725886813	0	0	0	0	0	0
1	0	0.8101418177660439	2.189858182233956	1	0.2700472725886813	1.234351786403876	0	-1.234351786403876	1	0.2700472725886813	-6.358972710000852
0	0	0.8101418177660439	2.189858182233956	0	0.2700472725886813	0	0	0	0	0	0
1	0	0.8101418177660439	2.189858182233956	1	0.2700472725886813	1.234351786403876	0	-1.234351786403876	1	0.2700472725886813	-6.358972710000852
1	0	0.8101418177660439	2.189858182233956	1	0.2700472725886813	1.234351786403876	0	-1.234351786403876	1	0.2700472725886813	-6.358972710000852
0	0	0.9037903154633385	2	0	0.3112450339993391	0	0	0	0	0	0
0	0	1.643140304964272	1.167001512801772	0	0.5847179293856799	0	0	0	0	0	0
0	0	0.8101418177660439	2.189858182233956	0	0.2700472725886813	0	0	0	0	0	0
0	0	0	1.25446636983066	0	0	0	0	0	0	0	0
0	0	1.682908632850714	1.200692445965356	0	0.5836135397555309	0	0	0	0	0	0
0	0	1	2	0	0.3333333333333333	0	0	0	0	0	0
1	1	0.810141817766044	2.189569946407722	0.5	0.2700732208479996	1.234351786403876	0.4567106895308971	-0.7776410968729792	0.9270604553807875	0.467206897076787	-4.006150084326458
2	3	1.473466577094871	1.33860851091683	0.4	0.5239783899713348	1.357343309369974	2.241133218214234	0.8837899088442605	0.4551094047001265	0.8410372007060889	4.552993703754357
1	0	0.810141817766044	2.189858182233956	1	0.2700472725886813	1.234351786403876	0	-1.234351786403876	1	0.2700472725886813	-6.35897271000085
0	2	0.839836366446034	2.08365870111248	0	0.287271347150725	0	0.9598500939391783	0.9598500939391783	0.5079821325923424	0.4920178674076576	4.944830655475625
0	1	0.9035359375163124	2.040891050808659	0	0.3068630810337454	0	0.4899820593577358	0.4899820593577358	0.6931369189662546	0.3068630810337454	2.524225733834992
0	0	0.8101418177660439	2	0	0.2882921469102495	0	0	0	0	0	0
0	0	1	2	0	0.3333333333333333	0	0	0	0	0	0
0	0	1	2	0	0.3333333333333333	0	0	0	0	0	0
2	0	1.676507509572459	1.195269542162224	1	0.5837874874582525	1.192956183363615	0	-1.192956183363615	0.9999999999999999	0.3408078305128194	-6.145716235674399
0	0	0.8101418177660439	2.189858182233956	0	0.2700472725886813	0	0	0	0	0	0
0	0	1	2	0	0.3333333333333333	0	0	0	0	0	0
0	0	1	2	0	0.3333333333333333	0	0	0	0	0	0
0	0	0	3.000000000000001	0	0	0	0	0	0	0	0
0	0	1	2	0	0.3333333333333333	0	0	0	0	0	0
0	0	0.8101418177660439	2.189858182233956	0	0.2700472725886813	0	0	0	0	0	0
0	0	0.8101418177660439	2.189858182233956	0	0.2700472725886813	0	0	0	0	0	0
1	0	0.8342667454689771	2.10211666207336	1	0.2841136969123637	1.198657390374415	0	-1.198657390374415	1	0.2841136969123637	-6.175086971144681
0	0	0.832998487198228	1.356859695035729	0	0.3803892388814215	0	0	0	0	0	0
0	0	0.8101418177660439	2.189858182233956	0	0.2700472725886813	0	0	0	0	0	0
0	0	0.8101418177660439	2.189858182233956	0	0.2700472725886813	0	0	0	0	0	0
0	0	0.832998487198228	2.070791828265111	0	0.2868659223644087	0	0	0	0	0	0
0	0	1.682908632850714	1.200692445965356	0	0.5836135397555309	0	0	0	0	0	0
0	0	0.8101418177660439	2	0	0.2882921469102495	0	0	0	0	0	0
0	0	0.9265407389499744	2.073459261050026	0	0.3088469129833247	0	0	0	0	0	0
0	0	0	1.25446636983066	0	0	0	0	0	0	0	0
2	0	1	1.996133082170459	1	0.3337635454015214	1.999999999999999	0	-1.999999999999999	1	0.1113981042389933	-10.30333942080951
1	0	1	2	1	0.3333333333333333	0.9999999999999998	0	-0.9999999999999998	1	0.3333333333333333	-5.151669710404755
1	0	0.810141817766044	2.189858182233957	1	0.2700472725886813	1.234351786403876	0	-1.234351786403876	1	0.2700472725886813	-6.35897271000085
2	0	0.8101418177660438	2.189858182233956	1	0.2700472725886813	2.468703572807753	0	-2.468703572807753	0.9999999999999999	0.07292552943258568	-12.7179454200017
0	0	1	2	0	0.3333333333333333	0	0	0	0	0	0
0	0	1	2	0	0.3333333333333333	0	0	0	0	0	0
2	0	1	2	1	0.3333333333333333	2	0	-2	1	0.1111111111111109	-10.30333942080951
0	1	0.8110067520669488	2.188993247933052	0	0.2703355840223162	0	0.4568310116736294	0.4568310116736294	0.7296644159776837	0.2703355840223163	2.353442485612598
1	0	0.8723430209445869	2.031447294518752	1	0.3004152938658013	1.146338052796231	0	-1.146338052796231	1	0.3004152938658013	-5.905555024474713
1	0	0.8101418177660439	2.189858182233956	1	0.2700472725886813	1.234351786403876	0	-1.234351786403876	1	0.2700472725886813	-6.358972710000852
0	0	0.832998487198228	1.356859695035729	0	0.3803892388814215	0	0	0	0	0	0
0	0	0.9265407389499744	2.073459261050026	0	0.3088469129833247	0	0	0	0	0	0
0	2	0.812160373824757	2.187839626175244	0	0.2707201246082523	0	0.9141437864421431	0.9141437864421431	0.5318491366514032	0.4681508633485968	4.709366855568702
1	0	1.808785947880208	1.189973638370171	1	0.6031780460740092	0.5528570150447829	0	-0.5528570150447829	1	0.6031780460740092	-2.848136738590994
1	0	0.8101418177660439	2	1	0.2882921469102495	1.234351786403876	0	-1.234351786403876	1	0.2882921469102495	-6.358972710000852
1	0	1.000000000000001	2.000000000000001	1	0.3333333333333334	0.9999999999999993	0	-0.9999999999999993	1	0.3333333333333334	-5.151669710404753
0	2	0.8358378558907195	1.360189310532884	0	0.3806136229416254	0	1.47038355948883	1.47038355948883	0.383639484085499	0.6163605159145009	7.574930446095736
1	0	1	1.813600068480973	1	0.3554165395439046	0.9999999999999996	0	-0.9999999999999996	1	0.3554165395439046	-5.151669710404754
0	0	1	1.810141817766044	0	0.3558539265448753	0	0	0	0	0	0
1	0	1	1.936576685293457	1	0.3405325680776726	0.9999999999999996	0	-0.9999999999999996	1	0.3405325680776726	-5.151669710404754
0	0	0.9037903154633385	2	0	0.3112450339993391	0	0	0	0	0	0
2	0	0.9150026717316899	2.084997328268311	1	0.3050008905772299	2.185785967394933	0	-2.185785967394933	1	0.09302554325290335	-11.26044736165623
1	0	1	2	1	0.3333333333333333	0.9999999999999998	0	-0.9999999999999998	1	0.3333333333333333	-5.151669710404755
0	0	1	2	0	0.3333333333333333	0	0	0	0	0	0
1	0	1	2	1	0.3333333333333333	0.9999999999999998	0	-0.9999999999999998	1	0.3333333333333333	-5.151669710404755
0	0	1	2	0	0.3333333333333333	0	0	0	0	0	0
0	1	0.8334292141857236	2.070361101277616	0	0.2870142550402227	0	0.4830075291614115	0.4830075291614115	0.7129857449597773	0.2870142550402227	2.488295257878285
1	1	0.9065148257355831	1.998701266733567	0.5	0.312030085502223	1.103125918749932	0.5003248942921209	-0.6028010244578116	0.9026372257414754	0.5266973967459214	-3.105431779100265
0	0	0.8101418177660439	2.189858182233956	0	0.2700472725886813	0	0	0	0	0	0
0	0	0.832998487198228	1.356859695035729	0	0.3803892388814215	0	0	0	0	0	0
0	0	0.832998487198228	1.356859695035729	0	0.3803892388814215	0	0	0	0	0	0
0	1	1	2.000000000000001	0	0.3333333333333333	0	0.4999999999999998	0.4999999999999998	0.6666666666666667	0.3333333333333333	2.575834855202377
0	0	1	2	0	0.3333333333333333	0	0	0	0	0	0
0	2	0.9290008113900772	2.070999188609923	0	0.3096669371300257	0	0.9657174232610017	0.9657174232610017	0.4765597376914397	0.5234402623085603	4.975057198223832
1	0	1	2.000000000000001	1	0.3333333333333333	0.9999999999999996	0	-0.9999999999999996	1	0.3333333333333333	-5.151669710404754
1	1	0.810141817766044	2.189858182233957	0.5	0.2700472725886813	1.234351786403876	0.4566505758742159	-0.7777012105296603	0.9270744705674143	0.4671690157447771	-4.006459770030763
0	0	0.9265407389499744	2.073459261050026	0	0.3088469129833247	0	0	0	0	0	0
0	0	1	1.936383407542336	0	0.3405549825106013	0	0	0	0	0	0
0	0	1	2	0	0.3333333333333333	0	0	0	0	0	0
0	0	0.9037903154633385	2	0	0.3112450339993391	0	0	0	0	0	0
0	0	1	2	0	0.3333333333333333	0	0	0	0	0	0
0	1	0.9036827429909758	2.000107572472363	0	0.3112079884620667	0	0.499973108328311	0.499973108328311	0.6887920115379333	0.3112079884620667	2.575696318191876
0	0	0.1670015128017723	2.832998487198228	0	0.05566717093392407	0	0	0	0	0	0
0	0	0.943558643349781	2.05644135665022	0	0.3145195477832603	0	0	0	0	0	0
0	2	0.8101418177660442	2.189858182233958	0	0.2700472725886812	0	0.9133011517484314	0.9133011517484314	0.5328309842552231	0.4671690157447769	4.705025879940171
1	0	0.9265407389499744	2.073459261050026	1	0.3088469129833247	1.079283357937693	0	-1.079283357937693	1	0.3088469129833247	-5.560111384031549
1	0	1	2	1	0.3333333333333333	0.9999999999999998	0	-0.9999999999999998	1	0.3333333333333333	-5.151669710404755
0	0	0.8101418177660439	2.189858182233956	0	0.2700472725886813	0	0	0	0	0	0
0	0	0.9037903154633385	2	0	0.3112450339993391	0	0	0	0	0	0
0	0	0.1670015128017723	2.832998487198228	0	0.05566717093392407	0	0	0	0	0	0
0	0	0.8101418177660439	2.189858182233956	0	0.2700472725886813	0	0	0	0	0	0
0	0	0.9265407389499744	2.073459261050026	0	0.3088469129833247	0	0	0	0	0	0
2	0	0.8101418177660439	2.000000000000001	1	0.2882921469102494	2.468703572807753	0	-2.468703572807753	1	0.08311236197012084	-12.7179454200017
0	0	0	1.25446636983066	0	0	0	0	0	0	0	0
0	0	1	2	0	0.3333333333333333	0	0	0	0	0	0
0	1	0.1682647858445968	2.831735214155405	0	0.0560882619481989	0	0.353140362489104	0.353140362489104	0.9439117380518011	0.05608826194819894	1.819262508956473
0	0	1	2	0	0.3333333333333333	0	0	0	0	0	0
0	0	0.832998487198228	2.070791828265111	0	0.2868659223644087	0	0	0	0	0	0
1	0	1	2	1	0.3333333333333333	0.9999999999999998	0	-0.9999999999999998	1	0.3333333333333333	-5.151669710404755
1	0	1	1.936962867929432	1	0.3404877912893068	0.9999999999999998	0	-0.9999999999999998	1	0.3404877912893067	-5.151669710404755
0	0	0.8101418177660439	2.189858182233956	0	0.2700472725886813	0	0	0	0	0	0
1	0	0.1681540301704764	2.831845969829525	1	0.05605134339015879	5.94692853323937	0	-5.94692853323937	1	0.05605134339015883	-30.63661159463105
0	0	1	2	0	0.3333333333333333	0	0	0	0	0	0
1	0	1.682772586959658	1.200577190603455	1	0.5836172219042628	0.5942573629671171	0	-0.5942573629671171	1	0.5836172219042628	-3.061417656982702
1	0	0.9265407389499744	2.073459261050027	1	0.3088469129833247	1.079283357937693	0	-1.079283357937693	1	0.3088469129833247	-5.560111384031549
0	0	0.8101418177660439	2.189858182233956	0	0.2700472725886813	0	0	0	0	0	0
0	0	0.8101418177660439	2.189858182233956	0	0.2700472725886813	0	0	0	0	0	0
1	0	1	2	1	0.3333333333333333	0.9999999999999998	0	-0.9999999999999998	1	0.3333333333333333	-5.151669710404755
0	0	1	2	0	0.3333333333333333	0	0	0	0	0	0
1	0	0.8101418177660441	2.189858182233957	1	0.2700472725886813	1.234351786403876	0	-1.234351786403876	1	0.2700472725886813	-6.35897271000085
0	0	1.810141817766044	1.189858182233956	0	0.6033806059220146	0	0	0	0	0	0
0	0	0.9265407389499744	2.073459261050026	0	0.3088469129833247	0	0	0	0	0	0
0	0	1	2	0	0.3333333333333333	0	0	0	0	0	0
0	0	1	2	0	0.3333333333333333	0	0	0	0	0	0
0	0	0.943558643349781	2.05644135665022	0	0.3145195477832603	0	0	0	0	0	0
0	0	1	2	0	0.3333333333333333	0	0	0	0	0	0
0	0	0.8101418177660439	2	0	0.2882921469102495	0	0	0	0	0	0
0	0	0.8101418177660439	2.189858182233956	0	0.2700472725886813	0	0	0	0	0	0
0	0	0.832998487198228	2.070791828265111	0	0.2868659223644087	0	0	0	0	0	0
0	1	0.1707970644707187	2.829202935529282	0	0.05693235482357286	0	0.3534564408377873	0.3534564408377873	0.9430676451764272	0.05693235482357284	1.8208908402115
0	3	1.10581652698934	1.085271946121342	0	0.5046882134427989	0	2.764284113969512	2.764284113969512	0.1215167058919667	0.8784832941080333	14.24067874088978
0	0	0.8101418177660439	2.189858182233956	0	0.2700472725886813	0	0	0	0	0	0
2	0	1	1.998837957992295	1	0.3334624991439999	2	0	-2	0.9999999999999999	0.1111972383353622	-10.30333942080951
0	0	0.832998487198228	2.070791828265111	0	0.2868659223644087	0	0	0	0	0	0
0	0	0.8101418177660439	2.189858182233956	0	0.2700472725886813	0	0	0	0	0	0
0	0	1	1.810141817766044	0	0.3558539265448753	0	0	0	0	0	0
0	0	0.1670015128017723	2.832998487198228	0	0.05566717093392407	0	0	0	0	0	0
0	0	0	3.000000000000001	0	0	0	0	0	0	0	0
0	0	0.9037903154633385	2	0	0.3112450339993391	0	0	0	0	0	0
0	0	1	1.810141817766044	0	0.3558539265448753	0	0	0	0	0	0
0	0	0.8101418177660439	2.189858182233956	0	0.2700472725886813	0	0	0	0	0	0
0	0	1	2	0	0.3333333333333333	0	0	0	0	0	0
0	0	1	2	0	0.3333333333333333	0	0	0	0	0	0
1	0	0.9219194496828126	2.078080550317188	1	0.3073064832276041	1.084693462475546	0	-1.084693462475546	1	0.3073064832276041	-5.587982455709329
2	0	1	1.999614027474541	1	0.3333762246877903	2	0	-2	0.9999999999999999	0.1111397071870841	-10.30333942080951
0	0	0.832998487198228	2.070791828265111	0	0.2868659223644087	0	0	0	0	0	0
0	0	0.8101418177660439	2.073459261050026	0	0.2809479520997636	0	0	0	0	0	0
0	0	0.8727668150846705	2.031023500378669	0	0.3005612390250735	0	0	0	0	0	0
3	1	0.9997116208429448	1.996476833572175	0.75	0.3336611284813514	3.000865387030748	0.5008823459327404	-2.499983041098008	0.9876056870634239	0.1114026994752996	-12.87908690935017
1	0	0.8339041945275358	2.1024792130148	1	0.283990228382842	1.199178522619818	0	-1.199178522619818	1	0.2839902283828419	-6.177771672348443
0	0	0.8101418177660439	2.073459261050026	0	0.2809479520997636	0	0	0	0	0	0
1	0	0.9265407389499746	2.073459261050027	1	0.3088469129833247	1.079283357937693	0	-1.079283357937693	1	0.3088469129833247	-5.560111384031548
0	0	1	2	0	0.3333333333333333	0	0	0	0	0	0
0	0	1	2	0	0.3333333333333333	0	0	0	0	0	0
0	0	0.8101418177660439	2.189858182233956	0	0.2700472725886813	0	0	0	0	0	0
1	0	1	1.937351337206674	1	0.3404427612499933	0.9999999999999996	0	-0.9999999999999996	1	0.3404427612499933	-5.151669710404754
0	0	0.8101418177660439	2.189858182233956	0	0.2700472725886813	0	0	0	0	0	0
1	0	0.9265407389499745	2.073459261050026	1	0.3088469129833247	1.079283357937693	0	-1.079283357937693	1	0.3088469129833247	-5.560111384031549
1	0	1	2.000000000000001	1	0.3333333333333333	0.9999999999999996	0	-0.9999999999999996	1	0.3333333333333333	-5.151669710404754
0	0	0.8101418177660439	2.189858182233956	0	0.2700472725886813	0	0	0	0	0	0
0	1	0.8102112308258466	2.189595572945378	0	0.2700878035903129	0	0.4567053442909689	0.4567053442909689	0.7299121964096871	0.2700878035903129	2.35279508876376
1	0	0.8366842332740138	2.067106082189326	1	0.2881352103209661	1.19519402927783	0	-1.19519402927783	1	0.288135210320966	-6.15724487868721
1	0	1	2	1	0.3333333333333333	0.9999999999999998	0	-0.9999999999999998	1	0.3333333333333333	-5.151669710404755
0	0	0.8101418177660439	2.189858182233956	0	0.2700472725886813	0	0	0	0	0	0
2	0	0.8334825765473564	1.356375605686601	1	0.3806102985614755	2.399570256507174	0	-2.399570256507174	1	0.1448641993710555	-12.36179340843618
0	0	0.8101418177660439	2.189858182233956	0	0.2700472725886813	0	0	0	0	0	0
0	0	1	2	0	0.3333333333333333	0	0	0	0	0	0
1	0	0.8101418177660438	2.189858182233956	1	0.2700472725886813	1.234351786403877	0	-1.234351786403877	1	0.2700472725886813	-6.358972710000852
1	0	0.9425896730906378	2.055066141777321	1	0.3144422613215044	1.060907018767902	0	-1.060907018767902	1	0.3144422613215043	-5.465442554142411
1	1	0.9269870504091172	2.073012949590883	0.5	0.3089956834697057	1.078763721196169	0.4823896542456977	-0.5963740669504712	0.9045216675970895	0.5225130345365008	-3.072322216779641
1	0	1	2	1	0.3333333333333333	0.9999999999999998	0	-0.9999999999999998	1	0.3333333333333333	-5.151669710404755
1	0	0.810141817766044	2.000000000000001	1	0.2882921469102494	1.234351786403876	0	-1.234351786403876	1	0.2882921469102494	-6.35897271000085
0	0	1	2	0	0.3333333333333333	0	0	0	0	0	0
0	0	1	2	0	0.3333333333333333	0	0	0	0	0	0
1	0	0.8101418177660439	2.073459261050026	1	0.2809479520997636	1.234351786403876	0	-1.234351786403876	1	0.2809479520997635	-6.358972710000852
0	0	1	2	0	0.3333333333333333	0	0	0	0	0	0
0	0	0.9037903154633385	2	0	0.3112450339993391	0	0	0	0	0	0
0	0	0.8101418177660439	2	0	0.2882921469102495	0	0	0	0	0	0
1	2	0.9986584055879303	2.001341594412071	0.3333333333333333	0.3328861351959767	1.001343396705583	0.9993296524612207	-0.002013744244362403	0.741336804758842	0.7031070394587799	-0.01037414522818371
0	0	0.8727668150846705	2.031023500378669	0	0.3005612390250735	0	0	0	0	0	0
0	1	0.8233443759422223	1.708698360566434	0	0.3251700155256868	0	0.5852408026355802	0.5852408026355802	0.6748299844743132	0.3251700155256868	3.014967316230686
1	1	0.810426301938566	2.189281433549274	0.5	0.2701684208600966	1.233918491549407	0.4567708768163238	-0.7771476147330837	0.9270090243699618	0.4673458660901549	-4.003607827333732
0	0	1	2	0	0.3333333333333333	0	0	0	0	0	0
0	0	1.810141817766044	1.189858182233956	0	0.6033806059220146	0	0	0	0	0	0
0	0	0.832998487198228	2.070791828265111	0	0.2868659223644087	0	0	0	0	0	0
1	0	1.686008717232213	1.200428465056594	1	0.5841141208883988	0.5931167435727265	0	-0.5931167435727265	1	0.5841141208883988	-3.05554156259752
0	0	1	2	0	0.3333333333333333	0	0	0	0	0	0
0	0	1	2	0	0.3333333333333333	0	0	0	0	0	0
1	0	1	1.936673161387975	1	0.34052138084286	0.9999999999999998	0	-0.9999999999999998	1	0.34052138084286	-5.151669710404755
0	0	0	3.000000000000001	0	0	0	0	0	0	0	0
0	0	1.116398921183931	1.073459261050026	0	0.5098042102639952	0	0	0	0	0	0
0	0	0.8101418177660439	2.189858182233956	0	0.2700472725886813	0	0	0	0	0	0
0	0	1	2	0	0.3333333333333333	0	0	0	0	0	0
1	0	1	2.000000000000001	1	0.3333333333333333	0.9999999999999996	0	-0.9999999999999996	1	0.3333333333333333	-5.151669710404754
1	0	0.8725855126210756	2.06379789492126	1	0.2971633439896745	1.146019485237838	0	-1.146019485237838	1	0.2971633439896745	-5.90391386963342
0	1	0.8397700775436665	2.064020237919673	0	0.2891979056034801	0	0.4844913734992736	0.4844913734992736	0.7108020943965199	0.2891979056034801	2.495939533808605
0	0	0.832998487198228	1.356859695035729	0	0.3803892388814215	0	0	0	0	0	0
0	0	1	2	0	0.3333333333333333	0	0	0	0	0	0
0	0	0.9037903154633385	2	0	0.3112450339993391	0	0	0	0	0	0
1	0	1	1.99864884602233	1	0.3334835291989882	1	0	-1	1	0.3334835291989882	-5.151669710404756
0	0	0.1670015128017723	2.832998487198228	0	0.05566717093392407	0	0	0	0	0	0
0	0	0.8101418177660439	2.189858182233956	0	0.2700472725886813	0	0	0	0	0	0
1	0	1	2	1	0.3333333333333333	0.9999999999999998	0	-0.9999999999999998	1	0.3333333333333333	-5.151669710404755
0	0	1	2	0	0.3333333333333333	0	0	0	0	0	0
0	0	0.1670015128017723	2.832998487198228	0	0.05566717093392407	0	0	0	0	0	0
0	0	1	2	0	0.3333333333333333	0	0	0	0	0	0
0	0	1	2	0	0.3333333333333333	0	0	0	0	0	0
1	0	0.810141817766044	2.189858182233957	1	0.2700472725886813	1.234351786403876	0	-1.234351786403876	1	0.2700472725886813	-6.35897271000085
0	0	0.1670015128017723	2.832998487198228	0	0.05566717093392407	0	0	0	0	0	0
0	0	0.832998487198228	2.103384920344108	0	0.2836817852391499	0	0	0	0	0	0
0	0	0.8101418177660439	2.189858182233956	0	0.2700472725886813	0	0	0	0	0	0
0	0	1	2	0	0.3333333333333333	0	0	0	0	0	0
0	0	0	1.25446636983066	0	0	0	0	0	0	0	0
1	0	0.8727064048677677	2.063677002674568	1	0.2972045144466324	1.145860732111299	0	-1.145860732111299	1	0.2972045144466324	-5.903096025959997
0	0	1	1.936383407542336	0	0.3405549825106013	0	0	0	0	0	0
0	0	0	3.000000000000001	0	0	0	0	0	0	0	0
0	3	0.837102091889723	2.150017130095438	0	0.2802372552553851	0	1.395337719875205	1.395337719875205	0.3728791421999914	0.6271208578000087	7.18831906726633
0	0	0.8101418177660439	2.189858182233956	0	0.2700472725886813	0	0	0	0	0	0
0	0	1	2	0	0.3333333333333333	0	0	0	0	0	0
0	0	0	1.25446636983066	0	0	0	0	0	0	0	0
1	0	0.8101418177660439	2	1	0.2882921469102495	1.234351786403876	0	-1.234351786403876	1	0.2882921469102495	-6.358972710000852
1	0	1.000000000000001	2.000000000000001	1	0.3333333333333334	0.9999999999999993	0	-0.9999999999999993	1	0.3333333333333334	-5.151669710404753
0	0	0.8101418177660439	2.189858182233956	0	0.2700472725886813	0	0	0	0	0	0
0	0	0.943558643349781	2.05644135665022	0	0.3145195477832603	0	0	0	0	0	0
0	0	0.8101418177660439	2.189858182233956	0	0.2700472725886813	0	0	0	0	0	0
0	1	0.837452214045379	1.356098517941425	0	0.3817792776950539	0	0.7374095515700532	0.7374095515700532	0.6182207223049461	0.3817792776950539	3.798890450986597
0	0	0.8101418177660439	2.189858182233956	0	0.2700472725886813	0	0	0	0	0	0
0	0	1	2	0	0.3333333333333333	0	0	0	0	0	0
4	0	0.8717398783999817	2.064643529142355	1	0.2968753590422994	4.588524741281452	0	-4.588524741281452	0.9999999999999998	0.007767774489221391	-23.63856392510247
1	0	1	1.937059846918745	1	0.3404765486985548	0.9999999999999998	0	-0.9999999999999998	1	0.3404765486985548	-5.151669710404755
1	0	0.9042129251279926	2.000599790438127	1	0.3112809718446066	1.105934202232786	0	-1.105934202232786	1	0.3112809718446066	-5.697407731343289
1	0	1	1.936479906331225	1	0.3405437911711709	0.9999999999999998	0	-0.9999999999999998	1	0.3405437911711708	-5.151669710404755
0	0	0.832998487198228	1.356859695035729	0	0.3803892388814215	0	0	0	0	0	0
0	0	1	2	0	0.3333333333333333	0	0	0	0	0	0
1	0	1	2.000000000000001	1	0.3333333333333333	0.9999999999999996	0	-0.9999999999999996	1	0.3333333333333333	-5.151669710404754
0	0	0.8101418177660439	2.189858182233956	0	0.2700472725886813	0	0	0	0	0	0
2	0	1.001230277771082	1.998769722228919	1	0.333743425923694	1.997542467904943	0	-1.997542467904943	1	0.1113846743472842	-10.29067902715306
0	0	0.832998487198228	2.070791828265111	0	0.2868659223644087	0	0	0	0	0	0
0	0	0.8101418177660439	2.189858182233956	0	0.2700472725886813	0	0	0	0	0	0
0	0	1	2	0	0.3333333333333333	0	0	0	0	0	0
0	0	0.832998487198228	1.356859695035729	0	0.3803892388814215	0	0	0	0	0	0
1	0	1	2.000000000000001	1	0.3333333333333333	0.9999999999999996	0	-0.9999999999999996	1	0.3333333333333333	-5.151669710404754
0	0	1	2	0	0.3333333333333333	0	0	0	0	0	0
1	0	0.9265407389499745	2.073459261050027	1	0.3088469129833247	1.079283357937693	0	-1.079283357937693	1	0.3088469129833247	-5.560111384031549
0	0	0.8101418177660439	2.189858182233956	0	0.2700472725886813	0	0	0	0	0	0
0	0	0.832998487198228	1.356859695035729	0	0.3803892388814215	0	0	0	0	0	0
0	0	0.9265407389499744	2.073459261050026	0	0.3088469129833247	0	0	0	0	0	0
1	0	0.8101418177660438	2.189858182233956	1	0.2700472725886813	1.234351786403877	0	-1.234351786403877	1	0.2700472725886813	-6.358972710000852
1	0	1	1.998936831562317	1	0.3334515050385516	0.9999999999999998	0	-0.9999999999999998	1	0.3334515050385516	-5.151669710404755
2	0	0.8722227585611851	2.031567556902155	1	0.3003738782089057	2.292992220587309	0	-2.292992220587309	1	0.0902244667102583	-11.81273856899338
0	0	1.810141817766044	1.189858182233956	0	0.6033806059220146	0	0	0	0	0	0
0	0	0.8101418177660439	2.189858182233956	0	0.2700472725886813	0	0	0	0	0	0
2	1	1.115968571609359	1.104660478841202	0.6666666666666666	0.5025461462746023	1.792165165651362	0.90525552344283	-0.886909642208532	0.8730806494964587	0.5038191863992794	-4.569065539631613
0	0	1.682908632850714	1.200692445965356	0	0.5836135397555309	0	0	0	0	0	0
2	0	0.9219193857404159	2.078080614259585	1	0.3073064619134719	2.169387075415223	0	-2.169387075415223	1	0.09443726153377618	-11.17596568656016
0	1	0.9998069258982665	2.000096537050868	0	0.3332796999125365	0	0.4999758669021521	0.4999758669021521	0.6667203000874635	0.3332796999125365	2.575710529453176
0	0	0.832998487198228	2.070791828265111	0	0.2868659223644087	0	0	0	0	0	0
0	0	1	2	0	0.3333333333333333	0	0	0	0	0	0
1	0	0.8101418177660439	2.189858182233956	1	0.2700472725886813	1.234351786403876	0	-1.234351786403876	1	0.2700472725886813	-6.358972710000852
0	0	0.8727668150846705	2.063616592457665	0	0.2972250874469932	0	0	0	0	0	0
0	0	0.832998487198228	2.070791828265111	0	0.2868659223644087	0	0	0	0	0	0
0	0	0.8101418177660439	2.189858182233956	0	0.2700472725886813	0	0	0	0	0	0
0	0	0.8101418177660439	2.189858182233956	0	0.2700472725886813	0	0	0	0	0	0
0	0	0.8727668150846705	1.317091367149286	0	0.3985494687123201	0	0	0	0	0	0
0	0	0.9265407389499744	2.073459261050026	0	0.3088469129833247	0	0	0	0	0	0
0	0	0.832998487198228	2.103384920344108	0	0.2836817852391499	0	0	0	0	0	0
2	0	0.8350524859550578	2.068737829508282	1	0.2875732732863715	2.395059033579884	0	-2.395059033579884	1	0.08269838750863812	-12.33855307792477
0	0	0.832998487198228	2.103384920344108	0	0.2836817852391499	0	0	0	0	0	0
0	0	0.8101418177660439	2.189858182233956	0	0.2700472725886813	0	0	0	0	0	0
0	0	1	1.810141817766044	0	0.3558539265448753	0	0	0	0	0	0
0	0	0.832998487198228	2.103384920344108	0	0.2836817852391499	0	0	0	0	0	0
0	0	1	2	0	0.3333333333333333	0	0	0	0	0	0
0	0	0.832998487198228	2.103384920344108	0	0.2836817852391499	0	0	0	0	0	0
5	0	1.000000000000001	1.968889336535925	1	0.3368262965189507	4.999999999999996	0	-4.999999999999996	1	0.004335407761438592	-25.75834855202376
0	0	0.9037903154633385	2	0	0.3112450339993391	0	0	0	0	0	0
1	0	0.9265407389499745	2.073459261050026	1	0.3088469129833247	1.079283357937693	0	-1.079283357937693	1	0.3088469129833247	-5.560111384031549
1	0	0.872645926923677	1.31721225531028	1	0.3984942650639861	1.145940144962668	0	-1.145940144962668	1	0.398494265063986	-5.903505134741009
0	2	0.8104301234747575	2.189569876525243	0	0.2701433744915858	0	0.9134214082146206	0.9134214082146206	0.5326906937985296	0.4673093062014704	4.705645401534519
0	1	0.9997768655764437	2.000223134423557	0	0.3332589551921478	0	0.4999442226170378	0.4999442226170378	0.6667410448078521	0.3332589551921479	2.575547508548046
0	0	0.8727668150846705	2.063616592457665	0	0.2972250874469932	0	0	0	0	0	0
1	0	0.8331796592208077	2.070610656242532	1	0.2869283139295347	1.20022133153755	0	-1.20022133153755	1	0.2869283139295347	-6.183143879463661
0	0	0.8101418177660439	2	0	0.2882921469102495	0	0	0	0	0	0
0	0	1	2	0	0.3333333333333333	0	0	0	0	0	0
4	0	0.8718607072453322	2.064522700297005	1	0.2969165079076144	4.587888829900489	0	-4.587888829900489	1	0.00777208204197577	-23.63528791970267
0	0	0.8101418177660439	2.189858182233956	0	0.2700472725886813	0	0	0	0	0	0
1	0	1	2.000000000000001	1	0.3333333333333333	0.9999999999999996	0	-0.9999999999999996	1	0.3333333333333333	-5.151669710404754
0	0	0.832998487198228	2.070791828265111	0	0.2868659223644087	0	0	0	0	0	0
0	0	0.1670015128017723	2.832998487198228	0	0.05566717093392407	0	0	0	0	0	0
2	0	0.8101418177660438	2.189858182233956	1	0.2700472725886813	2.468703572807753	0	-2.468703572807753	0.9999999999999999	0.07292552943258568	-12.7179454200017
0	0	1	2	0	0.3333333333333333	0	0	0	0	0	0
0	0	0	1.25446636983066	0	0	0	0	0	0	0	0
0	0	1	1.810141817766044	0	0.3558539265448753	0	0	0	0	0	0
1	0	0.8101418177660439	2	1	0.2882921469102495	1.234351786403876	0	-1.234351786403876	1	0.2882921469102495	-6.358972710000852
1	0	0.810141817766044	2.189858182233957	1	0.2700472725886813	1.234351786403876	0	-1.234351786403876	1	0.2700472725886813	-6.35897271000085
2	0	1	2	1	0.3333333333333333	2	0	-2	1	0.1111111111111109	-10.30333942080951
0	0	0.8727668150846705	2.063616592457665	0	0.2972250874469932	0	0	0	0	0	0
0	0	1	2	0	0.3333333333333333	0	0	0	0	0	0
0	0	1	2	0	0.3333333333333333	0	0	0	0	0	0
0	0	1	2	0	0.3333333333333333	0	0	0	0	0	0
1	0	1	2	1	0.3333333333333333	0.9999999999999998	0	-0.9999999999999998	1	0.3333333333333333	-5.151669710404755
0	0	1.810141817766044	1.189858182233956	0	0.6033806059220146	0	0	0	0	0	0
1	0	0.8724647076234344	2.063918699918902	1	0.2971222032458156	1.146178167738117	0	-1.146178167738117	1	0.2971222032458156	-5.904731349463678
2	0	0.8101418177660439	2.189858182233956	1	0.2700472725886813	2.468703572807753	0	-2.468703572807753	0.9999999999999999	0.07292552943258568	-12.7179454200017
0	0	0.832998487198228	1.356859695035729	0	0.3803892388814215	0	0	0	0	0	0
0	0	0.8101418177660439	2.189858182233956	0	0.2700472725886813	0	0	0	0	0	0
0	0	1	2	0	0.3333333333333333	0	0	0	0	0	0
0	0	0.9265407389499744	2.073459261050026	0	0.3088469129833247	0	0	0	0	0	0
1	0	0.810141817766044	2.189858182233956	1	0.2700472725886813	1.234351786403876	0	-1.234351786403876	1	0.2700472725886813	-6.35897271000085
0	0	1.810141817766044	1.189858182233956	0	0.6033806059220146	0	0	0	0	0	0
0	0	1	2	0	0.3333333333333333	0	0	0	0	0	0
0	0	0.8101418177660439	2.189858182233956	0	0.2700472725886813	0	0	0	0	0	0
0	1	1	1.817638590364932	0	0.3549071209556664	0	0.5501643755259549	0.5501643755259549	0.6450928790443335	0.3549071209556665	2.834265149140809
0	0	0.832998487198228	2.103384920344108	0	0.2836817852391499	0	0	0	0	0	0
0	0	0	3.000000000000001	0	0	0	0	0	0	0	0
1	1	0.8101418177660439	2.189858182233956	0.5	0.2700472725886813	1.234351786403876	0.456650575874216	-0.7777012105296605	0.9270744705674143	0.4671690157447771	-4.006459770030764
2	0	0.8342075020717878	2.069582813391551	1	0.2872822798634752	2.397485032240683	0	-2.397485032240683	0.9999999999999998	0.08253110832355626	-12.3510510217431
2	0	1.809755406803362	1.189891086214794	1	0.6033228952197094	1.105121715609445	0	-1.105121715609445	1	0.3639985158962924	-5.693222068615715
0	0	0.8101418177660439	2.189858182233956	0	0.2700472725886813	0	0	0	0	0	0
0	0	0.832998487198228	2.103384920344108	0	0.2836817852391499	0	0	0	0	0	0
0	0	0.832998487198228	2.070791828265111	0	0.2868659223644087	0	0	0	0	0	0
0	0	1	2	0	0.3333333333333333	0	0	0	0	0	0
0	0	0.8727668150846705	2.031023500378669	0	0.3005612390250735	0	0	0	0	0	0
1	0	0.8708946365958189	2.032895678867521	1	0.2999165029093554	1.14824452692559	0	-1.14824452692559	1	0.2999165029093553	-5.915376549500602
2	1	0.8374166501493545	1.354903283340657	0.6666666666666666	0.3819773917834379	2.388297390126286	0.7380600610357918	-1.650237329090494	0.9442669286584355	0.3262540408179057	-8.501477663254741
0	0	1.810141817766044	1.189858182233956	0	0.6033806059220146	0	0	0	0	0	0
3	0	0.94265148612925	2.055153870176863	1	0.3144471952277724	3.182512353869732	0	-3.182512353869732	1	0.03109160745598838	-16.39525249641964
0	0	0.832998487198228	2.103384920344108	0	0.2836817852391499	0	0	0	0	0	0
0	0	0.8101418177660439	2.189858182233956	0	0.2700472725886813	0	0	0	0	0	0
0	0	1	2	0	0.3333333333333333	0	0	0	0	0	0
0	0	0.8727668150846705	2.063616592457665	0	0.2972250874469932	0	0	0	0	0	0
0	0	0.8101418177660439	2.189858182233956	0	0.2700472725886813	0	0	0	0	0	0
0	0	0	3.000000000000001	0	0	0	0	0	0	0	0
2	0	1	1.978935211071567	1	0.3356904159188764	1.999999999999999	0	-1.999999999999999	0.9999999999999998	0.1126880553397884	-10.30333942080951
0	0	0.8101418177660439	2.189858182233956	0	0.2700472725886813	0	0	0	0	0	0
1	0	1	2	1	0.3333333333333333	0.9999999999999998	0	-0.9999999999999998	1	0.3333333333333333	-5.151669710404755
0	0	0.8101418177660439	2.073459261050026	0	0.2809479520997636	0	0	0	0	0	0
0	0	0.8101418177660439	2.189858182233956	0	0.2700472725886813	0	0	0	0	0	0
0	0	0.832998487198228	2.070791828265111	0	0.2868659223644087	0	0	0	0	0	0
0	0	0.1670015128017723	2.832998487198228	0	0.05566717093392407	0	0	0	0	0	0
0	0	0.8101418177660439	2	0	0.2882921469102495	0	0	0	0	0	0
0	0	0.8101418177660439	2.189858182233956	0	0.2700472725886813	0	0	0	0	0	0
0	0	0.832998487198228	2.070791828265111	0	0.2868659223644087	0	0	0	0	0	0
0	0	0.8101418177660439	2.073459261050026	0	0.2809479520997636	0	0	0	0	0	0
1	0	0.8101418177660439	2.189858182233956	1	0.2700472725886813	1.234351786403876	0	-1.234351786403876	1	0.2700472725886813	-6.358972710000852
0	0	0.8101418177660439	2.189858182233956	0	0.2700472725886813	0	0	0	0	0	0
1	1	1	2	0.5	0.3333333333333333	0.9999999999999998	0.4999999999999999	-0.4999999999999999	0.8888888888888891	0.5555555555555555	-2.575834855202377
0	0	0.8101418177660439	2.073459261050026	0	0.2809479520997636	0	0	0	0	0	0
0	1	0.1667480290657935	2.833251970934207	0	0.05558267635526448	0	0.3529513118701794	0.3529513118701794	0.9444173236447355	0.05558267635526448	1.818288582609226
1	0	1	1.936479939519696	1	0.3405437873223015	0.9999999999999998	0	-0.9999999999999998	1	0.3405437873223015	-5.151669710404755
0	0	1	1.810141817766044	0	0.3558539265448753	0	0	0	0	0	0
1	0	0.5709928124609238	2.429007187539078	1	0.1903309374869745	1.751335530284692	0	-1.751335530284692	1	0.1903309374869745	-9.022302204123301
0	0	0.9037903154633385	2	0	0.3112450339993391	0	0	0	0	0	0
0	0	0.8101418177660439	2.189858182233956	0	0.2700472725886813	0	0	0	0	0	0
0	0	1	1.936383407542336	0	0.3405549825106013	0	0	0	0	0	0
0	0	1	2	0	0.3333333333333333	0	0	0	0	0	0
0	0	0.8101418177660439	2	0	0.2882921469102495	0	0	0	0	0	0
1	0	0.810141817766044	2.189858182233956	1	0.2700472725886813	1.234351786403876	0	-1.234351786403876	1	0.2700472725886813	-6.35897271000085
1	0	0.810141817766044	2.189858182233957	1	0.2700472725886813	1.234351786403876	0	-1.234351786403876	1	0.2700472725886813	-6.35897271000085
1	3	0.810141817766044	2.188412469768816	0.25	0.2701774722351515	1.234351786403876	1.370856747273479	0.136504960869603	0.7038143209639811	0.7162936481757578	0.70322847223192
2	0	1	2.000000000000001	1	0.3333333333333333	1.999999999999999	0	-1.999999999999999	1	0.1111111111111109	-10.30333942080951
0	0	0.8101418177660439	2	0	0.2882921469102495	0	0	0	0	0	0
1	0	0.9434982808766597	2.056355686971488	1	0.3145147367134837	1.05988534401021	0	-1.05988534401021	1	0.3145147367134837	-5.460179223239323
0	1	0.810141817766044	2.189858182233957	0	0.2700472725886813	0	0.4566505758742159	0.4566505758742159	0.7299527274113187	0.2700472725886813	2.352512939970087
0	0	0.832998487198228	2.103384920344108	0	0.2836817852391499	0	0	0	0	0	0
1	0	1	2.000000000000001	1	0.3333333333333333	0.9999999999999996	0	-0.9999999999999996	1	0.3333333333333333	-5.151669710404754
1	0	1.643261170898061	1.167103908007039	1	0.5847144853999769	0.6085459923899307	0	-0.6085459923899307	1	0.5847144853999769	-3.135027956383409
0	0	0.8101418177660439	2.189858182233956	0	0.2700472725886813	0	0	0	0	0	0
1	0	0.8101418177660439	2.189858182233957	1	0.2700472725886812	1.234351786403876	0	-1.234351786403876	1	0.2700472725886812	-6.358972710000852
1	0	1.116398921183931	1.881142542649685	1	0.3724381913156744	0.8957371608165917	0	-0.8957371608165917	1	0.3724381913156745	-4.614541999862789
1	0	0.810141817766044	2.189858182233956	1	0.2700472725886813	1.234351786403876	0	-1.234351786403876	1	0.2700472725886813	-6.35897271000085
2	0	0.8724796298915669	1.31737855234239	1	0.3984183254285067	2.292317128651546	0	-2.292317128651546	1	0.1587371620372555	-11.80926071831617
0	0	0.9265407389499744	2.073459261050026	0	0.3088469129833247	0	0	0	0	0	0
1	0	0.8724045798598498	2.03138573560349	1	0.3004364933700957	1.146257164492016	0	-1.146257164492016	1	0.3004364933700957	-5.905138314647961
2	0	1	1.937326029677683	1	0.340445694450109	2	0	-2	0.9999999999999999	0.115903270869617	-10.30333942080951
0	1	0.9997769020417188	2.000223097958282	0	0.3332589673472394	0	0.4999442317313229	0.4999442317313229	0.6667410326527605	0.3332589673472395	2.575547555501832
0	0	0.8727668150846705	2.063616592457665	0	0.2972250874469932	0	0	0	0	0	0
1	0	1.809948624608546	1.189874633174966	1	0.60335175411163	0.5525018701656678	0	-0.5525018701656678	1	0.60335175411163	-2.846307149474452
1	1	0.8725482559899955	2.031534332097632	0.5	0.300455730690696	1.146068418720747	0.4922387892738511	-0.6538296294468962	0.9097263538951199	0.5106378152765119	-3.36831429778674
0	1	1	1.81071918540686	0	0.3557808283345984	0	0.5522667501726972	0.5522667501726972	0.6442191716654015	0.3557808283345985	2.845095888928355
0	0	1	2	0	0.3333333333333333	0	0	0	0	0	0
0	0	0.8101418177660439	2	0	0.2882921469102495	0	0	0	0	0	0
0	0	0.832998487198228	2.070791828265111	0	0.2868659223644087	0	0	0	0	0	0
1	0	0.810141817766044	2.189858182233956	1	0.2700472725886813	1.234351786403876	0	-1.234351786403876	1	0.2700472725886813	-6.35897271000085
0	0	0	1.25446636983066	0	0	0	0	0	0	0	0
0	0	0.9265407389499744	2.073459261050026	0	0.3088469129833247	0	0	0	0	0	0
0	0	1.810141817766044	1.189858182233956	0	0.6033806059220146	0	0	0	0	0	0
0	0	0	1.25446636983066	0	0	0	0	0	0	0	0
0	0	0.9265407389499744	2.073459261050026	0	0.3088469129833247	0	0	0	0	0	0
0	0	1	2	0	0.3333333333333333	0	0	0	0	0	0
0	0	0.8101418177660439	2.189858182233956	0	0.2700472725886813	0	0	0	0	0	0
0	0	1	2	0	0.3333333333333333	0	0	0	0	0	0
0	1	0.1664943741296223	2.833505625870379	0	0.05549812470987407	0	0.3529197157294601	0.3529197157294601	0.944501875290126	0.05549812470987403	1.818125809728116
0	0	1	1.810141817766044	0	0.3558539265448753	0	0	0	0	0	0
0	0	0.8101418177660439	2.073459261050026	0	0.2809479520997636	0	0	0	0	0	0
0	0	0.8101418177660439	2.189858182233956	0	0.2700472725886813	0	0	0	0	0	0
0	0	1.682908632850714	1.200692445965356	0	0.5836135397555309	0	0	0	0	0	0
0	0	1	2	0	0.3333333333333333	0	0	0	0	0	0
0	0	0.8101418177660439	2.073459261050026	0	0.2809479520997636	0	0	0	0	0	0
0	1	0.9995530494239442	2.000446950576057	0	0.3331843498079813	0	0.4998882873210089	0.4998882873210089	0.6668156501920187	0.3331843498079813	2.575259348377752
1	2	1	2.000000000000001	0.3333333333333333	0.3333333333333333	0.9999999999999996	0.9999999999999996	0	0.7407407407407408	0.7037037037037037	0
1	0	1.686008717232213	1.200428465056594	1	0.5841141208883988	0.5931167435727265	0	-0.5931167435727265	1	0.5841141208883988	-3.05554156259752
0	0	1.682908632850714	1.200692445965356	0	0.5836135397555309	0	0	0	0	0	0
0	0	1	2	0	0.3333333333333333	0	0	0	0	0	0
1	0	0.8101418177660439	2.189858182233957	1	0.2700472725886812	1.234351786403876	0	-1.234351786403876	1	0.2700472725886812	-6.358972710000852
0	0	0.9265407389499744	2.073459261050026	0	0.3088469129833247	0	0	0	0	0	0
0	0	0	3.000000000000001	0	0	0	0	0	0	0	0
0	0	0	1.25446636983066	0	0	0	0	0	0	0	0
1	0	1	2	1	0.3333333333333333	0.9999999999999998	0	-0.9999999999999998	1	0.3333333333333333	-5.151669710404755
0	0	0.8101418177660439	2.073459261050026	0	0.2809479520997636	0	0	0	0	0	0
0	0	0.832998487198228	1.356859695035729	0	0.3803892388814215	0	0	0	0	0	0
3	0	0.8704111509168231	2.033379164546517	1	0.2997500013281562	3.446647020594847	0	-3.446647020594847	0.9999999999999998	0.02693255659237992	-17.75598705845527
0	0	1	2	0	0.3333333333333333	0	0	0	0	0	0
0	0	0.8101418177660439	2.189858182233956	0	0.2700472725886813	0	0	0	0	0	0
0	0	0.9265407389499744	2.073459261050026	0	0.3088469129833247	0	0	0	0	0	0
1	0	0.9434982668782187	2.056355667104145	1	0.3145147355977118	1.059885359735456	0	-1.059885359735456	1	0.3145147355977118	-5.460179304250596
0	0	0.8101418177660439	2.073459261050026	0	0.2809479520997636	0	0	0	0	0	0
0	0	0.8101418177660439	2.189858182233956	0	0.2700472725886813	0	0	0	0	0	0
0	0	0.9265407389499744	2.073459261050026	0	0.3088469129833247	0	0	0	0	0	0
0	0	0.8101418177660439	2.073459261050026	0	0.2809479520997636	0	0	0	0	0	0
0	0	0.9265407389499744	2.073459261050026	0	0.3088469129833247	0	0	0	0	0	0