Observed S Changes	Observed NS Changes	E[S Sites]	E[NS Sites]	Observed S. Prop.	P{S}	dS	dN	dN-dS	P{S leq. observed}	P{S geq. observed}	Scaled dN-dS
0	0	0	3.000000000000007	0	0	0	0	0	0	0	0
2	2	0.8654482216778738	2.033089575261164	0.5	0.2985809681667146	2.310941255529455	0.9837244872710967	-1.327216768258358	0.9173688021914412	0.3457976861645291	-1.105918314053943
6	2	0.9999810048438551	2.000018995156152	0.75	0.3333270016146175	6.000113973101806	0.999990502512127	-5.00012347058968	0.9974092558064872	0.0196596914708117	-4.166409173621639
1	7	0.9230508086879293	2.076949191312078	0.125	0.3076836028959757	1.083363982337495	3.370327993232164	2.286964010894669	0.2404165926699895	0.9472239427810601	1.905638508884736
0	0	0.9226204262289226	2.077379573771084	0	0.3075401420763069	0	0	0	0	0	0
5	0	1.000000000000002	2.000000000000004	1	0.3333333333333333	4.999999999999989	0	-4.999999999999989	1	0.004115226337448097	-4.166306290362739
1	0	1.664975804310818	1.21191508148703	1	0.5787413810270633	0.6006093286226036	0	-0.6006093286226036	1	0.5787413810270633	-0.5004644847781801
0	2	0.8000585413878526	2.199941458612154	0	0.2666861804626169	0	0.9091151003907676	0.9091151003907676	0.5377491579245056	0.4622508420754944	0.7575303922843631
0	3	0.7996634790659264	2.000647605378006	0	0.2855623732335147	0	1.499514453187859	1.499514453187859	0.3646640554387686	0.6353359445612314	1.249487299761287
1	4	0.922697757544377	2.077302242455629	0.2	0.3075659191814584	1.083778509076852	1.92557439078846	0.8417958817116076	0.5127078325458818	0.8408186527619188	0.7014358954353053
1	2	1.792165744694044	1.207834255305962	0.3333333333333333	0.5973885815646802	0.5579841055218464	1.655856332285733	1.097872226763886	0.3557644986334384	0.934738317934969	0.9148143928761873
2	2	0.7998604372410522	2.077227448634295	0.5	0.2780104289367916	2.500436209720002	0.9628218620521941	-1.537614347667808	0.9319716586595326	0.3097609700029965	-1.28123446576808
6	2	1.797228739376509	1.200639712987982	0.75	0.5995022022927627	3.338473210750851	1.665778649802181	-1.67269456094867	0.8941435951485704	0.3143549327197781	-1.3937915742272
1	3	0.9996383641945907	2.000361635805416	0.25	0.3332127880648629	1.000361766633177	1.499728822179743	0.4993670555465659	0.5928068952850883	0.8023262285816978	0.4161032209447162
5	10	0.8021207412318715	2.197879258768136	0.3333333333333333	0.2673735804106232	6.233475514323641	4.549840470128822	-1.683635044194819	0.8107890470837466	0.3720098411428525	-1.402907855060808
7	7	1.000000000000003	2.000000000000005	0.5	0.3333333333333333	6.999999999999981	3.499999999999991	-3.499999999999991	0.9423836951483485	0.1494621855169872	-2.916414403253916
0	0	0.8228652035219136	1.377471317412167	0	0.3739724336223776	0	0	0	0	0	0
1	7	0.8231851208473693	2.076586545062284	0.125	0.2838792897126738	1.214793580052347	3.370916572990724	2.156122992938376	0.2885103506166804	0.9308344443883871	1.796613757654982
3	13	0.9769518966047375	2.023048103395265	0.1875	0.3256506322015789	3.070775552436194	6.425947053944098	3.355171501507904	0.1824674334276001	0.9328641394341736	2.795734426395641
1	1	1.000000000000002	2.000000000000004	0.5	0.3333333333333333	0.999999999999998	0.499999999999999	-0.499999999999999	0.8888888888888891	0.5555555555555555	-0.416630629036274
3	5	0.9974940069926483	1.935318377106601	0.375	0.3401151783185092	3.007536866356442	2.583554240556148	-0.4239826258002939	0.7273195899315494	0.5483613642072998	-0.3532882961752559
0	3	0.8010293132782471	2.198870659580538	0	0.2670186741309571	0	1.364336727550991	1.364336727550991	0.3938027375513923	0.6061972624486077	1.136848938033724
1	1	0.7998605291343562	2.200139470865651	0.5	0.2666201763781181	1.25021796122662	0.4545166400776163	-0.7957013211490033	0.9289136815481011	0.4621540343043375	-0.6630270839106083
1	3	0.7996634790659252	2.200336520934077	0.25	0.2665544930219749	1.250526035236829	1.36342780818202	0.1129017729451915	0.710059693965692	0.7106180692761332	0.09407667336293164
1	1	0.7996634790659264	2.20033652093408	0.5	0.2665544930219749	1.250526035236827	0.4544759360606727	-0.7960500991761539	0.9289487022497979	0.4620576882937477	-0.6633177071282998
6	4	0.9991949117657999	2.000755123477455	0.6	0.3330705178510677	6.004834421541102	1.999245161520673	-4.005589260020429	0.9804279321955894	0.07629466567284193	-3.337702346126515
1	0	1.000000000000002	2.000000000000004	1	0.3333333333333333	0.9999999999999978	0	-0.9999999999999978	1	0.3333333333333333	-0.8332612580725477
5	2	0.9995087959902368	2.00049120400977	0.7142857142857143	0.3331695986634115	5.002457227048596	0.9997544583006488	-4.002702768747946	0.9931601351438143	0.04517322646814292	-3.335297144777391
2	0	1.799564151913923	1.20034511556746	1	0.5998728599631191	1.111380218300584	0	-1.111380218300584	1	0.359847448120332	-0.926070078898089
1	0	0.7996634790659264	2.077379573771084	1	0.2779463026378385	1.250526035236827	0	-1.250526035236827	1	0.2779463026378385	-1.042014897373916
2	0	1.001378100852864	1.998621899147142	1	0.3337927002842874	1.997247591390923	0	-1.997247591390923	1	0.1114175667630761	-1.66422904068477
7	0	1.000000000000002	1.999652744872457	1	0.3333719217030638	6.999999999999986	0	-6.999999999999986	0.9999999999999998	0.0004576180325797097	-5.832828806507835
3	0	0.7996634790659263	2.20033652093408	1	0.2665544930219748	3.75157810571048	0	-3.75157810571048	1	0.0189390426503584	-3.126044692121747
0	0	0.7996634790659264	2.20033652093408	0	0.2665544930219749	0	0	0	0	0	0
1	0	1.000000000000002	2.000000000000004	1	0.3333333333333333	0.9999999999999978	0	-0.9999999999999978	1	0.3333333333333333	-0.8332612580725477
3	0	1.000000000000002	2.000000000000004	1	0.3333333333333333	2.999999999999995	0	-2.999999999999995	1	0.03703703703703698	-2.499783774217644
1	0	1.000000000000002	2.000000000000004	1	0.3333333333333333	0.9999999999999978	0	-0.9999999999999978	1	0.3333333333333333	-0.8332612580725477
2	0	0.7996634790659265	2.200336520934081	1	0.2665544930219749	2.501052070473653	0	-2.501052070473653	0.9999999999999999	0.07105129775020214	-2.084029794747831
4	0	1.000000000000002	1.932979101562403	1	0.3409502643463432	3.99999999999999	0	-3.99999999999999	1	0.01351338424970816	-3.33304503229019
14	0	1.000000000000002	2.000000000000004	1	0.3333333333333333	13.99999999999997	0	-13.99999999999997	1	2.090751577421557e-07	-11.66565761301567
0	3	0.177321235256685	2.822678764743322	0	0.05910707841889488	0	1.062820196712254	1.062820196712254	0.8329532056503669	0.1670467943496331	0.8856068942173675
2	0	1.000000000000002	2.000000000000004	1	0.3333333333333333	1.999999999999996	0	-1.999999999999996	1	0.1111111111111109	-1.666522516145095
1	1	0.8229232009173141	2.075389042859134	0.5	0.283931865065394	1.215180224455086	0.481837370897151	-0.7333428535579354	0.9193826960004867	0.487246426131275	-0.6110661887541987
0	0	1.000000000000002	2.000000000000004	0	0.3333333333333333	0	0	0	0	0	0
2	0	0.919861690811266	2.08013830918874	1	0.3066205636037547	2.174239910171836	0	-2.174239910171836	1	0.09401617002468399	-1.811709882901331
8	1	1.000000000000002	2.000000000000004	0.8888888888888888	0.3333333333333333	7.999999999999986	0.4999999999999991	-7.499999999999987	0.9999491947365755	0.0009653000050797722	-6.24945943554411
1	5	0.7996634790659264	2.20033652093408	0.1666666666666667	0.2665544930219749	1.250526035236827	2.272379680303363	1.021853645066537	0.4951213374421999	0.8443292152203846	0.8514710538541629
1	0	0.7996634790659263	2.20033652093408	1	0.2665544930219749	1.250526035236827	0	-1.250526035236827	1	0.2665544930219749	-1.042014897373916
4	5	0.9859902535998601	1.216260693504562	0.4444444444444444	0.4477193005167127	4.056835232798662	4.110960772392374	0.05412553959371191	0.6268023650930243	0.6333292531149634	0.04510071521571198
4	1	0.9219814236948071	2.078018576305199	0.8	0.3073271412316017	4.338482204956088	0.4812276518615345	-3.857254553094554	0.9972583969109319	0.03363757344988372	-3.214100781617638
3	0	0.8230119606889943	2.10968602033127	1	0.2806330437076491	3.645147510965107	0	-3.645147510965107	0.9999999999999999	0.02210122875896992	-3.037360200846807
7	0	1.000000000000002	2.000000000000004	1	0.3333333333333333	6.999999999999985	0	-6.999999999999985	1	0.0004572473708274183	-5.832828806507834
2	0	1.000000000000002	2.000000000000004	1	0.3333333333333333	1.999999999999996	0	-1.999999999999996	1	0.1111111111111109	-1.666522516145095
0	0	0.7996634790659264	2.20033652093408	0	0.2665544930219749	0	0	0	0	0	0
4	0	1.000000000000002	2.000000000000004	1	0.3333333333333333	3.999999999999991	0	-3.999999999999991	1	0.01234567901234551	-3.333045032290191
1	0	1.000000000000002	2.000000000000004	1	0.3333333333333333	0.9999999999999978	0	-0.9999999999999978	1	0.3333333333333333	-0.8332612580725477
12	0	0.8646001565696609	2.068097824450603	1	0.2948139092962013	13.87924800709096	0	-13.87924800709096	0.9999999999999998	4.31097630704258e-07	-11.56503965548954
7	0	1.786230411129663	1.201678355186407	1	0.5978195958546582	3.918867328864365	0	-3.918867328864365	1	0.02728921395647699	-3.265440320668933
2	0	1.000000000000002	2.000000000000004	1	0.3333333333333333	1.999999999999996	0	-1.999999999999996	1	0.1111111111111109	-1.666522516145095
3	0	0.865301749597982	1.335034771336098	1	0.3932588226234807	3.466998652659371	0	-3.466998652659371	0.9999999999999997	0.06081846068366892	-2.888915659050781
4	9	0.7998153455794954	2.200184654420507	0.3076923076923077	0.2666051151931649	5.001154356574459	4.090565754068698	-0.9105886025057615	0.7504249354086761	0.4713032188346414	-0.7587582045104755
4	1	0.9999508218103242	1.999950733236405	0.8	0.3333278787525906	4.000196722433156	0.5000123169943079	-3.500184405438848	0.9958851103540474	0.04526479614691092	-2.916568061161893
0	1	1.000000000000002	1.799959541734113	0	0.3571480177105225	0	0.5555680429553334	0.5555680429553334	0.6428519822894776	0.3571480177105224	0.4629333264178653
0	4	0.5462853599442141	2.453639614153819	0	0.1820996740455024	0	1.630231260094596	1.630231260094596	0.4475087435223153	0.5524912564776847	1.358408550735621
2	4	0.999507735547984	1.999731637445374	0.3333333333333333	0.3332537391140062	2.000985013791306	2.000268398568688	-0.0007166152226179001	0.6805413015515076	0.6486767772855154	-0.0005971277019525316
0	5	0.8309330824362871	2.101688777858451	0	0.2833413655154216	0	2.379039205364568	2.379039205364568	0.1890434735789766	0.8109565264210233	1.982361201265999
0	1	0.1770042456313311	2.822995754368675	0	0.05900141521044359	0	0.3542336181173735	0.3542336181173735	0.9409985847895564	0.05900141521044355	0.2951691502840737
4	0	0.7996634790659264	2.077379573771084	1	0.2779463026378385	5.002104140947306	0	-5.002104140947306	0.9999999999999998	0.005968203251880966	-4.168059589495662
0	13	0.7998625529348142	2.199988416377785	0	0.2666340965325016	0	5.909122022289604	5.909122022289604	0.01774881188920867	0.9822511881107914	4.923842450397244
7	4	0.7999100179284321	2.200089982071575	0.6363636363636364	0.26663667264281	8.750984289618298	1.818107455874897	-6.932876833743401	0.9981207119960436	0.01102525990865122	-5.77689767254706
1	0	1.000000000000002	2.000000000000004	1	0.3333333333333333	0.9999999999999978	0	-0.9999999999999978	1	0.3333333333333333	-0.8332612580725477
2	0	0.7996634790659264	2.200336520934081	1	0.2665544930219748	2.501052070473653	0	-2.501052070473653	1	0.07105129775020191	-2.084029794747831
2	5	0.8665397651586583	1.347352610129023	0.2857142857142857	0.3914100680011859	2.308030260600691	3.710981047137466	1.402950786536775	0.4387357062397148	0.8298649672204724	1.169024537403506
6	2	0.9228489223679359	2.07715107763207	0.75	0.307616307455978	6.501605901651392	0.9628572623037022	-5.53874863934769	0.9984760341260176	0.01289782436516707	-4.615224659370479
3	1	0.9999047828904414	2.000095217109565	0.75	0.3333015942968132	3.00028567853016	0.4999761968558422	-2.500309481674318	0.9876590223956039	0.1110829006489371	-2.083411024270666
0	0	0.7996634790659264	2.20033652093408	0	0.2665544930219749	0	0	0	0	0	0
2	0	1.000000000000002	1.932764110234598	1	0.3409752582931089	1.999999999999996	0	-1.999999999999996	0.9999999999999999	0.1162641267680524	-1.666522516145095
5	5	0.8231178581674808	2.107695296101503	0.5	0.28084965326723	6.074464246385776	2.37225941019475	-3.702204836191025	0.965302822586448	0.1193942640332297	-3.084903859446811
4	1	0.7996634790659266	2.200336520934081	0.8	0.2665544930219749	5.002104140947305	0.4544759360606725	-4.547628204886632	0.9986543564415455	0.01985886032612183	-3.789362399250045
1	0	0.7996634790659263	2.077379573771084	1	0.2779463026378385	1.250526035236827	0	-1.250526035236827	1	0.2779463026378385	-1.042014897373916
4	1	1.000000000000002	1.999901478354838	0.8	0.3333442805423086	3.999999999999991	0.5000246316246645	-3.499975368375327	0.9958840978645238	0.04527289596298911	-2.91639387867536
4	2	1.796871389437602	1.203128610562405	0.6666666666666666	0.5989571298125326	2.226091429532945	1.662332673699029	-0.5637587558339163	0.7683383479727215	0.5421575125419653	-0.4697583301355844
0	3	0.1765245257818984	2.823475474218108	0	0.05884150859396601	0	1.06252029719889	1.06252029719889	0.8336587153025218	0.1663412846974782	0.885356999571566
0	0	0.7996634790659264	2.20033652093408	0	0.2665544930219749	0	0	0	0	0	0
2	0	1.000000000000002	2.000000000000004	1	0.3333333333333333	1.999999999999996	0	-1.999999999999996	1	0.1111111111111109	-1.666522516145095
1	0	1.799619981996719	1.200330823538453	1	0.5998831643093154	0.5556728698302613	0	-0.5556728698302613	1	0.5998831643093154	-0.4630206745915476
3	0	1.664986199410398	1.211923599014518	1	0.5787411897036063	1.801816736416407	0	-1.801816736416407	1	0.1938443638640149	-1.50138408060251
3	0	1.000000000000002	1.932813722934161	1	0.3409694902134944	2.999999999999993	0	-2.999999999999993	1	0.03964117882677398	-2.499783774217643
6	0	0.7996634790659265	2.20033652093408	1	0.2665544930219749	7.503156211420959	0	-7.503156211420959	1	0.0003586873365121201	-6.252089384243493
0	0	1.000000000000002	2.000000000000004	0	0.3333333333333333	0	0	0	0	0	0
7	1	0.8648642096455758	1.336851944996451	0.875	0.3928136730168983	8.093756131807817	0.7480259902697415	-7.345730141538075	0.9994331178657861	0.007576884169266274	-6.120912339199464
1	0	0.7996634790659264	2.077379573771084	1	0.2779463026378385	1.250526035236827	0	-1.250526035236827	1	0.2779463026378386	-1.042014897373916
2	0	0.7996634790659264	2.20033652093408	1	0.2665544930219749	2.501052070473653	0	-2.501052070473653	0.9999999999999999	0.07105129775020214	-2.084029794747831
1	8	0.9975835405296082	2.0023503138204	0.1111111111111111	0.3325351787617175	1.002422312891318	3.995304889850337	2.992882576959019	0.14419212014189	0.973706074373628	2.493853101340286
3	1	0.800009240616798	2.199990759383203	0.75	0.2666697468722659	3.74995668510908	0.4545473637718203	-3.295409321337259	0.9949429762331967	0.06068340902391245	-2.745936916961491
0	0	0.8228652035219136	1.377471317412167	0	0.3739724336223776	0	0	0	0	0	0
6	2	0.7996634790659258	2.200336520934079	0.75	0.2665544930219749	7.503156211420965	0.9089518721213459	-6.594204339299619	0.9994135186361208	0.005989168023405322	-5.494695003752266
3	1	0.8652994049108266	2.033037801255595	0.75	0.2985502870645416	3.467008047126954	0.4918747695603125	-2.975133277566641	0.9920554377482889	0.08260817709065493	-2.479063297798687
3	6	0.8250439451744127	2.074320441035852	0.3333333333333333	0.2845602812459254	3.636169948942302	2.892513558321677	-0.7436563906206257	0.7641436332739171	0.4954179486936487	-0.6196600596222339
0	0	0	1.269208075918971	0	0	0	0	0	0	0	0
0	0	0.7996634790659264	2.20033652093408	0	0.2665544930219749	0	0	0	0	0	0
5	0	1.000393007862676	1.99960699213733	1	0.3334643359542248	4.998035732659128	0	-4.998035732659128	1	0.004123319277663406	-4.164669542487101
0	1	0.7996634790659263	2.200040552895316	0	0.2665807928201159	0	0.4545370760025181	0.4545370760025181	0.7334192071798841	0.2665807928201159	0.3787481357904763
1	5	0.9993337862905536	2.000666213709453	0.1666666666666667	0.3331112620968504	1.000666657846043	2.499167510171252	1.498500852325209	0.3516047861160851	0.9120328949227621	1.248642705431292
2	0	0.8229279482864238	2.109770032733841	1	0.2806043969110427	2.430346428462642	0	-2.430346428462642	0.9999999999999998	0.07873882756581019	-2.025113522532909
7	0	1.096545911323868	1.281228616640868	1	0.4611647986079067	6.383681638599928	0	-6.383681638599928	1	0.004436015416934946	-5.31927459331441
3	1	0.7996634790659263	2.20033652093408	0.75	0.2665544930219748	3.75157810571048	0.4544759360606727	-3.297102169649808	0.9949517130880122	0.06061130986547025	-2.747347501876131
0	5	0.8247337530385582	2.073703474204286	0	0.2845442865854615	0	2.411145114138646	2.411145114138646	0.1874622308201162	0.8125377691798839	2.00911381120265
1	1	1.000000000000002	2.000000000000004	0.5	0.3333333333333333	0.9999999999999978	0.4999999999999989	-0.4999999999999989	0.8888888888888891	0.5555555555555555	-0.4166306290362738
0	8	0.7996634790659258	2.027885192156177	0	0.2828115700375552	0	3.944996507171044	3.944996507171044	0.06999486778940674	0.9300051322105932	3.287212752657158
2	0	0.7996634790659264	2.20033652093408	1	0.2665544930219749	2.501052070473653	0	-2.501052070473653	0.9999999999999999	0.07105129775020214	-2.084029794747831
0	4	0.7997542284166581	2.200245771583349	0	0.2665847428055521	0	1.817978723859338	1.817978723859338	0.2893341933028522	0.7106658066971479	1.51485123859216
0	0	0.7996634790659264	2.077379573771084	0	0.2779463026378385	0	0	0	0	0	0
0	1	0.7996634790659264	2.000098502648863	0	0.2856183790938368	0	0.499975375550571	0.499975375550571	0.7143816209061632	0.2856183790938368	0.4166101104365643
2	0	1.000000000000002	2.000000000000004	1	0.3333333333333333	1.999999999999996	0	-1.999999999999996	1	0.1111111111111109	-1.666522516145095
0	0	0.7996634790659264	2.000000000000004	0	0.2856284282183525	0	0	0	0	0	0
2	1	0.7997119556544928	2.200238410250829	0.6666666666666666	0.2665750622887911	2.500900462796231	0.454496201566629	-2.046404261229602	0.9810565725919964	0.1752999366868109	-1.705189389237204
2	0	1.000000000000002	2.000000000000004	1	0.3333333333333333	1.999999999999996	0	-1.999999999999996	1	0.1111111111111109	-1.666522516145095
2	1	0.9999007222127949	1.999509482548409	0.6666666666666666	0.3333657799208565	2.000198575288525	0.5001226594461972	-1.500075915842328	0.9629521463809736	0.2593025224286694	-1.24995514483911
1	1	0.7997618363908605	2.200238163609146	0.5	0.2665872787969529	1.250372241457242	0.4544962525146172	-0.7958759889426243	0.9289312227836355	0.4621057803775417	-0.6631726278160657
1	1	0.7996634790659265	2.000098422096959	0.5	0.2856183873113586	1.250526035236826	0.4999753956865644	-0.7505506395502619	0.9184221368296588	0.4896589114523759	-0.6254047701588079
5	1	1.000000000000002	2.000000000000004	0.8333333333333334	0.3333333333333333	4.999999999999989	0.4999999999999989	-4.49999999999999	0.9986282578875173	0.01783264746227697	-3.749675661326465
2	0	1.000000000000002	2.000000000000004	1	0.3333333333333333	1.999999999999996	0	-1.999999999999996	1	0.1111111111111109	-1.666522516145095
2	0	1.000000000000002	2.000000000000004	1	0.3333333333333333	1.999999999999996	0	-1.999999999999996	1	0.1111111111111109	-1.666522516145095
4	0	0.94049740351469	2.058676296514373	1	0.3135855064031724	4.253068626294748	0	-4.253068626294748	0.9999999999999999	0.009669943294462469	-3.543917314215252
0	0	1.000000000000002	1.799663479065928	0	0.3571857858908237	0	0	0	0	0	0
6	0	1.798966721544978	1.200245257239225	1	0.5998131290053828	3.335247911004776	0	-3.335247911004776	0.9999999999999992	0.04656888132654202	-2.779132870307683
0	1	0.9999429001361113	2.000057099863895	0	0.3333143000453698	0	0.4999857254415639	0.4999857254415639	0.6666856999546302	0.3333143000453698	0.4166187345997539
0	1	1.000000000000002	2.000000000000004	0	0.3333333333333333	0	0.4999999999999989	0.4999999999999989	0.6666666666666667	0.3333333333333333	0.4166306290362738
2	1	1.000000000000002	1.803702979168261	0.6666666666666666	0.3566711621844689	1.999999999999996	0.5544150070989673	-1.445584992901028	0.9546263213759685	0.2908955965539967	-1.204549969835508
6	0	1.000000000000002	2.000000000000005	1	0.3333333333333334	5.999999999999986	0	-5.999999999999986	0.9999999999999999	0.001371742112482921	-4.999567548435286
3	0	1.000000000000002	1.999884177996143	1	0.3333462029417348	2.999999999999993	0	-2.999999999999993	0.9999999999999998	0.03704132707213337	-2.499783774217643
3	0	1.000000000000002	2.000000000000004	1	0.3333333333333333	2.999999999999994	0	-2.999999999999994	1	0.03703703703703698	-2.499783774217644
7	0	1.798604347645237	1.2004281660289	1	0.5997281921567944	3.891906526949364	0	-3.891906526949364	0.9999999999999999	0.02790495028409989	-3.242974928946594
4	0	0.8648934892602118	2.067804491760053	1	0.2949139307414538	4.624846931639417	0	-4.624846931639417	0.9999999999999998	0.007564516083166439	-3.853705772650831
1	0	0.7996634790659264	2.20033652093408	1	0.2665544930219749	1.250526035236827	0	-1.250526035236827	1	0.2665544930219749	-1.042014897373916
3	4	0.7998978685289934	2.200002110393986	0.4285714285714285	0.2666415127667596	3.750478802396335	1.818180074056231	-1.932298728340104	0.9130570346839444	0.2788613713875319	-1.610109669348663
0	4	0.7996634790659264	2.200336520934081	0	0.2665544930219748	0	1.81790374424269	1.81790374424269	0.2893819307238669	0.7106180692761331	1.514788760982462
1	0	0.8228756468301468	2.109822334190117	1	0.280586563006353	1.215250449873156	0	-1.215250449873156	1	0.2805865630063531	-1.012621118734538
2	8	0.8003233216465594	2.199301285941142	0.2	0.2668078264267139	2.498990028036749	3.637518902543894	1.138528874507145	0.4757754366662591	0.7917420694342839	0.9486920023237474
0	0	0.7996634790659264	2.20033652093408	0	0.2665544930219749	0	0	0	0	0	0
0	0	0.7996634790659264	2.20033652093408	0	0.2665544930219749	0	0	0	0	0	0
0	0	0	1.269208075918971	0	0	0	0	0	0	0	0
1	9	0.9993024115611835	2.000697588438823	0.1	0.3331008038537271	1.000698075408151	4.498430973280099	3.497732897871948	0.1043216525829687	0.9825978888042559	2.914525314882524
2	0	1.000000000000002	1.933094338667321	1	0.3409368688953799	1.999999999999996	0	-1.999999999999996	1	0.1162379485721854	-1.666522516145095
1	0	1.000000000000002	2.000000000000004	1	0.3333333333333333	0.9999999999999978	0	-0.9999999999999978	1	0.3333333333333333	-0.8332612580725477
2.5	3.5	0.9993462030586776	2.000520146878856	0.4166666666666667	0.3331302419787758	2.501635561678529	1.749544989817064	-0.7520905718614646	0.7904242411850392	0.4838237670894587	-0.6266879360937871
1	0	0.8229911548860325	1.377345366048048	1	0.3740296754864836	1.215079887630724	0	-1.215079887630724	1	0.3740296754864836	-1.012478995825829
4	2	0.7996634790659262	2.20033652093408	0.6666666666666666	0.2665544930219748	5.002104140947308	0.9089518721213453	-4.093152268825963	0.9937195753318343	0.04701573164203321	-3.410665209004433
3	0	1.000000000000002	1.933012463883825	1	0.3409463861179183	2.999999999999993	0	-2.999999999999993	1	0.03963312111293948	-2.499783774217643
1	4	0.9996515584887763	2.000148411725123	0.2	0.3332394054319218	1.00034856296503	1.99985159928708	0.9995030363220503	0.4610908994562333	0.8682199627596778	0.8328471574930448
3	0	0.7996634790659252	2.200336520934077	1	0.2665544930219748	3.751578105710486	0	-3.751578105710486	1	0.0189390426503584	-3.126044692121751
1	0	1.000000000000002	1.999950583707375	1	0.3333388241229592	0.9999999999999978	0	-0.9999999999999978	1	0.3333388241229591	-0.8332612580725477
0	6	1.000000000000002	2.000000000000004	0	0.3333333333333333	0	2.999999999999993	2.999999999999993	0.08779149519890264	0.9122085048010974	2.499783774217643
0	0	0.7996634790659264	2.077379573771084	0	0.2779463026378385	0	0	0	0	0	0
0	11	0.2264073268149107	2.764251470952238	0	0.07570483365870702	0	3.979377460984288	3.979377460984288	0.4206467139498525	0.5793532860501476	3.315861069485315
1	0	0.940822099423988	2.059127923426992	1	0.3136125909623936	1.062900202506131	0	-1.062900202506131	1	0.3136125909623937	-0.8856735599458263
1	15	0.9145795257176854	1.990540464562404	0.0625	0.3148164374544504	1.093398629512599	7.535641835493942	6.442243205981343	0.01970927291484238	0.9976400056018057	5.368071678625348
2	0	1.000000000000002	1.999852255710566	1	0.3333497501739912	1.999999999999996	0	-1.999999999999996	1	0.1111220559410624	-1.666522516145095
2	6	0.8003082215005355	2.196866022524218	0.25	0.2670209191527825	2.499037178763584	2.731163365668494	0.2321261869049098	0.6357302272360021	0.6738677289025528	0.1934217585319689
1	8	0.7996691792273615	2.200305838292237	0.1111111111111111	0.2665586128408942	1.250517121300333	3.635858188791238	2.385341067490905	0.2623071158467379	0.9385829833008583	1.98761229882959
3	0	0.7996634790659264	2.20033652093408	1	0.2665544930219749	3.75157810571048	0	-3.75157810571048	0.9999999999999999	0.01893904265035862	-3.126044692121746
0	0	0.7996634790659264	2.20033652093408	0	0.2665544930219749	0	0	0	0	0	0
2	0	0.7996634790659264	2.200336520934081	1	0.2665544930219748	2.501052070473653	0	-2.501052070473653	1	0.07105129775020191	-2.084029794747831
0	0	0.7996634790659264	2.20033652093408	0	0.2665544930219749	0	0	0	0	0	0
6	2	0.8984101013481712	2.000402099098194	0.75	0.3099235270259426	6.678464535289938	0.9997989908636993	-5.678665544426238	0.9983986353010765	0.01341761680742048	-4.731811995721847
6	0	1.643300484038429	1.19247285429868	1	0.5794893625038651	3.65118860383643	0	-3.65118860383643	1	0.03786803841637099	-3.042394009492899
2	0	0.7996634790659264	2.20033652093408	1	0.2665544930219749	2.501052070473653	0	-2.501052070473653	0.9999999999999999	0.07105129775020214	-2.084029794747831
0	0	0	1.269208075918971	0	0	0	0	0	0	0	0
3	0	1.664954793987655	1.211897866067042	1	0.5787417677330753	1.801850723415043	0	-1.801850723415043	0.9999999999999999	0.1938449446825325	-1.501412400651752
1	0	1.000000000000002	2.000000000000004	1	0.3333333333333333	0.9999999999999978	0	-0.9999999999999978	1	0.3333333333333333	-0.8332612580725477
4	5	0.7997491782280828	2.197297140880965	0.4444444444444444	0.2668457851748617	5.001568127725201	2.275522917212437	-2.726045210512764	0.9367521924883714	0.1985761034941426	-2.271507861674514
3	11	1.569960675707577	1.230427221806998	0.2142857142857143	0.5606225755728205	1.910875887797578	8.939984263226446	7.029108375428868	0.009225738506024062	0.9983308932099977	5.857083688038154
2	7	0.8044375818118571	2.176436024168722	0.2222222222222222	0.2698663842029062	2.486209054896894	3.21626729307314	0.7300582381762459	0.5451408052708897	0.7448715429349568	0.6083292460089677
0	5	0.8064078075575118	2.143455862333899	0	0.2733712122998541	0	2.332681576449984	2.332681576449984	0.2025643426912411	0.7974356573087589	1.943733185075372
3	16	0.8645665619833649	2.058319068462513	0.1578947368421053	0.2957921284971651	3.46994682875293	7.773333223770499	4.303386395017569	0.1417362864193017	0.9499908040696854	3.585845161484634
1	0	0.7996634790659264	2.000000000000004	1	0.2856284282183525	1.250526035236827	0	-1.250526035236827	1	0.2856284282183525	-1.042014897373916
0	1	1.000000000000002	1.999603966845272	0	0.333377342826932	0	0.5000990278978474	0.5000990278978474	0.666622657173068	0.333377342826932	0.4167131451470194
1	0	1.000000000000002	2.000000000000004	1	0.3333333333333333	0.9999999999999978	0	-0.9999999999999978	1	0.3333333333333333	-0.8332612580725477
3	0	1.662644173823247	1.210004592162865	1	0.5787843587110102	1.804354802568192	0	-1.804354802568192	1	0.1938877443584099	-1.503498952797218
2	0	0.7996634790659264	2.20033652093408	1	0.2665544930219749	2.501052070473653	0	-2.501052070473653	0.9999999999999999	0.07105129775020214	-2.084029794747831
5	0	1.000000000000002	2.000000000000004	1	0.3333333333333333	4.999999999999989	0	-4.999999999999989	1	0.004115226337448097	-4.166306290362739
3	0	1.000000000000002	2.000000000000004	1	0.3333333333333333	2.999999999999993	0	-2.999999999999993	1	0.03703703703703698	-2.499783774217643
0	1	8.700658101102696e-05	2.999912993418996	0	2.900219367034225e-05	0	0.3333430010116066	0.3333430010116066	0.9999709978063297	2.900219367030221e-05	0.2777618083926104
1	0	1.000000000000002	2.000000000000004	1	0.3333333333333333	0.9999999999999978	0	-0.9999999999999978	1	0.3333333333333333	-0.8332612580725477
1	0	0.7996634790659264	2.20033652093408	1	0.2665544930219749	1.250526035236827	0	-1.250526035236827	1	0.2665544930219749	-1.042014897373916
1	6	0.7998042094238396	2.199945746391291	0.1428571428571428	0.2666236257036652	1.250305997664575	2.727339985471085	1.47703398780651	0.4044750149908709	0.8858992746084382	1.230755198895568
2	1	0.8237549493977614	2.108943031622503	0.6666666666666666	0.2808863901870942	2.42790650479512	0.4741711772226753	-1.953735327572445	0.9778388603540162	0.1923692132850416	-1.6279719569938
1	7	0.8227418473401718	1.466474443227123	0.125	0.3593989133880778	1.215448081597992	4.773352875209884	3.557904793611892	0.1556456255252496	0.9716403172678614	2.9646642244274
1	0	0.7996634790659264	2.20033652093408	1	0.2665544930219749	1.250526035236827	0	-1.250526035236827	1	0.2665544930219749	-1.042014897373916
1	0	0.7996634790659264	2.20033652093408	1	0.2665544930219749	1.250526035236827	0	-1.250526035236827	1	0.2665544930219749	-1.042014897373916
1	0	0.8229175085699478	2.0753947352065	1	0.2839299010439611	1.215188630191844	0	-1.215188630191844	1	0.2839299010439611	-1.012569606789114
5	0	1.665848193971138	1.211849043842951	1	0.5788823688889951	3.001473974696777	0	-3.001473974696777	0.9999999999999996	0.06500572585103959	-2.501011980227852
3	0	0.7996634790659264	2.000000000000004	1	0.2856284282183525	3.75157810571048	0	-3.75157810571048	1	0.02330259515261912	-3.126044692121746
0	2	0.9227156199322718	2.077284380067734	0	0.3075718733107566	0	0.9627954743176693	0.9627954743176693	0.4794567106303748	0.5205432893696251	0.8022601681964981
0	0	0	1.269208075918971	0	0	0	0	0	0	0	0
6	0	1.000000000000002	1.998361892426338	1	0.3335154447253132	5.999999999999986	0	-5.999999999999986	0.9999999999999997	0.001376244836123641	-4.999567548435286
4	0	1.000000000000002	2.000000000000004	1	0.3333333333333333	3.999999999999992	0	-3.999999999999992	1	0.01234567901234551	-3.333045032290192
1	3	0.8003544895666769	2.19964551043333	0.25	0.2667848298555583	1.24944635537862	1.363856123984723	0.1144097686061036	0.7096633086687113	0.7109814169230442	0.09533322772451119
4	0	0.7996634790659264	2.20033652093408	1	0.2665544930219749	5.002104140947306	0	-5.002104140947306	1	0.005048286911987887	-4.168059589495662
7	0	1.000000000000002	2.000000000000004	1	0.3333333333333333	6.999999999999985	0	-6.999999999999985	1	0.0004572473708274183	-5.832828806507834
3	7	0.9998521674656389	2.000081469047041	0.3	0.3332914286157119	3.000443563176152	3.499857434974996	0.4994138717988448	0.5593787937607387	0.7007604962941119	0.4161422311139883
12	0	1.000000000000002	2.000000000000005	1	0.3333333333333334	11.99999999999997	0	-11.99999999999997	0.9999999999999996	1.881676423565182e-06	-9.999135096870571
0	3	0.799712550981953	2.200090034023282	0	0.2665883931760654	0	1.363580559707336	1.363580559707336	0.3944966650811798	0.6055033349188201	1.136218852665006
1	4	0.8518561931052687	2.065632394229703	0.2	0.2919826993679557	1.173907060949693	1.936452977390318	0.7625459164406254	0.5447796731096703	0.8220822205007079	0.6353999696714008
0	0	0.7996634790659264	2.20033652093408	0	0.2665544930219749	0	0	0	0	0	0
0	0	0.8228652035219136	1.377471317412167	0	0.3739724336223776	0	0	0	0	0	0
3	7	0.9238953987066589	2.076104601293348	0.3	0.307965132902219	3.247120836622452	3.371699092444196	0.1245782558217443	0.6282463847996511	0.6381827584710998	0.1038062341745106
2	3	0.799852950454023	2.200056044904496	0.4	0.2666257382112462	2.500459614313773	1.363601625944138	-1.136857988369635	0.8781783089878638	0.4022237084645959	-0.9472997176387101
3	0	1.799663479065928	1.200336520934078	1	0.5998878263553082	1.666978318389323	0	-1.666978318389323	0.9999999999999999	0.2158788751115893	-1.38902845076075
1	0	0.7996634790659265	2.000000000000004	1	0.2856284282183526	1.250526035236826	0	-1.250526035236826	1	0.2856284282183525	-1.042014897373915
3	0	1.000000000000002	2.000000000000004	1	0.3333333333333333	2.999999999999994	0	-2.999999999999994	1	0.03703703703703698	-2.499783774217644
2	5	0.8344208001094114	1.369140244118105	0.2857142857142857	0.3786692464432849	2.396872177368726	3.651926836188076	1.25505465881935	0.4670966345444215	0.8117424293387796	1.045788423957626
4	5	1	1.883532641376799	0.4444444444444444	0.3467968372026234	3.999999999999998	2.654586328987199	-1.345413671012799	0.8336405345547011	0.3830861822303875	-1.121081088136132
1	3	1.000000000000002	1.81323942845249	0.25	0.3554621017629071	0.9999999999999976	1.654497444146332	0.654497444146334	0.5532951847354151	0.8274186609922192	0.5453673637146426
3	0	1.000000000000002	1.932797288685458	1	0.3409714008731312	2.999999999999993	0	-2.999999999999993	1	0.03964184523148429	-2.499783774217643
0	0	0.8983122437764437	2.000000000000004	0	0.3099432249597646	0	0	0	0	0	0
1	2	0.917037342714079	2.082962657285928	0.3333333333333333	0.3056791142380256	1.090468134089702	0.9601708379188963	-0.1302972961708054	0.7768059795832835	0.6652807511837027	-0.1085716889307369
1	0	1.000000000000002	2.000000000000004	1	0.3333333333333333	0.9999999999999978	0	-0.9999999999999978	1	0.3333333333333333	-0.8332612580725477
2	0	1.000000000000002	2.000000000000004	1	0.3333333333333333	1.999999999999996	0	-1.999999999999996	1	0.1111111111111109	-1.666522516145096
4	0	1.000000000000002	1.99993943846976	1	0.3333400625280927	3.999999999999992	0	-3.999999999999992	1	0.01234667596027583	-3.333045032290192
2	0	1.000000000000002	2.000000000000004	1	0.3333333333333333	1.999999999999996	0	-1.999999999999996	1	0.1111111111111109	-1.666522516145095
1	1	0.822923184745628	2.07538905903082	0.5	0.2839318594857033	1.215180248335217	0.4818373671426152	-0.7333428811926019	0.9193826991689907	0.4872464181403975	-0.6110662117810957
1	2	0.8995525106707168	1.999392050284985	0.3333333333333333	0.3103034541557977	1.111663841896665	1.000304067286317	-0.1113597746103476	0.7708924420160918	0.6719242329839104	-0.09279178589049382
4	0	0.7996634790659264	2.20033652093408	1	0.2665544930219749	5.002104140947306	0	-5.002104140947306	1	0.005048286911987887	-4.168059589495662
1	0	0.8228966239213541	1.377439897012726	1	0.3739867134378247	1.215219470988584	0	-1.215219470988584	1	0.3739867134378247	-1.012595305230206
3	0	0.8231266912709738	1.377209829663107	1	0.3740912735119001	3.644639436206058	0	-3.644639436206058	0.9999999999999999	0.05235193426923024	-3.036936841833888
1	5	1.000000000000002	2.000000000000004	0.1666666666666667	0.3333333333333333	0.9999999999999982	2.499999999999996	1.499999999999997	0.3511659807956106	0.9122085048010974	1.249891887108822
3	3	1.000000000000002	2.000000000000005	0.5	0.3333333333333334	2.999999999999993	1.499999999999996	-1.499999999999996	0.8998628257887515	0.3196159122085049	-1.249891887108821
4	11	0.9228641828421218	2.077135817157883	0.2666666666666667	0.3076213942807067	4.334332260768101	5.295753849669373	0.9614215889012723	0.4894187353464836	0.7248598816649168	0.8011153627059836
2	0	1.000000000000001	2.000000000000003	1	0.3333333333333333	1.999999999999997	0	-1.999999999999997	1	0.1111111111111109	-1.666522516145097
3	1	0.7996634790659264	2.20033652093408	0.75	0.2665544930219749	3.75157810571048	0.4544759360606727	-3.297102169649807	0.9949517130880121	0.06061130986547036	-2.747347501876131
1	3	0.9227979595874635	2.077202040412543	0.25	0.3075993198624872	1.083660826956152	1.444250458854828	0.3605896318986763	0.6382724658751937	0.7701577083117717	0.3004653703238085
3	0	1.000000000000002	1.932879927844769	1	0.3409617933915395	2.999999999999993	0	-2.999999999999993	1	0.03963849438534794	-2.499783774217643
3	6	0.999013426555872	2.000345849054099	0.3333333333333333	0.3330756120747507	3.002962643197487	2.999481316112018	-0.003481327085469221	0.6509407697072758	0.6221879590112092	-0.002900854987000125
0	0	0.8983122437764437	2.000000000000004	0	0.3099432249597646	0	0	0	0	0	0
4	8	0.9995043224061658	2.000495677593841	0.3333333333333333	0.3331681074687212	4.001983693647831	3.999008890447716	-0.002974803200114451	0.6319934251733454	0.606452435384452	-0.002478788257045614
3	1	0.8992801511128881	2.001434981704074	0.75	0.3100201536300371	3.336001574467538	0.4996415117859956	-2.836360062681543	0.9907623881786233	0.09147440721300892	-2.363428954176757
0	5	0.4940600964356163	2.505939903564387	0	0.164686698811872	0	1.995259340771949	1.995259340771949	0.4066745407916799	0.5933254592083201	1.66257230847264
2	0	0.9408116499079189	2.05911338895783	1	0.3136117195327098	2.125824016099023	0	-2.125824016099023	1	0.09835231062826311	-1.771366794095512
3	23	0.7996634790659252	2.200336520934077	0.1153846153846154	0.2665544930219749	3.751578105710486	10.45294652939549	6.701368423685002	0.05628858295782053	0.9831382576239631	5.583990683527423
6	2	0.9208852717392892	2.079114728260717	0.75	0.3069617572464291	6.515469607487276	0.9619478775339634	-5.553521729953313	0.9984974121442071	0.01275324955828061	-4.62753450343414
4	0	1.000000000000002	2.000000000000004	1	0.3333333333333333	3.999999999999993	0	-3.999999999999993	1	0.01234567901234551	-3.333045032290192
2	0	0.7996634790659263	2.20033652093408	1	0.2665544930219748	2.501052070473654	0	-2.501052070473654	1	0.07105129775020191	-2.084029794747831
3	0	0.898793548780895	2.000669458058959	1	0.3099862100880869	3.337807669034939	0	-3.337807669034939	1	0.02978702454524318	-2.781265817504257
0	1	0.2833638441293149	2.71663615587069	0	0.09445461470977148	0	0.3681022936542259	0.3681022936542259	0.9055453852902285	0.09445461470977146	0.3067253803097113
2	0	0.7996634790659263	2.20033652093408	1	0.2665544930219749	2.501052070473654	0	-2.501052070473654	0.9999999999999999	0.07105129775020214	-2.084029794747831
2	0	0.9226204262289227	2.077379573771084	1	0.3075401420763069	2.167738696372364	0	-2.167738696372364	1	0.09458093898831499	-1.806292673311785
1	1	0.7996634790659265	2.000147727415022	0.5	0.2856133575059923	1.250526035236826	0.4999630708739667	-0.7505629643628596	0.9184250100141543	0.4896517250261387	-0.6254150399476586
0	0	0	1.269208075918971	0	0	0	0	0	0	0	0
0	0	1.000000000000002	2.000000000000004	0	0.3333333333333333	0	0	0	0	0	0
0	0	0.1771347964780885	2.822865203521918	0	0.0590449321593627	0	0	0	0	0	0
3	0	1.000000000000002	2.000000000000004	1	0.3333333333333333	2.999999999999993	0	-2.999999999999993	1	0.03703703703703698	-2.499783774217643
0	1	0.823013945642173	2.075298298134275	0	0.2839631745714881	0	0.4818584397717742	0.4818584397717742	0.7160368254285119	0.2839631745714881	0.4015139697371044
11	0	1.000000000000002	2.000000000000004	1	0.3333333333333333	10.99999999999998	0	-10.99999999999998	1	5.645029269252255e-06	-9.165873838798028
2	0	1.000000000000002	1.933161361805525	1	0.3409290784413053	1.999999999999996	0	-1.999999999999996	1	0.1162326365268377	-1.666522516145095
1	0	0.7996634790659264	2.200336520934081	1	0.2665544930219748	1.250526035236827	0	-1.250526035236827	1	0.2665544930219748	-1.042014897373916
0	1	0.1769168851795586	2.823083114820448	0	0.05897229505985273	0	0.3542226563398936	0.3542226563398936	0.9410277049401473	0.05897229505985269	0.2951600162595801
1	1	0.999901506688301	2.000098493311706	0.5	0.3333005022294329	1.000098503013587	0.4999753778846303	-0.5001231251289566	0.8889107752136078	0.5555117796724736	-0.4167332244361295
3	0	1.665010315372255	1.211883429399517	1	0.5787528018363925	1.801790638954255	0	-1.801790638954255	1	0.1938560322489375	-1.501362334598365
2	0	0.9226204262289225	2.077379573771083	1	0.3075401420763069	2.167738696372365	0	-2.167738696372365	1	0.09458093898831499	-1.806292673311785
1	1	0.7997126987155738	2.200287301284433	0.5	0.2665708995718574	1.250449069529732	0.4544861025268124	-0.7959629670029194	0.9289399555014506	0.4620817546451655	-0.6632451032640118
1	2	0.8000579003494145	2.199942099650592	0.3333333333333333	0.2666859667831376	1.249909537251321	0.9091148354848302	-0.3407947017664907	0.824569946601122	0.6056607663313887	-0.2839710219384054
0	2	0.9996238580045431	2.000276197025918	0	0.3332190538575769	0	0.9998619205556069	0.9998619205556069	0.444596830138585	0.555403169861415	0.8331462018210005
5	0	1.000000000000002	1.999702119832524	1	0.3333664344164388	4.999999999999989	0	-4.999999999999989	1	0.004117270020031816	-4.166306290362739
5	0	0.7996634790659265	2.20033652093408	1	0.2665544930219749	6.252630176184132	0	-6.252630176184132	0.9999999999999999	0.001345643558454457	-5.210074486869577
1	0	1.799532597703365	1.20031937764337	1	0.5998737979381026	0.5556998529930713	0	-0.5556998529930713	1	0.5998737979381026	-0.4630431586157375
1	0	0.9226204262289226	2.077379573771083	1	0.3075401420763069	1.083869348186182	0	-1.083869348186182	1	0.3075401420763069	-0.9031463366558925
2	0	1.000000000000002	2.000000000000004	1	0.3333333333333333	1.999999999999996	0	-1.999999999999996	1	0.1111111111111109	-1.666522516145095
0	0	1.000000000000002	2.000000000000004	0	0.3333333333333333	0	0	0	0	0	0
3	0	0.9441600386802909	2.05551385644368	1	0.3147542271895094	3.177427424479096	0	-3.177427424479096	0.9999999999999998	0.03118277164583094	-2.647627173155672
1	0	1.000000000000002	2.000000000000004	1	0.3333333333333333	0.9999999999999978	0	-0.9999999999999978	1	0.3333333333333333	-0.8332612580725477
3	0	0.7996634790659263	2.000000000000004	1	0.2856284282183525	3.75157810571048	0	-3.75157810571048	0.9999999999999999	0.02330259515261923	-3.126044692121747
2	0	0.7996634790659265	2.20033652093408	1	0.2665544930219749	2.501052070473653	0	-2.501052070473653	0.9999999999999999	0.07105129775020214	-2.084029794747831
1	1	0.8230917301326269	2.075220513643821	0.5	0.2839900124288035	1.214931414556756	0.4818765010394622	-0.7330549135172937	0.919349672840688	0.487329697698295	-0.6108262594736841
0	2	0.1774084000767203	2.822591599923286	0	0.05913613335890664	0	0.708568678534421	0.708568678534421	0.8852248155508291	0.1147751844491709	0.5904228285063955
5	7	1.128185343593312	1.090154706039569	0.4166666666666667	0.5085718683120823	4.431895901142286	6.421106987126947	1.989211085984661	0.3642128366397237	0.8222992352630459	1.657532532079441
0	3	0.7996634790659264	2.20033652093408	0	0.2665544930219749	0	1.363427808182018	1.363427808182018	0.3945513715343228	0.6054486284656772	1.136091570736847
8	1	0.999966942920306	1.999403813556722	0.8888888888888888	0.3333922426098592	8.000264465380006	0.5001490910538522	-7.500115374326154	0.999949113871091	0.0009665936812995879	-6.249555572500282
0	2	0.8230325893565755	2.075279654419873	0	0.2839696071822058	0	0.9637255372982894	0.9637255372982894	0.5126995234388048	0.4873004765611952	0.8030351536458163
2	0	0.7996634790659264	2.20033652093408	1	0.2665544930219749	2.501052070473653	0	-2.501052070473653	0.9999999999999999	0.07105129775020214	-2.084029794747831
0	0	1.000000000000002	1.799663479065928	0	0.3571857858908237	0	0	0	0	0	0
0	0	0.1771347964780885	2.822865203521918	0	0.0590449321593627	0	0	0	0	0	0
0	3	0.0004797551995432326	2.999520244800463	0	0.0001599183998477439	0	1.000159943977831	1.000159943977831	0.9995203215180508	0.0004796784819491862	0.8333945331927378
1	3	0.8981219094869367	2.000265245410568	0.25	0.3098695451949368	1.113434589933634	1.499801092321748	0.3863665023881138	0.6342534125201573	0.7731573190687242	0.3219442378570104
0	0	1.000000000000002	1.799663479065928	0	0.3571857858908237	0	0	0	0	0	0
2	1	0.7996634790659263	2.20033652093408	0.6666666666666666	0.2665544930219749	2.501052070473654	0.4544759360606727	-2.046576134412981	0.9810609573496414	0.1752758079498893	-1.705332604502216
0	1	1.000000000000002	2.000000000000004	0	0.3333333333333333	0	0.4999999999999989	0.4999999999999989	0.6666666666666667	0.3333333333333333	0.4166306290362738
2	0	1.000000000000002	2.000000000000004	1	0.3333333333333333	1.999999999999996	0	-1.999999999999996	1	0.1111111111111109	-1.666522516145096
2	0	0.9218867917834647	2.078113208216542	1	0.3072955972611542	2.16946377562351	0	-2.16946377562351	1	0.09443058409608951	-1.807730115018869
5	0	1.000000000000002	1.999321441110148	1	0.3334087458228113	4.999999999999989	0	-4.999999999999989	1	0.004119883536180535	-4.166306290362739
2	1	0.8229987795927781	2.07531346418367	0.6666666666666666	0.2839579418539204	2.430137260944184	0.4818549184295648	-1.948282342514619	0.9771038712184728	0.1961040806626887	-1.623428195804265
2	0	0.7996634790659263	2.077379573771084	1	0.2779463026378384	2.501052070473654	0	-2.501052070473654	1	0.07725414715004475	-2.084029794747831
3	2	0.83562082034332	2.108025551086871	0.6	0.2838726922002278	3.59014510764276	0.9487551035464564	-2.641390004096304	0.9749049066649453	0.1424094921336634	-2.200967957873543
1	1	0.9999507726184631	1.999803089339556	0.5	0.3333442737751052	1.000049229804991	0.5000492325123144	-0.4999999972926769	0.8888815951413477	0.5555701426915581	-0.4166306267803673
2	3	0.8461401723583339	2.095246266201053	0.4	0.2876671223019411	2.363674560475797	1.431812598067234	-0.9318619624085633	0.8528483688786843	0.4462605938162094	-0.7764844711465143
1	0	0.7996634790659264	2.077379573771084	1	0.2779463026378385	1.250526035236827	0	-1.250526035236827	1	0.2779463026378386	-1.042014897373916
2	0	0.9217043475583274	2.078295652441679	1	0.3072347825194419	2.169893204147478	0	-2.169893204147478	0.9999999999999999	0.09439321158976888	-1.808087941171003
3	0	1.000000000000002	2.000000000000004	1	0.3333333333333333	2.999999999999993	0	-2.999999999999993	1	0.03703703703703698	-2.499783774217643
0	0	1.000000000000002	2.000000000000004	0	0.3333333333333333	0	0	0	0	0	0
2	0	0.7996634790659263	2.20033652093408	1	0.2665544930219749	2.501052070473654	0	-2.501052070473654	0.9999999999999999	0.07105129775020214	-2.084029794747831
2	0	1.000000000000002	1.932996094990547	1	0.3409482889213408	1.999999999999996	0	-1.999999999999996	0.9999999999999999	0.1162457357183901	-1.666522516145095
3	0	0.7996634790659264	2.20033652093408	1	0.2665544930219749	3.75157810571048	0	-3.75157810571048	0.9999999999999997	0.01893904265035884	-3.126044692121746
3	1	0.9226394270055622	2.077360572994444	0.75	0.3075464756685202	3.251541081152946	0.4813800805695154	-2.77016100058343	0.9910537090455058	0.08951805738645346	-2.308267840409662
1	2	1.000000000000002	2.000000000000004	0.3333333333333333	0.3333333333333333	0.9999999999999978	0.9999999999999978	0	0.7407407407407408	0.7037037037037037	0
1	1	0.7997844098060051	2.200215590194002	0.5	0.2665948032686677	1.250336950482142	0.4545009154815715	-0.7958360350005702	0.9289272108701403	0.4621168174074759	-0.6631393357440447
1	1	0.7998110341033492	2.200188965896658	0.5	0.2666036780344491	1.250295328972397	0.4545064153580388	-0.7957889136143583	0.9289224788585038	0.4621298349274021	-0.6631000713184877
1	3	0.8236528871445494	2.074659356631898	0.25	0.2841836275277728	1.214103678391528	1.446020519180722	0.2319168407891934	0.6794774181163592	0.7374533324911403	0.1932473185242145
0	0	1.000000000000002	2.000000000000004	0	0.3333333333333333	0	0	0	0	0	0
2	0	0.7996634790659262	2.20033652093408	1	0.2665544930219748	2.501052070473654	0	-2.501052070473654	1	0.07105129775020191	-2.084029794747832
1	0	0.8228965443378415	1.377439976596239	1	0.3739866772690334	1.215219588514213	0	-1.215219588514213	1	0.3739866772690335	-1.012595403159759
1	0	0.7996634790659263	2.20033652093408	1	0.2665544930219749	1.250526035236827	0	-1.250526035236827	1	0.2665544930219749	-1.042014897373916
2	1	0.9991877905579102	2.000812209442096	0.6666666666666666	0.3330625968526361	2.00162573932501	0.4997970300665243	-1.501828709258486	0.9630531351781314	0.2588983506229271	-1.251415679686199
2	0	0.7996634790659263	2.20033652093408	1	0.2665544930219748	2.501052070473654	0	-2.501052070473654	1	0.07105129775020191	-2.084029794747831
6	0	0.9399733168948075	2.057947332535138	1	0.3135417600440971	6.383159917582491	0	-6.383159917582491	0.9999999999999998	0.0009501066358672539	-5.318839863403058
3	3	0.9229522193138693	2.077047780686137	0.5	0.3076507397712892	3.250439120489061	1.444357721519999	-1.806081398969061	0.9232901191557513	0.2699866175381538	-1.50493765868639
3	0	1.000000000000002	2.000000000000004	1	0.3333333333333333	2.999999999999993	0	-2.999999999999993	1	0.03703703703703698	-2.499783774217643
7	0	0.7996634790659263	2.000000000000004	1	0.2856284282183525	8.753682246657787	0	-8.753682246657787	0.9999999999999993	0.000155099361540123	-7.294104281617409
3	0	1.000000000000002	1.999834032551275	1	0.3333517751812187	2.999999999999994	0	-2.999999999999994	0.9999999999999998	0.03704318465977374	-2.499783774217644
2	4	1.000000000000002	2.000000000000004	0.3333333333333333	0.3333333333333333	1.999999999999996	1.999999999999996	0	0.6803840877914954	0.6488340192043894	0
3	0	0.7996634790659263	2.077379573771084	1	0.2779463026378385	3.75157810571048	0	-3.75157810571048	1	0.02147250456379446	-3.126044692121747
2	0	1.000000000000002	2.000000000000004	1	0.3333333333333333	1.999999999999996	0	-1.999999999999996	1	0.1111111111111109	-1.666522516145095
3	0	0.8984168314926377	2.000145473429173	1	0.3099525685430705	3.339207253069573	0	-3.339207253069573	1.000000000000001	0.02977732760312102	-2.782432036657735
0	0	0.7996634790659264	2.000000000000004	0	0.2856284282183525	0	0	0	0	0	0
6	1	0.9999238611156647	2.000076138884343	0.8571428571428571	0.3333079537052208	6.000456868091439	0.499980966003528	-5.500475902087911	0.9995429962736466	0.006855786661765562	-4.583333470171515
1	1	0.8654670565286858	2.033096785618805	0.5	0.2985847832447526	1.155445481669648	0.4918604992509661	-0.6635849824186821	0.9108471272146841	0.5080166937041892	-0.5529396572882418
1	1	0.8170102485217997	1.586202136985444	0.5	0.3399658945871128	1.2239748544272	0.6304366742945428	-0.5935381801326568	0.8844231905175839	0.5643549796918099	-0.4945723706914291
2	8	0.7997604512834842	2.200139589155458	0.2	0.2665957000242128	2.500748813960891	3.636132925125386	1.135384111164495	0.4763947543150729	0.7913163649086945	0.9460715928645106
2	0	1.000000000000002	2.000000000000004	1	0.3333333333333333	1.999999999999996	0	-1.999999999999996	1	0.1111111111111109	-1.666522516145095
8	0	1.798813077351729	1.200410104952276	1	0.5997596604230965	4.447377051415403	0	-4.447377051415403	1	0.01674241163961798	-3.705826996985385
2	1	0.8229688830527458	2.075393382251428	0.6666666666666666	0.2839427261748378	2.430225542162832	0.4818363634344733	-1.948389178728359	0.9771075516383068	0.1960855185194104	-1.623517218282134
2	0	1.665357980571314	1.21195777954673	1	0.5787887459744745	1.20094299443888	0	-1.20094299443888	0.9999999999999998	0.3349964124667049	-1.000699270419556
1	0	1.000000000000002	2.000000000000004	1	0.3333333333333333	0.9999999999999978	0	-0.9999999999999978	1	0.3333333333333333	-0.8332612580725477
2	0	1.000000000000002	2.000000000000005	1	0.3333333333333334	1.999999999999995	0	-1.999999999999995	1	0.111111111111111	-1.666522516145095
4	0	1.000000000000002	1.947062497612247	1	0.339320934255794	3.999999999999993	0	-3.999999999999993	0.9999999999999997	0.0132569194142701	-3.333045032290192
0	0	0	3.000000000000007	0	0	0	0	0	0	0	0
5	0	1.093367068909792	1.203233162113692	1	0.4760807101471599	4.573029627630502	0	-4.573029627630502	1	0.02445698546057695	-3.810528420722435
2	0	0.7996634790659265	2.200336520934081	1	0.2665544930219749	2.501052070473653	0	-2.501052070473653	0.9999999999999999	0.07105129775020214	-2.084029794747831
3	4	0.9987862385508656	2.001213761449141	0.4285714285714285	0.3329287461836211	3.00364570936889	1.998786974712524	-1.004858734656366	0.8273242683223743	0.4284228999853399	-0.8373098534249533
1	0	1.000000000000002	2.000000000000004	1	0.3333333333333333	0.9999999999999978	0	-0.9999999999999978	1	0.3333333333333333	-0.8332612580725477
1	1	0.8653322744539179	2.067398791707026	0.5	0.2950602202972095	1.155625451080126	0.4836996151934056	-0.6719258358867199	0.9129394663981623	0.5030599069925812	-0.5598897673424177
2	3	0.8251320426796673	2.073180201096781	0.4	0.2846939781769459	2.423854482132189	1.447052213991288	-0.976802268140901	0.8565705068729856	0.4400711961131021	-0.813931486839207
0	0	0.8228652035219136	1.377471317412167	0	0.3739724336223776	0	0	0	0	0	0
4	0	1.000000000000002	2.000000000000005	1	0.3333333333333334	3.99999999999999	0	-3.99999999999999	1	0.01234567901234573	-3.33304503229019
1	0	0.8983436046658746	2.000043620573178	1	0.3099460268259294	1.113159814135856	0	-1.113159814135856	1	0.3099460268259294	-0.9275529471626488
3	0	1.000000000000002	1.999884269396485	1	0.3333461927853573	2.999999999999993	0	-2.999999999999993	0.9999999999999998	0.03704132368641289	-2.499783774217643
0	0	0.1771347964780885	2.822865203521918	0	0.0590449321593627	0	0	0	0	0	0
2	0	0.7996634790659265	2.200336520934081	1	0.2665544930219749	2.501052070473653	0	-2.501052070473653	0.9999999999999999	0.07105129775020214	-2.084029794747831
13	0	1.000000000000002	1.999884107342135	1	0.3333462107927866	12.99999999999997	0	-12.99999999999997	0.9999999999999989	6.275405542988111e-07	-10.83239635494312
1	0	1.000000000000002	2.000000000000004	1	0.3333333333333333	0.999999999999998	0	-0.999999999999998	1	0.3333333333333333	-0.8332612580725479
2	0	0.3386189000837451	2.66138109991626	1	0.1128729666945815	5.906344859974952	0	-5.906344859974952	1	0.01274030661043601	-4.921528348633065
7	0	1.000000000000002	2.000000000000004	1	0.3333333333333333	6.999999999999986	0	-6.999999999999986	1	0.0004572473708274183	-5.832828806507835
3	0	1.000000000000002	2.000000000000004	1	0.3333333333333333	2.999999999999993	0	-2.999999999999993	1	0.03703703703703698	-2.499783774217643
2	0	0.7996634790659264	2.20033652093408	1	0.2665544930219749	2.501052070473653	0	-2.501052070473653	0.9999999999999999	0.07105129775020214	-2.084029794747831
0	0	0.1771347964780885	2.822865203521918	0	0.0590449321593627	0	0	0	0	0	0
0	0	0.8228652035219136	2.109832777498351	0	0.2805830020163361	0	0	0	0	0	0
1	0	0.7996634790659264	2.20033652093408	1	0.2665544930219749	1.250526035236827	0	-1.250526035236827	1	0.2665544930219749	-1.042014897373916
2	0	1.000000000000002	2.000000000000004	1	0.3333333333333333	1.999999999999996	0	-1.999999999999996	1	0.1111111111111109	-1.666522516145095
0	0	0	1.269208075918971	0	0	0	0	0	0	0	0
4	0	0.8646638750796598	2.068034105940604	1	0.2948356362215143	4.626075074122285	0	-4.626075074122285	1	0.007556486291648401	-3.854729136201198
5	0	1.000000000000002	1.933161197031301	1	0.3409290975934489	4.999999999999989	0	-4.999999999999989	0.9999999999999997	0.004605961937390046	-4.166306290362739
0	0	0	3.000000000000007	0	0	0	0	0	0	0	0
4	10	0.9364810612123399	2.060271303273626	0.2857142857142857	0.3124986476395005	4.27130901592577	4.853729692837397	0.5824206769116271	0.5432510790933355	0.6819457205721127	0.4853085859708483
1	0	0.7996634790659264	2.20033652093408	1	0.2665544930219749	1.250526035236827	0	-1.250526035236827	1	0.2665544930219749	-1.042014897373916
0	0	1.000000000000002	2.000000000000004	0	0.3333333333333333	0	0	0	0	0	0
0	0	0	1.269208075918971	0	0	0	0	0	0	0	0
3	0	0.7996634790659262	2.000000000000004	1	0.2856284282183525	3.751578105710481	0	-3.751578105710481	1	0.02330259515261912	-3.126044692121747
5	0	1.000000000000002	1.999966922569774	1	0.3333370086438822	4.999999999999989	0	-4.999999999999989	0.9999999999999998	0.004115453213473286	-4.166306290362739
1	0	0.7996634790659264	2.20033652093408	1	0.2665544930219749	1.250526035236827	0	-1.250526035236827	1	0.2665544930219749	-1.042014897373916
3	0	0.9405600514102886	2.058763434894811	1	0.3135907332786485	3.189589006573008	0	-3.189589006573008	1	0.03083824553076575	-2.657760948351398
4	0	0.7996634790659263	2.20033652093408	1	0.2665544930219749	5.002104140947307	0	-5.002104140947307	1	0.005048286911987887	-4.168059589495662
0	0	0.8228652035219136	1.377471317412167	0	0.3739724336223776	0	0	0	0	0	0
3	0	0.7996634790659263	2.20033652093408	1	0.2665544930219749	3.75157810571048	0	-3.75157810571048	0.9999999999999999	0.01893904265035862	-3.126044692121747
4	1	0.9999015657297301	2.000098434270277	0.8	0.3333005219099093	4.000393775842118	0.4999753926435345	-3.500418383198583	0.9958867986603618	0.04525128853347837	-2.916763025764331
13	0	0.8646427052609564	2.068055275759308	1	0.2948284176743469	15.0351120999471	0	-15.0351120999471	0.9999999999999992	1.271749113795906e-07	-12.52817642366373
1	0	1.000000000000002	1.934337164915448	1	0.340792466508809	0.999999999999998	0	-0.999999999999998	1	0.3407924665088089	-0.8332612580725479
2	5	0.8156082628745307	2.108476065427865	0.2857142857142857	0.278927750126837	2.452157599472077	2.371380961815836	-0.08077663765624088	0.6942966036433579	0.6241940217070594	-0.06730804271630976
2	0	1.000000000000002	1.932764073783582	1	0.3409752625310544	1.999999999999996	0	-1.999999999999996	1	0.1162641296581215	-1.666522516145095
2	0	0.8234822700863311	1.376854250847749	1	0.374252875526853	2.428710456377314	0	-2.428710456377314	0.9999999999999999	0.1400652148401182	-2.023750330374917
0	0	1.000000000000002	2.000000000000004	0	0.3333333333333333	0	0	0	0	0	0
1	0	1.000000000000002	2.000000000000004	1	0.3333333333333333	0.999999999999998	0	-0.999999999999998	1	0.3333333333333333	-0.8332612580725479
1	0	0.7996634790659264	2.20033652093408	1	0.2665544930219749	1.250526035236827	0	-1.250526035236827	1	0.2665544930219749	-1.042014897373916
2	0	1.001375396087667	1.99862460391234	1	0.3337917986958882	1.997252986056897	0	-1.997252986056897	1	0.1114169648766363	-1.664233535850926
1	1	0.8228851717806978	2.075477074649458	0.5	0.283913845756936	1.215236383268435	0.4818169336651897	-0.7334194496032453	0.9193929281875068	0.4872206197013786	-0.611130013271277
0	0	0.7996634790659264	2.20033652093408	0	0.2665544930219749	0	0	0	0	0	0
3	0	1.000000000000002	2.000000000000004	1	0.3333333333333333	2.999999999999993	0	-2.999999999999993	1	0.03703703703703698	-2.499783774217643
0	0	0.8228652035219136	1.377471317412167	0	0.3739724336223776	0	0	0	0	0	0
2	1	1.000000000000002	1.999654903715009	0.6666666666666666	0.3333716817763012	1.999999999999996	0.5000862889602475	-1.499913711039748	0.9629501786779806	0.2593103919870403	-1.249819985861247
0	2	1.000000000000002	2.000000000000004	0	0.3333333333333333	0	0.9999999999999978	0.9999999999999978	0.4444444444444445	0.5555555555555555	0.8332612580725477
7	0	0.9202390018524638	2.079760998147543	1	0.3067463339508206	7.606719543410818	0	-7.606719543410818	1	0.0002555381033225723	-6.338384696547547
5	1	0.7996634790659263	2.20033652093408	0.8333333333333334	0.2665544930219748	6.252630176184134	0.4544759360606727	-5.798154240123461	0.9996413126634881	0.006280424668165696	-4.831377296623963
0	0	0.8228652035219136	1.377471317412167	0	0.3739724336223776	0	0	0	0	0	0
2	0	0.9218887828194395	2.078111217180567	1	0.3072962609398125	2.169459090155475	0	-2.169459090155475	1	0.0944309919875892	-1.80772621079988
1	2	0.7996634790659265	2.200336520934081	0.3333333333333333	0.2665544930219749	1.250526035236826	0.9089518721213451	-0.3415741631154813	0.8247241920501107	0.605448628465677	-0.2846205168826842
6	0	1.000000000000002	1.997998461135976	1	0.333555875015723	5.999999999999987	0	-5.999999999999987	0.9999999999999996	0.001377246148265954	-4.999567548435286
2	1	0.8651779468994694	2.033309792985415	0.6666666666666666	0.2984928778528594	2.311663175381877	0.4918089724693384	-1.819854202912538	0.9734048821275811	0.214103758641809	-1.516414002627519
3	0	1.799663479065928	1.200336520934078	1	0.5998878263553081	1.666978318389323	0	-1.666978318389323	1	0.2158788751115888	-1.38902845076075
2	0	0.7996634790659264	2.20033652093408	1	0.2665544930219749	2.501052070473653	0	-2.501052070473653	0.9999999999999999	0.07105129775020214	-2.084029794747831
9	1	1.036247307853758	1.542792813124252	0.9	0.4017957299015566	8.685185410653087	0.6481751739398743	-8.037010236713213	0.9998903387556598	0.001742327291938461	-6.696929260985611
2	0	1.665007177767228	1.21194078824196	1	0.5787408036012809	1.201196022879611	0	-1.201196022879611	0.9999999999999998	0.3349409177530565	-1.000910109216408
2	0	0.9226204262289227	2.077379573771084	1	0.3075401420763069	2.167738696372364	0	-2.167738696372364	1	0.09458093898831499	-1.806292673311785
4	0	1.000000000000002	1.999503439908127	1	0.3333885158106806	3.999999999999991	0	-3.999999999999991	1	0.01235385622446949	-3.333045032290191
0	1	0.822902258938003	2.075409984838445	0	0.2839246394880409	0	0.4818325089044238	0.4818325089044238	0.7160753605119591	0.2839246394880409	0.4014923625499531
2	0	1.000000000000002	2.000000000000004	1	0.3333333333333333	1.999999999999996	0	-1.999999999999996	1	0.1111111111111109	-1.666522516145095
5	0	0.7996634790659263	2.20033652093408	1	0.2665544930219748	6.252630176184134	0	-6.252630176184134	1	0.001345643558454235	-5.210074486869578
1	0	0.8653855180190714	2.067312463001193	1	0.2950817041576201	1.155554350261223	0	-1.155554350261223	1	0.2950817041576201	-0.9628786716698743
1	0	0.8229070569561002	2.075405186820348	1	0.2839262949404883	1.21520406411261	0	-1.21520406411261	1	0.2839262949404883	-1.012582467277349
2	0	0.7996634790659265	2.20033652093408	1	0.2665544930219749	2.501052070473653	0	-2.501052070473653	0.9999999999999999	0.07105129775020214	-2.084029794747831
2	0	0.7996634790659266	2.200336520934081	1	0.2665544930219749	2.501052070473652	0	-2.501052070473652	0.9999999999999999	0.07105129775020214	-2.08402979474783
4	0	0.8652390069546252	1.335097513979455	1	0.3932303076019102	4.623000081883465	0	-4.623000081883465	1	0.02391046003781583	-3.852166864299715
0	0	0.9226204262289226	2.077379573771084	0	0.3075401420763069	0	0	0	0	0	0
3	0	0.8232835289459152	2.109414452074349	1	0.2807256438521845	3.643945122819386	0	-3.643945122819386	1	0.02212311412568824	-3.036358297387812
7	0	0.8234823726115305	2.074829871164918	1	0.2841247951733964	8.500485538993049	0	-8.500485538993049	0.9999999999999994	0.0001494734124660724	-7.083125274448862
3	0	0.8229383459110714	2.109759635109193	1	0.280607942323736	3.645473582445248	0	-3.645473582445248	1	0.02209529871808424	-3.037631903578571
1	0	0.7996634790659263	2.20033652093408	1	0.2665544930219749	1.250526035236827	0	-1.250526035236827	1	0.2665544930219749	-1.042014897373916
1	0	1.000000000000002	1.799811098215958	1	0.3571669533838202	0.9999999999999978	0	-0.9999999999999978	1	0.3571669533838202	-0.8332612580725477
2	0	0.8229593366021515	2.109738644418113	1	0.2806150997914384	2.430253733140247	0	-2.430253733140247	1	0.07874483423095902	-2.025036283111953
4	1	0.9999238280341687	2.000076171965833	0.8	0.333307942678056	4.000304711073767	0.4999809577337851	-3.500323753339982	0.9958863407481968	0.0452549523105612	-2.916684174369302
2	0	0.8231262143495832	2.109571766670681	1	0.2806720022575334	2.429761031946185	0	-2.429761031946185	0.9999999999999999	0.07877677285125295	-2.024625734295134
8	1	0.9999708948614885	1.983020357312249	0.8888888888888888	0.335224212988489	8.000232847885162	0.5042812577856651	-7.495951590099496	0.9999465412968982	0.001007573741488854	-6.246086052417234
2	1	0.898927985759194	2.001033969518851	0.6666666666666666	0.3099792340803332	2.224872327576819	0.4997416411878556	-1.725130686388964	0.9702149864136111	0.2286913495103122	-1.437484566080029
6	2	0.9216636653007685	2.078336334699239	0.75	0.3072212217669221	6.509966949865608	0.962308153213048	-5.54765879665256	0.9984889681309383	0.01281040770073172	-4.622649148255959
7	0	0.864683253877499	1.335653267056582	1	0.3929777312019645	8.095449944947934	0	-8.095449944947934	1	0.001447356736769767	-6.745624805790667
3	2	0.7996634790659265	2.20033652093408	0.6	0.2665544930219749	3.751578105710479	0.9089518721213453	-2.842626233589134	0.9801411396738782	0.1217399841744934	-2.368650311630515
2	2	0.9998284275185666	2.000171572481439	0.5	0.3332761425061882	2.000343203847203	0.9999142211179283	-1.000428982729274	0.8889397186381032	0.4073057348265643	-0.833618712761236
2	0	0.8653332426528371	2.067364738367428	1	0.2950638791491901	2.311248316161569	0	-2.311248316161569	1	0.08706269277856782	-1.925873679642851
1	0	0.8229384989469539	2.075373744829494	1	0.283937143319893	1.21515763484102	0	-1.21515763484102	1	0.2839371433198929	-1.012543779564092
1	0	0.7996634790659264	2.000000000000004	1	0.2856284282183525	1.250526035236827	0	-1.250526035236827	1	0.2856284282183525	-1.042014897373916
3	1	0.9997905005147413	2.000209499485265	0.75	0.3332635001715797	3.00062863015347	0.4999476306143634	-2.500680999539106	0.9876646633905876	0.1110490469428935	-2.083720595714076
2	0	0.8651451651288532	2.067552815891411	1	0.2949997479208123	2.311750768094651	0	-2.311750768094651	0.9999999999999999	0.08702485127334292	-1.926292353372732
4	0	0.7996634790659265	2.200336520934081	1	0.2665544930219749	5.002104140947305	0	-5.002104140947305	1	0.005048286911987887	-4.168059589495662
3	1	1.000000000000002	2.000000000000003	0.75	0.3333333333333334	2.999999999999996	0.4999999999999992	-2.499999999999996	0.9876543209876543	0.1111111111111112	-2.083153145181371
2	0	0.8229279590505049	2.075384284725943	1	0.2839335067564165	2.43034639667317	0	-2.43034639667317	1	0.080618236258996	-2.025113496043973
1	1	0.1790624304146761	2.82093756958533	0.5	0.05968747680489192	5.584644404100745	0.3544920705731879	-5.230152333527557	0.9964374051126655	0.1158123587224493	-4.358083313346253
1	0	0.7996634790659264	2.20033652093408	1	0.2665544930219749	1.250526035236827	0	-1.250526035236827	1	0.2665544930219749	-1.042014897373916
3	0	1.000983851412358	1.999016148587649	1	0.3336612838041186	2.997051346799541	0	-2.997051346799541	1	0.03714646144741485	-2.497326775742215
0	1	0.001230331805955661	1.270107192466704	0	0.0009677460017232969	0	0.7873351209498133	0.7873351209498133	0.9990322539982767	0.0009677460017233352	0.6560558534073444
2	0	1.000000000000002	1.799968571320637	1	0.3571468659479773	1.999999999999996	0	-1.999999999999996	1	0.1275538838564625	-1.666522516145096
1	0	0.7996634790659265	2.000000000000005	1	0.2856284282183525	1.250526035236826	0	-1.250526035236826	1	0.2856284282183525	-1.042014897373915
7	0	0.7996634790659264	2.20033652093408	1	0.2665544930219749	8.753682246657785	0	-8.753682246657785	0.9999999999999999	9.560972113753508e-05	-7.294104281617408
8	0	1.000000000000002	2.000000000000004	1	0.3333333333333333	7.999999999999982	0	-7.999999999999982	1	0.000152415790275473	-6.666090064580382
1	1	0.8653589034907362	2.067355619489008	0.5	0.2950709647018423	1.155589889889779	0.4837097162060449	-0.6718801736837345	0.912933125789924	0.5030750551936087	-0.5598517187977117
3	1	1.002913466089924	1.997086533910082	0.75	0.3343044886966407	2.991284992608735	0.5007294291059621	-2.490555563502773	0.9875098161350497	0.1119762466057503	-2.075283462143909
0	1	0.9997897189784458	2.000210281021561	0	0.3332632396594812	0	0.4999474352712923	0.4999474352712923	0.6667367603405188	0.3332632396594812	0.4165868288843015
2	0	1.000000000000002	2.000000000000005	1	0.3333333333333334	1.999999999999995	0	-1.999999999999995	1	0.111111111111111	-1.666522516145095
3	2	1.000000000000002	2.000000000000004	0.6	0.3333333333333333	2.999999999999993	0.9999999999999978	-1.999999999999996	0.9547325102880663	0.2098765432098761	-1.666522516145095
6	1	1.796891555804625	1.203048053010385	0.8571428571428571	0.5989759095565278	3.339099669436243	0.8312219927522444	-2.507877676683998	0.9723391520244427	0.1572965537914073	-2.089717307965771
5	0	0.8648521948110378	2.067845786209226	1	0.2948998500384831	5.781334695106432	0	-5.781334695106432	0.9999999999999998	0.002230348654575942	-4.817362221382865
3	0	0.7996634790659263	2.20033652093408	1	0.2665544930219749	3.75157810571048	0	-3.75157810571048	0.9999999999999999	0.01893904265035862	-3.126044692121747
1	0	0.8229385804731099	1.37739794046097	1	0.3740057816809578	1.215157514458852	0	-1.215157514458852	1	0.3740057816809578	-1.012543679254295
6	2	0.799762414356374	2.198270219991302	0.75	0.2667624111871583	7.502228027093058	0.909806256670262	-6.592421770422796	0.9994104487719743	0.006014495458402935	-5.493209658167363
0	0	1.000000000000002	2.000000000000004	0	0.3333333333333333	0	0	0	0	0	0
1	0	0.9226204262289227	2.077379573771084	1	0.3075401420763069	1.083869348186182	0	-1.083869348186182	1	0.3075401420763069	-0.9031463366558923
2	2	0.7996634790659263	2.20033652093408	0.5	0.2665544930219748	2.501052070473654	0.9089518721213453	-1.592100198352308	0.9393886901345297	0.2899403060343078	-1.3266354142566
8	0	1.799576421188926	1.20032511779413	1	0.599878495278538	4.445490564226575	0	-4.445490564226575	0.9999999999999999	0.01676896844205489	-3.704255060297084
1	0	1.000000000000002	2.000000000000004	1	0.3333333333333333	0.9999999999999978	0	-0.9999999999999978	1	0.3333333333333333	-0.8332612580725477
7	0	0.7996634790659266	2.200336520934081	1	0.2665544930219748	8.753682246657783	0	-8.753682246657783	1	9.560972113742405e-05	-7.294104281617407
0	1	1.000000000000002	1.800598577200977	0	0.3570665243283237	0	0.5553708709214331	0.5553708709214331	0.6429334756716762	0.3570665243283238	0.4627690306008408
2	0	0.8229279137603031	2.109770067259961	1	0.2806043851382243	2.430346530428359	0	-2.430346530428359	1	0.07873882095880091	-2.02511360749699
0	1	4.346815791426546e-05	2.999956531842092	0	1.448938597142179e-05	0	0.3333381631986382	0.3333381631986382	0.9999855106140286	1.448938597137239e-05	0.2777577772304901
0	1	0.7996634790659264	2.20033652093408	0	0.2665544930219749	0	0.4544759360606727	0.4544759360606727	0.7334455069780251	0.2665544930219749	0.3786971902456157
3	1	0.8229097993654736	2.075527679751403	0.75	0.2839149732552471	3.645600043058461	0.4818051861008066	-3.163794856957654	0.9935023967599138	0.07205013591008236	-2.636267682791996
9	0	1.796784047192583	1.200585673968264	1	0.5994535924306026	5.008949191229859	0	-5.008949191229859	1	0.009995398301811065	-4.173763304705671
2	0	0.7996634790659265	2.20033652093408	1	0.2665544930219749	2.501052070473653	0	-2.501052070473653	0.9999999999999999	0.07105129775020214	-2.084029794747831
0	0	0.8228652035219136	2.109832777498351	0	0.2805830020163361	0	0	0	0	0	0
1	3	0.8274028216311307	2.070909422145318	0.25	0.2854774613769839	1.208601147901108	1.448638925449578	0.2400377775484703	0.6772155683568426	0.7393463983748159	0.2000141805049772
1	0	1.000000000000002	2.000000000000004	1	0.3333333333333333	0.9999999999999978	0	-0.9999999999999978	1	0.3333333333333333	-0.8332612580725477
3	0	0.865197227586821	2.033115016189627	1	0.2985176043211565	3.467417490885285	0	-3.467417490885285	0.9999999999999999	0.02660172765640623	-2.889264660717836
7	0	0.8647356394710591	2.033576604305389	1	0.2983583433178768	8.094959523446674	0	-8.094959523446674	1	0.0002104589062170703	-6.745216156553542
1	1	0.8229279573543137	1.378267179168166	0.5	0.3738550679584011	1.215173200841259	0.7255487289507512	-0.4896244718905074	0.8602323881618192	0.6079425240786216	-0.4079851034305919
8	0	1.799630418185221	1.200339381643795	1	0.5998828449165691	4.445357179540976	0	-4.445357179540976	1	0.01676994118296182	-3.704143916006154
7	0	0.939785287067111	2.057685797578486	1	0.3135260559746902	7.448509884471221	0	-7.448509884471221	1	0.0002977936787471602	-6.20655471710031
1	0	0.8228756526946229	2.109822328325641	1	0.2805865650060394	1.2152504412123	0	-1.2152504412123	1	0.2805865650060394	-1.012621111517782
0	0	0.7996634790659264	2.20033652093408	0	0.2665544930219749	0	0	0	0	0	0
1	0	1.000000000000002	2.000000000000004	1	0.3333333333333333	0.9999999999999978	0	-0.9999999999999978	1	0.3333333333333333	-0.8332612580725477
3	0	0.8651761002778209	2.067521880742443	1	0.2950102962790709	3.467502164052677	0	-3.467502164052677	1	0.02567506319488133	-2.889335215587822
0	0	0.7996634790659264	2.20033652093408	0	0.2665544930219749	0	0	0	0	0	0
0	2	0.002652636794654451	2.997347363205353	0	0.0008842122648848146	0	0.6672566631920855	0.6672566631920855	0.9982323573015598	0.001767642698440208	0.5559991266287286
4	0	1.000000000000002	1.98424868627561	1	0.3350927168365506	3.999999999999994	0	-3.999999999999994	1	0.01260839931141733	-3.333045032290193
2	0	0.7996634790659263	2.20033652093408	1	0.2665544930219749	2.501052070473654	0	-2.501052070473654	0.9999999999999999	0.07105129775020214	-2.084029794747831
4	0	1.000000000000002	2.000000000000004	1	0.3333333333333333	3.999999999999991	0	-3.999999999999991	1	0.01234567901234551	-3.333045032290191
3	0	0.7996634790659263	2.077379573771084	1	0.2779463026378385	3.75157810571048	0	-3.75157810571048	1	0.02147250456379446	-3.126044692121747
2	0	0.7996634790659263	2.20033652093408	1	0.2665544930219748	2.501052070473654	0	-2.501052070473654	1	0.07105129775020191	-2.084029794747831
1	2	0.8239646869720978	2.074972749371679	0.3333333333333333	0.2842298963206691	1.21364424448188	0.9638680800052043	-0.2497761644766753	0.8035640513031159	0.6332917636698777	-0.2081288010483705
1	0	0.1844794317862974	2.815520568213711	1	0.06149314392876565	5.420658500067415	0	-5.420658500067415	1	0.06149314392876559	-4.516824721347833
1	0	0.7996634790659263	2.000000000000004	1	0.2856284282183525	1.250526035236827	0	-1.250526035236827	1	0.2856284282183525	-1.042014897373916
2	0	0.7996634790659264	2.20033652093408	1	0.2665544930219749	2.501052070473653	0	-2.501052070473653	0.9999999999999999	0.07105129775020214	-2.084029794747831
2	1	0.8229802994561002	2.07534881832945	0.6666666666666666	0.2839499125223202	2.430191830013162	0.4818467098966762	-1.948345120116486	0.9771058134294652	0.1960942853232304	-1.623480505947776
0	0	0.7996634790659264	2.077379573771084	0	0.2779463026378385	0	0	0	0	0	0
3	1	0.7996634790659264	2.20033652093408	0.75	0.2665544930219749	3.75157810571048	0.4544759360606727	-3.297102169649807	0.9949517130880121	0.06061130986547036	-2.747347501876131
1	1	0.7997541987639422	2.200245801236064	0.5	0.2665847329213135	1.250384182471999	0.454494674839609	-0.7958895076323895	0.928932580173272	0.4621020460158989	-0.6631838924165069
6	4	1.000000000000002	2.000000000000004	0.6	0.3333333333333333	5.999999999999988	1.999999999999996	-3.999999999999992	0.9803383630544132	0.07656353198191257	-3.333045032290192
1	0	0.7996634790659264	2.077379573771084	1	0.2779463026378385	1.250526035236827	0	-1.250526035236827	1	0.2779463026378386	-1.042014897373916
0	6	0.1765746695191154	2.823376164400362	0	0.05885918779822739	0	2.125115340865074	2.125115340865074	0.6949085273391892	0.3050914726608108	1.770776282478506
5	2	0.9994325904516992	1.935897887164511	0.7142857142857143	0.3404838392382111	5.002838658423398	1.033112341957963	-3.969726316465436	0.9922766372333996	0.04952109267803795	-3.307819144661697
3	0	1.000000000000002	1.799922620843537	1	0.3571527272059861	2.999999999999994	0	-2.999999999999994	1	0.04555771277430631	-2.499783774217644
2	0	0.7085389591400136	2.291461040859989	1	0.236179653046671	2.822709992443453	0	-2.822709992443453	1	0.05578082851324573	-2.352054879477388
1	0	0.8983750528164309	2.000087362519832	1	0.3099488363426671	1.113120847317579	0	-1.113120847317579	1	0.309948836342667	-0.9275204776226279
1	0	0.7996634790659264	2.20033652093408	1	0.2665544930219749	1.250526035236827	0	-1.250526035236827	1	0.2665544930219749	-1.042014897373916
0	2	0.9996515140144218	1.933046467005842	0	0.3408641191435097	0	1.034636277056425	1.034636277056425	0.4344601094324613	0.5655398905675387	0.8621223258675357
2	0	1.000000000000002	2.000000000000004	1	0.3333333333333333	1.999999999999996	0	-1.999999999999996	1	0.1111111111111109	-1.666522516145095
2	0	0.7996634790659263	2.000000000000004	1	0.2856284282183525	2.501052070473654	0	-2.501052070473654	1	0.0815835990064866	-2.084029794747831
5	6	0.7997126929456736	2.200287307054333	0.4545454545454545	0.2665708976485572	6.252245392758399	2.726916608009973	-3.525328784748427	0.9538094518302588	0.1429858949091611	-2.937519898298846
4	0	0.7996634790659262	2.20033652093408	1	0.2665544930219748	5.002104140947308	0	-5.002104140947308	1	0.005048286911987776	-4.168059589495663
1	15	0.7999576240714016	2.199450331366052	0.0625	0.2667051751400488	1.250066215895885	6.819885762404866	5.569819546508981	0.04766498644692741	0.9930103099091742	4.641114842561151
8	1	0.9995956015056429	2.000404398494359	0.8888888888888888	0.333198533835214	8.003236496789286	0.4998989208145453	-7.503337575974741	0.9999493793478957	0.0009623453283101879	-6.252240508299747
1	0	0.7996634790659264	2.000000000000004	1	0.2856284282183525	1.250526035236827	0	-1.250526035236827	1	0.2856284282183525	-1.042014897373916
7	0	0.9208436039261978	2.030910614982475	1	0.3119648641568313	7.601725168263235	0	-7.601725168263235	0.9999999999999998	0.0002875674873191736	-6.334223077228787
2	1	0.7996634790659266	2.200336520934081	0.6666666666666666	0.2665544930219749	2.501052070473652	0.4544759360606725	-2.04657613441298	0.9810609573496414	0.1752758079498893	-1.705332604502215
2	0	0.8230741990397767	2.109623781980488	1	0.2806542659239105	2.429914584047538	0	-2.429914584047538	0.9999999999999999	0.07876681698128918	-2.024753683312288
2	0	1.000000000000002	2.000000000000004	1	0.3333333333333333	1.999999999999996	0	-1.999999999999996	1	0.1111111111111109	-1.666522516145095
7	2	1.622562171017302	1.179931115260708	0.7777777777777778	0.5789709395422766	4.314164427740351	1.695014203908078	-2.619150223832273	0.9448481774248383	0.1943148941663048	-2.18243641059148
5	2	0.7996634790659264	2.200336520934081	0.7142857142857143	0.2665544930219748	6.252630176184133	0.9089518721213451	-5.343678304062788	0.9980628469712396	0.01713860376667964	-4.452680106378347
1	1	0.7998061195042704	2.199568720665506	0.5	0.266657607709678	1.250303011709653	0.4546345793176391	-0.795668432392014	0.9288937202505515	0.4622089356699075	-0.6629996789835829
3	0	1.12286614914679	1.772292959020933	1	0.3878426391071215	2.671734295561007	0	-2.671734295561007	1	0.05834003160482304	-2.226252680354742
5	0	0.7996634790659266	2.200336520934081	1	0.2665544930219748	6.252630176184131	0	-6.252630176184131	1	0.001345643558454235	-5.210074486869576
4	2	0.8650087012281323	1.337387357866237	0.6666666666666666	0.3927580135535778	4.624230940475896	1.495453047493243	-3.128777892982653	0.9622776256205763	0.1693403064266773	-2.607089403336306
0	1	0.9227155559121889	2.077284444087817	0	0.307571851970729	0	0.481397722322579	0.481397722322579	0.692428148029271	0.307571851970729	0.401130071735772
12	1	0.8621446925542352	2.036242539999471	0.9230769230769231	0.2974566969074792	13.91877732779189	0.4911006328353497	-13.42767669495654	0.9999998572721377	4.525021385259897e-06	-11.18876277583094
9	1	0.9998025948592646	1.945134461824532	0.9	0.3394987993343096	9.001776997054973	0.5141032764706672	-8.487673720584306	0.9999796585256676	0.0004160886241304507	-7.072449682523396
0	4	0.9992957572358445	2.000704242764163	0	0.3330985857452807	0	1.999296005127485	1.999296005127485	0.1978092305461283	0.8021907694538717	1.66593590449195
2	1	0.8652580079066118	2.067506286463261	0.6666666666666666	0.2950315542124122	2.311449280705024	0.4836744664562208	-1.827774814248803	0.9743193861027967	0.2097696261485678	-1.523013941194278
8	0	1.79036747635186	1.207969087428307	1	0.5971202492673623	4.468356416025379	0	-4.468356416025379	1	0.01616197356964622	-3.723308288733856
1	4	0.864895974924408	2.033774539673964	0.2	0.2983767801716658	1.156208410019945	1.966786348225818	0.8105779382058729	0.5315631445391429	0.8299722661046681	0.6754231925552789
2	1	1.000000000000002	1.800463169314667	0.6666666666666666	0.3570837891950291	1.999999999999996	0.5554126388381734	-1.444587361161822	0.9544686629329659	0.2914638233835722	-1.203718681957404
6	1	0.9999008104701249	1.991383001620531	0.8571428571428571	0.3342714611126378	6.000595196216484	0.5021635713402335	-5.49843162487625	0.9995336681291214	0.006967494243587335	-4.581630053170277
0	1	0.7996634790659265	2.00014764850826	0	0.2856133655554014	0	0.4999630905977442	0.4999630905977442	0.7143866344445986	0.2856133655554014	0.4165998738613164
1	0	0.8228965691294788	2.075415674646969	1	0.2839226763425806	1.21521955190295	0	-1.21521955190295	1	0.2839226763425806	-1.012595372653012
1	1	0.7996634790659265	2.200336520934081	0.5	0.2665544930219749	1.250526035236826	0.4544759360606725	-0.7960500991761539	0.9289487022497979	0.4620576882937477	-0.6633177071282998
0	0	0	1.269208075918971	0	0	0	0	0	0	0	0
1	1	0.9226774842530305	2.077322515746975	0.5	0.3075591614176763	1.083802322118619	0.4813888996145668	-0.6024134225040523	0.9054073622280558	0.5205256850634083	-0.5019677663155169
3	0	1.799445875312857	1.200308018446596	1	0.5998645019034194	1.667179903079003	0	-1.667179903079003	1	0.2158536951007268	-1.389196423472881
0	0	0	1.269208075918971	0	0	0	0	0	0	0	0
1	0	0.9226204262289226	2.077379573771084	1	0.3075401420763069	1.083869348186182	0	-1.083869348186182	1	0.3075401420763069	-0.9031463366558925
1	0	1.000000000000002	2.000000000000004	1	0.3333333333333333	0.9999999999999978	0	-0.9999999999999978	1	0.3333333333333333	-0.8332612580725477
1	0	0.7996634790659264	2.20033652093408	1	0.2665544930219749	1.250526035236827	0	-1.250526035236827	1	0.2665544930219749	-1.042014897373916
0	1	1.000000000000002	2.000000000000004	0	0.3333333333333333	0	0.4999999999999989	0.4999999999999989	0.6666666666666667	0.3333333333333333	0.4166306290362738
0	6	0.1800303146399047	2.819919716206462	0	0.06001110444800085	0	2.127720149448647	2.127720149448647	0.689820884905749	0.310179115094251	1.772946768555893
1	1	1.000000000000002	1.799762030208618	0.5	0.3571732130124962	0.9999999999999978	0.55562901273347	-0.4443709872665278	0.8724272959063297	0.5867737219313225	-0.3702771279006478
4	0	0.7996634790659264	2.077379573771084	1	0.2779463026378385	5.002104140947306	0	-5.002104140947306	1	0.005968203251880744	-4.168059589495662
1	1	0.7997618721592954	2.200238127840712	0.5	0.2665872907197645	1.250372185535773	0.4544962599031898	-0.7958759256325836	0.9289312164266958	0.4621057978662247	-0.6631725750622615
2	0	1.664996666289664	1.211932175356782	1	0.5787409970615742	1.201203606285212	0	-1.201203606285212	1	0.334941141679825	-1.0009164281745
0	0	1.000000000000002	2.000000000000004	0	0.3333333333333333	0	0	0	0	0	0
1	0	0.7996634790659267	2.077379573771085	1	0.2779463026378385	1.250526035236826	0	-1.250526035236826	1	0.2779463026378385	-1.042014897373915
0	3	0.9991424966460601	2.000857503353947	0	0.3330474988820192	0	1.499357148108367	1.499357148108367	0.2966775723240686	0.7033224276759314	1.249356223532847
2	8	1.000000000000002	2.000000000000005	0.2	0.3333333333333334	1.999999999999995	3.99999999999999	1.999999999999995	0.2991413910481125	0.8959508205050044	1.666522516145095
5	1	1.665257068369007	1.211992076213376	0.8333333333333334	0.5787670739270339	3.002539424677009	0.8250879024921498	-2.177451522184859	0.9624142780390967	0.2017174877788608	-1.814385994767744
0	1	1.664404546381378	1.212759584138512	0	0.5784878689143911	0	0.8245657367534666	0.8245657367534666	0.4215121310856089	0.5784878689143911	0.6870786831707122
2	1	1.000000000000002	1.999486780904244	0.6666666666666666	0.3333903674343032	1.999999999999996	0.5001283377066198	-1.499871662293376	0.9629439483428985	0.2593353079797369	-1.249784948269945
1	0	0.7996634790659265	2.20033652093408	1	0.2665544930219749	1.250526035236826	0	-1.250526035236826	1	0.2665544930219749	-1.042014897373915
3	1	0.9227536996869227	2.077246300313083	0.75	0.3075845665623069	3.25113841431127	0.4814065620669439	-2.769731852244326	0.9910492760825587	0.08954799770322863	-2.30791024772472
0	2	0.0002610997308379311	2.999738900269168	0	8.70332436126435e-05	0	0.6667246938793703	0.6667246938793703	0.9998259410875603	0.0001740589124397118	0.5555558572099596
0	0	0	1.269208075918971	0	0	0	0	0	0	0	0
3	0	1.000000000000002	2.000000000000004	1	0.3333333333333333	2.999999999999993	0	-2.999999999999993	1	0.03703703703703698	-2.499783774217643
0	0	0.7996634790659264	2.077379573771084	0	0.2779463026378385	0	0	0	0	0	0
2	1	0.8236583256591374	1.377267575496283	0.6666666666666666	0.3742326469177092	2.428191323628627	0.7260753231917634	-1.702116000436864	0.9475886900988353	0.3153276022547756	-1.418307319909438
13	1	0.8473091322804733	2.051028096905552	0.9285714285714286	0.2923431834460593	15.34268840583768	0.4875603613176875	-14.85512804451999	0.9999999666956007	1.161954603090543e-06	-12.37820268320554
0	0	1.000000000000002	2.000000000000004	0	0.3333333333333333	0	0	0	0	0	0
1	0	0.7996634790659264	2.20033652093408	1	0.2665544930219749	1.250526035236827	0	-1.250526035236827	1	0.266554493021975	-1.042014897373916
0	0	0.9226204262289226	2.077379573771084	0	0.3075401420763069	0	0	0	0	0	0
4	0	0.9401940989314505	2.058254423282868	1	0.3135601935353982	4.254440657036755	0	-4.254440657036755	1	0.009666821410892257	-3.545060574277451
0	0	0.7996634790659264	2.077379573771084	0	0.2779463026378385	0	0	0	0	0	0
1	2	0.7996634790659263	2.20033652093408	0.3333333333333333	0.2665544930219749	1.250526035236827	0.9089518721213454	-0.3415741631154814	0.8247241920501107	0.605448628465677	-0.2846205168826842
1	2	0.9225487086990286	2.077451291300977	0.3333333333333333	0.3075162362330089	1.083953606536605	0.9627181192525218	-0.1212354872840833	0.7744625990194763	0.6679306548883911	-0.1010208346573738
0	1	0.7996634790659263	2.077500462009316	0	0.2779346243186543	0	0.4813476667210079	0.4813476667210079	0.7220653756813458	0.2779346243186542	0.4010883623422333
2	0	0.9226204262289227	2.077379573771084	1	0.3075401420763069	2.167738696372364	0	-2.167738696372364	1	0.09458093898831499	-1.806292673311785