Observed S Changes	Observed NS Changes	E[S Sites]	E[NS Sites]	Observed S. Prop.	P{S}	dS	dN	dN-dS	P{S leq. observed}	P{S geq. observed}	Scaled dN-dS
0	0	0	2.999999999999999	0	0	0	0	0	0	0	0
1	3	0.868874215516081	2.032119488570165	0.25	0.2995091696656262	1.15091457675037	1.476291141772796	0.3253765650224263	0.6525657230053143	0.7592258721617	0.2648246021835605
9	3	0.9998588432492518	2.000141156750745	0.75	0.3332862810830842	9.001270590109105	1.499894139908374	-7.501376450200731	0.9994568963318207	0.003851349637250534	-6.10538449232389
0	2	0.9245536201992565	2.075446379800743	0	0.3081845400664189	0	0.9636481190094701	0.9636481190094701	0.4786086306031123	0.5213913693968877	0.7843150281706058
1	0	0.924408388455454	2.075591611544545	1	0.3081361294851515	1.081772961483883	0	-1.081772961483883	1	0.3081361294851515	-0.8804570610614071
8	1	0.9999999999999998	2	0.8888888888888888	0.3333333333333334	8.000000000000002	0.5000000000000001	-7.500000000000002	0.9999491947365745	0.0009653000050807714	-6.104264196900006
1	2	1.672141189033385	1.207839793500693	0.3333333333333333	0.580608413449341	0.5980356243590111	1.655848739842709	1.057813115483698	0.3801349210329965	0.9262335062122798	0.8609560970477848
0	1	0.8043859492360895	2.195614050763909	0	0.2681286497453633	0	0.4554534526011413	0.4554534526011413	0.7318713502546368	0.2681286497453632	0.3706944272090187
1	8	0.8042448138630837	2.001701360705277	0.1111111111111111	0.2866216113310872	1.243402484868547	3.996600170757384	2.753197685888837	0.2208756007225919	0.952150265012136	2.24083280812789
0	1	0.9244265184688905	2.075573481531109	0	0.3081421728229636	0	0.4817945540826241	0.4817945540826241	0.6918578271770364	0.3081421728229636	0.3921334995663954
1	2	1.795818057938305	1.204181942061693	0.3333333333333333	0.5986060193127686	0.5568492841351944	1.660878584988393	1.104029300853199	0.3540084926813903	0.9353285547427829	0.8985715378035631
3	3	0.802157347956224	2.07332472353939	0.5	0.2789644755249685	3.739914628524625	1.446951346279552	-2.292963282245074	0.9449917283158367	0.2177678997151514	-1.866247155815323
8	3	1.800537898186268	1.198325960366862	0.7272727272727273	0.6004066817007754	4.443116697548339	2.503492454658634	-1.939624242889705	0.8805412792495282	0.2972468379830456	-1.578663842841454
2	7	0.9992184152707964	2.000781584729202	0.2222222222222222	0.3330728050902657	2.001564392163433	3.498632761030446	1.497068368867014	0.3778189463696901	0.856566065909324	1.21846677925152
6	3	0.8056555765683935	2.194344423431605	0.6666666666666666	0.2685518588561313	7.447351169039726	1.367150921234361	-6.080200247805366	0.9978743495146264	0.01445666714807858	-4.948686491021444
3	5	0.9999999999999994	1.999999999999999	0.375	0.3333333333333334	3.000000000000002	2.500000000000001	-0.5000000000000004	0.7413504039018441	0.5317786922725195	-0.4069509464600007
0	1	0.8269511182491851	1.36899703143086	0	0.3765804390097617	0	0.7304617738687218	0.7304617738687218	0.6234195609902383	0.3765804390097617	0.5945242204574541
2	9	0.8274131576084753	2.072679787134085	0.1818181818181818	0.2853057379103842	2.417172100309266	4.342204741835394	1.925032641526128	0.3517745244279251	0.8660297306904705	1.566787710870904
4	10	0.9771864993949031	2.022813500605096	0.2857142857142857	0.3257288331316345	4.093384428127992	4.943609481056282	0.8502250529282902	0.500072460466401	0.7188068841004985	0.6919997799863432
3	0	0.9999999999999991	1.999999999999998	1	0.3333333333333333	3.000000000000003	0	-3.000000000000003	1	0.03703703703703698	-2.441705678760004
2	4	0.996945614756362	1.937463610575966	0.3333333333333333	0.3397432117340266	2.006127486190677	2.064554904755546	0.05842741856486899	0.6676636840967038	0.6613730115354775	0.04755418656837606
1	4	0.8051425005265503	2.194857499473449	0.2	0.2683808335088502	1.242016164028127	1.822441776270035	0.5804256122419087	0.5940858716787507	0.7903835451825423	0.4724095045029398
1	0	0.8042448138630841	2.195755186136915	1	0.2680816046210281	1.243402484868546	0	-1.243402484868546	1	0.2680816046210281	-1.012007636095942
3	2	0.804244813863084	2.195755186136914	0.6	0.2680816046210281	3.730207454605639	0.9108483553299423	-2.819359099275696	0.9797136719164256	0.1234974188729568	-2.294681707721717
2	1	0.8042448138630841	2.195755186136915	0.6666666666666666	0.2680816046210281	2.486804969737092	0.455424177664971	-2.031380792072121	0.9807335791344656	0.1770703984774875	-1.653344671908829
4	7	0.9909455278498455	2.009054472150153	0.3636363636363636	0.3303151759499486	4.036548818863135	3.484226085969874	-0.5523227328932609	0.718524564422625	0.5187882831767814	-0.449536517804573
2	0	0.9999999999999996	1.999999999999999	1	0.3333333333333333	2.000000000000001	0	-2.000000000000001	1	0.1111111111111109	-1.627803785840002
4	2	0.9994562283189862	2.000132343149871	0.6666666666666666	0.3331977717962721	4.002176270118116	0.9999338328034522	-3.002242437314663	0.9822008007076162	0.1000033407217262	-2.443530802735161
2	0	1.803959690111806	1.195779352284256	1	0.6013722075873909	1.108672223089444	0	-1.108672223089444	1	0.3616485320585319	-0.9023504210003237
1	0	0.8042448138630841	2.075591611544545	1	0.2792675329638719	1.243402484868546	0	-1.243402484868546	1	0.2792675329638719	-1.012007636095942
0	2	0.9999091579416811	2.000090842058317	0	0.3333030526472272	0	0.9999545810338175	0.9999545810338175	0.444484819609506	0.5555151803904941	0.8138649263374502
7	0	0.9999999999999996	1.999700544257565	1	0.3333666095151851	7.000000000000004	0	-7.000000000000004	1	0.0004575669909159252	-5.697313250440008
3	0	0.804244813863084	2.195755186136915	1	0.2680816046210281	3.730207454605639	0	-3.730207454605639	0.9999999999999998	0.01926642086553443	-3.036022908287827
1	0	0.804244813863084	2.195755186136915	1	0.2680816046210281	1.243402484868546	0	-1.243402484868546	1	0.2680816046210281	-1.012007636095942
1	0	0.9999999999999996	1.999999999999999	1	0.3333333333333333	1	0	-1	1	0.3333333333333333	-0.813901892920001
1	0	0.9999999999999997	1.999999999999999	1	0.3333333333333333	1	0	-1	1	0.3333333333333333	-0.813901892920001
2	0	0.9999999999999996	1.999999999999999	1	0.3333333333333333	2.000000000000001	0	-2.000000000000001	1	0.1111111111111109	-1.627803785840002
3	0	0.804244813863084	2.195755186136914	1	0.2680816046210281	3.730207454605639	0	-3.730207454605639	1	0.0192664208655341	-3.036022908287827
4	0	0.9999999999999993	1.934560320287622	1	0.3407665513251361	4.000000000000003	0	-4.000000000000003	0.9999999999999997	0.0134842823060658	-3.255607571680005
13	1	0.9995189215067118	2.000481078493286	0.9285714285714286	0.3331729738355709	13.00625703053557	0.4998797592992861	-12.50637727123628	0.999999792328589	6.026669003067475e-06	-10.17896413463088
0	5	0.1757023482199238	2.824297651780075	0	0.05856744940664128	0	1.770351647195769	1.770351647195769	0.7395134055809951	0.2604865944190049	1.440892556786678
2	0	0.9999999999999997	1.999999999999999	1	0.3333333333333333	2.000000000000001	0	-2.000000000000001	1	0.1111111111111109	-1.627803785840002
0	3	0.8270273076774161	2.073634992826724	0	0.2851167154251901	0	1.44673484503195	1.44673484503195	0.3653469006889236	0.6346530993110764	1.177500228924828
0	0	0.9999999999999997	1.999999999999999	0	0.3333333333333333	0	0	0	0	0	0
2	0	0.9220551079495658	2.077944892050433	1	0.3073517026498555	2.169067751761097	0	-2.169067751761097	0.9999999999999999	0.09446506912176522	-1.765408349030087
7	2	0.9997602635502965	2.000239736449703	0.7777777777777778	0.3332534211834322	7.001678557559354	0.9998801461418176	-6.001798411417536	0.9990364525307481	0.008268987981976839	-4.884875087976986
1	2	0.8042448138630839	2.195755186136914	0.3333333333333333	0.2680816046210281	1.243402484868546	0.9108483553299423	-0.332554129538604	0.8229296015225127	0.6079079945200629	-0.2706664355298329
0	0	0.8042448138630841	2.195755186136915	0	0.2680816046210281	0	0	0	0	0	0
3	7	0.9820636523379029	1.215235219141882	0.3	0.4469413173987232	3.054791807901854	5.760201720406796	2.705409912504942	0.2725606035112674	0.8970024637665455	2.201938248912306
1	1	0.9245181972855013	2.075481802714497	0.5	0.3081727324285006	1.081644474858497	0.4818158360589392	-0.5998286387995573	0.9050295669875517	0.521375031844553	-0.488201664546587
3	0	0.8271681597026473	2.107186140310223	1	0.2818910312565252	3.626832059249534	0	-3.626832059249534	0.9999999999999999	0.02239978115320018	-2.95188547832614
4	0	0.9999999999999993	1.999999999999999	1	0.3333333333333333	4.000000000000003	0	-4.000000000000003	1	0.01234567901234551	-3.255607571680005
1	0	0.9999999999999997	1.999999999999999	1	0.3333333333333333	1	0	-1	1	0.3333333333333333	-0.813901892920001
1	1	0.8042917626721292	2.19570823732787	0.5	0.2680972542240432	1.243329903911563	0.4554339155811424	-0.7878959883304206	0.9281238622775287	0.4643183707256151	-0.6412700363262041
2	0	0.9999999999999994	1.999999999999999	1	0.3333333333333334	2.000000000000001	0	-2.000000000000001	1	0.111111111111111	-1.627803785840003
2	0	0.9999999999999996	1.999999999999999	1	0.3333333333333333	2.000000000000001	0	-2.000000000000001	1	0.1111111111111109	-1.627803785840002
11	0	0.8679866621984232	2.066367637814448	1	0.295801588170391	12.67300579497313	0	-12.67300579497313	1	1.517069633916179e-06	-10.31458340551477
6	0	1.793494825184278	1.196666319668117	1	0.5997987193003979	3.345423647589008	0	-3.345423647589008	1	0.04656216920063483	-2.722846639392027
4	2	0.9998727835123064	2.000127216487692	0.6666666666666666	0.3332909278374356	4.00050893069515	0.9999363958019052	-3.000572534893245	0.9821778206997289	0.1000952975680124	-2.442171665993377
2	0	0.8686484313428576	1.327106754794057	1	0.3956034975242881	2.302427458377111	0	-2.302427458377111	1	0.1565021272534494	-1.873950066684116
3	8	0.8045018213692321	2.195498178630765	0.2727272727272727	0.2681672737897443	3.729015796252781	3.64381992108472	-0.08519587516806171	0.6622243824840653	0.5995914385023209	-0.0693410840682615
3	0	0.9999999999999996	1.999999999999999	1	0.3333333333333333	3.000000000000001	0	-3.000000000000001	1	0.03703703703703698	-2.441705678760003
1	1	0.9999999999999994	1.805205147665232	0.5	0.3564801671750454	1.000000000000001	0.5539536607755375	-0.4460463392244631	0.8729218904108517	0.5858822247609425	-0.3630379598248273
0	7	0.5518220974750863	2.448177902524912	0	0.1839406991583622	0	2.859269333646299	2.859269333646299	0.2410194174489353	0.7589805825510647	2.327164723022832
1	2	0.9995768519675788	2.00006099665803	0.3333333333333333	0.3332325108597928	1.000423327162477	0.9999695026011046	-0.0004538245613723291	0.7408751605382405	0.7035692534076157	-0.0003693686695545277
0	3	0.8375944116960233	2.096735620398481	0	0.2854465593627021	0	1.430795552292785	1.430795552292785	0.3648414257260993	0.6351585742739007	1.164527208392616
0	0	0.1730434324891233	2.826956567510876	0	0.05768114416304113	0	0	0	0	0	0
4	0	0.8042448138630839	2.075591611544545	1	0.2792675329638719	4.973609939474185	0	-4.973609939474185	1	0.006082495467991889	-4.048030544383769
1	15	0.8047468745174352	2.195032418449559	0.0625	0.2682686944350107	1.242626758382439	6.833612056898509	5.59098529851607	0.04637957845113138	0.9932449872556558	4.550513517750124
3	1	0.8042448138630841	2.195755186136915	0.75	0.2680816046210281	3.730207454605638	0.4554241776649711	-3.274783276940667	0.9948350269790636	0.0615707643993274	-2.665352308004772
1	0	0.9999999999999994	1.999999999999999	1	0.3333333333333334	1.000000000000001	0	-1.000000000000001	1	0.3333333333333334	-0.8139018929200013
3	2	0.8042448138630838	2.19485045667093	0.6	0.2681624761189668	3.730207454605639	0.911223812046643	-2.818983642558996	0.9796908547502721	0.123590843013154	-2.294376122789286
0	4	0.8692896056981564	1.334524974841249	0	0.3944477059795971	0	2.997321200733488	2.997321200733488	0.1344641821950657	0.8655358178049343	2.439525398966235
1	4	0.9248667566676189	2.075133243332379	0.2	0.3082889188892065	1.081236829836001	1.927587065964279	0.8463502361282786	0.5112318838500715	0.8416479590084708	0.6888460592580955
2	1	1.00029467380319	1.999705326196809	0.6666666666666666	0.3334315579343968	1.999410826007762	0.5000736793064785	-1.499337146701283	0.9629302117802553	0.2593902350401873	-1.220313341825447
1	0	0.804244813863084	2.195755186136915	1	0.2680816046210281	1.243402484868546	0	-1.243402484868546	1	0.2680816046210281	-1.012007636095942
3	0	0.9999999999999997	1.934496218807075	1	0.3407739950697629	3.000000000000001	0	-3.000000000000001	1	0.03957303300360493	-2.441705678760003
6	4	0.8273088452268531	2.104471939702845	0.6	0.2821864613751097	7.252430618404381	1.900714342888699	-5.351716275515681	0.9926594511119088	0.03549084171866945	-4.355772007012988
3	2	0.8042557162566786	2.195696598359114	0.6	0.2680895000691638	3.730156888362791	0.9108726594988752	-2.819284228863916	0.9797114450850607	0.1235065382568654	-2.294620770551846
3	0	0.8042448138630838	2.075591611544545	1	0.2792675329638719	3.730207454605639	0	-3.730207454605639	1	0.02178017402681376	-3.036022908287827
3	0	0.9999999999999997	1.999999999999999	1	0.3333333333333333	3.000000000000001	0	-3.000000000000001	1	0.03703703703703698	-2.441705678760003
3	1	1.803461344804275	1.196538655195723	0.75	0.6011537816014255	1.663467868963713	0.8357439984556333	-0.8277238705080797	0.8694002535904845	0.4771946881596059	-0.6736860250215956
0	2	0.1725861949672976	2.827413805032701	0	0.05752873165576589	0	0.7073602019060908	0.7073602019060908	0.8882520916543893	0.1117479083456107	0.5757218073076412
0	0	0.8042448138630841	2.195755186136915	0	0.2680816046210281	0	0	0	0	0	0
1	1	0.9999999999999996	1.999999999999999	0.5	0.3333333333333333	1	0.5000000000000002	-0.5000000000000002	0.8888888888888891	0.5555555555555555	-0.4069509464600005
1	0	1.804120208759044	1.195738831858769	1	0.601401660655192	0.5542867903951066	0	-0.5542867903951066	1	0.601401660655192	-0.451135067923129
1	0	1.672913273452429	1.206850478121309	1	0.5809203176955793	0.5977596184267683	0	-0.5977596184267683	1	0.5809203176955793	-0.486517684948684
3	0	0.9999999999999996	1.934748631462967	1	0.3407446856876126	3.000000000000001	0	-3.000000000000001	1	0.03956282305734327	-2.441705678760003
6	0	0.8042448138630841	2.195755186136915	1	0.2680816046210281	7.460414909211276	0	-7.460414909211276	0.9999999999999997	0.0003711949729682251	-6.072045816575653
2	0	0.9999999999999997	1.999999999999999	1	0.3333333333333333	2.000000000000001	0	-2.000000000000001	1	0.1111111111111109	-1.627803785840002
5	3	0.8683183727197807	1.330919998957583	0.625	0.3948268563800624	5.758256599291807	2.254079886356574	-3.504176712935232	0.9533211600985821	0.1657647546328854	-2.852056059784172
2	0	0.8042448138630839	2.075591611544545	1	0.2792675329638719	2.486804969737093	0	-2.486804969737093	1	0.07799035496772722	-2.024015272191884
2	0	0.804244813863084	2.195755186136915	1	0.2680816046210281	2.486804969737092	0	-2.486804969737092	0.9999999999999999	0.07186774673618535	-2.024015272191884
1	4	0.997884027326889	2.002115972673109	0.2	0.3326280091089632	1.002120459507483	1.997886263631088	0.9957658041236046	0.4622993182792317	0.8676146651019143	0.8104556728812083
3	2	0.8049347667603508	2.194924177114509	0.6	0.2683242051776715	3.72701009309637	0.9111932069695636	-2.815816886126806	0.9796451699626656	0.1237777822968328	-2.29179869373471
0	0	0.8269565675108764	1.368798618626039	0	0.376616014723288	0	0	0	0	0	0
5	1	0.8042448138630841	2.195755186136915	0.8333333333333334	0.2680816046210281	6.217012424342729	0.4554241776649711	-5.761588246677758	0.9996288050270318	0.006451830666822644	-4.689367580196655
2	1	0.8686761912205684	2.032009918075614	0.6666666666666666	0.2994726621527976	2.302353880782458	0.4921235822249509	-1.810230298557507	0.973142131088705	0.2153358883080607	-1.473349866617093
2	5	0.8295285554958083	2.072329703523335	0.2857142857142857	0.2858611556638184	2.411008019856052	2.412743489368075	0.00173546951202308	0.678902132313419	0.6398424905065319	0.001412501920940535
0	0	0	1.262582799948508	0	0	0	0	0	0	0	0
0	0	0.8042448138630841	2.195755186136915	0	0.2680816046210281	0	0	0	0	0	0
4	0	1.000192716299292	1.999807283700707	1	0.333397572099764	3.999229283332498	0	-3.999229283332498	1	0.01235519861806444	-3.254980283925418
1	1	0.804244813863084	2.195472770635926	0.5	0.2681068437972313	1.243402484868546	0.4554827613326977	-0.7879197235358484	0.9281187203090869	0.4643324079035497	-0.6412893544548306
2	3	0.9998002594196556	2.000199740580343	0.4	0.3332667531398854	2.000399560969229	1.499850209524361	-0.5005493514448678	0.7902220842618279	0.5389631272082792	-0.4073980646408565
0	0	0.8269565675108764	2.107397732501995	0	0.2818189226526766	0	0	0	0	0	0
5	0	1.092814870417986	1.295702227282118	1	0.4575285944028846	4.575340375893287	0	-4.575340375893287	1	0.02004893038642364	-3.723878192692854
2	1	0.8042448138630839	2.195755186136915	0.6666666666666666	0.2680816046210281	2.486804969737093	0.4554241776649711	-2.031380792072122	0.9807335791344656	0.1770703984774875	-1.65334467190883
0	4	0.8280721093181103	2.072661696928893	0	0.2854698723249886	0	1.929885618056669	1.929885618056669	0.2606646755669763	0.7393353244330236	1.570737557655408
1	1	0.9999999999999996	1.999999999999999	0.5	0.3333333333333333	1	0.5000000000000002	-0.5000000000000002	0.8888888888888891	0.5555555555555555	-0.4069509464600005
0	9	0.804250277061886	2.025278901604367	0	0.2842346645956778	0	4.443832399019444	4.443832399019444	0.04931010810916211	0.9506898918908379	3.616843601381153
0	0	0.8042448138630841	2.195755186136915	0	0.2680816046210281	0	0	0	0	0	0
0	4	0.8042830186582441	2.195210991526307	0	0.2681395648490589	0	1.822148310773008	1.822148310773008	0.2868884593208785	0.7131115406791215	1.483049959319133
2	0	0.8042448138630841	2.075591611544545	1	0.2792675329638719	2.486804969737092	0	-2.486804969737092	0.9999999999999999	0.07799035496772733	-2.024015272191884
0	0	0.8042448138630841	1.999999999999999	0	0.2867955072564328	0	0	0	0	0	0
4	0	0.9999999999999993	1.999999999999999	1	0.3333333333333333	4.000000000000003	0	-4.000000000000003	1	0.01234567901234551	-3.255607571680005
0	0	0.8042448138630841	1.999999999999999	0	0.2867955072564328	0	0	0	0	0	0
1	0	0.804244813863084	2.195755186136915	1	0.2680816046210281	1.243402484868546	0	-1.243402484868546	1	0.2680816046210281	-1.012007636095942
2	0	0.9999999999999996	1.999999999999999	1	0.3333333333333333	2.000000000000001	0	-2.000000000000001	1	0.1111111111111109	-1.627803785840002
4	2	0.9999054153151917	1.999428625849879	0.6666666666666666	0.3333758099603956	4.000378374527669	1.000285768715489	-3.00009260581218	0.9821568621425703	0.1001791317815313	-2.44178105080583
1	2	0.8043857825096991	2.1956142174903	0.3333333333333333	0.2681285941698998	1.243184578523977	0.9109068360315606	-0.3322777424924168	0.8228742784462543	0.6079835072155363	-0.2704414835897626
0	1	0.8042448138630841	2.000046938747554	0	0.2867907068208496	0	0.4999882655885108	0.4999882655885108	0.7132092931791504	0.2867907068208496	0.4069413958002769
5	3	0.9999999999999996	1.999999999999999	0.625	0.3333333333333333	5.000000000000003	1.500000000000001	-3.500000000000002	0.9803383630544128	0.08794391098917809	-2.848656625220004
5	0	0.9999999999999997	1.999858931247897	1	0.3333490083762088	5.000000000000002	0	-5.000000000000002	1	0.004116194023694453	-4.069509464600005
3	0	1.001945334766327	1.998054665233672	1	0.3339817782554424	2.994175326640609	0	-2.994175326640609	1	0.03725360609788231	-2.436964966087153
7	0	0.9419219977473708	2.056906623272508	1	0.3140966413169121	7.431613251140401	0	-7.431613251140401	1	0.0003016081321819408	-6.048604092552532
2	0	0.9999999999999997	1.804375141055643	1	0.356585674063411	2.000000000000001	0	-2.000000000000001	1	0.1271533429472571	-1.627803785840002
5	0	1.803122248440344	1.19560785070229	1	0.6012952779431113	2.772967836387619	0	-2.772967836387619	0.9999999999999993	0.07860297186800236	-2.256923771042162
1	3	0.9995082386768692	2.000491761323129	0.25	0.33316941289229	1.00049200327131	1.499631269671311	0.4991392664000001	0.5928840066923828	0.8022747880593534	0.4062503937536605
1	0	0.9999999999999997	1.999999999999999	1	0.3333333333333333	1	0	-1	1	0.3333333333333333	-0.813901892920001
1	1	0.9999999999999994	1.808243628215332	0.5	0.3560944605919074	1.000000000000001	0.5530228252411772	-0.4469771747588235	0.8731967351357584	0.5853856563195734	-0.3637955686282404
8	0	0.9999999999999992	1.999858500971682	1	0.3333490561891803	8.000000000000007	0	-8.000000000000007	0.9999999999999999	0.0001524733136478718	-6.511215143360011
3	0	0.9999999999999998	1.999968479654371	1	0.3333368356307567	3.000000000000001	0	-3.000000000000001	0.9999999999999999	0.03703820448177775	-2.441705678760003
1	0	0.9999999999999996	1.999999999999999	1	0.3333333333333333	1	0	-1	1	0.3333333333333333	-0.813901892920001
7	0	1.80364530877863	1.195805998207596	1	0.6013250838837214	3.881029139116144	0	-3.881029139116144	0.9999999999999999	0.02842923960115762	-3.158776962804311
6	0	0.8682772503287794	2.066077049684092	1	0.2959006178377883	6.910235178599988	0	-6.910235178599988	1	0.0006712359862206529	-5.624253492384909
2	0	0.804244813863084	2.195755186136915	1	0.2680816046210281	2.486804969737092	0	-2.486804969737092	0.9999999999999999	0.07186774673618535	-2.024015272191884
3	1	0.804244813863084	2.195755186136914	0.75	0.2680816046210281	3.730207454605639	0.4554241776649712	-3.274783276940668	0.9948350269790637	0.06157076439932729	-2.665352308004772
1	4	0.8044329381427626	2.195567061857236	0.2	0.2681443127142543	1.243111703392894	1.821852800349623	0.5787410969567293	0.5945830648990508	0.7900444977719289	0.4710384743236796
0	0	0.8269565675108764	2.107397732501995	0	0.2818189226526766	0	0	0	0	0	0
2	9	0.8048746287608181	2.194670380238728	0.1818181818181818	0.2683322391715909	2.484859043301181	4.100843607786338	1.615984564485156	0.3999255252985885	0.8380507554893436	1.315252895963972
0	0	0.8042448138630841	2.195755186136915	0	0.2680816046210281	0	0	0	0	0	0
1	1	0.8042448138630842	2.195755186136916	0.5	0.2680816046210281	1.243402484868546	0.4554241776649709	-0.787978307203575	0.9281322532638147	0.4642954625058711	-0.6413370358128875
0	0	0	1.262582799948508	0	0	0	0	0	0	0	0
2	5	0.9986251079753914	2.001374892024607	0.2857142857142857	0.3328750359917974	2.002753569910527	2.498282565612663	0.495528995702136	0.5717008762768334	0.7357797163556127	0.4033119875987154
1	0	0.9999999999999997	1.934543079820242	1	0.3407685533317356	1	0	-1	1	0.3407685533317356	-0.813901892920001
0	0	0.9999999999999997	1.999999999999999	0	0.3333333333333333	0	0	0	0	0	0
1	2	0.9997176711800994	2.0002823288199	0.3333333333333333	0.3332392237266999	1.000282408551974	0.9998588555146282	-0.0004235530373457586	0.7408662113579672	0.7035782065141227	-0.0003447306188477286
0	0	0.8269565675108764	1.368798618626039	0	0.376616014723288	0	0	0	0	0	0
3	1	0.8042448138630836	2.195755186136914	0.75	0.268081604621028	3.73020745460564	0.4554241776649712	-3.274783276940669	0.9948350269790636	0.06157076439932729	-2.665352308004774
3	0	0.9999999999999994	1.934480629763694	1	0.3407758053869066	3.000000000000002	0	-3.000000000000002	1	0.03957366368659432	-2.441705678760004
0	2	0.9990860922847851	2.00038926781022	0	0.3330869476631207	0	0.9998054039698753	0.9998054039698753	0.4447730193772931	0.5552269806227069	0.8137435108427274
2	1	0.8043773906798333	2.195622609320164	0.6666666666666666	0.268125796893278	2.486395096597215	0.4554516772395746	-2.030943419357641	0.9807240495666348	0.1771224280122355	-1.652988693428603
1	0	0.9999999999999997	1.999953076451417	1	0.3333385471425037	1	0	-1	1	0.3333385471425037	-0.813901892920001
2	6	0.9999999999999992	1.999999999999998	0.25	0.3333333333333333	2.000000000000002	3.000000000000002	1	0.4682213077274809	0.8049077884468829	0.813901892920001
0	0	0.8042448138630841	2.075591611544545	0	0.2792675329638719	0	0	0	0	0	0
0	8	0.228830705838814	2.761158310667452	0	0.07653228977616694	0	2.897334777615908	2.897334777615908	0.5289001823403655	0.4710998176596345	2.358146259924537
1	0	0.9423741804497657	2.057530287342165	1	0.3141347301447225	1.061149616304992	0	-1.061149616304992	1	0.3141347301447226	-0.8636716813819653
4	18	0.9194908743577945	1.989125803306862	0.1818181818181818	0.3161265220744242	4.350233495023802	9.04920139795861	4.698967902934808	0.1279908500312207	0.9502118531779408	3.824498870968966
3	1	0.9999999999999994	1.99976432061743	0.75	0.3333595219887719	3.000000000000002	0.5000589267895572	-2.499941073210445	0.9876504407295944	0.1111343912876366	-2.034706771674439
2	9	0.8053690700185103	2.190469954823874	0.1818181818181818	0.2688292205756556	2.483333510627659	4.108707348475661	1.625373837848002	0.3984719883159666	0.8389303964599018	1.322894843327135
2	8	0.8044068817445724	2.195545470041913	0.2	0.2681398860437048	2.486303940690391	3.64374143426293	1.157437493572539	0.4718925960129926	0.7944005486755233	0.9420405669552707
3	0	0.804244813863084	2.195755186136915	1	0.2680816046210281	3.730207454605639	0	-3.730207454605639	0.9999999999999998	0.01926642086553443	-3.036022908287827
0	0	0.8042448138630841	2.195755186136915	0	0.2680816046210281	0	0	0	0	0	0
2	0	0.8042448138630839	2.195755186136915	1	0.2680816046210281	2.486804969737093	0	-2.486804969737093	0.9999999999999999	0.07186774673618535	-2.024015272191884
0	0	0.8042448138630841	2.195755186136915	0	0.2680816046210281	0	0	0	0	0	0
3	2	0.9006077343671375	2.000388981238474	0.6	0.3104476918303325	3.33108398420331	0.9998055472000087	-2.331278437003301	0.9650912180078043	0.1771743292309307	-1.897431932800567
10	0	1.651881705363238	1.188194163799209	1	0.5816329497741152	6.053702252124082	0	-6.053702252124082	0.9999999999999991	0.004430880275035909	-4.927119722177862
1	0	0.8042448138630841	2.195755186136915	1	0.2680816046210281	1.243402484868546	0	-1.243402484868546	1	0.2680816046210281	-1.012007636095942
0	0	0	1.262582799948508	0	0	0	0	0	0	0	0
7	0	1.673090936632987	1.206655306188797	1	0.5809855437101191	4.183873002197451	0	-4.183873002197451	1	0.0223438127824982	-3.405262156225392
0	0	0.9999999999999997	1.999999999999999	0	0.3333333333333333	0	0	0	0	0	0
7	4	0.8044134091694947	2.194620392372727	0.6363636363636364	0.2682241889890783	8.70199317938652	1.822638673139903	-6.879354506246617	0.9980401125528442	0.01141162653163208	-5.599119654701858
5	11	1.570635517320601	1.234792045023697	0.3125	0.5598560228046421	3.183424763327437	8.908382625504277	5.72495786217684	0.04101975911685065	0.9878342922722718	4.659554040912971
1	12	0.809136707329615	2.171100862037185	0.07692307692307693	0.2715007406277108	1.235885099441711	5.527149940302714	4.291264840861003	0.09513842085687893	0.983722845357364	3.492668576997816
0	4	0.810917703135112	2.140670767866832	0	0.2747394195030984	0	1.868573187452819	1.868573187452819	0.2766790609315491	0.723320939068451	1.520835254327409
4	16	0.8681972373122816	2.057150770552764	0.2	0.2967842577970415	4.60724801703238	7.777747858364675	3.170499841332295	0.2472186685509965	0.8872046382073108	2.580475822362917
1	0	0.804244813863084	1.999999999999999	1	0.2867955072564328	1.243402484868546	0	-1.243402484868546	1	0.2867955072564328	-1.012007636095942
0	3	0.9994576588037574	1.997602451289879	0	0.3334793504600519	0	1.50180031970969	1.50180031970969	0.2961016494328941	0.7038983505671059	1.222318122999579
0	0	0.9999999999999997	1.999999999999999	0	0.3333333333333333	0	0	0	0	0	0
7	0	1.670567489093806	1.204949244806214	1	0.5809625342809396	4.190192880981495	0	-4.190192880981495	1	0.02233761916696619	-3.41040591753075
1	0	0.8042448138630841	2.195755186136915	1	0.2680816046210281	1.243402484868546	0	-1.243402484868546	1	0.2680816046210281	-1.012007636095942
3	1	0.9987960503769008	2.001203949623097	0.75	0.3329320167923004	3.003616202595049	0.4996991936720582	-2.503917008922991	0.9877136680062049	0.1107547074067141	-2.037942793277008
2	0	0.9999999999999996	1.999999999999999	1	0.3333333333333333	2.000000000000001	0	-2.000000000000001	1	0.1111111111111109	-1.627803785840002
0	1	0.0007199648409980286	2.999280035159001	0	0.0002399882803326763	0	0.333413348629511	0.333413348629511	0.9997600117196673	0.0002399882803326703	0.2713657555743551
2	0	0.9999999999999994	1.999999999999999	1	0.3333333333333334	2.000000000000001	0	-2.000000000000001	1	0.111111111111111	-1.627803785840003
1	0	0.804244813863084	2.195755186136915	1	0.2680816046210281	1.243402484868546	0	-1.243402484868546	1	0.2680816046210281	-1.012007636095942
2	3	0.8044769235161292	2.195165399091075	0.4	0.2681909497852733	2.486087470674231	1.366639616879062	-1.119447853795169	0.8763762552198811	0.4055149749109593	-0.91112072722912
2	0	0.8275778497162373	2.106776450296634	1	0.2820306497114569	2.416691071040346	0	-2.416691071040346	0.9999999999999999	0.07954128737666655	-1.966949437322602
2	7	0.8269431844538979	1.462442093753726	0.2222222222222222	0.3612075225281948	2.418545841599472	4.786514303641751	2.367968462042279	0.311703737889613	0.8921574853105101	1.927294013631074
0	1	0.804244813863084	2.195567118514947	0	0.2680984114979293	0	0.4554631883339495	0.4554631883339495	0.7319015885020707	0.2680984114979293	0.3707023511403802
1	0	0.804244813863084	2.195755186136915	1	0.2680816046210281	1.243402484868546	0	-1.243402484868546	1	0.2680816046210281	-1.012007636095942
1	0	0.8269966900248912	2.073665610479249	1	0.2851061600246115	1.209194682471948	0	-1.209194682471948	1	0.2851061600246115	-0.9841658409727174
3	0	1.67396557417033	1.206797224156693	1	0.581084140333411	1.792151550958206	0	-1.792151550958206	1	0.1962081608255906	-1.458635539724399
4	0	0.8042448138630838	1.999999999999999	1	0.2867955072564328	4.973609939474186	0	-4.973609939474186	1	0.006765336063382366	-4.04803054438377
0	0	0.924408388455454	2.075591611544545	0	0.3081361294851515	0	0	0	0	0	0
0	0	0	1.262582799948508	0	0	0	0	0	0	0	0
7	0	0.9999999999999998	1.998502124609799	1	0.3334998470711878	7.000000000000002	0	-7.000000000000002	0.9999999999999993	0.0004588486663152924	-5.697313250440006
7	2	0.9999637233729857	2.000036276627013	0.7777777777777778	0.3333212411243287	7.00025394560139	0.999981862015486	-6.000272083585904	0.9990349653619085	0.008279400318860208	-4.883632806865604
4	2	0.8044798219010062	2.195520178098993	0.6666666666666666	0.2681599406336688	4.972157027565836	0.9109458523545499	-4.061211175211286	0.9935392805154583	0.04800384986122153	-3.305427463052326
3	0	0.8042448138630839	2.195755186136915	1	0.2680816046210281	3.730207454605639	0	-3.730207454605639	0.9999999999999998	0.01926642086553443	-3.036022908287827
8	0	0.9999999999999993	1.999999999999999	1	0.3333333333333333	8.000000000000005	0	-8.000000000000005	1	0.000152415790275473	-6.51121514336001
4	7	0.9997647933512681	2.000172134375427	0.3636363636363636	0.3332619376464271	4.000941047935659	3.499698790767234	-0.5012422571684252	0.7111814595946079	0.5272390106389613	-0.4079620219208751
6	0	0.9999999999999996	1.999999999999999	1	0.3333333333333333	6.000000000000003	0	-6.000000000000003	1	0.001371742112482699	-4.883411357520006
1	3	0.8043857330573903	2.195614266942608	0.25	0.2681285776857968	1.243184654952916	1.366360223272505	0.1231755683195892	0.7073490144988184	0.7130943124690876	0.1002528282168105
2	3	0.8542039576668925	2.066226531591933	0.4	0.2924924804095168	2.341361196057493	1.451922117023944	-0.8894390790335494	0.8467093330613916	0.456276687388869	-0.7239161500624279
1	0	0.804244813863084	2.195755186136915	1	0.2680816046210281	1.243402484868546	0	-1.243402484868546	1	0.2680816046210281	-1.012007636095942
0	0	0.8269565675108764	1.368798618626039	0	0.376616014723288	0	0	0	0	0	0
3	5	0.924934823832183	2.075065176167815	0.375	0.3083116079440612	3.243471780606576	2.40956286936196	-0.8339089112446163	0.7905441878939743	0.4692982562583844	-0.6787200413848501
1	3	0.8045203659561724	2.195392776127517	0.25	0.2681812198727081	1.242976613539795	1.366498073885321	0.1235214603455259	0.7072582869362429	0.7131768499909111	0.1005343503914663
3	2	1.803858974194619	1.19614102580538	0.6	0.60128632473154	1.663101186354898	1.672043644396672	0.008942458041773405	0.6608136619875811	0.684780377110312	0.007278283527557056
1	0	0.804244813863084	1.999999999999999	1	0.2867955072564328	1.243402484868546	0	-1.243402484868546	1	0.2867955072564328	-1.012007636095942
2	1	0.9999999999999992	1.999999999999998	0.6666666666666666	0.3333333333333333	2.000000000000002	0.5000000000000004	-1.500000000000001	0.962962962962963	0.2592592592592592	-1.220852839380002
2	7	0.8376536489146822	1.369304130814267	0.2222222222222222	0.3795512794166638	2.387621665101475	5.112085651737132	2.724463986635657	0.272205391742602	0.9113574082518722	2.217446395915133
4	6	1.000151359330349	1.888075851797397	0.4	0.3462855538085686	3.999394654303322	3.177838429683936	-0.8215562246193859	0.759587381935066	0.4760722993039828	-0.6686661663579274
2	2	0.9999999999999994	1.816036215531001	0.5	0.3551090694376728	2.000000000000001	1.101299623265062	-0.8987003767349393	0.8685849882002435	0.4460791989882346	-0.7314539377924848
2	0	0.9999999999999997	1.934448778738333	1	0.3407795042276901	2.000000000000001	0	-2.000000000000001	1	0.1161306705016703	-1.627803785840002
2	1	0.9008002726308899	2.000093100263907	0.6666666666666666	0.3105251234146476	2.220247995883451	0.4999767260174302	-1.720271269866021	0.9700573503229732	0.229392257460993	-1.400132042879848
5	2	0.9192319098176734	2.080768090182325	0.7142857142857143	0.3064106366058914	5.439323794788339	0.9611835213335824	-4.478140273454756	0.9957282876659316	0.03155792936347079	-3.644766845326116
2	0	0.9999999999999996	1.999999999999999	1	0.3333333333333333	2.000000000000001	0	-2.000000000000001	1	0.1111111111111109	-1.627803785840002
3	1	0.9996028660040327	2.000397133995964	0.75	0.333200955334678	3.001191875322111	0.4999007362115216	-2.501291139110589	0.9876739208634805	0.110993476826841	-2.035805592866133
4	0	0.9999999999999997	1.999999999999999	1	0.3333333333333333	4.000000000000002	0	-4.000000000000002	1	0.01234567901234551	-3.255607571680004
2	0	0.9999999999999996	1.999999999999999	1	0.3333333333333333	2.000000000000001	0	-2.000000000000001	1	0.1111111111111109	-1.627803785840002
0	3	0.8270981856881712	2.073395002259246	0	0.2851577756241796	0	1.446902301168418	1.446902301168418	0.3652839518614603	0.6347160481385397	1.17763652179128
0	2	0.9025234580073216	1.9987700843919	0	0.3110762302462441	0	1.000615336209855	1.000615336209855	0.4746159605317259	0.5253840394682741	0.8144027162259836
4	0	0.8042448138630838	2.195755186136914	1	0.2680816046210281	4.973609939474186	0	-4.973609939474186	1	0.005164973020936436	-4.04803054438377
0	0	0.8269565675108764	1.368798618626039	0	0.376616014723288	0	0	0	0	0	0
2	0	0.8273174850838034	1.368437701053111	1	0.3767803853121431	2.41745162656318	0	-2.41745162656318	0.9999999999999999	0.1419634587559672	-1.967568454902307
1	3	0.9999999999999987	1.999999999999997	0.25	0.3333333333333333	1.000000000000001	1.500000000000002	0.5000000000000007	0.5925925925925928	0.802469135802469	0.4069509464600009
4	2	0.9999999999999997	1.999999999999999	0.6666666666666666	0.3333333333333333	4.000000000000002	1	-3.000000000000001	0.982167352537723	0.1001371742112481	-2.441705678760003
2	7	0.9246206703298907	2.075379329670109	0.2222222222222222	0.3082068901099636	2.163049198636702	3.372877381944766	1.209828183308064	0.4411114772932203	0.8181994468951094	0.984681448502399
2	0	0.9999999999999998	2	1	0.3333333333333334	2	0	-2	1	0.111111111111111	-1.627803785840002
3	1	0.8042448138630839	2.195755186136914	0.75	0.2680816046210281	3.730207454605639	0.4554241776649712	-3.274783276940668	0.9948350269790637	0.06157076439932729	-2.665352308004772
2	4	0.9246866058174833	2.075313394182516	0.3333333333333333	0.3082288686058279	2.162894960754698	1.927419738730899	-0.2354752220237988	0.7289231000248771	0.5974299085033509	-0.1916537289409272
5	1	0.9999168958720381	1.934736695977933	0.8333333333333334	0.3407274025966731	5.000415555174159	0.5168661979063458	-4.483549357267814	0.9984352593125084	0.01973041769691697	-3.649169308880526
3	5	0.9988239248891099	2.000470766650733	0.375	0.3330196021439668	3.00353237967649	2.499411680167263	-0.5041206995092273	0.7419927695511075	0.5310073091059613	-0.410304791590715
3	0	0.900822941050748	2.000221560304094	1	0.3105167606460524	3.330288187932588	0	-3.330288187932588	1	0.02994023058090911	-2.710527860127452
3	9	0.9992916802751172	2.000708319724881	0.25	0.3330972267583726	3.00212646539203	4.498406844850627	1.496280379458597	0.3937505012542843	0.818426565946948	1.217825433180409
4	1	0.9028975802784159	1.999868211469197	0.8	0.3110473407276946	4.430181326620199	0.500032949303871	-3.930148377316327	0.9970883949520667	0.03515682591739278	-3.198755203754228
0	6	0.4892413298158081	2.510758670184186	0	0.1630804432719363	0	2.389715933773853	2.389715933773853	0.3436388825754553	0.6563611174245447	1.944994322039626
5	0	0.942156886050563	2.057230588329791	1	0.3141164301371913	5.306971772991599	0	-5.306971772991599	0.9999999999999999	0.003058111146686637	-4.319354371710874
2	21	0.8042940182272356	2.195539431325356	0.08695652173913043	0.2681128908497208	2.486652834256121	9.564847572481614	7.078194738225493	0.03307361982824862	0.9928133947485349	5.760956095898117
4	3	0.9239754304885514	2.076024569511448	0.5714285714285714	0.3079918101628505	4.329119441936895	1.445069602767751	-2.884049839169144	0.9677323664460423	0.1366334849749	-2.34733362337539
7	0	0.9999999999999996	1.999999999999999	1	0.3333333333333333	7.000000000000004	0	-7.000000000000004	1	0.0004572473708274183	-5.697313250440008
0	0	0.8042448138630841	2.195755186136915	0	0.2680816046210281	0	0	0	0	0	0
4	0	0.9009932029903785	2.000456390724664	1	0.31053208883658	4.439545144984534	0	-4.439545144984534	0.9999999999999999	0.009298779267145729	-3.613354197206712
0	3	0.2745117854426635	2.725488214557335	0	0.0915039284808879	0	1.100720224720271	1.100720224720271	0.749840961789734	0.250159038210266	0.8958782744751571
1	0	0.8042448138630841	2.195755186136915	1	0.2680816046210281	1.243402484868546	0	-1.243402484868546	1	0.2680816046210281	-1.012007636095942
1	0	0.9244083884554538	2.075591611544545	1	0.3081361294851514	1.081772961483883	0	-1.081772961483883	1	0.3081361294851515	-0.8804570610614073
0	0	0.8042448138630841	1.999999999999999	0	0.2867955072564328	0	0	0	0	0	0
0	0	0	1.262582799948508	0	0	0	0	0	0	0	0
0	0	0.9999999999999997	1.999999999999999	0	0.3333333333333333	0	0	0	0	0	0
0	2	0.1740252220283688	2.82597477797163	0	0.05800840734278962	0	0.7077203999094142	0.7077203999094142	0.8873481606368677	0.1126518393631323	0.576014973144372
1	0	0.9999999999999997	1.999999999999999	1	0.3333333333333333	1	0	-1	1	0.3333333333333333	-0.813901892920001
0	0	0.8269565675108764	2.073705732993263	0	0.2850923278339398	0	0	0	0	0	0
12	0	0.9999999999999992	1.999999999999998	1	0.3333333333333333	12.00000000000001	0	-12.00000000000001	0.9999999999999999	1.881676423232115e-06	-9.766822715040016
3	0	0.9999999999999993	1.934985293536676	1	0.340717209793918	3.000000000000002	0	-3.000000000000002	1	0.0395532534031422	-2.441705678760004
3	0	0.804244813863084	2.195755186136915	1	0.2680816046210281	3.730207454605639	0	-3.730207454605639	0.9999999999999998	0.01926642086553443	-3.036022908287827
0	5	0.1735710236325999	2.826382017537963	0	0.0578579135241642	0	1.769046069842836	1.769046069842836	0.7423043799227146	0.2576956200772854	1.439829944907772
1	1	1.000679753885937	1.999320246114062	0.5	0.3335599179619791	0.9993207078655312	0.50016999624929	-0.4991507116162411	0.8887377811291979	0.555857617053156	-0.406259709036824
2	0	1.672925580131664	1.206804085308721	1	0.5809314673555757	1.195510442157621	0	-1.195510442157621	1	0.3374813697639022	-0.9730282118777147
4	0	0.9244083884554539	2.075591611544545	1	0.3081361294851514	4.327091845935532	0	-4.327091845935532	0.9999999999999996	0.009015098832966806	-3.521828244245629
1	1	0.8042448138630841	2.195755186136915	0.5	0.2680816046210281	1.243402484868546	0.4554241776649711	-0.7879783072035748	0.9281322532638147	0.4642954625058711	-0.6413370358128873
1	2	0.8046211917028425	2.195292241884294	0.3333333333333333	0.2682148033654156	1.242820858202444	0.9110404354562525	-0.3317804227461916	0.8227727642021834	0.6081220210808156	-0.2700367141069234
0	3	0.9992386516949072	2.000665865015288	0	0.3330901520794764	0	1.499500767449279	1.499500767449279	0.296620656256731	0.703379343743269	1.220446513061962
5	0	0.9999999999999998	1.999637019042428	1	0.3333736694312531	5.000000000000001	0	-5.000000000000001	1	0.0041177168227019	-4.069509464600004
4	0	0.804244813863084	2.195755186136915	1	0.2680816046210281	4.973609939474184	0	-4.973609939474184	1	0.005164973020936436	-4.048030544383769
2	0	1.804203344813273	1.195749743371306	1	0.6014105193575165	1.108522498724771	0	-1.108522498724771	1	0.3616946127938778	-0.9022285600565003
0	1	0.9245720865264948	2.075427913473504	0	0.3081906955088317	0	0.4818283465824487	0.4818283465824487	0.6918093044911683	0.3081906955088317	0.3921610033459692
1	0	0.9999999999999996	1.999999999999999	1	0.3333333333333333	1	0	-1	1	0.3333333333333333	-0.813901892920001
1	0	0.9999999999999997	1.999999999999999	1	0.3333333333333333	1	0	-1	1	0.3333333333333333	-0.813901892920001
2	0	0.9484479951396427	2.051528187823259	1	0.3161518416465947	2.10870813186287	0	-2.10870813186287	1	0.09995198697653351	-1.716281540138988
2	0	0.9999999999999996	1.999999999999999	1	0.3333333333333333	2.000000000000001	0	-2.000000000000001	1	0.1111111111111109	-1.627803785840002
2	0	0.8042448138630838	1.999999999999999	1	0.2867955072564328	2.486804969737093	0	-2.486804969737093	1	0.08225166298247455	-2.024015272191885
0	0	0.8042448138630841	2.195755186136915	0	0.2680816046210281	0	0	0	0	0	0
2	1	0.8270931177808453	2.073569182723294	0.6666666666666666	0.2851394033828396	2.418107413789338	0.4822602536398924	-1.935847160149446	0.9768168892625032	0.1975472166095719	-1.575589668049441
0	1	0.1729604519963943	2.827039548003604	0	0.05765348399879814	0	0.353726922817963	0.353726922817963	0.9423465160012019	0.05765348399879811	0.2878990120583071
2	10	1.119815534025415	1.087636286557784	0.1666666666666667	0.5072887768529257	1.78600844445386	9.194250066489225	7.408241622035366	0.01705490952170224	0.9972662767291947	6.02958187938332
1	5	0.8049032107680801	2.195096789231918	0.1666666666666667	0.2683010702560268	1.242385403141514	2.277803887522217	1.035418484380703	0.4910856610848939	0.8465402385555176	0.8427290644018124
3	1	0.999986189508889	1.999509552636243	0.75	0.3333847671321362	3.00004143204553	0.5001226419156413	-2.499918790129889	0.9876466994018045	0.1111568353342514	-2.034688635432994
2	2	0.8272014257263338	2.073485142696172	0.5	0.2851743565580044	2.417790803786244	0.9645596000747714	-1.453231203711473	0.9270744314338215	0.3222543639364478	-1.182787627551179
2	1	0.8043386736496702	2.195661326350329	0.6666666666666666	0.2681128912165567	2.486514779806672	0.4554436460664083	-2.031071133740264	0.9807268328558283	0.1771072330211599	-1.653092640406372
0	0	0.9999999999999997	1.804244813863084	0	0.3566022463717836	0	0	0	0	0	0
0	1	0.1748350102209183	2.82516498977908	0	0.05827833674030612	0	0.3539616283005819	0.3539616283005819	0.9417216632596939	0.05827833674030614	0.2880900392948892
0	1	0.0001245519022436478	2.999875448097755	0	4.151730074788262e-05	0	0.3333471730081687	0.3333471730081687	0.9999584826992521	4.151730074786197e-05	0.2713118951108794
2	1	0.9006769762243392	2.000104523766908	0.6666666666666666	0.3104945947245792	2.220551932374303	0.499973870423854	-1.720578061950448	0.9700661807196485	0.2293530414988389	-1.400381741538096
0	0	0.9999999999999997	1.804244813863084	0	0.3566022463717836	0	0	0	0	0	0
0	0	0.8042448138630841	2.195755186136915	0	0.2680816046210281	0	0	0	0	0	0
0	1	0.9999999999999997	1.999999999999999	0	0.3333333333333333	0	0.5000000000000002	0.5000000000000002	0.6666666666666667	0.3333333333333333	0.4069509464600005
2	1	0.9999999999999997	1.999999999999999	0.6666666666666666	0.3333333333333333	2.000000000000001	0.5000000000000002	-1.500000000000001	0.962962962962963	0.2592592592592592	-1.220852839380002
2	0	0.9240471219798936	2.075952878020106	1	0.3080157073266313	2.164391785253045	0	-2.164391785253045	1	0.09487367595992502	-1.761602571037953
5	3	0.9995304693665878	1.999620642617693	0.625	0.3332711264105944	5.002348755979944	1.500284572013978	-3.502064183965966	0.9803574702569704	0.08788021139948488	-2.850336668457238
1	0	0.8270067421365528	2.073655558367587	1	0.2851096254785735	1.209179984937636	0	-1.209179984937636	1	0.2851096254785735	-0.9841538786217195
3	0	0.8042448138630838	2.075591611544545	1	0.2792675329638719	3.730207454605639	0	-3.730207454605639	1	0.02178017402681376	-3.036022908287827
3	4	0.8389119020266036	2.107305706549756	0.4285714285714285	0.284742002622126	3.576060838751652	1.898158386591716	-1.677902452159936	0.8928798116833151	0.3186022518643743	-1.365647981948083
2	1	0.9999060223123066	1.999047872940444	0.6666666666666666	0.3334182709161105	2.000187973040659	0.5002381451371035	-1.499949827903555	0.9629346432203649	0.2593725165827963	-1.220812004215733
2	4	0.848681317935711	2.093671924247457	0.3333333333333333	0.2884362440812872	2.356597179333106	1.910519004278929	-0.4460781750541776	0.7654227951547543	0.5545007456392159	-0.3630638710668945
1	0	0.804244813863084	2.075591611544545	1	0.2792675329638719	1.243402484868546	0	-1.243402484868546	1	0.2792675329638719	-1.012007636095942
1	0	0.9238661247834113	2.076133875216587	1	0.3079553749278039	1.082407908650658	0	-1.082407908650658	1	0.3079553749278039	-0.8809738457623497
3	0	0.9999999999999994	1.999999999999999	1	0.3333333333333334	3.000000000000002	0	-3.000000000000002	0.9999999999999999	0.0370370370370372	-2.441705678760004
0	0	0.9999999999999997	1.999999999999999	0	0.3333333333333333	0	0	0	0	0	0
3	0	0.804244813863084	2.195755186136915	1	0.2680816046210281	3.730207454605639	0	-3.730207454605639	0.9999999999999998	0.01926642086553443	-3.036022908287827
4	0	0.9999999999999996	1.934575103530128	1	0.340764834676426	4.000000000000002	0	-4.000000000000002	0.9999999999999998	0.01348401059394111	-3.255607571680004
2	0	0.804244813863084	2.195755186136915	1	0.2680816046210281	2.486804969737092	0	-2.486804969737092	0.9999999999999999	0.07186774673618535	-2.024015272191884
4	0	0.924408388455454	2.075591611544545	1	0.3081361294851515	4.327091845935531	0	-4.327091845935531	0.9999999999999998	0.009015098832966584	-3.521828244245628
2	3	0.9999999999999996	1.999999999999999	0.4	0.3333333333333333	2.000000000000001	1.500000000000001	-0.5000000000000002	0.7901234567901239	0.5390946502057611	-0.4069509464600005
0	0	0.8042448138630841	2.195755186136915	0	0.2680816046210281	0	0	0	0	0	0
1	6	0.8044543801532085	2.1953415913447	0.1428571428571428	0.268169698138342	1.243078569364679	2.733059868065841	1.489981298701162	0.4008108166091368	0.8875724584196876	1.212698599428277
3	3	0.827622334611375	2.073039965892765	0.5	0.2853218502779634	3.624841759990327	1.447150102920489	-2.177691657069839	0.9405767561732239	0.2290001095094143	-1.772427361885235
1	0	0.9999999999999997	1.999999999999999	1	0.3333333333333333	1	0	-1	1	0.3333333333333333	-0.813901892920001
2	0	0.8042448138630836	2.195755186136914	1	0.2680816046210281	2.486804969737094	0	-2.486804969737094	0.9999999999999999	0.07186774673618535	-2.024015272191885
0	0	0.8269565675108764	1.368798618626039	0	0.376616014723288	0	0	0	0	0	0
1	0	0.8042448138630841	2.195755186136915	1	0.2680816046210281	1.243402484868546	0	-1.243402484868546	1	0.2680816046210281	-1.012007636095942
1	3	0.9998588947368658	2.000000126523514	0.25	0.3333019610757504	1.000141125176639	1.49999990510737	0.4998587799307308	0.5926483654948389	0.8024319512428908	0.4068360071783038
0	0	0.8042448138630841	2.195755186136915	0	0.2680816046210281	0	0	0	0	0	0
5	0	0.941812108422433	2.05675506058946	1	0.3140873808515635	5.308914543873478	0	-5.308914543873478	1	0.0030566973474353	-4.320935596609146
3	1	0.9230112117284975	2.076988788271501	0.75	0.3076704039094993	3.250231375176888	0.4814662484683965	-2.768765126708491	0.9910392804175512	0.08961548897680327	-2.253503177678926
1	1	0.9994044505750707	2.000595549424928	0.5	0.3331348168583571	1.000595904315402	0.4998511569654598	-0.500744747349942	0.8890211937967492	0.5552908275134629	-0.4075570977378653
6	0	0.8042448138630836	1.999999999999998	1	0.2867955072564328	7.460414909211281	0	-7.460414909211281	1	0.0005564601418482917	-6.072045816575656
4	0	0.9999999999999996	1.999905395362802	1	0.3333438452911819	4.000000000000002	0	-4.000000000000002	1	0.01234723641310309	-3.255607571680004
3	4	0.9999999999999993	1.999999999999999	0.4285714285714285	0.3333333333333333	3.000000000000002	2.000000000000001	-1.000000000000001	0.8267032464563331	0.4293552812071328	-0.8139018929200014
2	0	0.8042448138630841	2.075591611544545	1	0.2792675329638719	2.486804969737092	0	-2.486804969737092	1	0.07799035496772722	-2.024015272191884
1	0	0.9999999999999996	1.999999999999999	1	0.3333333333333333	1	0	-1	1	0.3333333333333333	-0.813901892920001
2	0	0.9007927097087539	2.000179864322184	1	0.3105140385581416	2.22026663675669	0	-2.22026663675669	1	0.09641896814168693	-1.807079218443393
0	0	0.8042448138630841	1.999999999999999	0	0.2867955072564328	0	0	0	0	0	0
2	2	0.999836564395622	2.000163435604376	0.5	0.3332788547985409	2.000326924639882	0.9999182888750654	-1.000408635764817	0.8889373083173275	0.4073105566795341	-0.8142344823425001
2	1	0.8688165452714893	2.032085822811936	0.6666666666666666	0.2994987197192372	2.301981944157194	0.4921051998759736	-1.809876744281221	0.973135119648041	0.2153686886364679	-1.473062108122374
2	1	0.8216016866770096	1.577683217012743	0.6666666666666666	0.3424360672688372	2.434269588818707	0.6338408048058251	-1.800428784012882	0.9598451043022991	0.27147758910424	-1.465372395375739
3	8	0.8044791285517501	2.195473196837939	0.2727272727272727	0.2681639710548565	3.729120984655872	3.643861383287263	-0.08525960136860933	0.6622338349821456	0.5995817649147076	-0.06939295094351582
3	0	0.9999999999999993	1.999999999999999	1	0.3333333333333333	3.000000000000002	0	-3.000000000000002	1	0.03703703703703698	-2.441705678760004
7	0	1.803487476383884	1.195819375560025	1	0.601301422431989	3.881368787786362	0	-3.881368787786362	1	0.02842140991988085	-3.159053403499928
1	0	0.8270368440037428	2.073625456500397	1	0.2851200030627496	1.209135974110815	0	-1.209135974110815	1	0.2851200030627496	-0.9841180581264616
1	0	1.673679455651153	1.206821474617276	1	0.5810376376081176	0.5974859741651936	0	-0.5974859741651936	1	0.5810376376081176	-0.4862949653662016
1	0	0.9999999999999997	1.999999999999999	1	0.3333333333333333	1	0	-1	1	0.3333333333333333	-0.813901892920001
2	0	0.9999999999999997	1.999999999999999	1	0.3333333333333333	2.000000000000001	0	-2.000000000000001	1	0.1111111111111109	-1.627803785840002
3	0	0.9999999999999988	1.949106710223983	1	0.3390857294289124	3.000000000000004	0	-3.000000000000004	1	0.03898778281020732	-2.441705678760005
0	0	0	2.999999999999999	0	0	0	0	0	0	0	0
5	0	1.093736375195287	1.191137815725765	1	0.4786856009583584	4.571485518260513	0	-4.571485518260513	0.9999999999999999	0.02513343336703289	-3.720740716768602
3	0	0.8042448138630839	2.195755186136914	1	0.2680816046210281	3.730207454605639	0	-3.730207454605639	1	0.0192664208655341	-3.036022908287827
1	4	0.9966248462737239	2.003375153726275	0.2	0.3322082820912414	1.003386583967774	1.996630532509103	0.9932439485413291	0.4631295420638709	0.8671978388051079	0.8084031298491235
1	0	0.9999999999999997	1.999999999999999	1	0.3333333333333333	1	0	-1	1	0.3333333333333333	-0.813901892920001
2	3	0.8686534720045397	2.065795434516035	0.4	0.2960192866450406	2.302414097746849	1.452225108970108	-0.8501889887767411	0.8421463891579718	0.4635725182628441	-0.6919704273051308
2	2	0.8292155689061688	2.071518309682013	0.5	0.285864061859324	2.411918052429034	0.9654754151350026	-1.446442637294032	0.9265923659089539	0.3234606800285879	-1.17726240049381
1	0	0.82698665637054	1.368768529766375	1	0.3766297179174572	1.209209353375515	0	-1.209209353375515	1	0.3766297179174571	-0.9841777816489017
4	1	0.9999999999999994	1.999999999999999	0.8	0.3333333333333334	4.000000000000003	0.5000000000000003	-3.500000000000002	0.9958847736625515	0.04526748971193417	-2.848656625220004
2	0	0.9007223981283387	2.000082888462309	1	0.3105077070467452	2.220439953703729	0	-2.220439953703729	0.9999999999999999	0.09641503613542746	-1.807220281434664
1	0	0.9999999999999996	1.999999999999999	1	0.3333333333333333	1	0	-1	1	0.3333333333333333	-0.813901892920001
0	1	0.1744435053131577	2.825368537328392	0	0.05815147843714492	0	0.3539361279026553	0.3539361279026553	0.941848521562855	0.05815147843714497	0.2880692844727467
1	0	0.804244813863084	2.195755186136915	1	0.2680816046210281	1.243402484868546	0	-1.243402484868546	1	0.2680816046210281	-1.012007636095942
5	0	0.9999999999999994	1.999889443396839	1	0.3333456178530627	5.000000000000003	0	-5.000000000000003	0.9999999999999999	0.004115984697030117	-4.069509464600006
1	0	0.9999999999999996	1.999999999999999	1	0.3333333333333333	1	0	-1	1	0.3333333333333333	-0.813901892920001
1	0	0.3500216746592103	2.649978325340785	1	0.1166738915530703	2.856965932105846	0	-2.856965932105846	1	0.1166738915530703	-2.325289980148902
10	0	0.9999999999999989	1.999999999999998	1	0.3333333333333334	10.00000000000001	0	-10.00000000000001	1	1.693508780831188e-05	-8.139018929200015
4	0	0.9999999999999996	1.999999999999999	1	0.3333333333333333	4.000000000000002	0	-4.000000000000002	1	0.01234567901234551	-3.255607571680004
1	0	0.804244813863084	2.195755186136915	1	0.2680816046210281	1.243402484868546	0	-1.243402484868546	1	0.2680816046210281	-1.012007636095942
0	0	0.1730434324891233	2.826956567510876	0	0.05768114416304113	0	0	0	0	0	0
0	0	0.8269565675108764	2.107397732501995	0	0.2818189226526766	0	0	0	0	0	0
2	0	0.8042448138630839	2.195755186136914	1	0.2680816046210281	2.486804969737093	0	-2.486804969737093	1	0.07186774673618523	-2.024015272191884
2	0	0.9999999999999994	1.999999999999999	1	0.3333333333333334	2.000000000000001	0	-2.000000000000001	1	0.111111111111111	-1.627803785840003
0	0	0	1.262582799948508	0	0	0	0	0	0	0	0
6	0	0.8677425530779985	2.066611746934872	1	0.2957183981069336	6.914493220042281	0	-6.914493220042281	1.000000000000001	0.0006687596624076475	-5.627719120374923
2	0	0.9999999999999996	1.934574935354916	1	0.3407648542050458	2.000000000000001	0	-2.000000000000001	0.9999999999999998	0.1161206858613864	-1.627803785840002
0	1	0.007472669463391509	2.992527330536607	0	0.002490889821130504	0	0.3341657032822101	0.3341657032822101	0.9975091101788695	0.002490889821130549	0.271978098450334
3.5	14.5	0.9276715997732579	2.067989306710731	0.1944444444444444	0.3096717648400557	3.77288687166393	7.011641671911339	3.238754800247409	0.222444396662174	0.9027804354193193	2.636028662625105
2	0	0.8042448138630838	2.195755186136914	1	0.2680816046210281	2.486804969737093	0	-2.486804969737093	1	0.07186774673618523	-2.024015272191885
1	0	0.9999999999999994	1.999999999999999	1	0.3333333333333334	1.000000000000001	0	-1.000000000000001	1	0.3333333333333334	-0.8139018929200013
0	0	0	1.262582799948508	0	0	0	0	0	0	0	0
5	0	0.8042448138630838	1.999999999999999	1	0.2867955072564328	6.217012424342732	0	-6.217012424342732	1	0.001940267988057687	-5.060038180479712
4	0	0.9999999999999992	1.999968486897364	1	0.3333368348259625	4.000000000000004	0	-4.000000000000004	1	0.0123461977601681	-3.255607571680005
1	0	0.8042448138630839	2.195755186136914	1	0.2680816046210281	1.243402484868546	0	-1.243402484868546	1	0.2680816046210281	-1.012007636095942
3	0	0.9422235165066223	2.057322487071536	1	0.3141220422632772	3.183957890504333	0	-3.183957890504333	1	0.03099525666923142	-2.591429354059049
4	0	0.8042448138630841	2.195755186136915	1	0.2680816046210281	4.973609939474184	0	-4.973609939474184	1	0.005164973020936436	-4.048030544383768
0	1	0.8278959359210741	1.368632289465037	0	0.3769111301884338	0	0.730656442711047	0.730656442711047	0.6230888698115662	0.3769111301884338	0.5946826617967151
3	0	0.804244813863084	2.195755186136915	1	0.2680816046210281	3.730207454605639	0	-3.730207454605639	0.9999999999999998	0.01926642086553443	-3.036022908287827
1	0	0.9999999999999994	1.999999999999999	1	0.3333333333333334	1.000000000000001	0	-1.000000000000001	1	0.3333333333333334	-0.8139018929200013
12	0	0.8682070051612774	2.066147294851594	1	0.2958766789536864	13.82158854819524	0	-13.82158854819524	0.9999999999999991	4.501205336238101e-07	-11.24941708253751
2	0	0.9999999999999996	1.936072509991739	1	0.3405910435103026	2.000000000000001	0	-2.000000000000001	1	0.1160022589194367	-1.627803785840002
4	6	0.8244390004818025	2.098980858148849	0.4	0.2820118355725937	4.851784058811384	2.858530117940938	-1.993253940870446	0.8788458929235327	0.3031209865384145	-1.622313155544707
1	0	0.9999999999999997	1.934385784703307	1	0.3407868199242619	1	0	-1	1	0.3407868199242619	-0.813901892920001
2	0	0.8275182103208946	1.36823697581602	1	0.3768718004381821	2.416865242427041	0	-2.416865242427041	0.9999999999999999	0.1420323539655171	-1.967091195743925
0	0	0.9999999999999997	1.999999999999999	0	0.3333333333333333	0	0	0	0	0	0
1	0	0.9999999999999997	1.999999999999999	1	0.3333333333333333	1	0	-1	1	0.3333333333333333	-0.813901892920001
2	0	0.804244813863084	2.195755186136915	1	0.2680816046210281	2.486804969737092	0	-2.486804969737092	0.9999999999999999	0.07186774673618535	-2.024015272191884
2	0	0.9999999999999998	2	1	0.3333333333333334	2	0	-2	1	0.111111111111111	-1.627803785840002
1	1	0.8271177639189649	2.073544536585175	0.5	0.2851479001106783	1.209017679975705	0.4822659857824197	-0.7267516941932857	0.9186906750624706	0.4889864752838272	-0.5915045795867326
2	0	0.8042448138630841	2.195755186136915	1	0.2680816046210281	2.486804969737092	0	-2.486804969737092	0.9999999999999999	0.07186774673618535	-2.024015272191884
2	0	0.9999999999999993	1.999999999999999	1	0.3333333333333333	2.000000000000001	0	-2.000000000000001	1	0.1111111111111109	-1.627803785840003
0	0	0.8269565675108764	1.368798618626039	0	0.376616014723288	0	0	0	0	0	0
1	2	0.9999999999999997	1.999670583674761	0.3333333333333333	0.3333699391667684	1	1.000164735295868	0.0001647352958671355	0.7406919316229386	0.703752508801692	0.000134078369136998
3	2	0.9999999999999998	2	0.6	0.3333333333333334	3.000000000000001	1	-2.000000000000001	0.9547325102880658	0.2098765432098766	-1.627803785840002
5	1	0.9219032573326864	2.078096742667311	0.8333333333333334	0.3073010857775624	5.423562570400653	0.4812095507721476	-4.942353019628506	0.9991578594716914	0.01223194401251937	-4.022590478154522
3	2	0.8042448138630837	2.195755186136914	0.6	0.2680816046210281	3.73020745460564	0.9108483553299426	-2.819359099275697	0.9797136719164252	0.1234974188729571	-2.294681707721718
2	1	0.8270874695428194	1.369854879441368	0.6666666666666666	0.3764720862726528	2.41812392721355	0.730004334771435	-1.688119592442115	0.9466421474959146	0.3184779902192796	-1.373963731763977
3	1	0.9244809902274562	2.075519009772543	0.75	0.3081603300758188	3.245064021556452	0.4818071987254843	-2.763256822830968	0.9909820686991804	0.09000126375016793	-2.249019958726231
1	2	0.804244813863084	2.195755186136914	0.3333333333333333	0.2680816046210281	1.243402484868546	0.9108483553299423	-0.3325541295386037	0.8229296015225127	0.6079079945200629	-0.2706664355298327
9	0	0.9999999999999993	1.998155693873888	1	0.3335383822939192	9.000000000000005	0	-9.000000000000005	0.9999999999999999	5.108723081415079e-05	-7.325117036280011
5	0	0.8684772314984328	2.032185069005707	1	0.2994065291045739	5.757203319392977	0	-5.757203319392977	1	0.002406059336878541	-4.685798679579255
2	0	1.804244813863084	1.195755186136915	1	0.6014149379543614	1.108497020267324	0	-1.108497020267324	1	0.3616999275946483	-0.9022078230917551
2	0	0.8042448138630841	2.195755186136915	1	0.2680816046210281	2.486804969737092	0	-2.486804969737092	0.9999999999999999	0.07186774673618535	-2.024015272191884
8	1	1.034231188927535	1.535449048852288	0.8888888888888888	0.4024746634706191	7.735214413999397	0.6512752739971908	-7.083939140002206	0.9997228933722259	0.003979710081827403	-5.765631475377877
4	0	1.673020918759464	1.206796560759318	1	0.5809468588401742	2.390884629802464	0	-2.390884629802464	0.9999999999999999	0.1139057456380375	-1.945945525949561
4	2	0.923416084443153	2.076583915556846	0.6666666666666666	0.3078053614810511	4.331741743931304	0.9631202404183559	-3.368621503512948	0.9876743306007332	0.07683944248899843	-2.741727418240207
4	1	0.999873882188774	1.999573055968683	0.8	0.3333527489581098	4.000504534875738	0.5001067587978449	-3.500397776077893	0.9958835750275695	0.04527707837288908	-2.848980375922758
0	2	0.8270983654146122	2.073563935089527	0	0.2851412124985598	0	0.9645229482223074	0.9645229482223074	0.5110230860680292	0.4889769139319708	0.7850270533229158
2	0	0.9999999999999994	1.999999999999999	1	0.3333333333333334	2.000000000000001	0	-2.000000000000001	1	0.111111111111111	-1.627803785840003
3	0	0.8042448138630838	2.195755186136914	1	0.2680816046210281	3.730207454605639	0	-3.730207454605639	0.9999999999999998	0.01926642086553443	-3.036022908287827
2	1	0.8688424919303076	2.065653962713056	0.6666666666666666	0.2960789032665232	2.301913198969585	0.4841081894890989	-1.817805009480486	0.9740449189052655	0.2110779886890526	-1.479514938175627
2	0	0.8270167283144185	2.073645572189721	1	0.285113068201935	2.418330768322297	0	-2.418330768322297	1	0.08128946165952111	-1.968283990044197
1	0	0.8042448138630839	2.195755186136915	1	0.2680816046210281	1.243402484868546	0	-1.243402484868546	1	0.2680816046210281	-1.012007636095942
3	0	0.8042448138630837	2.195755186136914	1	0.2680816046210281	3.73020745460564	0	-3.73020745460564	0.9999999999999998	0.01926642086553443	-3.036022908287828
4	0	0.8685076566608746	1.32724752947604	1	0.39553938533051	4.605601308546525	0	-4.605601308546525	0.9999999999999999	0.02447704223525093	-3.748507623060849
0	0	0.924408388455454	2.075591611544545	0	0.3081361294851515	0	0	0	0	0	0
4	0	0.8274775306673812	2.106876769345491	1	0.2819964619349993	4.833968116057364	0	-4.833968116057364	0.9999999999999999	0.006323749206673446	-3.934375799974018
5	0	0.8273575418666643	2.073304758637474	1	0.2852305632830366	6.043336462152891	0	-6.043336462152891	1	0.001887905701046355	-4.918682986098698
1	0	0.8270167710880085	2.107337528924863	1	0.2818394394584119	1.209165321622702	0	-1.209165321622702	1	0.2818394394584119	-0.9841419441219382
1	0	0.804244813863084	2.195755186136915	1	0.2680816046210281	1.243402484868546	0	-1.243402484868546	1	0.2680816046210281	-1.012007636095942
1	0	0.9999999999999994	1.804479520374553	1	0.3565724023780514	1.000000000000001	0	-1.000000000000001	1	0.3565724023780514	-0.8139018929200013
1	0	0.8270268277241239	2.107327472288748	1	0.2818428666642253	1.209150618187172	0	-1.209150618187172	1	0.2818428666642253	-0.9841299769679279
4	0	0.999999999999998	1.999999999999996	1	0.3333333333333334	4.000000000000008	0	-4.000000000000008	1	0.01234567901234573	-3.255607571680009
3	0	0.8272577020252614	2.10709659798761	1	0.281921546427312	3.626439491171266	0	-3.626439491171266	1	0.02240705638087248	-2.951565966424138
4	0	0.9999999999999998	1.983623367449018	1	0.335162946808194	4.000000000000001	0	-4.000000000000001	0.9999999999999998	0.01261897269479673	-3.255607571680003
2	0	0.9012635936873558	2.00082932175803	1	0.3105564225358506	2.219106612103751	0	-2.219106612103751	1	0.09644529157826576	-1.806135072182533
2	2	0.9245548613784487	2.07544513862155	0.5	0.3081849537928164	2.16320316245824	0.9636486953002966	-1.199554467157943	0.9099793219938184	0.3627639965225531	-0.9763196514804929
8	0	0.8681387721978886	1.327616413939026	1	0.3953713864273012	9.215116587577583	0	-9.215116587577583	1.000000000000001	0.0005970928696880096	-7.500200834107892
1	1	0.8042448138630841	2.195755186136915	0.5	0.2680816046210281	1.243402484868546	0.4554241776649711	-0.7879783072035748	0.9281322532638147	0.4642954625058711	-0.6413370358128873
2	7	0.9992510173408109	2.000748982659186	0.2222222222222222	0.3330836724469373	2.001499088109377	3.498689771015818	1.497190682906442	0.3777922122239477	0.8565813601139308	1.218566330879741
3	0	0.8686384243314095	2.065715875681462	1	0.2960237024982291	3.453680974692201	0	-3.453680974692201	1	0.02594056665315359	-2.810957482843775
2	2	0.8271127933384583	2.073549507165682	0.5	0.2851461865087517	2.418049891269897	0.9645296594503712	-1.453520231819526	0.9270940811179207	0.3222051061111528	-1.18302286807543
2	0	0.8042448138630841	1.999999999999999	1	0.2867955072564328	2.486804969737092	0	-2.486804969737092	1	0.08225166298247455	-2.024015272191884
2	2	0.9999093123379977	2.000090687662001	0.5	0.3333031041126661	2.000181391774	0.9999546582249694	-1.000226733549031	0.8889157574796483	0.407353666570776	-0.8140864317847454
2	0	0.8686483779186472	2.065705922094224	1	0.2960270945859663	2.302427599982589	0	-2.302427599982589	1	0.08763204072900854	-1.873950181937083
2	0	0.804244813863084	2.195755186136915	1	0.2680816046210281	2.486804969737092	0	-2.486804969737092	0.9999999999999999	0.07186774673618535	-2.024015272191884
7	1	0.9999999999999993	1.999999999999999	0.875	0.3333333333333333	7.000000000000004	0.5000000000000003	-6.500000000000004	0.9998475842097245	0.002591068434689481	-5.290362303980008
0	0	0.8269565675108764	2.073705732993263	0	0.2850923278339398	0	0	0	0	0	0
1	3	0.1764530472855312	2.823546952714466	0.25	0.05881768242851046	5.667229982046323	1.062493399345068	-4.604736582701255	0.9808348240511306	0.2153155665793305	-3.747803821058527
3	0	0.8042448138630841	2.195755186136915	1	0.2680816046210281	3.730207454605638	0	-3.730207454605638	0.9999999999999998	0.01926642086553443	-3.036022908287826
3	0	0.9999999999999996	1.999999999999999	1	0.3333333333333333	3.000000000000001	0	-3.000000000000001	1	0.03703703703703698	-2.441705678760003
0	0	0	1.262582799948508	0	0	0	0	0	0	0	0
1	0	0.9999999999999997	1.804335705101461	1	0.3565906885473327	1	0	-1	1	0.3565906885473327	-0.813901892920001
1	0	0.8042448138630842	2	1	0.2867955072564328	1.243402484868546	0	-1.243402484868546	1	0.2867955072564328	-1.012007636095942
4	0	0.804244813863084	2.195755186136914	1	0.2680816046210281	4.973609939474184	0	-4.973609939474184	1	0.005164973020936325	-4.048030544383769
8	0	0.9999999999999996	1.999999999999999	1	0.3333333333333333	8.000000000000004	0	-8.000000000000004	1	0.000152415790275473	-6.511215143360008
1	0	0.8686985827294331	2.065655717283439	1	0.2960442039073545	1.151147267741615	0	-1.151147267741615	1	0.2960442039073545	-0.9369209402445872
5	2	1.000730466742653	1.999269533257346	0.7142857142857143	0.3335768222475511	4.996350332247651	1.000365366815481	-3.99598496543217	0.9931131869523565	0.04540792515368364	-3.252339727445107
0	0	0.9999999999999997	1.999999999999999	0	0.3333333333333333	0	0	0	0	0	0
3	0	0.9999999999999994	1.999999999999999	1	0.3333333333333334	3.000000000000002	0	-3.000000000000002	0.9999999999999999	0.0370370370370372	-2.441705678760004
7	1	0.9999999999999996	1.999999999999999	0.875	0.3333333333333333	7.000000000000004	0.5000000000000002	-6.500000000000004	0.9998475842097245	0.002591068434689481	-5.290362303980007
4	1	1.802687862792518	1.197167892076618	0.8	0.6009248477586074	2.218908820855795	0.8353047276145964	-1.383604093241199	0.9216388482607085	0.3385599825648935	-1.126117990540873
8	0	0.8679178528489626	2.066436447163909	1	0.2957781385994035	9.217462198455527	0	-9.217462198455527	0.9999999999999998	5.857719507629255e-05	-7.502109931241504
3	0	0.8042448138630842	2.195755186136916	1	0.2680816046210281	3.730207454605637	0	-3.730207454605637	0.9999999999999998	0.01926642086553443	-3.036022908287825
0	0	0.8269565675108764	1.368798618626039	0	0.376616014723288	0	0	0	0	0	0
8	1	0.804277553529868	2.194563103707487	0.8888888888888888	0.2681961616029305	9.94681495820573	0.4556715631966125	-9.491143395009118	0.999992820850094	0.0001834813193192231	-7.724859575173083
0	0	0.9999999999999997	1.999999999999999	0	0.3333333333333333	0	0	0	0	0	0
0	0	0.924408388455454	2.075591611544545	0	0.3081361294851515	0	0	0	0	0	0
1	2	0.8042448138630841	2.195755186136915	0.3333333333333333	0.2680816046210281	1.243402484868546	0.9108483553299422	-0.3325541295386036	0.8229296015225125	0.6079079945200629	-0.2706664355298326
4	0	1.80416174499292	1.195744283442211	1	0.6014060866880027	2.217096117408086	0	-2.217096117408086	1	0.1308191360665246	-1.804498726744025
2	0	0.9999999999999994	1.999999999999999	1	0.3333333333333334	2.000000000000001	0	-2.000000000000001	1	0.111111111111111	-1.627803785840003
4	0	0.8042448138630839	2.195755186136915	1	0.2680816046210281	4.973609939474185	0	-4.973609939474185	1	0.005164973020936436	-4.048030544383769
2	1	0.9999999999999994	1.805466909412325	0.6666666666666666	0.3564469060907492	2.000000000000001	0.5538733469922733	-1.446126653007728	0.9547118533334326	0.290586897251867	-1.177005220285055
2	0	0.8269966398157905	2.107357660197081	1	0.2818325789125611	2.418389511770556	0	-2.418389511770556	1	0.07942960253650488	-1.968331801447932
0	0	0	2.999999999999999	0	0	0	0	0	0	0	0
2	2	0.8042448138630839	2.195755186136915	0.5	0.2680816046210281	2.486804969737093	0.9108483553299422	-1.57595661440715	0.9384292356006726	0.2925700325556473	-1.282674071625775
2	1	0.8270351623401346	2.073722625602473	0.6666666666666666	0.2851100377211148	2.418276865448993	0.4822245693102145	-1.936052296138778	0.9768240512043784	0.1975113032367634	-1.575756628619466
10	0	1.801566953647993	1.195982152723274	1	0.6010133244585639	5.550723485325372	0	-5.550723485325372	1	0.006149516967454582	-4.517744351781825
1	0	0.8042448138630839	2.195755186136914	1	0.2680816046210281	1.243402484868546	0	-1.243402484868546	1	0.2680816046210281	-1.012007636095942
2	0	0.82702675034145	2.107327549671421	1	0.281842840292947	2.418301462648301	0	-2.418301462648301	1	0.07943538662439531	-1.968260138100659
1	1	0.8320288186818522	2.068633481822286	0.5	0.2868409806054447	1.201881446347324	0.4834109129467861	-0.7184705334005381	0.917722251845307	0.4914042130561963	-0.5847645271419405
0	0	0.9999999999999997	1.999999999999999	0	0.3333333333333333	0	0	0	0	0	0
2	3	0.8687396618641959	2.032113391318966	0.4	0.2994773075150812	2.302185669419392	1.476295571308064	-0.8258900981113275	0.8376108333039737	0.4707040319231233	-0.6721935141966945
4	1	0.8683418751169467	2.032731853918333	0.8	0.2993174101113605	4.606480597819019	0.4919488018414139	-4.114531795977605	0.9975975193755812	0.03052273506349412	-3.348825217225703
2	3	0.8285650201900149	1.369195430852335	0.4	0.3770042452975458	2.413811772480257	2.191067785065918	-0.2227439874143395	0.7214825576327621	0.6221922854442397	-0.1812917529930798
4	1	1.802881307693268	1.19706100569247	0.8	0.6009719919109158	2.218670737186731	0.8353793125368114	-1.38329142464992	0.9216081052336687	0.3386416405113475	-1.125863508982574
8	0	0.941571896930802	2.056423753629562	1	0.3140671324038812	8.496430305616839	0	-8.496430305616839	0.9999999999999994	9.466292369553209e-05	-6.915260708804404
0	0	0.8269565675108764	2.107397732501995	0	0.2818189226526766	0	0	0	0	0	0
1	0	0.804244813863084	2.195755186136915	1	0.2680816046210281	1.243402484868546	0	-1.243402484868546	1	0.2680816046210281	-1.012007636095942
0	0	0.9999999999999997	1.999999999999999	0	0.3333333333333333	0	0	0	0	0	0
3	0	0.8684976897797015	2.06585661023317	1	0.2959757415032983	3.454240621827059	0	-3.454240621827059	0.9999999999999999	0.02592796022521027	-2.811412980706203
0	0	0.8042448138630841	2.195755186136915	0	0.2680816046210281	0	0	0	0	0	0
0	2	0.003513369638273393	2.996486630361725	0	0.001171123212757798	0	0.6674483309003008	0.6674483309003008	0.9976591251040638	0.002340874895936151	0.5432374599460498
3	0	0.9999999999999998	1.984426997683449	1	0.3350726959567826	3.000000000000001	0	-3.000000000000001	1	0.03761985522275957	-2.441705678760003
1	0	0.8042448138630839	2.195755186136914	1	0.2680816046210281	1.243402484868546	0	-1.243402484868546	1	0.2680816046210281	-1.012007636095942
4	0	0.9999999999999994	1.999999999999999	1	0.3333333333333334	4.000000000000003	0	-4.000000000000003	1	0.01234567901234573	-3.255607571680005
2	0	0.8042448138630839	2.075591611544545	1	0.2792675329638719	2.486804969737093	0	-2.486804969737093	1	0.07799035496772722	-2.024015272191884
0	0	0.8042448138630841	2.195755186136915	0	0.2680816046210281	0	0	0	0	0	0
2	2	0.8287404753879679	2.072876446252743	0.5	0.285613331383303	2.413300736957148	0.9648428412679945	-1.448457895689153	0.926767828128007	0.3230220769692123	-1.178902623116323
1	0	0.1813589549859465	2.818641045014051	1	0.06045298499531555	5.513926787224208	0	-5.513926787224208	1	0.0604529849953156	-4.48779544954408
3	0	0.804244813863084	1.999999999999999	1	0.2867955072564328	3.730207454605639	0	-3.730207454605639	1	0.02358940740774385	-3.036022908287827
1	0	0.8042448138630841	2.195755186136915	1	0.2680816046210281	1.243402484868546	0	-1.243402484868546	1	0.2680816046210281	-1.012007636095942
0	2	0.826929289141103	2.073005631635892	0	0.285154429920634	0	0.9647827142764294	0.9647827142764294	0.5110041890620938	0.4889958109379062	0.785238477406082
0	0	0.8042448138630841	2.075591611544545	0	0.2792675329638719	0	0	0	0	0	0
4	3	0.804244813863084	2.195755186136914	0.5714285714285714	0.2680816046210281	4.973609939474184	1.366272532994913	-3.607337406479271	0.9824218465333525	0.08845821551765365	-2.936018743534604
0	0	0.8042448138630841	2.195755186136915	0	0.2680816046210281	0	0	0	0	0	0
7	2	0.9999999999999993	1.999999999999999	0.7777777777777778	0.3333333333333333	7.000000000000004	1.000000000000001	-6.000000000000004	0.9990346999949202	0.008281257938321684	-4.883411357520007
3	0	0.804244813863084	2.075591611544545	1	0.2792675329638719	3.730207454605639	0	-3.730207454605639	1	0.02178017402681376	-3.036022908287827
0	4	0.172461578315894	2.827538421684105	0	0.05748719277196469	0	1.414658053565039	1.414658053565039	0.7891308849757702	0.2108691150242298	1.151392867631109
5	1	0.999833849681791	1.93768215228256	0.8333333333333334	0.3403671159623269	5.000830889643623	0.5160805134227073	-4.484750376220916	0.9984451604879033	0.01963455209561404	-3.650146820479888
2	0	0.9999999999999997	1.804371957736057	1	0.3565860788335975	2.000000000000001	0	-2.000000000000001	0.9999999999999999	0.1271536316179207	-1.627803785840002
1	0	0.7091649252330404	2.290835074766958	1	0.2363883084110136	1.41010922060392	0	-1.41010922060392	1	0.2363883084110135	-1.147690563873478
2	0	0.9007930346435554	2.000180312482097	1	0.3105140678166108	2.220265835860289	0	-2.220265835860289	1	0.09641898631201884	-1.807078566592297
1	0	0.804244813863084	2.195755186136915	1	0.2680816046210281	1.243402484868546	0	-1.243402484868546	1	0.2680816046210281	-1.012007636095942
3	2	0.9993354382722566	1.935144861122161	0.6	0.3405493771685866	3.001995010991181	1.033514358630614	-1.968480652360567	0.9510717731388025	0.2206814265607289	-1.602150129132663
3	0	0.9999999999999996	1.999999999999999	1	0.3333333333333333	3.000000000000001	0	-3.000000000000001	1	0.03703703703703698	-2.441705678760003
3	0	0.804244813863084	1.999999999999999	1	0.2867955072564328	3.730207454605639	0	-3.730207454605639	1	0.02358940740774385	-3.036022908287827
4	4	0.804385664376765	2.195614335623233	0.5	0.2681285547922552	4.972739044397547	1.821813574042176	-3.150925470355371	0.9633935763507138	0.1404093319205161	-2.564544204772079
4	0	0.8042448138630836	2.195755186136914	1	0.2680816046210281	4.973609939474187	0	-4.973609939474187	1	0.005164973020936436	-4.048030544383771
1	19	0.8043068318809186	2.193325638641639	0.05	0.2683140244143102	1.243306609321522	8.662644372208678	7.419337762887157	0.01611962440436659	0.9980658301126676	6.0386130494267
7	1	0.999603263093366	2.000396736906633	0.875	0.3332010876977888	7.002778260584948	0.4999008354444613	-6.502877425140487	0.9998480672902826	0.002584303294885237	-5.292704245748582
0	0	0.8042448138630841	1.999999999999999	0	0.2867955072564328	0	0	0	0	0	0
3	0	0.9223376144488231	2.029488608876992	1	0.3124633852631161	3.252605068907182	0	-3.252605068907182	1	0.03050685240810347	-2.647301422504744
2	1	0.804244813863084	2.195755186136914	0.6666666666666666	0.2680816046210281	2.486804969737092	0.4554241776649712	-2.031380792072121	0.9807335791344659	0.1770703984774873	-1.65334467190883
3	0	0.8272173163202275	2.107136983692643	1	0.2819077833636515	3.626616538136706	0	-3.626616538136706	1	0.02240377488615486	-2.951710065284444
2	0	0.9999999999999996	1.999999999999999	1	0.3333333333333333	2.000000000000001	0	-2.000000000000001	1	0.1111111111111109	-1.627803785840002
6	0	1.63220965472553	1.173747770365077	1	0.5816943764472208	3.675998351455011	0	-3.675998351455011	0.9999999999999996	0.03874085413577022	-2.991902016620035
1	1	0.804244813863084	2.195755186136915	0.5	0.2680816046210281	1.243402484868546	0.4554241776649711	-0.787978307203575	0.9281322532638147	0.4642954625058711	-0.6413370358128875
1	2	0.8043485206694044	2.195197881791553	0.3333333333333333	0.2681567186323512	1.243242169660197	0.9110795963267569	-0.3321625733334398	0.8228411632126416	0.6080286988818695	-0.2703477471932652
7	0	1.120020549155483	1.778511980095165	1	0.3864095151090265	6.249885330477314	0	-6.249885330477314	0.9999999999999999	0.001286277535499813	-5.08679350100843
7	0	0.8042448138630836	2.195755186136914	1	0.2680816046210281	8.703817394079827	0	-8.703817394079827	0.9999999999999998	9.951054398071868e-05	-7.084053452671599
2	2	0.8683970512908731	1.328882275997032	0.5	0.3952146823147574	2.303093955727968	1.505024211794415	-0.7980697439335533	0.8262686332928517	0.5165148357988089	-0.6495504752696993
2	0	0.924408388455454	2.075591611544545	1	0.3081361294851515	2.163545922967765	0	-2.163545922967765	1	0.09494787429409002	-1.760914122122814
12	3	0.8653767055055266	2.03559610304765	0.8	0.2983056935087655	13.86679341338402	1.473769769704543	-12.39302364367948	0.9999918642993657	8.618944904104087e-05	-10.08670540259305
9	1	0.9998337934087957	1.946096651004755	0.9	0.3393949084252169	9.001496107983847	0.5138490935091571	-8.487647014474691	0.9999797206874939	0.0004149999392154546	-6.908111971517743
0	7	0.9990553866902382	2.000944613309759	0	0.3330184622300796	0	3.498347707096855	3.498347707096855	0.05872143889198807	0.9412785611080119	2.847311820898474
2	0	0.8686383809559237	2.065715919056949	1	0.2960236877162765	2.302454098101248	0	-2.302454098101248	1	0.08763002368914352	-1.873971748806019
10	0	1.797309476105459	1.200408314434749	1	0.5995592653108192	5.563872072643121	0	-5.563872072643121	1	0.006002348227854726	-4.528446011888963
3	4	0.8687619444048329	2.032210376261407	0.4285714285714285	0.2994726761837259	3.453189932318254	1.968300155694841	-1.484889776623413	0.8746466661223763	0.3517343333397311	-1.208554599971353
1	0	0.9999999999999996	1.804590210232896	1	0.3565583293956369	1	0	-1	1	0.3565583293956369	-0.813901892920001
8	3	0.9988822624752651	1.991232572467481	0.7272727272727273	0.3340615051978068	8.008951906079222	1.506604522987731	-6.502347383091491	0.9986036537381303	0.008954187652243983	-5.292272843521578
0	1	0.8042448138630839	2.000140919864576	0	0.2867810958352229	0	0.4999647725159822	0.4999647725159822	0.7132189041647771	0.2867810958352229	0.4069222747440754
1	0	0.8270971242802446	2.073565176223895	1	0.2851407846189106	1.209047850178682	0	-1.209047850178682	1	0.2851407846189107	-0.9840463338912867
2	1	0.8042448138630839	2.195755186136914	0.6666666666666666	0.2680816046210281	2.486804969737093	0.4554241776649712	-2.031380792072122	0.9807335791344659	0.1770703984774873	-1.65334467190883
0	0	0	1.262582799948508	0	0	0	0	0	0	0	0
3	1	0.9244809144454857	2.075519085554513	0.75	0.308160304815162	3.245064287562318	0.4818071811335966	-2.763257106428721	0.990982071656068	0.09000124383496266	-2.24902018954698
4	0	1.803829471435995	1.195700672915882	1	0.6013706762816203	2.217504516552596	0	-2.217504516552596	1	0.1307883285987335	-1.804831123580809
0	0	0	1.262582799948508	0	0	0	0	0	0	0	0
0	0	0.924408388455454	2.075591611544545	0	0.3081361294851515	0	0	0	0	0	0
1	0	0.9999999999999996	1.999999999999999	1	0.3333333333333333	1	0	-1	1	0.3333333333333333	-0.813901892920001
0	0	0.8042448138630841	2.195755186136915	0	0.2680816046210281	0	0	0	0	0	0
0	0	0.9999999999999997	1.999999999999999	0	0.3333333333333333	0	0	0	0	0	0
0	8	0.1755561633105404	2.824396157882571	0	0.05851965115256232	0	2.832463844589543	2.832463844589543	0.6172911870942309	0.3827088129057691	2.305347684738892
0	0	0.9999999999999997	1.804244813863084	0	0.3566022463717836	0	0	0	0	0	0
3	1	0.804244813863084	2.075735936217658	0.75	0.2792535380108137	3.730207454605639	0.481756847078617	-3.248450607527022	0.9939187236904131	0.06886377017856526	-2.643920098523369
1	3	0.8047148854293187	2.19528511457068	0.25	0.2682382951431064	1.242676155377064	1.366565089923043	0.1238889345459799	0.707159913685006	0.7132663180081803	0.1008334383388151
7	0	1.672993556922015	1.20671807442298	1	0.5809587108347473	4.184116532330613	0	-4.184116532330613	1	0.02233659012472033	-3.405460365861755
1	0	0.9999999999999997	1.999999999999999	1	0.3333333333333333	1	0	-1	1	0.3333333333333333	-0.813901892920001
2	1	0.8042448138630836	2.075620436332942	0.6666666666666666	0.2792647377540809	2.486804969737094	0.4817836548992207	-2.005021314837873	0.9782204799648517	0.1904073411882701	-1.631890643491493
0	4	0.9987679197112207	2.001232080288777	0	0.3329226399037405	0	1.998768678254849	1.998768678254849	0.1980180619349372	0.8019819380650628	1.626801610740829
1	5	0.9999999999999993	1.999999999999999	0.1666666666666667	0.3333333333333333	1.000000000000001	2.500000000000002	1.500000000000001	0.3511659807956106	0.9122085048010974	1.220852839380002
7	0	1.673337457998321	1.206742461743467	1	0.5810038278897285	4.183256620797539	0	-4.183256620797539	1	0.0223487355177483	-3.404760482237242
0	1	1.672306344204209	1.207645622940351	0	0.5806716095554474	0	0.8280574872330676	0.8280574872330676	0.4193283904445526	0.5806716095554474	0.673957556305573
1	0	0.9999999999999997	1.99941666414621	1	0.3333981610336395	1	0	-1	1	0.3333981610336395	-0.813901892920001
1	1	0.8044432093901648	2.195509826893893	0.5	0.268151934267145	1.243095831162629	0.4554750736027242	-0.7876207575599052	0.9280945401487887	0.4643984086830788	-0.6410460254810918
1	2	0.9246082666052324	2.075391733394767	0.3333333333333333	0.3082027555350776	1.081539108093392	0.9636734924873933	-0.1178656156059983	0.7735848896358271	0.6689173036440241	-0.09593104765190318
0	2	0.001283813713993708	2.998716186286005	0	0.0004279379046645696	0	0.6669520807426116	0.6669520807426116	0.9991443073215212	0.0008556926784788477	0.5428335610033447
0	0	0	1.262582799948508	0	0	0	0	0	0	0	0
2	0	0.9999999999999996	1.999999999999999	1	0.3333333333333333	2.000000000000001	0	-2.000000000000001	1	0.1111111111111109	-1.627803785840002
0	0	0.8042448138630841	2.075591611544545	0	0.2792675329638719	0	0	0	0	0	0
1	0	0.827006627353947	1.368748558782968	1	0.3766388131861526	1.20918015276317	0	-1.20918015276317	1	0.3766388131861527	-0.98415401521524
10	1	0.8504331827540376	2.050252956327388	0.9090909090909091	0.293183454526848	11.75871332726701	0.4877446936066352	-11.27096863366037	0.9999986242673795	3.78590204699325e-05	-9.17346270597813
0	0	0.9999999999999997	1.999999999999999	0	0.3333333333333333	0	0	0	0	0	0
1	0	0.8042448138630841	2.195755186136915	1	0.2680816046210281	1.243402484868546	0	-1.243402484868546	1	0.2680816046210281	-1.012007636095942
1	0	0.9244083884554539	2.075591611544545	1	0.3081361294851514	1.081772961483883	0	-1.081772961483883	1	0.3081361294851515	-0.8804570610614073
5	3	0.9414910422300633	2.056623498027914	0.625	0.3140277096114718	5.310724983805207	1.458701606237936	-3.852023377567271	0.9856177051289965	0.06958337857761221	-3.135169118574096
0	0	0.8042448138630841	2.075591611544545	0	0.2792675329638719	0	0	0	0	0	0
3	4	0.8042448138630838	2.195755186136915	0.4285714285714285	0.268081604621028	3.730207454605639	1.821696710659884	-1.908510743945755	0.9115417844823465	0.2819754893122206	-1.553340507155609
1	2	0.9243399213901603	2.075660078609839	0.3333333333333333	0.3081133071300535	1.081853089820086	0.9635489069768536	-0.118304182843232	0.7736993102421246	0.6687888614652946	-0.09628799835646036
0	1	0.804244813863084	2.075706971490634	0	0.2792563465656443	0	0.481763569586061	0.481763569586061	0.7207436534343556	0.2792563465656444	0.3921082812259915
1	0	0.9244083884554539	2.075591611544545	1	0.3081361294851515	1.081772961483883	0	-1.081772961483883	1	0.3081361294851515	-0.8804570610614073