Observed S Changes	Observed NS Changes	E[S Sites]	E[NS Sites]	Observed S. Prop.	P{S}	dS	dN	dN-dS	P{S leq. observed}	P{S geq. observed}	Scaled dN-dS
0	0	0	3.000000000000001	0	0	0	0	0	0	0	0
0	4	0.873295518271338	2.030986681254765	0	0.300692377074733	0	1.969486081281812	1.969486081281812	0.2391514671192118	0.7608485328807882	1.620430242450545
9	2	1.000000000000001	2.000000000000002	0.8181818181818182	0.3333333333333333	8.999999999999989	0.9999999999999989	-7.99999999999999	0.9998701643268023	0.001371742112482588	-6.582144480638968
0	5	0.9267094804789889	2.073290519521013	0	0.3089031601596628	0	2.41162536215867	2.41162536215867	0.157650203408962	0.842349796591038	1.984208320862708
0	0	0.9266374350989771	2.073362564901025	0	0.3088791450329922	0	0	0	0	0	0
6	0	1.000000000000001	2.000000000000002	1	0.3333333333333333	5.999999999999995	0	-5.999999999999995	1	0.001371742112482699	-4.936608360479227
2	1	1.681302810882692	1.202149597674501	0.6666666666666666	0.5830867212835235	1.189553712189412	0.8318432264457359	-0.3577104857436765	0.8017562730148451	0.6234829196411983	-0.2943127624255534
0	2	0.8104069183305851	2.189593081669417	0	0.2701356394435282	0	0.9134117278426616	0.9134117278426616	0.5327019848105076	0.4672980151894924	0.7515259953713107
0	4	0.8100836310847442	2.000645124576654	0	0.288211243953393	0	1.999355083449104	1.999355083449104	0.2566873657821825	0.7433126342178176	1.64500550342025
0	5	0.9270835322468838	2.072916467753118	0	0.3090278440822944	0	2.412060532964753	2.412060532964753	0.1575080427645054	0.8424919572354946	1.984566365502632
0	0	1.810083631084745	1.189916368915257	0	0.6033612103615813	0	0	0	0	0	0
4	1	0.8102220094409462	2.073309110892843	0.8	0.2809825785223907	4.936918466038713	0.4823207474207081	-4.454597718618005	0.9982485531278459	0.02416067986612491	-3.66510072338356
6	0	1.809805996379349	1.189939380681582	1	0.6033198718194368	3.315272472300038	0	-3.315272472300038	1	0.04822650401390838	-2.727700300670504
1	4	0.9993944240609548	2.000605575939047	0.2	0.3331314746869847	1.000605942883476	1.999394607366559	0.9987886644830835	0.4613041432520559	0.8681132698691951	0.8217714119065127
3	9	0.8137405989486871	2.185936476156994	0.25	0.2712760669146422	3.686678535980449	4.117228518837169	0.4305499828567192	0.5822437799605465	0.6722776877674868	0.354242774162445
5	6	1	2.000000000000001	0.4545454545454545	0.3333333333333333	4.999999999999998	2.999999999999999	-2	0.8779149519890264	0.2889972734508626	-1.645536120159744
1	0	0.8323322857777327	1.357584083137524	1	0.3800749186554628	1.201443242184939	0	-1.201443242184939	1	0.3800749186554628	-0.9885091256685737
1	6	0.8329465700927045	2.070409432020144	0.1428571428571428	0.2868909529133001	1.200557197670798	2.897977524255031	1.697420326584233	0.3578651400775327	0.9062240172621023	1.396583229243852
3	13	0.9781570053362854	2.021842994663718	0.1875	0.3260523351120948	3.066992296363114	6.429777205406705	3.362784909043591	0.1815758489089903	0.9332898129315028	2.766792016079664
3	1	1.000000000000001	2.000000000000003	0.75	0.3333333333333333	2.999999999999996	0.4999999999999993	-2.499999999999996	0.9876543209876545	0.1111111111111109	-2.056920150199677
2	4	0.9969312631802016	1.939600707877134	0.3333333333333333	0.3394927325859298	2.00615636590633	2.062280130005698	0.05612376409936815	0.6681629016736779	0.6608876509905062	0.04617684051241749
0	4	0.8109037217503496	2.189096278249652	0	0.2703012405834497	0	1.82723804327067	1.82723804327067	0.2835139492388845	0.7164860507611155	1.50339310016595
0	2	0.8100836310847443	2.189454831291493	0	0.2700694260953052	0	0.9134694040800379	0.9134694040800379	0.5327986427208372	0.4672013572791628	0.7515734495372495
1	1	0.8100836310847446	2.189916368915259	0.5	0.2700278770282479	1.234440447415222	0.4566384425425957	-0.7778020048726267	0.9270849456276176	0.4671406996841132	-0.6399506466752862
1	4	0.8100836310847445	2.189916368915258	0.2	0.2700278770282479	1.234440447415222	1.826553770170383	0.5921133227551605	0.5906248520868023	0.79273242060528	0.4871719299107105
8	6	0.9936753929924826	2.006324607007519	0.5714285714285714	0.331225130997494	8.050918898079749	2.990542995407479	-5.06037590267227	0.9833155309267551	0.05560880806827617	-4.163515664716595
4	0	1	2.000000000000001	1	0.3333333333333333	3.999999999999998	0	-3.999999999999998	1	0.01234567901234551	-3.291072240319487
3	2	0.9968751318599856	2.002232397757799	0.6	0.3323905935400157	3.009403990650817	0.9988850456319163	-2.010518945018901	0.9551964168177899	0.2084818694716436	-1.654190772147032
5	0	1.808376111738154	1.191141973199629	1	0.6028888843241177	2.764911551056798	0	-2.764911551056798	1	0.07965011065552752	-2.274880913155432
3	0	0.8100836310847442	2.073362564901024	1	0.2809428635125961	3.703321342245669	0	-3.703321342245669	1	0.02217450908930707	-3.046974516611856
4	0	1.001969284816229	1.998030715183772	1	0.3339897616054097	3.992138342577675	0	-3.992138342577675	1	0.01244321528795389	-3.284603919693109
3	0	1	1.99984582311502	1	0.3333504649787657	2.999999999999999	0	-2.999999999999999	0.9999999999999999	0.03704274787901296	-2.468304180239615
1	0	0.8100836310847442	2.189916368915257	1	0.270027877028248	1.234440447415223	0	-1.234440447415223	1	0.270027877028248	-1.015658172203952
0	1	0.8100836310847442	2.189778226390322	0	0.270040311711746	0	0.4566672496549669	0.4566672496549669	0.729959688288254	0.270040311711746	0.3757312271006277
1	1	1	1.999907902719529	0.5	0.3333435666786513	0.9999999999999996	0.5000230253804051	-0.4999769746195944	0.8888820665539556	0.5555691999112581	-0.4113650854923671
2	0	1.000000000000001	2.000000000000002	1	0.3333333333333333	1.999999999999998	0	-1.999999999999998	1	0.1111111111111109	-1.645536120159742
1	0	1	2.000000000000001	1	0.3333333333333333	0.9999999999999996	0	-0.9999999999999996	1	0.3333333333333333	-0.8227680600798717
4	0	0.8100836310847442	2.189916368915257	1	0.270027877028248	4.937761789660891	0	-4.937761789660891	0.9999999999999998	0.005316605154127685	-4.062632688815809
4	0	1	1.936842143551047	1	0.3405017876755414	3.999999999999998	0	-3.999999999999998	0.9999999999999999	0.01344242386523975	-3.291072240319487
8	1	0.9995145765464193	2.000485423453582	0.8888888888888888	0.3331715255154729	8.003885273631591	0.4998786735839484	-7.504006600047642	0.9999494162646846	0.0009617542653187483	-6.174056953147755
0	3	0.1686658765686556	2.831334123431346	0	0.05622195885621852	0	1.059571166529878	1.059571166529878	0.840639136927738	0.159360863072262	0.8717813132023546
1	0	1	2.000000000000001	1	0.3333333333333333	0.9999999999999996	0	-0.9999999999999996	1	0.3333333333333333	-0.8227680600798717
0	4	0.832528035767588	2.071214323281207	0	0.2867086445094622	0	1.93123423058567	1.93123423058567	0.2588617262735783	0.7411382737264217	1.588957841458816
2	0	1	2	1	0.3333333333333333	2	0	-2	1	0.1111111111111109	-1.645536120159744
1	0	0.926637435098977	2.073362564901025	1	0.3088791450329921	1.079170732934167	0	-1.079170732934167	1	0.3088791450329922	-0.8879072104312185
9	1	0.9990254708652982	2.000974529134705	0.9	0.3330084902884324	9.008779317913405	0.4997564863718864	-8.509022831541518	0.9999832292276821	0.000352677005147628	-7.000952208282754
2	5	0.8100836310847445	2.189916368915258	0.2857142857142857	0.2700278770282479	2.468880894830445	2.283192212712979	-0.1856886821174655	0.713801603916392	0.6035698593287686	-0.1527787167645751
2	2	0.8101377874600044	2.189707332381122	0.5	0.2700598714586004	2.46871585421355	0.9133640694462891	-1.55535178476726	0.9371729889365134	0.2959826068030091	-1.279693770694726
2	5	0.9825183334978113	1.20850751087234	0.2857142857142857	0.4484284546539676	2.035585425546113	4.13733465039935	2.101749224853237	0.3195045068215217	0.8960786800868344	1.729252132506873
2	1	0.925235660081728	2.074764339918274	0.6666666666666666	0.3084118866939091	2.161611453479145	0.48198245013185	-1.679629003347295	0.9706645115149307	0.2266826985921517	-1.381945096737943
0	0	0.8323027322796278	2.104153540752276	0	0.283437809009249	0	0	0	0	0	0
5	0	1	2	1	0.3333333333333333	4.999999999999999	0	-4.999999999999999	1	0.004115226337448097	-4.113840300399359
3	1	0.9999643869134704	2.00003561308653	0.75	0.3333214623044901	3.0001068430646	0.4999910968869011	-2.500115746177699	0.9876560795646488	0.1111005593673152	-2.057015382457767
1	1	0.8101296706202229	2.189870329379779	0.5	0.2700432235400742	1.234370294368327	0.4566480428470039	-0.7777222515213227	0.9270766574200854	0.4671631045002339	-0.6398850281651489
5	0	1	2.000000000000001	1	0.3333333333333333	4.999999999999998	0	-4.999999999999998	1	0.004115226337448097	-4.113840300399358
2	0	1	2.000000000000001	1	0.3333333333333333	1.999999999999999	0	-1.999999999999999	1	0.1111111111111109	-1.645536120159743
10	0	0.8722317778363017	2.064224495195602	1	0.2970355069975956	11.46484255000025	0	-11.46484255000025	1	5.346673578210392e-06	-9.432906263984883
4	0	1.800212661778911	1.190734524695688	1	0.6018871446208333	2.221959707831036	0	-2.221959707831036	0.9999999999999998	0.1312382015348128	-1.82815747838778
1	0	1	2.000000000000001	1	0.3333333333333333	0.9999999999999996	0	-0.9999999999999996	1	0.3333333333333333	-0.8227680600798717
3	0	0.8728238632684915	1.317092505646765	1	0.3985649295369357	3.437119591077407	0	-3.437119591077407	0.9999999999999998	0.06331363453498695	-2.827952218213281
2	7	0.8101401945874938	2.189859805412509	0.2222222222222222	0.2700467315291643	2.468708519046333	3.196551661754161	0.7278431427078274	0.5446393984760191	0.7452589584595208	0.5988460905681565
2	0	1	2	1	0.3333333333333333	2	0	-2	1	0.1111111111111109	-1.645536120159744
0	1	1	1.810360663506612	0	0.3558262158253581	0	0.5523761204924943	0.5523761204924943	0.6441737841746419	0.3558262158253581	0.4544774290920552
0	5	0.5427718117500682	2.457228188249935	0	0.1809239372500225	0	2.034813056397931	2.034813056397931	0.3686558840298295	0.6313441159701705	1.674179191037721
3	1	0.9998156753523345	1.999768359273461	0.75	0.3333181080479592	3.000553075888515	0.50005791688959	-2.500495158998925	0.9876565764309526	0.1110975779877306	-2.057327551208656
1	5	0.8400012488631303	2.096439160229262	0.1666666666666667	0.2860610575519091	1.190474420548082	2.384996471566201	1.19452205101812	0.4507816094085146	0.8675760830883708	0.9828145906388082
0	1	0.1683029954332633	2.831697004566738	0	0.05610099847775443	0	0.3531451275992025	0.3531451275992025	0.9438990015222456	0.0561009984777544	0.2905565315614547
2	0	0.8100836310847442	2.073362564901025	1	0.2809428635125961	2.468880894830446	0	-2.468880894830446	1	0.0789288925586572	-2.031316344407904
0	15	0.8107566078936824	2.18916610615604	0	0.270259165043358	0	6.85192409923545	6.85192409923545	0.008861959048599509	0.9911380409514005	5.637544298942476
6	4	0.8105908805615006	2.189409119438502	0.6	0.2701969601871667	7.402007774678847	1.826976952131196	-5.57503082254765	0.9943569083217837	0.02882369414343156	-4.586957294753024
1	0	1	2.000000000000001	1	0.3333333333333333	0.9999999999999996	0	-0.9999999999999996	1	0.3333333333333333	-0.8227680600798717
2	0	0.8100836310847442	2.189916368915257	1	0.270027877028248	2.468880894830446	0	-2.468880894830446	1	0.07291505437238266	-2.031316344407904
2	3	0.8725465161760111	1.327202313995988	0.4	0.3966573384233992	2.29214140784737	2.260393888982527	-0.03174751886484284	0.6883198655700278	0.6572398367937957	-0.02612084450877588
2	2	0.9270475841499902	2.072952415850012	0.5	0.3090158613833299	2.157386561590363	0.9648074816902646	-1.192579079900098	0.9093227896740431	0.3642349147311427	-0.9812159760612427
3	0	1.001376626823769	1.998623373176232	1	0.3337922089412562	2.995875797017146	0	-2.995875797017146	1	0.03719020623645852	-2.464910917752038
1	0	0.8100836310847442	2.189916368915258	1	0.2700278770282479	1.234440447415223	0	-1.234440447415223	1	0.2700278770282479	-1.015658172203952
2	0	1	1.936517905762412	1	0.3405393844313608	1.999999999999999	0	-1.999999999999999	1	0.1159670723488901	-1.645536120159743
3	4	0.8325417564933095	2.101985187972327	0.4285714285714285	0.283705609881497	3.603422863300081	1.902962981322711	-1.70045988197737	0.8941015141554668	0.316294745161728	-1.399084078338168
4	0	0.8100836310847442	2.189916368915257	1	0.270027877028248	4.937761789660891	0	-4.937761789660891	0.9999999999999998	0.005316605154127685	-4.062632688815809
2	0	0.8100836310847445	2.073362564901025	1	0.2809428635125961	2.468880894830445	0	-2.468880894830445	1	0.0789288925586572	-2.031316344407903
4	0	1	2.000000000000001	1	0.3333333333333333	3.999999999999998	0	-3.999999999999998	1	0.01234567901234551	-3.291072240319487
3	0	1.809675377351056	1.189862277210929	1	0.6033181062417161	1.657755881273747	0	-1.657755881273747	1	0.2196034089650921	-1.363948590521599
0	3	0.168140030522394	2.831859969477608	0	0.05604667684079796	0	1.059374415520062	1.059374415520062	0.8411076039304504	0.1588923960695496	0.8716194327556893
0	0	0.8100836310847442	2.189916368915257	0	0.270027877028248	0	0	0	0	0	0
4	1	1	2.000000000000001	0.8	0.3333333333333333	3.999999999999998	0.4999999999999998	-3.499999999999998	0.9958847736625519	0.04526748971193373	-2.87968821027955
0	0	1.810083631084745	1.189916368915257	0	0.6033612103615813	0	0	0	0	0	0
1	0	1.682956704521178	1.200418183253163	1	0.5836759942860714	0.594192350470782	0	-0.594192350470782	1	0.5836759942860714	-0.4888824875111447
4	0	1	1.936641375064145	1	0.3405250666599211	3.999999999999998	0	-3.999999999999998	0.9999999999999999	0.01344610029900362	-3.291072240319487
6	0	0.8100836310847443	2.189916368915257	1	0.2700278770282479	7.406642684491336	0	-7.406642684491336	1	0.0003876605538895017	-6.093949033223712
0	0	1	2.000000000000001	0	0.3333333333333333	0	0	0	0	0	0
5	0	0.8726069168649488	1.317309452050308	1	0.3984658634691068	5.729956872177576	0	-5.729956872177576	1	0.01004513104592053	-4.714425500062875
1	0	0.8100836310847442	2.073362564901025	1	0.2809428635125961	1.234440447415223	0	-1.234440447415223	1	0.2809428635125961	-1.015658172203952
2	0	0.8100836310847442	2.189916368915257	1	0.270027877028248	2.468880894830446	0	-2.468880894830446	1	0.07291505437238266	-2.031316344407904
3	3	0.998294454673295	2.001489225984712	0.5	0.3327888144435527	3.005125377543832	1.498883911565415	-1.506241465978417	0.900399743822476	0.3185407597960592	-1.239287368974925
4	1	0.8101758239911505	2.189824176008852	0.8	0.2700586079970499	4.9371999034665	0.4566576672939051	-4.480542236172594	0.9985635512891345	0.0208493342938636	-3.686447043761657
0	1	0.8325095751565574	1.3574067937587	0	0.3801558758012887	0	0.7366988323603203	0.7366988323603203	0.6198441241987114	0.3801558758012886	0.6061322691642076
3	1	0.8100836310847447	2.189916368915259	0.75	0.2700278770282479	3.703321342245666	0.4566384425425957	-3.246682899703071	0.9946833948458728	0.06280657387991218	-2.671266991083189
2	1	0.8729151124577791	2.030873986997617	0.6666666666666666	0.3006124351873536	2.291173530457963	0.4923988422730107	-1.798774688184953	0.9728343047005314	0.2167721179688754	-1.47997436071871
2	6	0.8344901474599342	2.070401658687294	0.25	0.2872706466017137	2.396672993788731	2.897988404725393	0.5013154109366624	0.5841913383028559	0.7187010832943321	0.4124663081445016
0	0	0	1.25417490787239	0	0	0	0	0	0	0	0
2	0	0.8100836310847442	2.189916368915257	1	0.270027877028248	2.468880894830446	0	-2.468880894830446	1	0.07291505437238266	-2.031316344407904
4	1	1.00014276250832	1.999857237491682	0.8	0.3333809208361065	3.999429031479618	0.5000356931749032	-3.499393338304714	0.9958818353235307	0.04529099390719205	-2.879189068413397
0	0	0.8100836310847442	2.189916368915257	0	0.270027877028248	0	0	0	0	0	0
1	4	0.999766924105346	2.000233075894655	0.2	0.3332556413684485	1.000233130231691	1.999766951264366	0.9995338210326747	0.4610588243440868	0.8682360065101701	0.8223845029152758
2	0	0.8323322519601353	2.104124021071768	1	0.2834478618340701	2.402886581998976	0	-2.402886581998976	0.9999999999999999	0.08034269037830621	-1.977018331663252
6	0	1.092421393434752	1.268504574127056	1	0.4627088728931745	5.492386029840572	0	-5.492386029840572	0.9999999999999996	0.0098140206078976	-4.518959798981717
2	2	0.8101757962541374	2.189824203745864	0.5	0.2700585987513789	2.468600036247734	0.9133153230194664	-1.555284713228267	0.9371738019831156	0.2959804092263978	-1.279638586374702
0	3	0.834152891074522	2.069636131338726	0	0.2872636009834088	0	1.449530163574926	1.449530163574926	0.3620652259061183	0.6379347740938817	1.192627120711801
1	1	1	2.000000000000001	0.5	0.3333333333333333	0.9999999999999996	0.4999999999999998	-0.4999999999999998	0.8888888888888891	0.5555555555555555	-0.4113840300399358
0	12	0.8100836310847447	2.024215451012817	0	0.2858144492236265	0	5.928222706726102	5.928222706726102	0.01760891969603077	0.9823910803039693	4.877552296134483
1	0	0.8100836310847442	2.189916368915257	1	0.270027877028248	1.234440447415223	0	-1.234440447415223	1	0.270027877028248	-1.015658172203952
0	5	0.810190065946003	2.189716431854851	0	0.2700717727502274	0	2.283400684793068	2.283400684793068	0.2072052683446607	0.7927947316553393	1.878709151812244
0	0	0.8100836310847442	2.073362564901025	0	0.2809428635125961	0	0	0	0	0	0
2	0	0.8100836310847441	2	1	0.2882774100114724	2.468880894830446	0	-2.468880894830446	0.9999999999999999	0.08310386512292267	-2.031316344407905
3	0	1.000000000000001	2.000000000000002	1	0.3333333333333333	2.999999999999997	0	-2.999999999999997	1	0.03703703703703698	-2.468304180239613
0	0	0.8100836310847442	2.000000000000001	0	0.2882774100114724	0	0	0	0	0	0
1	1	0.8100836310847442	2.189870296044985	0.5	0.2700320240783862	1.234440447415223	0.4566480497982232	-0.7777923976169997	0.9270827059721298	0.4671467541289023	-0.6399427421322114
3	0	1	2.000000000000001	1	0.3333333333333333	2.999999999999999	0	-2.999999999999999	1	0.03703703703703698	-2.468304180239615
5	2	0.9999383272121845	1.999583725539841	0.7142857142857143	0.3333658861733498	5.000308382957915	1.000208180560205	-4.00010020239771	0.9931375376687662	0.04528624718204932	-3.291154683651867
1	0	0.8100836310847442	2.189916368915257	1	0.270027877028248	1.234440447415223	0	-1.234440447415223	1	0.270027877028248	-1.015658172203952
0	0	0.8100836310847442	2.000000000000001	0	0.2882774100114724	0	0	0	0	0	0
2	3	1	2.000000000000001	0.4	0.3333333333333333	1.999999999999999	1.499999999999999	-0.4999999999999998	0.7901234567901239	0.5390946502057611	-0.4113840300399358
2	0	1	1.999861676057939	1	0.3333487033689104	1.999999999999999	0	-1.999999999999999	0.9999999999999999	0.1111213580377339	-1.645536120159743
2	0	1	2	1	0.3333333333333333	2	0	-2	1	0.1111111111111109	-1.645536120159744
0	0	0.9443521728329713	2.05564782716703	0	0.3147840576109903	0	0	0	0	0	0
2	0	1	1.810211448964293	1	0.3558451092242726	1.999999999999999	0	-1.999999999999999	1	0.1266257417588346	-1.645536120159743
5	1	1.8040939697925	1.195030380197977	0.8333333333333334	0.6015402361686766	2.771474260054802	0.836798809946851	-1.934675450107951	0.9526207597931068	0.2356830615797253	-1.591789166969472
1	3	0.9997683556269277	2.000231644373073	0.25	0.3332561185423091	1.000231698044621	1.499826286840033	0.4995945887954123	0.5927298633303498	0.8023776060758452	0.4110504706496028
1	1	1	2.000000000000001	0.5	0.3333333333333333	0.9999999999999996	0.4999999999999998	-0.4999999999999998	0.8888888888888891	0.5555555555555555	-0.4113840300399358
1	2	1	1.812895441967951	0.3333333333333333	0.3555055709075282	0.9999999999999998	1.103207583681131	0.1032075836811317	0.7107079492934525	0.7322943709498793	0.08491590341085578
9	0	1.000000000000001	1.999907882493817	1	0.3333435689260907	8.999999999999995	0	-8.999999999999995	1	5.081930574324378e-05	-7.404912540718843
4	0	1	1.999783811400068	1	0.333357356020025	3.999999999999999	0	-3.999999999999999	1	0.01234923831363721	-3.291072240319487
0	0	1	2.000000000000001	0	0.3333333333333333	0	0	0	0	0	0
3	0	1.809095074255369	1.189998305497084	1	0.6032139867564554	1.658287639324214	0	-1.658287639324214	0.9999999999999998	0.2194897323760931	-1.364386104061214
4	0	0.8723993090917351	2.06405696394017	1	0.2970925591856264	4.585056359300015	0	-4.585056359300015	1	0.007790531705375692	-3.772437926098154
0	0	0.8100836310847442	2.189916368915257	0	0.270027877028248	0	0	0	0	0	0
4	6	0.8102292599449352	2.189630586446359	0.4	0.2700890379660926	4.936874287003469	2.740188247798294	-2.196686039205174	0.8961932130985234	0.2727989025256784	-1.807363111081379
0	3	0.8100836310847441	2.189916368915257	0	0.270027877028248	0	1.369915327627788	1.369915327627788	0.3889724346968301	0.6110275653031699	1.127122576585997
1	0	0.8323224251975996	2.104133847834305	1	0.2834445153641681	1.201457475764386	0	-1.201457475764386	1	0.2834445153641681	-0.9885208366031238
0	6	0.810359110547941	2.189547486335298	0	0.2701281137852311	0	2.740292246432323	2.740292246432323	0.1511749427589955	0.8488250572410045	2.254624935649037
0	0	0.8100836310847442	2.189916368915257	0	0.270027877028248	0	0	0	0	0	0
1	0	0.8100836310847442	2.189916368915257	1	0.270027877028248	1.234440447415223	0	-1.234440447415223	1	0.270027877028248	-1.015658172203952
0	0	0	1.25417490787239	0	0	0	0	0	0	0	0
2	7	0.9997799155981844	2.000220084401818	0.2222222222222222	0.3332599718660613	2.000440265699244	3.499614894674657	1.499174628975413	0.3773586298713593	0.8568293016359122	1.233473001203062
4	0	1	1.936841376599144	1	0.3405018765970936	3.999999999999998	0	-3.999999999999998	0.9999999999999998	0.01344243790712396	-3.291072240319487
0	1	1	2.000000000000001	0	0.3333333333333333	0	0.4999999999999998	0.4999999999999998	0.6666666666666667	0.3333333333333333	0.4113840300399358
1	2	0.9999078139444961	2.000092186055506	0.3333333333333333	0.3333026046481652	1.000092194554556	0.9999539090967164	-0.0001382854578397819	0.7407817113766548	0.7036627302349463	-0.0001137768578840943
0	0	0.8323027322796278	1.357613636635629	0	0.3800614233921164	0	0	0	0	0	0
2	2	0.8100836310847449	2.189916368915258	0.5	0.270027877028248	2.468880894830443	0.9132768850851914	-1.555604009745252	0.9371934261200875	0.2959273630120883	-1.279901293350571
3	0	1	1.936564122928589	1	0.3405340248462602	2.999999999999999	0	-2.999999999999999	1	0.03948949085516473	-2.468304180239615
1	5	0.999225891487149	2.000329772953303	0.1666666666666667	0.3331246368696905	1.00077470822108	2.499587851766041	1.498813143544961	0.351578349746359	0.9120434797264243	1.233175582536702
2	0	0.8100836310847447	2.189916368915259	1	0.2700278770282479	2.468880894830444	0	-2.468880894830444	1	0.07291505437238244	-2.031316344407903
3	0	1	1.999684435027114	1	0.3333683997966811	2.999999999999999	0	-2.999999999999999	1	0.03704872708785278	-2.468304180239615
0	12	1.000000000000001	2.000000000000002	0	0.3333333333333333	0	5.999999999999995	5.999999999999995	0.007707346629258946	0.992292653370741	4.936608360479227
0	0	0.8100836310847442	2.073362564901025	0	0.2809428635125961	0	0	0	0	0	0
0	11	0.2109668630334879	2.780636723792217	0	0.07051965840746237	0	3.95592847705696	3.95592847705696	0.4473447018980317	0.5526552981019683	3.254811598882877
1	0	0.9443324741770435	2.055620834002118	1	0.3147823906466768	1.058949074976447	0	-1.058949074976447	1	0.3147823906466769	-0.8712694761417465
0	18	0.91934868658475	1.990927772399591	0	0.3158973724804117	0	9.041011055014454	9.041011055014454	0.001076918041207184	0.9989230819587929	7.43865512689492
2	1	1	2.000000000000001	0.6666666666666666	0.3333333333333333	1.999999999999999	0.4999999999999998	-1.499999999999999	0.962962962962963	0.2592592592592592	-1.234152090119808
2	8	0.810698915807637	2.186635546310368	0.2	0.2704732908701731	2.467007123116174	3.658588653924906	1.191581530808731	0.4651172834118741	0.7989963731560867	0.9803952245305042
3	10	0.8101868994292973	2.189789750296964	0.2307692307692308	0.2700644018356691	3.702849308120418	4.566648464147696	0.8637991560272784	0.5172104110969777	0.7246771310392948	0.7107063559031945
3	0	0.8100836310847443	2.189916368915258	1	0.2700278770282479	3.703321342245668	0	-3.703321342245668	1	0.01968909733557367	-3.046974516611856
1	0	0.8100836310847442	2.189916368915257	1	0.270027877028248	1.234440447415223	0	-1.234440447415223	1	0.270027877028248	-1.015658172203952
2	0	0.8100836310847443	2.189916368915257	1	0.2700278770282479	2.468880894830445	0	-2.468880894830445	1	0.07291505437238244	-2.031316344407904
2	0	0.8100836310847441	2.189916368915257	1	0.2700278770282479	2.468880894830446	0	-2.468880894830446	1	0.07291505437238244	-2.031316344407905
3	1	0.9039568529661774	2.000417180180366	0.75	0.3112398205773957	3.318742471121294	0.4998957267052844	-2.818846744416009	0.9906161593315551	0.0924479649245411	-2.319257067565623
8	0	1.66230231296486	1.182577772308286	1	0.5843136663545018	4.812602339300912	0	-4.812602339300912	1	0.01358840092443303	-3.959655490642465
2	0	0.8100836310847442	2.189916368915257	1	0.270027877028248	2.468880894830446	0	-2.468880894830446	1	0.07291505437238266	-2.031316344407904
0	0	0	1.25417490787239	0	0	0	0	0	0	0	0
4	0	1.682820105705744	1.200253187541048	1	0.5836896722839208	2.376962330339209	0	-2.376962330339209	1	0.1160721519284945	-1.955688685416123
2	0	1	2.000000000000001	1	0.3333333333333333	1.999999999999999	0	-1.999999999999999	1	0.1111111111111109	-1.645536120159743
5	3	0.8101430653919718	2.187690026100462	0.625	0.2702428856666774	6.171749427467911	1.371309447046058	-4.800439980421853	0.9935488324586297	0.03781971349858038	-3.949648690221547
2	10	1.579128987004768	1.231228646876888	0.1666666666666667	0.5618960974812592	1.266520984959895	8.121968267523515	6.85544728256362	0.00624729592761513	0.9991805459194077	5.6404430616547
2	6	0.8146112043601423	2.166530733186545	0.25	0.2732547531871367	2.455158963312998	2.769404517597204	0.3142455542842062	0.6199026681084394	0.6881228392496688	0.2585512050871405
0	5	0.8135873020149756	2.140129501252972	0	0.2754452631053983	0	2.336307217424307	2.336307217424307	0.1996898544054805	0.8003101455945194	1.922238957030801
5	16	0.8716965387116862	2.054896416001802	0.2380952380952381	0.297853699575049	5.735941096416068	7.7862805518592	2.050339455443132	0.3708144848676157	0.7956800015471808	1.686953816260167
3	1	0.8100836310847445	2.000046027339849	0.75	0.2882726882925719	3.703321342245668	0.4999884934298462	-3.203332848815822	0.99309420006277	0.07510575954666199	-2.635599953810324
0	0	1	2.000000000000001	0	0.3333333333333333	0	0	0	0	0	0
0	0	1	2.000000000000001	0	0.3333333333333333	0	0	0	0	0	0
8	0	1.681214406849827	1.198930795830302	1	0.5837255723375916	4.758465052051266	0	-4.758465052051266	0.9999999999999997	0.01347937505041574	-3.915113059834087
6	0	0.8100836310847443	2.189916368915258	1	0.2700278770282479	7.406642684491336	0	-7.406642684491336	1	0.0003876605538895017	-6.093949033223712
2	2	0.9980588072757616	2.00194119272424	0.5	0.3326862690919204	2.003889936565034	0.9990303447817076	-1.004859591783327	0.8894632197197392	0.4062570720624374	-0.8267663769842201
1	0	1	2.000000000000001	1	0.3333333333333333	0.9999999999999996	0	-0.9999999999999996	1	0.3333333333333333	-0.8227680600798717
0	2	0.001455485399444786	2.998544514600557	0	0.0004851617998149283	0	0.6669902648640268	0.6669902648640268	0.9990299117823421	0.0009700882176578718	0.5487782863143353
0	1	1	1.99990784873172	0	0.3333435726776651	0	0.5000230388786009	0.5000230388786009	0.6666564273223349	0.3333435726776651	0.4114029856933889
1	0	0.8100836310847442	2.189916368915257	1	0.270027877028248	1.234440447415223	0	-1.234440447415223	1	0.270027877028248	-1.015658172203952
2	3	0.8102209276432072	2.189568725849414	0.4	0.2700925802247088	2.468462528877962	1.370132832362313	-1.098329696515649	0.8741688846524132	0.4095110660595287	-0.9036705937302951
4	1	0.8329935075730844	2.103462765458819	0.8	0.2836730501397914	4.801958194913124	0.4754065612289906	-4.326551633684133	0.9981630793690821	0.02502974335468344	-3.559748494481695
2	5	0.8322542658728527	1.451038092123614	0.2857142857142857	0.3644974604141957	2.403111743623732	3.445808919242382	1.04269717561865	0.499132109156968	0.7900655413573174	0.8578979324345185
1	0	0.8100836310847443	2.189916368915258	1	0.2700278770282479	1.234440447415223	0	-1.234440447415223	1	0.2700278770282479	-1.015658172203952
1	1	0.8100836310847442	2.189916368915257	0.5	0.270027877028248	1.234440447415223	0.456638442542596	-0.7778020048726269	0.9270849456276173	0.4671406996841134	-0.6399506466752863
0	0	0.8323027322796278	2.071439626769167	0	0.2866310537799479	0	0	0	0	0	0
2	0	1.683582206699761	1.200401445748805	1	0.5837696774981241	1.187943179751523	0	-1.187943179751523	1	0.3407870363662638	-0.9774017054892751
1	0	0.8100836310847442	2.000000000000001	1	0.2882774100114724	1.234440447415223	0	-1.234440447415223	1	0.2882774100114724	-1.015658172203952
0	2	0.926762206930736	2.073237793069266	0	0.3089207356435785	0	0.9646746777846246	0.9646746777846246	0.4775905496234127	0.5224094503765873	0.7937035132490312
0	0	0	1.25417490787239	0	0	0	0	0	0	0	0
7	0	1.000000000000001	1.998580451161726	1	0.3334911356513964	6.999999999999994	0	-6.999999999999994	1	0.0004587647731097988	-5.759376420559099
2	1	1	2.000000000000001	0.6666666666666666	0.3333333333333333	1.999999999999999	0.4999999999999998	-1.499999999999999	0.962962962962963	0.2592592592592592	-1.234152090119808
0	1	0.8101758584516389	2.189824141548363	0	0.2700586194838794	0	0.4566576744801654	0.4566576744801654	0.7299413805161206	0.2700586194838794	0.3757233489526314
4	0	0.8100836310847443	2.189916368915258	1	0.2700278770282479	4.937761789660891	0	-4.937761789660891	1	0.005316605154127241	-4.062632688815808
6	0	1	2	1	0.3333333333333333	5.999999999999999	0	-5.999999999999999	1	0.001371742112482699	-4.936608360479231
4	7	1.000000000000001	1.999953720595669	0.3636363636363636	0.3333384755686968	3.999999999999997	3.500080990831682	-0.4999190091683152	0.7109898519206099	0.5274580234844968	-0.4113173933704665
10	0	1	2.000000000000001	1	0.3333333333333333	9.999999999999996	0	-9.999999999999996	1.000000000000001	1.693508780764574e-05	-8.227680600798717
1	3	0.8100998135617139	2.189761679301154	0.25	0.2700457389413031	1.234415788350036	1.370012101480115	0.1355963131300795	0.7040417955863525	0.7160887562140721	0.1115643155080184
1	3	0.8597268385068045	2.062780147120899	0.25	0.2941744340508908	1.163160151818484	1.454347912058013	0.2911877602395287	0.6619611713517778	0.751806993373508	0.23957998861128
0	0	0.8100836310847442	2.189916368915257	0	0.270027877028248	0	0	0	0	0	0
0	0	0.8323027322796278	1.357613636635629	0	0.3800614233921164	0	0	0	0	0	0
2	6	0.9265092427030786	2.073490757296923	0.25	0.3088364142343593	2.158640095337879	2.8936709647174	0.7350308693795209	0.5293750968346045	0.7617637307106844	0.6047599224982102
4	6	0.8104913130038099	2.189238944729387	0.4	0.2701880647149498	4.93527806630692	2.740678451041197	-2.194599615265723	0.8960555962981631	0.2730467782793149	-1.805646468104213
5	3	1.808056249234148	1.19188710932821	0.625	0.6026967956157044	2.765400690447484	2.517016902457235	-0.2483837879902486	0.6789433979642581	0.6003422654536696	-0.2043622474000271
3	0	0.8100836310847443	2.000000000000001	1	0.2882774100114724	3.703321342245668	0	-3.703321342245668	1	0.02395696699957872	-3.046974516611856
4	0	1	2.000000000000001	1	0.3333333333333333	3.999999999999998	0	-3.999999999999998	1	0.01234567901234551	-3.291072240319487
2	8	0.8428776183078234	1.351207540465859	0.2	0.3841590263428629	2.372823713145019	5.920630073779654	3.547806360634634	0.1941928192014797	0.9432060760410214	2.919021756878389
2	7	1.000000000000001	1.890203174974019	0.2222222222222222	0.3459964367415069	1.999999999999998	3.703305598402782	1.703305598402784	0.3466594517870966	0.8738902906407408	1.401425442921044
2	2	1.000000000000001	1.820797521705753	0.5	0.3545096705116554	1.999999999999998	1.098419772741324	-0.9015802272586735	0.8691692068390521	0.4450168473115063	-0.7417914145879889
1	0	1	1.936487077486083	1	0.3405429595338444	0.9999999999999996	0	-0.9999999999999996	1	0.3405429595338444	-0.8227680600798717
3	0	0.903841036956563	2.000135218821391	1	0.3112425713392862	3.319167726773812	0	-3.319167726773812	1	0.03015067114031156	-2.730905191637408
5	2	0.9206498140026328	2.079350185997369	0.7142857142857143	0.3068832713342107	5.430946624821347	0.9618389502010174	-4.46910767462033	0.9956909692421033	0.0317688789279158	-3.677039051735437
2	0	1	2	1	0.3333333333333333	2	0	-2	1	0.1111111111111109	-1.645536120159744
5	0	1.000000000000001	2.000000000000002	1	0.3333333333333333	4.999999999999995	0	-4.999999999999995	1	0.004115226337448097	-4.113840300399356
5	0	1	1.99994342909702	1	0.3333396191077507	4.999999999999999	0	-4.999999999999999	1	0.004115614362848907	-4.113840300399359
2	0	1	2.000000000000001	1	0.3333333333333333	1.999999999999999	0	-1.999999999999999	1	0.1111111111111109	-1.645536120159743
1	0	0.8323125657884325	2.071429793260362	1	0.2866344402748875	1.20147170799076	0	-1.20147170799076	1	0.2866344402748875	-0.9885325464244082
2	2	0.9046365186500559	1.999232250988822	0.5	0.3115280305048205	2.210832703265728	1.000384021921815	-1.210448681343913	0.9073211160478012	0.3686845739965895	-0.9959185133755707
1	0	0.8100836310847442	2.189916368915258	1	0.2700278770282479	1.234440447415223	0	-1.234440447415223	1	0.2700278770282479	-1.015658172203952
0	0	0.8323027322796278	1.357613636635629	0	0.3800614233921164	0	0	0	0	0	0
4	0	0.8327265136535011	1.357189855261756	1	0.3802549382586604	4.803497828417178	0	-4.803497828417178	0.9999999999999999	0.02090737222408856	-3.952164589884679
1	4	1.000000000000001	2.000000000000002	0.2	0.3333333333333333	0.9999999999999989	1.999999999999998	0.9999999999999989	0.4609053497942389	0.868312757201646	0.8227680600798711
5	2	1.000000000000001	2.000000000000002	0.7142857142857143	0.3333333333333333	4.999999999999995	0.9999999999999989	-3.999999999999996	0.993141289437586	0.04526748971193395	-3.291072240319485
3	7	0.9275290880554364	2.072470911944566	0.3	0.3091763626851452	3.234399911154804	3.37761073492318	0.1432108237683765	0.6249800895377016	0.64131945279768	0.1178292916543475
3	0	1.000000000000001	2.000000000000001	1	0.3333333333333334	2.999999999999998	0	-2.999999999999998	0.9999999999999999	0.0370370370370372	-2.468304180239615
2	3	0.8100836310847441	2.189824123835026	0.4	0.2700361801979505	2.468880894830446	1.369973034522114	-1.098907860308332	0.8742346359446985	0.4093925900867832	-0.9041462884324095
0	0	0.9266374350989771	2.073362564901025	0	0.3088791450329922	0	0	0	0	0	0
3	2	0.9999065438204153	1.936780548067358	0.6	0.3404879418656931	3.000280394743375	1.032641515320735	-1.96763887942264	0.9511037674863738	0.2205884815435952	-1.618910423760299
4	6	0.9981998648258901	2.000599955021447	0.4	0.3328664548461613	4.007213526018354	2.999100337346393	-1.008113188671961	0.7878273000776175	0.4394604810990265	-0.8294433325845634
1	0	0.9037818233415943	2.000054078114141	1	0.3112372234562274	1.106461730224507	0	-1.106461730224507	1	0.3112372234562274	-0.9103613713294362
2	14	0.9995359026668874	2.000464097333115	0.125	0.3331786342222955	2.000928625638908	6.998376036172737	4.997447410533829	0.05952364735130804	0.9862555977763192	4.111740111316099
3	2	0.9051236168618524	2.000700989533566	0.6	0.3114859771198059	3.314464393715942	0.9996496280367564	-2.314814765679185	0.9646609592635416	0.1786043624015867	-1.904555654202107
1	7	0.4912210149244935	2.508778985075509	0.125	0.1637403383081644	2.035743524030037	2.790201943512101	0.7544584194820634	0.6138392597805149	0.760817617676173	0.6207442902081836
4	0	0.9440334640583201	2.055211098968702	1	0.3147570810649545	4.237137932382542	0	-4.237137932382542	1	0.009815265162837039	-3.486181756917224
2	18	0.8100836310847445	2.189916368915258	0.1	0.2700278770282479	2.468880894830445	8.219491965766723	5.750611070936278	0.06348208119335397	0.9845005165425353	4.731419115108077
4	3	0.9266519592943447	2.073348040705656	0.5714285714285714	0.3088839864314482	4.316615272735238	1.446935073659394	-2.869680199075843	0.9673268821170353	0.1378456879298537	-2.361081210443253
3	0	1.000000000000001	2.000000000000003	1	0.3333333333333333	2.999999999999996	0	-2.999999999999996	1	0.03703703703703698	-2.468304180239613
3	0	0.8100836310847442	2.189916368915257	1	0.270027877028248	3.703321342245669	0	-3.703321342245669	1	0.01968909733557378	-3.046974516611856
4	0	0.9039590984319145	2.000296999040585	1	0.3112532325295304	4.424978969666598	0	-4.424978969666598	1	0.009385458247544665	-3.640731362766818
0	3	0.2607923108224844	2.739207689177518	0	0.08693077027416141	0	1.095207206029999	1.095207206029999	0.7612216333877002	0.2387783666122998	0.901101508290799
0	0	0.8100836310847442	2.189916368915257	0	0.270027877028248	0	0	0	0	0	0
3	0	0.925900932187136	2.074099067812865	1	0.3086336440623786	3.240087460451615	0	-3.240087460451615	1	0.0293988132758447	-2.665840474324894
3	0	0.8100836310847443	2.000000000000001	1	0.2882774100114724	3.703321342245668	0	-3.703321342245668	1	0.02395696699957883	-3.046974516611856
0	0	0	1.25417490787239	0	0	0	0	0	0	0	0
1	0	1	2.000000000000001	1	0.3333333333333333	0.9999999999999996	0	-0.9999999999999996	1	0.3333333333333333	-0.8227680600798717
0	0	0.1676972677203726	2.832302732279629	0	0.05589908924012416	0	0	0	0	0	0
3	0	1	2.000000000000001	1	0.3333333333333333	2.999999999999999	0	-2.999999999999999	1	0.03703703703703698	-2.468304180239615
2	1	0.8324659197943568	2.071276439254438	0.6666666666666666	0.2866872528136605	2.402500754017724	0.4827940785924031	-1.91970667542532	0.9764372948344636	0.199443332446459	-1.579473337262072
8	0	1.000000000000001	2.000000000000001	1	0.3333333333333334	7.999999999999995	0	-7.999999999999995	1	0.0001524157902758061	-6.582144480638972
1	0	1.000000000000001	1.936579621499604	1	0.3405322275884136	0.9999999999999993	0	-0.9999999999999993	1	0.3405322275884135	-0.8227680600798715
2	0	0.8100836310847442	2.189916368915258	1	0.2700278770282479	2.468880894830446	0	-2.468880894830446	1	0.07291505437238244	-2.031316344407904
0	5	0.1684538253378298	2.831500116754744	0	0.05615213719592219	0	1.765848417386127	1.765848417386127	0.7490485779121751	0.2509514220878249	1.452883676767896
0	1	0.9998929854801623	2.000107014519839	0	0.3332976618267205	0	0.499973247801477	0.499973247801477	0.6667023381732795	0.3332976618267205	0.4113620191854544
3	1	1.68166417096883	1.20034870480165	0.75	0.5835033511150612	1.783947146992886	0.8330912475681335	-0.9508558994247521	0.884075983952424	0.4469038749761228	-0.7823338637852052
1	0	0.9266374350989771	2.073362564901025	1	0.3088791450329922	1.079170732934167	0	-1.079170732934167	1	0.3088791450329922	-0.8879072104312185
2	3	0.8102682368438007	2.189731763156201	0.4	0.2700894122812667	2.468318402545933	1.370030818603968	-1.098287583941966	0.8741725783074225	0.4095044114330372	-0.9036359448497409
2	1	0.8100836310847442	2.189888083683776	0.6666666666666666	0.2700304229859217	2.468880894830446	0.4566443406175463	-2.012236554212899	0.9803103457432489	0.1793699795003646	-1.655603966131553
1	1	0.9998370331341493	2.000069424458911	0.5	0.3332894032757132	1.000162993428379	0.4999826444877209	-0.500180348940658	0.888918173664119	0.5554969802155454	-0.4115324153879786
5	0	1	1.999768635215219	1	0.3333590425143754	4.999999999999999	0	-4.999999999999999	1	0.004116813568752264	-4.113840300399359
3	0	0.8100836310847441	2.189916368915257	1	0.2700278770282479	3.703321342245669	0	-3.703321342245669	1	0.01968909733557367	-3.046974516611857
2	0	1.809513084548834	1.189840774176057	1	0.6033009674017283	1.10526970878393	0	-1.10526970878393	1	0.3639720572678612	-0.909380614161199
0	0	0.9266374350989771	2.073362564901025	0	0.3088791450329922	0	0	0	0	0	0
3	0	1	2.000000000000001	1	0.3333333333333333	2.999999999999999	0	-2.999999999999999	1	0.03703703703703698	-2.468304180239615
2	0	1	2.000000000000001	1	0.3333333333333333	1.999999999999999	0	-1.999999999999999	1	0.1111111111111109	-1.645536120159743
3	0	0.9482641787697595	2.051572079143452	1	0.3161053128377762	3.163675341920098	0	-3.163675341920098	1	0.03158605487142752	-2.602971023794125
0	0	1	2.000000000000001	0	0.3333333333333333	0	0	0	0	0	0
2	0	0.8100836310847442	2.000000000000001	1	0.2882774100114724	2.468880894830446	0	-2.468880894830446	0.9999999999999999	0.08310386512292267	-2.031316344407904
3	0	0.8100836310847443	2.189916368915258	1	0.2700278770282479	3.703321342245668	0	-3.703321342245668	1	0.01968909733557367	-3.046974516611856
1	0	0.8323125662267176	2.071429792822077	1	0.2866344404258255	1.201471707358081	0	-1.201471707358081	1	0.2866344404258254	-0.9885325459038597
0	3	0.1687865391975797	2.831213460802421	0	0.05626217973252655	0	1.059616324072485	1.059616324072485	0.8405316652542206	0.1594683347457794	0.8718184673860835
2	9	1.122510937647907	1.0842913888013	0.1818181818181818	0.5086594862594926	1.78171983267332	8.30035181774304	6.518631985069721	0.02874095605369048	0.9950088554128285	5.363322192730419
0	6	0.8106811782451658	2.189318821754835	0	0.2702270594150551	0	2.740578457728115	2.740578457728115	0.1510520195588412	0.8489479804411588	2.254860421161649
5	0	1	1.999275164111683	1	0.3334138901177404	4.999999999999998	0	-4.999999999999998	1	0.004120201382522115	-4.113840300399358
2	1	0.8324388946973752	2.071303464351419	0.6666666666666666	0.2866779458250783	2.402578751113113	0.4827877793914312	-1.919790971721682	0.9764395895724398	0.1994319130123392	-1.579542693562301
2	1	0.8101296264686082	2.189870373531393	0.6666666666666666	0.2700432088228693	2.468740723281644	0.4566480336401813	-2.012092689641463	0.980307548718086	0.179385101330227	-1.655485598957199
0	0	1	1.810083631084745	0	0.3558612949942638	0	0	0	0	0	0
0	2	0.1691114839318552	2.830888516068146	0	0.05637049464395171	0	0.706491968386598	0.706491968386598	0.8904366433785004	0.1095633566214996	0.5812790262914515
0	1	8.132686975647761e-05	2.999918673130245	0	2.710895658549252e-05	0	0.3333423698971668	0.3333423698971668	0.9999728910434145	2.710895658553092e-05	0.274263455022719
3	4	0.9036324676152578	2.000343599507655	0.4285714285714285	0.3111707695685396	3.319933830971331	1.999656459512516	-1.320277371458815	0.8590206809555543	0.3783957098428438	-1.086282051682521
0	1	1	1.810360644728743	0	0.3558262182028672	0	0.552376126221986	0.552376126221986	0.6441737817971328	0.3558262182028672	0.4544774338060979
1	1	0.8100836310847441	2.189916368915257	0.5	0.270027877028248	1.234440447415223	0.456638442542596	-0.7778020048726271	0.9270849456276173	0.4671406996841134	-0.6399506466752866
1	2	1	2.000000000000001	0.3333333333333333	0.3333333333333333	0.9999999999999996	0.9999999999999996	0	0.7407407407407408	0.7037037037037037	0
2	0	1	2	1	0.3333333333333333	2	0	-2	1	0.1111111111111109	-1.645536120159744
1	1	0.9259355484873103	2.074064451512692	0.5	0.3086451828291032	1.079988776361041	0.4821450940305462	-0.5978436823304951	0.9047381511163894	0.5220285167745959	-0.4918866867420687
3	2	0.9992601594413878	1.999476460967653	0.6	0.3332270505654092	3.002221164983779	1.000261838057395	-2.001959326926384	0.9547849746896592	0.2097191123636795	-1.647148191774027
2	1	0.8323791704492346	2.07136318859956	0.6666666666666666	0.2866573777991463	2.402751139148041	0.4827738590237746	-1.919977280124267	0.9764446603116402	0.1994066773633285	-1.579695982165272
2	0	0.8100836310847442	2.073362564901025	1	0.2809428635125961	2.468880894830446	0	-2.468880894830446	1	0.0789288925586572	-2.031316344407904
4	5	0.8436521590691037	2.10470244908949	0.4444444444444444	0.2861433820526799	4.741290538998501	2.375632718136969	-2.365657820861532	0.9172765582059665	0.2393121060199546	-1.94638769608302
2	0	1	1.999907804479661	1	0.3333435775948628	1.999999999999999	0	-1.999999999999999	1	0.1111179407237423	-1.645536120159743
2	3	0.8514347979575343	2.092081247218156	0.4	0.2892577396861835	2.348976110440521	1.433978725247456	-0.9149973851930648	0.8508380698359004	0.4495664023063952	-0.7528306235934533
1	0	0.8100836310847441	2.073362564901024	1	0.2809428635125961	1.234440447415223	0	-1.234440447415223	1	0.2809428635125961	-1.015658172203952
2	2	0.9257701169767281	2.074229883023273	0.5	0.3085900389922425	2.160363532289599	0.9642132804898749	-1.196150251799724	0.9096595915524694	0.3634810474670102	-0.9841542222373098
2	0	1.000000000000001	2.000000000000001	1	0.3333333333333334	1.999999999999999	0	-1.999999999999999	1	0.111111111111111	-1.645536120159743
0	0	1	2.000000000000001	0	0.3333333333333333	0	0	0	0	0	0
2	0	0.8100836310847442	2.189916368915258	1	0.2700278770282479	2.468880894830446	0	-2.468880894830446	1	0.07291505437238244	-2.031316344407904
4	0	1	1.936796264208988	1	0.3405071070768832	3.999999999999998	0	-3.999999999999998	0.9999999999999997	0.01344326388812112	-3.291072240319487
1	0	0.8100836310847442	2.189916368915257	1	0.270027877028248	1.234440447415223	0	-1.234440447415223	1	0.270027877028248	-1.015658172203952
5	0	0.9266374350989771	2.073362564901025	1	0.3088791450329922	5.395853664670836	0	-5.395853664670836	1	0.002811531363272057	-4.439536052156092
1	3	1.000000000000001	2.000000000000001	0.25	0.3333333333333334	0.9999999999999993	1.499999999999999	0.4999999999999998	0.5925925925925926	0.8024691358024691	0.4113840300399358
0	0	0.8100836310847442	2.189916368915257	0	0.270027877028248	0	0	0	0	0	0
0	0	0.8100836310847442	2.189916368915257	0	0.270027877028248	0	0	0	0	0	0
2	1	0.8330473551505054	2.070695003898288	0.6666666666666666	0.286887489365067	2.400823899907422	0.4829296434855935	-1.917894256421829	0.976387888267799	0.1996890711981724	-1.577982136794517
0	0	1	2.000000000000001	0	0.3333333333333333	0	0	0	0	0	0
3	0	0.810083631084745	2.189916368915259	1	0.270027877028248	3.703321342245665	0	-3.703321342245665	1	0.01968909733557378	-3.046974516611853
0	0	0.8323027322796278	1.357613636635629	0	0.3800614233921164	0	0	0	0	0	0
1	0	0.8100836310847443	2.189916368915257	1	0.2700278770282479	1.234440447415223	0	-1.234440447415223	1	0.2700278770282479	-1.015658172203952
3	3	0.9973713894831705	2.002628610516831	0.5	0.3324571298277233	3.007906614961729	1.498031129808822	-1.509875485152907	0.9007259377071211	0.3178862822152471	-1.242277323881413
0	0	0.8100836310847442	2.189916368915257	0	0.270027877028248	0	0	0	0	0	0
6	1	0.943632695779515	2.05475065917957	0.8571428571428571	0.3147138254415742	6.358406217626369	0.4866770552098446	-5.871729162416524	0.9996942188188885	0.004966629203697503	-4.831071212275855
4	4	0.9247930251802152	2.075206974819787	0.5	0.3082643417267382	4.3252921368222	1.927518579368385	-2.397773557453815	0.9353607266912839	0.2093670393024917	-1.972811498377089
1	0	1	2.000000000000001	1	0.3333333333333333	0.9999999999999996	0	-0.9999999999999996	1	0.3333333333333333	-0.8227680600798717
6	0	0.8100836310847449	2.000000000000003	1	0.2882774100114724	7.406642684491331	0	-7.406642684491331	0.9999999999999998	0.0005739362678190973	-6.093949033223708
1	0	1	2.000000000000001	1	0.3333333333333333	0.9999999999999996	0	-0.9999999999999996	1	0.3333333333333333	-0.8227680600798717
0	6	1	2	0	0.3333333333333333	0	3	3	0.08779149519890264	0.9122085048010974	2.468304180239616
5	0	0.8100836310847442	2.073362564901025	1	0.2809428635125961	6.172202237076114	0	-6.172202237076114	0.9999999999999999	0.001750209445451012	-5.07829086101976
2	0	1	2.000000000000001	1	0.3333333333333333	1.999999999999999	0	-1.999999999999999	1	0.1111111111111109	-1.645536120159743
1	0	0.9039293195811849	2.000256192935257	1	0.3112505436327795	1.106281186302627	0	-1.106281186302627	1	0.3112505436327795	-0.9102128255570722
1	0	0.8100836310847442	2.000000000000001	1	0.2882774100114724	1.234440447415223	0	-1.234440447415223	1	0.2882774100114724	-1.015658172203952
6	0	1.000000000000001	2.000000000000002	1	0.3333333333333333	5.999999999999995	0	-5.999999999999995	1	0.001371742112482699	-4.936608360479227
3	1	0.8728992889353565	2.03107829425295	0.75	0.3005874749132849	3.436822595718907	0.4923493116092847	-2.944473284109622	0.9918363660974843	0.08414481446619937	-2.422618571923884
4	2	0.8270781791809897	1.561244807733398	0.6666666666666666	0.3463008076012113	4.836302178786752	1.281029080188637	-3.555273098598114	0.9787410213041661	0.1134441725618094	-2.925165150387726
3	9	0.8104985421492963	2.189501457850706	0.25	0.2701661807164318	3.701425535010266	4.110524780757499	0.4090992457472331	0.5857324339720997	0.6691450589086611	0.3365937928035898
5	0	1	2.000000000000001	1	0.3333333333333333	4.999999999999998	0	-4.999999999999998	1	0.004115226337448097	-4.113840300399358
8	0	1.809928982042531	1.18992918700879	1	0.60333818468988	4.420062930299002	0	-4.420062930299002	0.9999999999999999	0.01755846305404174	-3.636686602593064
0	0	0.8323027322796278	2.071439626769167	0	0.2866310537799479	0	0	0	0	0	0
1	0	1.683305567565458	1.20042437499717	1	0.5837251064049317	0.5940692048243424	0	-0.5940692048243424	1	0.5837251064049317	-0.4887811672065164
1	0	1	2.000000000000001	1	0.3333333333333333	0.9999999999999996	0	-0.9999999999999996	1	0.3333333333333333	-0.8227680600798717
2	0	1	2.000000000000001	1	0.3333333333333333	1.999999999999999	0	-1.999999999999999	1	0.1111111111111109	-1.645536120159743
9	0	1.000000000000001	1.949228253361788	1	0.3390717550803719	8.999999999999988	0	-8.999999999999988	0.9999999999999992	5.924129291001723e-05	-7.404912540718838
0	0	0	3.000000000000001	0	0	0	0	0	0	0	0
4	0	1.0914529849345	1.184232554449315	1	0.4796150285465325	3.664839489389502	0	-3.664839489389502	0.9999999999999998	0.05291406571440593	-3.01531287718911
3	0	0.8100836310847443	2.189916368915258	1	0.2700278770282479	3.703321342245668	0	-3.703321342245668	1	0.01968909733557367	-3.046974516611856
2	4	0.9997522333640435	2.000201648992834	0.3333333333333333	0.3332558674464022	2.000495656078952	1.999798371336274	-0.0006972847426782725	0.6805370979336485	0.6486809823892212	-0.000573703615056695
1	0	1	2.000000000000001	1	0.3333333333333333	0.9999999999999996	0	-0.9999999999999996	1	0.3333333333333333	-0.8227680600798717
1	0	0.8729028056618495	2.063553467370054	1	0.297264023196427	1.145602916514609	0	-1.145602916514609	1	0.297264023196427	-0.9425654892425687
1	2	0.8331468941221594	2.070595464926636	0.3333333333333333	0.2869217689117159	1.200268532542085	0.9659057183682487	-0.2343628141738363	0.8002688492125106	0.6374135791282609	-0.1928262379726668
0	0	0.8323027322796278	1.357613636635629	0	0.3800614233921164	0	0	0	0	0	0
3	0	1	2	1	0.3333333333333333	3	0	-3	1	0.03703703703703698	-2.468304180239616
0	0	0.9037423590487936	2.000000000000001	0	0.3112336589479105	0	0	0	0	0	0
1	0	1	2.000000000000001	1	0.3333333333333333	0.9999999999999996	0	-0.9999999999999996	1	0.3333333333333333	-0.8227680600798717
0	0	0.1676972677203726	2.832302732279629	0	0.05589908924012416	0	0	0	0	0	0
2	0	0.8100836310847442	2.189916368915258	1	0.2700278770282479	2.468880894830446	0	-2.468880894830446	1	0.07291505437238244	-2.031316344407904
11	0	1	1.999861110452749	1	0.333348766219739	11	0	-11	1.000000000000001	5.647904864680697e-06	-9.05044866087859
1	0	1	2.000000000000001	1	0.3333333333333333	0.9999999999999996	0	-0.9999999999999996	1	0.3333333333333333	-0.8227680600798717
2	0	0.3335233115146726	2.666476688485331	1	0.1111744371715574	5.996582340578057	0	-5.996582340578057	1	0.01235975548041246	-4.933796419466627
11	0	1.000000000000001	2.000000000000002	1	0.3333333333333333	10.99999999999999	0	-10.99999999999999	1	5.645029269252255e-06	-9.050448660878581
3	0	1	2.000000000000001	1	0.3333333333333333	2.999999999999999	0	-2.999999999999999	1	0.03703703703703698	-2.468304180239615
1	0	0.8100836310847442	2.189916368915257	1	0.270027877028248	1.234440447415223	0	-1.234440447415223	1	0.270027877028248	-1.015658172203952
0	0	0.1676972677203726	2.832302732279629	0	0.05589908924012416	0	0	0	0	0	0
0	0	0.8323027322796278	2.104153540752276	0	0.283437809009249	0	0	0	0	0	0
1	0	0.8100836310847443	2.189916368915257	1	0.2700278770282479	1.234440447415223	0	-1.234440447415223	1	0.2700278770282479	-1.015658172203952
1	0	1	2.000000000000001	1	0.3333333333333333	0.9999999999999996	0	-0.9999999999999996	1	0.3333333333333333	-0.8227680600798717
0	0	0	1.25417490787239	0	0	0	0	0	0	0	0
8	0	0.8717777924686411	2.064678480563263	1	0.2968809038550833	9.176650367917889	0	-9.176650367917889	0.9999999999999999	6.034733673199177e-05	-7.550254821243045
5	0	1	1.93699490264419	1	0.3404840774833132	4.999999999999998	0	-4.999999999999998	1	0.004575979141070441	-4.113840300399358
0	1	0.005749088032106728	2.994250911967895	0	0.001916362677368909	0	0.3339733473915102	0.3339733473915102	0.9980836373226311	0.001916362677368944	0.2747826031516941
2.5	15.5	0.9145721286176842	2.08145736869279	0.1388888888888889	0.3052613899291354	2.733518682423207	7.446705482963798	4.713186800540591	0.1038620871772249	0.9663381239876053	3.877859560674841
1	0	0.8100836310847442	2.189916368915258	1	0.2700278770282479	1.234440447415223	0	-1.234440447415223	1	0.2700278770282479	-1.015658172203952
0	0	1	2.000000000000001	0	0.3333333333333333	0	0	0	0	0	0
0	0	0	1.25417490787239	0	0	0	0	0	0	0	0
5	0	0.8100836310847443	2.000000000000001	1	0.2882774100114724	6.172202237076113	0	-6.172202237076113	0.9999999999999999	0.001990916554287403	-5.078290861019759
3	0	1	2.000000000000001	1	0.3333333333333333	2.999999999999999	0	-2.999999999999999	1	0.03703703703703698	-2.468304180239615
1	0	0.8100836310847442	2.189916368915257	1	0.270027877028248	1.234440447415223	0	-1.234440447415223	1	0.270027877028248	-1.015658172203952
1	0	0.9442929431663153	2.055566664464075	1	0.3147790452474604	1.058993405845958	0	-1.058993405845958	1	0.3147790452474604	-0.8713059501652555
1	0	0.8100836310847441	2.189916368915257	1	0.2700278770282479	1.234440447415223	0	-1.234440447415223	1	0.2700278770282479	-1.015658172203952
2	2	0.8337669183234053	1.357329895637012	0.5	0.3805249101779158	2.398751924604702	1.473481138541765	-0.9252707860629366	0.8425016099197322	0.4908980321604207	-0.7612832496975805
2	0	0.8100836310847443	2.189916368915257	1	0.2700278770282479	2.468880894830445	0	-2.468880894830445	1	0.07291505437238244	-2.031316344407904
3	0	1	2	1	0.3333333333333333	3	0	-3	1	0.03703703703703698	-2.468304180239616
12	0	0.8722914343416511	2.064164838690253	1	0.2970558228136005	13.75687015550808	0	-13.75687015550808	0.9999999999999999	4.721248250127985e-07	-11.31871337061807
3	0	1	1.938153433631999	1	0.3403498226312334	2.999999999999999	0	-2.999999999999999	1	0.03942544335471232	-2.468304180239615
4	4	0.8203818252801404	2.10622006961617	0.5	0.280318900466374	4.875778420169288	1.899136779533653	-2.976641640635635	0.9560121906314648	0.1599370618479534	-2.449085668218749
4	0	1	1.93676505311922	1	0.3405107258879536	3.999999999999998	0	-3.999999999999998	1	0.01344383538171623	-3.291072240319487
2	0	0.8331992462526213	1.356717122662636	1	0.3804708061364618	2.400386232939067	0	-2.400386232939067	0.9999999999999998	0.1447580343221293	-1.974961124317708
0	0	1	2.000000000000001	0	0.3333333333333333	0	0	0	0	0	0
1	0	1	2.000000000000001	1	0.3333333333333333	0.9999999999999996	0	-0.9999999999999996	1	0.3333333333333333	-0.8227680600798717
2	0	0.8100836310847441	2.189916368915257	1	0.2700278770282479	2.468880894830446	0	-2.468880894830446	1	0.07291505437238244	-2.031316344407905
1	1	0.9999539354483854	2.000046064551616	0.5	0.333317978482795	1.000046066673655	0.4999884841273328	-0.5000575825463225	0.888899125220143	0.555535082185733	-0.4114314071198682
1	0	0.8323224259533614	2.071419933095433	1	0.2866378359497476	1.201457474673444	0	-1.201457474673444	1	0.2866378359497476	-0.9885208357055314
0	0	0.8100836310847442	2.189916368915257	0	0.270027877028248	0	0	0	0	0	0
2	0	1	2.000000000000001	1	0.3333333333333333	1.999999999999999	0	-1.999999999999999	1	0.1111111111111109	-1.645536120159743
1	0	0.8323125747969574	1.357603794118299	1	0.3800659178639006	1.201471694986646	0	-1.201471694986646	1	0.3800659178639005	-0.9885325357250384
2	1	1	2.000000000000001	0.6666666666666666	0.3333333333333333	1.999999999999999	0.4999999999999998	-1.499999999999999	0.962962962962963	0.2592592592592592	-1.234152090119808
1	0	1	2.000000000000001	1	0.3333333333333333	0.9999999999999996	0	-0.9999999999999996	1	0.3333333333333333	-0.8227680600798717
7	2	0.9242039730768592	2.075796026923143	0.7777777777777778	0.3080679910256194	7.574085595732298	0.9634858021019087	-6.61059979363039	0.9994697892709985	0.00506916052665296	-5.438990368169678
5	2	0.8100836310847449	2.189916368915259	0.7142857142857143	0.2700278770282479	6.172202237076109	0.9132768850851911	-5.258925351990918	0.9979144510610187	0.0181503316175734	-4.326875809962425
1	0	0.8323520715372523	1.357564297378005	1	0.3800839535938743	1.201414682795374	0	-1.201414682795374	1	0.3800839535938743	-0.9884856279150243
5	0	0.9247925001693262	2.075207499830675	1	0.3082641667231086	5.406618240399352	0	-5.406618240399352	0.9999999999999998	0.002783653801317398	-4.448392801245826
2	1	0.8100836310847441	2.189916368915257	0.6666666666666666	0.2700278770282479	2.468880894830446	0.4566384425425959	-2.01224245228785	0.9803109026644263	0.1793669684460002	-1.655608818879239
5	0	1.000000000000001	1.997376571699423	1	0.3336250804926491	4.999999999999996	0	-4.999999999999996	0.9999999999999999	0.004133266973555205	-4.113840300399358
4	0	0.8728238233187645	2.03091853573003	1	0.3005858355851803	4.582826331195543	0	-4.582826331195543	1	0.008163455814389819	-3.770603130200714
2	0	1.809991156192277	1.189924033701305	1	0.6033474420510149	1.104977774702198	0	-1.104977774702198	1	0.3640281358295028	-0.909140420123101
3	0	0.8100836310847442	2.189916368915258	1	0.2700278770282479	3.703321342245669	0	-3.703321342245669	1	0.01968909733557367	-3.046974516611856
10	1	1.033304433012364	1.530165991903781	0.9090909090909091	0.4030881039113859	9.677690020981789	0.6535238694959058	-9.024166151485883	0.9999543543081467	0.000789182944086475	-7.424795678296484
4	0	1.682799080612319	1.200291055936491	1	0.5836789697552454	2.376992028391484	0	-2.376992028391484	0.9999999999999998	0.1160636389708285	-1.955713120024982
5	1	0.9259357510357192	2.074064248964282	0.8333333333333334	0.3086452503452395	5.399942700567697	0.4821451411157423	-4.917797559451954	0.999135514747908	0.01248298871596065	-4.046206757855813
5	0	1	1.999644955177861	1	0.3333727874273395	4.999999999999998	0	-4.999999999999998	0.9999999999999997	0.004117662351946771	-4.113840300399358
0	1	0.8324243604305093	2.071317998618285	0	0.2866729404681738	0	0.482784391709564	0.482784391709564	0.7133270595318262	0.2866729404681738	0.397219577403719
1	0	1	2.000000000000001	1	0.3333333333333333	0.9999999999999996	0	-0.9999999999999996	1	0.3333333333333333	-0.8227680600798717
2	0	0.8100836310847443	2.189916368915257	1	0.2700278770282479	2.468880894830445	0	-2.468880894830445	1	0.07291505437238244	-2.031316344407904
1	0	0.8729026925113283	2.063553580520575	1	0.2972639846634095	1.145603065014056	0	-1.145603065014056	1	0.2972639846634095	-0.9425656114231706
0	0	0.8323027322796278	2.071439626769167	0	0.2866310537799479	0	0	0	0	0	0
3	0	0.8100836310847442	2.189916368915258	1	0.2700278770282479	3.703321342245669	0	-3.703321342245669	1	0.01968909733557367	-3.046974516611856
2	0	0.8100836310847443	2.189916368915258	1	0.2700278770282479	2.468880894830445	0	-2.468880894830445	1	0.07291505437238244	-2.031316344407904
1	0	0.8728433083531664	1.317073060562091	1	0.3985738089101167	1.145681006464661	0	-1.145681006464661	1	0.3985738089101167	-0.9426297391592844
1	0	0.9266374350989771	2.073362564901025	1	0.3088791450329921	1.079170732934167	0	-1.079170732934167	1	0.3088791450329922	-0.8879072104312185
4	0	0.83268682375516	2.103769449276744	1	0.2835686100291925	4.803726786454044	0	-4.803726786454044	1	0.006465954104766802	-3.952352969244512
8	0	0.8327266711167806	2.071015687932015	1	0.2867770511807957	9.606993840213015	0	-9.606993840213015	0.9999999999999998	4.574621407671398e-05	-7.904327685111342
1	0	0.8323618868514572	2.104094386180447	1	0.2834579538935343	1.201400515565004	0	-1.201400515565004	1	0.2834579538935343	-0.9884739715703763
3	0	0.8100836310847442	2.189916368915257	1	0.270027877028248	3.703321342245669	0	-3.703321342245669	1	0.01968909733557378	-3.046974516611856
2	0	1	1.810349356525528	1	0.3558276474339523	1.999999999999999	0	-1.999999999999999	1	0.126613314678381	-1.645536120159743
1	0	0.8323322551637318	2.104124017868172	1	0.2834478629250438	1.201443286375206	0	-1.201443286375206	1	0.2834478629250438	-0.9885091620269141
5	2	0.9997803852872075	2.000219614712795	0.7142857142857143	0.3332601284290689	5.001098314770045	0.9998902046999342	-4.001208110070111	0.993149720403526	0.04522532793899492	-3.292066234698237
2	0	0.8323520334695123	2.104104239562392	1	0.2834545983584851	2.402829475484494	0	-2.402829475484494	1	0.08034650933057008	-1.976971346247113
4	0	1.000000000000001	1.984174573177726	1	0.3351010389902027	3.999999999999996	0	-3.999999999999996	0.9999999999999996	0.01260965189543561	-3.291072240319485
3	0	0.904727901027006	2.001350493010407	1	0.3113226067415435	3.315914095933746	0	-3.315914095933746	0.9999999999999999	0.03017393667559931	-2.728228208102911
5	4	0.9259691578690022	2.074030842131001	0.5555555555555556	0.3086563859563338	5.399747883079444	1.928611628499279	-3.471136254580165	0.9708697748810393	0.1097650600604447	-2.855940042453835
3	0	0.8727449636597648	1.317171405255492	1	0.3985289009424895	3.437430320330711	0	-3.437430320330711	1	0.06329646622766605	-2.828207876318232
3	0	0.8100836310847443	2.189916368915258	1	0.2700278770282479	3.703321342245668	0	-3.703321342245668	1	0.01968909733557367	-3.046974516611856
3	1	1.001092596001977	1.998907403998026	0.75	0.3336975320006587	2.996725789383498	0.5002732983028099	-2.496452491080688	0.9876002771379916	0.1114351085411305	-2.054001373168021
1	0	0.8728632215406448	2.063593051491259	1	0.2972505429612305	1.145654869310398	0	-1.145654869310398	1	0.2972505429612304	-0.9426082343435751
2	2	0.8326276918926456	2.071114667156149	0.5	0.2867429644017719	2.402033969653112	0.965663578031729	-1.436370391621383	0.9259753605337998	0.3249987480517291	-1.181799680670492
0	0	0.8100836310847442	2.000000000000001	0	0.2882774100114724	0	0	0	0	0	0
2	2	0.9997329359136239	2.000267064086378	0.5	0.3332443119712078	2.00053427085731	0.9998664857852371	-1.000667785072073	0.8889680031389502	0.4072491472108954	-0.8233174923081721
3	0	0.8726563031554729	2.06379996987643	1	0.2971800776227639	3.437779557830706	0	-3.437779557830706	0.9999999999999999	0.02624575530022244	-2.82849521777861
2	0	0.8100836310847441	2.189916368915257	1	0.2700278770282479	2.468880894830446	0	-2.468880894830446	1	0.07291505437238244	-2.031316344407905
5	0	1.000000000000001	2.000000000000001	1	0.3333333333333334	4.999999999999996	0	-4.999999999999996	1	0.004115226337448541	-4.113840300399358
2	0	0.8324210796262268	2.071321279422568	1	0.286671810614393	2.402630169935195	0	-2.402630169935195	0.9999999999999999	0.08218072700093448	-1.976807364006954
1	2	0.1689247388490328	2.831075261150969	0.3333333333333333	0.05630824628301091	5.919796039428511	0.7064453663400327	-5.213350673088478	0.9908452081475321	0.1595914150235964	-4.289378419813103
3	0	0.8100836310847443	2.189916368915258	1	0.2700278770282479	3.703321342245668	0	-3.703321342245668	1	0.01968909733557367	-3.046974516611856
3	1	1.001932827821565	1.998067172178436	0.75	0.3339776092738549	2.994212702385147	0.500483674385045	-2.493729028000102	0.9875585956157609	0.1116846310184775	-2.051760594732509
0	1	0.0007281233488534597	1.254717960536129	0	0.0005799718189412638	0	0.7969918590889618	0.7969918590889618	0.9994200281810587	0.0005799718189413161	0.6557394458020758
0	0	1	1.810083631084745	0	0.3558612949942638	0	0	0	0	0	0
1	0	0.8100836310847443	2.000000000000001	1	0.2882774100114724	1.234440447415223	0	-1.234440447415223	1	0.2882774100114724	-1.015658172203952
4	0	0.8100836310847443	2.189916368915257	1	0.2700278770282479	4.937761789660891	0	-4.937761789660891	1	0.005316605154127241	-4.062632688815808
9	0	1	2.000000000000001	1	0.3333333333333333	8.999999999999996	0	-8.999999999999996	1.000000000000001	5.080526342449154e-05	-7.404912540718845
1	0	0.8728631784462975	2.063593094585606	1	0.2972505282856	1.145654925872812	0	-1.145654925872812	1	0.2972505282855999	-0.9426082808813231
1	2	1.000813212194237	1.999186787805764	0.3333333333333333	0.3336044040647456	0.9991874485824837	1.000406771492887	0.001219322910403386	0.7403792396593525	0.7040649844068221	0.001003219945603538
0	1	0.999861682996535	2.000138317003466	0	0.3332872276655115	0	0.4999654231404172	0.4999654231404172	0.6667127723344886	0.3332872276655114	0.4113555813042534
0	0	1	2.000000000000001	0	0.3333333333333333	0	0	0	0	0	0
2	2	1	2.000000000000001	0.5	0.3333333333333333	1.999999999999999	0.9999999999999996	-0.9999999999999996	0.8888888888888891	0.4074074074074072	-0.8227680600798717
8	0	1.809173281232134	1.19071353444485	1	0.6030805134972594	4.421909212892873	0	-4.421909212892873	1.000000000000001	0.017498562279046	-3.638205664941183
7	0	0.8716510401013067	2.064805232930597	1	0.2968377387759714	8.03073670305772	0	-8.03073670305772	1	0.0002030644046537855	-6.607433658187027
4	0	0.8100836310847441	2.189916368915257	1	0.2700278770282479	4.937761789660892	0	-4.937761789660892	1	0.005316605154127241	-4.06263268881581
0	0	0.8323027322796278	1.357613636635629	0	0.3800614233921164	0	0	0	0	0	0
7	1	0.8101160113812386	2.188703439147873	0.875	0.2701449769636188	8.640737748245563	0.4568915012027988	-8.183846247042764	0.9999716354972846	0.0006414271630684754	-6.733407300671316
1	0	1	2.000000000000001	1	0.3333333333333333	0.9999999999999996	0	-0.9999999999999996	1	0.3333333333333333	-0.8227680600798717
2	0	0.926637435098977	2.073362564901024	1	0.3088791450329922	2.158341465868335	0	-2.158341465868335	1	0.09540632623631207	-1.775814420862437
1	2	0.8100890313592894	2.189895524560943	0.3333333333333333	0.2700310672468773	1.234432218298338	0.9132855780418953	-0.3211466402564432	0.8206292585419629	0.611032665093882	-0.2642291982049623
5	0	1.809917336119007	1.189894335612496	1	0.6033436542615743	2.762557107012116	0	-2.762557107012116	1	0.07995097176403321	-2.272943751796222
2	0	1	2.000000000000001	1	0.3333333333333333	1.999999999999999	0	-1.999999999999999	1	0.1111111111111109	-1.645536120159743
5	0	0.8100836310847448	2.189916368915259	1	0.2700278770282479	6.17220223707611	0	-6.17220223707611	1	0.001435631602766385	-5.078290861019758
0	1	1	1.810452487689289	0	0.3558145901346245	0	0.5523481045759543	0.5523481045759543	0.6441854098653754	0.3558145901346246	0.4544543784907522
2	0	0.8323618886777994	2.104094384354104	1	0.2834579545154889	2.402801025857857	0	-2.402801025857857	0.9999999999999999	0.08034841197810505	-1.976947938802996
0	0	0	3.000000000000001	0	0	0	0	0	0	0	0
2	0	0.8100836310847442	2.189916368915257	1	0.270027877028248	2.468880894830446	0	-2.468880894830446	1	0.07291505437238266	-2.031316344407904
0	0	0.8323027322796278	2.071439626769167	0	0.2866310537799479	0	0	0	0	0	0
7	1	1.805664800515535	1.19229826460983	0.875	0.6022972135715848	3.876688518268413	0.8387163092342856	-3.037972209034128	0.9826824347818788	0.1087972371968334	-2.499546501003572
1	0	0.8100836310847442	2.189916368915257	1	0.270027877028248	1.234440447415223	0	-1.234440447415223	1	0.270027877028248	-1.015658172203952
1	0	0.8323125764482731	2.104143696583631	1	0.283441161406741	1.201471692602915	0	-1.201471692602915	1	0.283441161406741	-0.988532533763781
1	4	0.8364997720609698	2.067242586987827	0.2	0.2880764436466702	1.195457588154744	1.934944657766744	0.7394870696120004	0.5528883308263695	0.8171197459971722	0.6084263417188148
1	0	1	2.000000000000001	1	0.3333333333333333	0.9999999999999996	0	-0.9999999999999996	1	0.3333333333333333	-0.8227680600798717
5	1	0.872722757965596	2.031042932193949	0.8333333333333334	0.3005486155178191	5.729196304741153	0.4923578837990351	-5.236838420942118	0.9992629645275145	0.01102862468683785	-4.308703388550287
8	0	0.8723825158495978	2.031359843199197	1	0.3004338567197718	9.170289241994887	0	-9.170289241994887	1.000000000000001	6.637292903399761e-05	-7.545021090007453
3	2	0.833063228195346	1.358113164036019	0.6	0.3801899432418599	3.601167232526709	1.472631333648539	-2.12853589887817	0.9273079502705237	0.2838070594093873	-1.751291352330358
3	0	1.809991164685466	1.189924032997347	1	0.6033474433155761	1.657466654275812	0	-1.657466654275812	1	0.2196354459683374	-1.363710623785586
8	0	0.9433750936501745	2.054308930766723	1	0.3147013114011166	8.480189962452609	0	-8.480189962452609	1	9.620295705103921e-05	-6.977229444515936
0	0	0.8323027322796278	2.104153540752276	0	0.283437809009249	0	0	0	0	0	0
0	0	0.8100836310847442	2.189916368915257	0	0.270027877028248	0	0	0	0	0	0
2	0	1	2.000000000000001	1	0.3333333333333333	1.999999999999999	0	-1.999999999999999	1	0.1111111111111109	-1.645536120159743
3	0	0.8727744394634102	2.063681833568494	1	0.297220308532729	3.43731422960144	0	-3.43731422960144	1	0.02625641584222516	-2.828112360574116
1	0	0.8100836310847442	2.189916368915257	1	0.270027877028248	1.234440447415223	0	-1.234440447415223	1	0.270027877028248	-1.015658172203952
0	4	0.004962080922095153	2.995037919077906	0	0.001654026974031717	0	1.335542356415807	1.335542356415807	0.9934002888423601	0.006599711157639909	1.098841593742734
3	0	1.000000000000001	1.985701782198418	1	0.3349296322768329	2.999999999999997	0	-2.999999999999997	1	0.03757168892282881	-2.468304180239613
1	0	0.8100836310847442	2.189916368915257	1	0.270027877028248	1.234440447415223	0	-1.234440447415223	1	0.270027877028248	-1.015658172203952
3	0	1.000000000000001	2.000000000000001	1	0.3333333333333334	2.999999999999998	0	-2.999999999999998	0.9999999999999999	0.0370370370370372	-2.468304180239615
3	0	0.8100836310847442	2.073362564901025	1	0.2809428635125961	3.703321342245669	0	-3.703321342245669	1	0.02217450908930707	-3.046974516611856
1	0	0.8100836310847441	2.189916368915257	1	0.270027877028248	1.234440447415223	0	-1.234440447415223	1	0.270027877028248	-1.015658172203952
1	2	0.8341030012417511	2.070674969504632	0.3333333333333333	0.2871486253482665	1.198892700914963	0.9658686319458722	-0.2330240689690912	0.7999902976543459	0.6377595253128737	-0.1917247611776175
1	0	0.1754499552157401	2.824550044784262	1	0.05848331840524665	5.699630978932775	0	-5.699630978932775	1	0.05848331840524668	-4.689474323707661
3	0	0.8100836310847441	2	1	0.2882774100114724	3.703321342245669	0	-3.703321342245669	1	0.02395696699957872	-3.046974516611857
1	0	0.8100836310847442	2.189916368915257	1	0.270027877028248	1.234440447415223	0	-1.234440447415223	1	0.270027877028248	-1.015658172203952
3	0	0.8323718342448569	2.071370524803938	1	0.2866548513338231	3.604158474105092	0	-3.604158474105092	1	0.0235547168762954	-2.965386475959878
0	0	0.8100836310847442	2.073362564901025	0	0.2809428635125961	0	0	0	0	0	0
2	3	0.8100836310847445	2.189916368915258	0.4	0.2700278770282479	2.468880894830445	1.369915327627788	-1.098965567202657	0.8742443143395764	0.4093751479131977	-0.9041937678219065
1	1	0.8101402376396964	2.189859762360305	0.5	0.2700467458798987	1.234354193927524	0.4566502463711038	-0.77770394755642	0.9270747550396772	0.4671682467994749	-0.6398699682474542
9	3	1.000000000000001	2.000000000000001	0.75	0.3333333333333334	8.999999999999995	1.499999999999999	-7.499999999999996	0.9994561955137067	0.003855554991053056	-6.170760450599037
0	0	0.8100836310847442	2.073362564901025	0	0.2809428635125961	0	0	0	0	0	0
0	2	0.1692782820005994	2.830721717999402	0	0.05642609400019977	0	0.7065335978746402	0.7065335978746402	0.89033171608372	0.10966828391628	0.5813132777045701
5	2	0.9995920084731366	1.938888541480624	0.7142857142857143	0.3401730899627244	5.002040790259451	1.031518809468392	-3.970521980791059	0.9923159450350483	0.0493306132511816	-3.26681866763995
0	0	1	1.810083631084745	0	0.3558612949942638	0	0	0	0	0	0
1	0	0.7142019428836041	2.285798057116398	1	0.2380673142945345	1.40016421120682	0	-1.40016421120682	1	0.2380673142945344	-1.1520103918479
1	0	0.9037521925917987	2.00001347495225	1	0.3112345471582683	1.106498007083313	0	-1.106498007083313	1	0.3112345471582683	-0.9103912187701821
0	0	0.8100836310847442	2.189916368915257	0	0.270027877028248	0	0	0	0	0	0
2	2	0.9995114940614704	1.937021898717674	0.5	0.3403712338225888	2.000977489386429	1.032512849402486	-0.9684646399839432	0.8825339206165606	0.4199178434533202	-0.7968217730955406
1	0	1	2.000000000000001	1	0.3333333333333333	0.9999999999999996	0	-0.9999999999999996	1	0.3333333333333333	-0.8227680600798717
0	0	0.8100836310847442	2.000000000000001	0	0.2882774100114724	0	0	0	0	0	0
8	4	0.8100997703214791	2.18985407356971	0.6666666666666666	0.2700374113992075	9.875326833909963	1.826605730618181	-8.048721103291783	0.9992691239770654	0.00470461282601764	-6.622230648279308
4	0	0.810083631084745	2.189916368915259	1	0.2700278770282479	4.937761789660887	0	-4.937761789660887	1	0.005316605154127241	-4.062632688815805
3	14	0.8101753437208087	2.189224469335963	0.1764705882352941	0.2701124872362836	3.70290212267163	6.394958669654596	2.692056546982966	0.2859284839616396	0.8772737011573968	2.214938142786493
8	1	1.000000000000001	2.000000000000002	0.8888888888888888	0.3333333333333333	7.999999999999993	0.4999999999999996	-7.499999999999993	0.9999491947365755	0.0009653000050797722	-6.170760450599034
0	0	0.8100836310847442	2.000000000000001	0	0.2882774100114724	0	0	0	0	0	0
3	0	0.9249950886732579	2.028725844827057	1	0.3131626546645657	3.243260463472266	0	-3.243260463472266	1	0.03071212719149263	-2.668451119864823
2	3	0.8100836310847441	2.189916368915257	0.4	0.270027877028248	2.468880894830446	1.369915327627788	-1.098965567202658	0.8742443143395759	0.4093751479131982	-0.9041937678219073
2	0	0.8324210941518349	2.104035178880069	1	0.283478116734344	2.402630128009703	0	-2.402630128009703	0.9999999999999999	0.08035984266725049	-1.976807329511998
3	1	1	1.999907791644003	0.75	0.3333435790211347	3	0.5000230531518459	-2.499976946848154	0.9876528030379959	0.1111202185991049	-2.056901182802657
7	2	1.641483157136969	1.170876259459345	0.7777777777777778	0.5836676306201254	4.264436079995614	1.708122428687302	-2.556313651308312	0.9416717626055727	0.2023214818506973	-2.103253223842635
1	2	0.8101401870124495	2.189859812987552	0.3333333333333333	0.2700467290041497	1.234354271064735	0.9133004716276643	-0.3210537994370706	0.8206107352665287	0.6110577008769527	-0.2641528117441109
2	1	0.8102402918978134	2.189081021769953	0.6666666666666666	0.2701412110151675	2.468403534111381	0.4568126944846761	-2.011590839626705	0.9802861009963209	0.1795010236588657	-1.655072692794105
4	0	1.116553804014234	1.790332027684425	1	0.3841065210881598	3.582451634322683	0	-3.582451634322683	1	0.02176740819534007	-2.947526781501641
5	0	0.8100836310847448	2.189916368915259	1	0.2700278770282479	6.17220223707611	0	-6.17220223707611	1	0.001435631602766385	-5.078290861019758
4	3	0.8726560727875424	1.318472859912574	0.5714285714285714	0.3982677877892713	4.583707287136296	2.275359691665497	-2.308347595470799	0.9054105602265735	0.2864468395679352	-1.899234673115546
2	0	0.9264531669464889	2.073546833053513	1	0.3088177223154961	2.158770752105938	0	-2.158770752105938	1	0.09536838561613092	-1.776167623867369
9	2	0.8704157613947769	2.033396609273723	0.8181818181818182	0.299749312382189	10.33988629247495	0.9835759491673141	-9.356310343307635	0.9999531393820756	0.0005737185670728895	-7.698073310668464
4	0	1.000000000000001	1.94756034828208	1	0.3392636220604707	3.999999999999995	0	-3.999999999999995	0.9999999999999999	0.0132479651694144	-3.291072240319484
0	2	0.9993754713429152	2.000624528657086	0	0.3331251571143049	0	0.9996878331500286	0.9996878331500286	0.4447220560738205	0.5552779439261795	0.8225112191662998
3	0	0.872843591391995	2.063612681639909	1	0.2972438579821862	3.437041904856808	0	-3.437041904856808	1	0.02626265740559697	-2.827888300472264
8	0	1.800604830387057	1.198462306681227	1	0.6003883034599968	4.442951537723203	0	-4.442951537723203	1	0.01688331732267445	-3.655518617721404
3	3	0.8727498977953581	2.031047045654677	0.5	0.3005547270665674	3.437410886644914	1.477070659893551	-1.960340226751364	0.9290887849558009	0.2567181428046291	-1.612905325460756
2	2	1	1.811156418925267	0.5	0.3557254919248891	1.999999999999999	1.104266853542551	-0.8957331464574476	0.8679826846180914	0.4471715330817393	-0.7369806232600341
9	3	0.9988441770798484	1.990993958418133	0.75	0.3340796831844153	9.010414443533902	1.506785084563257	-7.503629358970645	0.9994449726277518	0.003922779060224757	-6.173746571238651
0	1	0.8100836310847441	2.000138177795869	0	0.288263235494362	0	0.4999654579375058	0.4999654579375058	0.7117367645056381	0.2882632354943619	0.4113556099341865
1	0	0.832312575587744	2.07142978346105	1	0.2866344436496054	1.201471693845119	0	-1.201471693845119	1	0.2866344436496053	-0.9885325347858261
3	1	0.8100836310847445	2.189916368915257	0.75	0.270027877028248	3.703321342245668	0.4566384425425959	-3.246682899703072	0.9946833948458723	0.06280657387991262	-2.67126699108319
0	0	0	1.25417490787239	0	0	0	0	0	0	0	0
0	1	0.9267264124113218	2.07327358758868	0	0.308908804137107	0	0.482329011465896	0.482329011465896	0.6910911958628929	0.3089088041371071	0.3968449050840376
3	0	1.809635288148921	1.189856965579731	1	0.6033138728394359	1.657792605861872	0	-1.657792605861872	1	0.219598786214477	-1.363978806339728
0	0	0	1.25417490787239	0	0	0	0	0	0	0	0
0	0	0.9266374350989771	2.073362564901025	0	0.3088791450329922	0	0	0	0	0	0
0	0	1	2.000000000000001	0	0.3333333333333333	0	0	0	0	0	0
0	0	0.8100836310847442	2.189916368915257	0	0.270027877028248	0	0	0	0	0	0
0	1	1	2.000000000000001	0	0.3333333333333333	0	0.4999999999999998	0.4999999999999998	0.6666666666666667	0.3333333333333333	0.4113840300399358
0	7	0.1743976245960199	2.825602375403982	0	0.0581325415320066	0	2.477347860736844	2.477347860736844	0.6575496424338523	0.3424503575661477	2.038282693521475
1	0	1	1.810129720550016	1	0.355855458446336	0.9999999999999996	0	-0.9999999999999996	1	0.355855458446336	-0.8227680600798717
2	0	0.8100836310847443	2.073362564901025	1	0.2809428635125961	2.468880894830445	0	-2.468880894830445	1	0.0789288925586572	-2.031316344407904
2	2	0.8103139419462961	2.189686058053705	0.5	0.270104647315432	2.468179179042869	0.9133729434153192	-1.55480623562755	0.9371443806934502	0.296059922744254	-1.279244910287367
6	0	1.683033103106133	1.200315321142394	1	0.5837078477758973	3.564992268379429	0	-3.564992268379429	1.000000000000001	0.03955243211763138	-2.933161772854285
3	0	1.000000000000001	2.000000000000001	1	0.3333333333333334	2.999999999999998	0	-2.999999999999998	0.9999999999999999	0.0370370370370372	-2.468304180239615
2	0	0.8100836310847445	2.073362564901025	1	0.2809428635125961	2.468880894830445	0	-2.468880894830445	1	0.0789288925586572	-2.031316344407903
0	3	0.9991080886962407	2.000891911303761	0	0.3330360295654133	0	1.499331364703869	1.499331364703869	0.296692878125529	0.703307121874471	1.233601958354309
1	5	1.000000000000001	2.000000000000002	0.1666666666666667	0.3333333333333333	0.9999999999999989	2.499999999999997	1.499999999999998	0.3511659807956106	0.9122085048010974	1.234152090119807
5	0	1.683259678316241	1.200305047808988	1	0.5837426373910845	2.970427002090065	0	-2.970427002090065	0.9999999999999996	0.06778086076937373	-2.443972462118513
0	1	1.682332081815473	1.201227442531256	0	0.5834220058962041	0	0.8324818136794938	0.8324818136794938	0.4165779941037959	0.5834220058962041	0.6849394468928506
3	0	1	1.999490903868703	1	0.3333899091709909	3	0	-3	1	0.03705589885059601	-2.468304180239616
1	0	0.8100836310847443	2.189916368915258	1	0.2700278770282479	1.234440447415223	0	-1.234440447415223	1	0.2700278770282479	-1.015658172203952
5	1	0.9262090025305135	2.073790997469487	0.8333333333333334	0.3087363341768378	5.398349601806292	0.4822086706038531	-4.916140931202438	0.9991339829165683	0.01250014130184773	-4.044843737044686
0	3	0.001337660134919677	2.998662339865081	0	0.0004458867116398921	0	1.000446085615288	1.000446085615288	0.9986629362213102	0.001337063778689807	0.8231350850761918
0	0	0	1.25417490787239	0	0	0	0	0	0	0	0
3	0	1	2.000000000000001	1	0.3333333333333333	2.999999999999999	0	-2.999999999999999	1	0.03703703703703698	-2.468304180239615
0	0	0.8100836310847442	2.073362564901025	0	0.2809428635125961	0	0	0	0	0	0
1	0	0.8323519446184855	1.357564424296771	1	0.3800838956378864	1.201414865989599	0	-1.201414865989599	1	0.3800838956378864	-0.9884857786413819
15	4	0.855458121336487	2.048424325844577	0.7894736842105263	0.2945911678232432	17.5344644300827	1.952720415166314	-15.58174401491638	0.9999988211591847	1.166081706560629e-05	-12.82016129581391
0	0	1	2.000000000000001	0	0.3333333333333333	0	0	0	0	0	0
1	0	0.8100836310847442	2.189916368915257	1	0.270027877028248	1.234440447415223	0	-1.234440447415223	1	0.270027877028248	-1.015658172203952
1	1	0.9266730043266759	2.073326995673326	0.5	0.3088910014422251	1.07912931026474	0.4823165868610338	-0.5968127234037061	0.9045863492280194	0.5223683521124693	-0.4910384466658524
7	1	0.9435478825858092	2.054581160440399	0.875	0.3147122318769257	7.418807385605465	0.486717205070473	-6.932090180534992	0.999903770332932	0.001772555074033511	-5.703502390137505
0	0	0.8100836310847442	2.073362564901025	0	0.2809428635125961	0	0	0	0	0	0
0	2	0.8100836310847443	2.189916368915258	0	0.2700278770282479	0	0.9132768850851917	0.9132768850851917	0.5328593003158868	0.4671406996841132	0.7514150510573313
2	0	0.926637435098977	2.073362564901025	1	0.3088791450329921	2.158341465868335	0	-2.158341465868335	0.9999999999999999	0.09540632623631229	-1.775814420862437
0	1	0.8100836310847442	2.073419180807913	0	0.2809373473622612	0	0.4822951428520825	0.4822951428520825	0.7190626526377388	0.2809373473622612	0.3968170390703527
2	0	0.9266374350989772	2.073362564901025	1	0.3088791450329922	2.158341465868334	0	-2.158341465868334	1	0.09540632623631218	-1.775814420862437