Observed S Changes	Observed NS Changes	E[S Sites]	E[NS Sites]	Observed S. Prop.	P{S}	dS	dN	dN-dS	P{S leq. observed}	P{S geq. observed}	Scaled dN-dS
0	0	0	2.999999999999998	0	0	0	0	0	0	0	0
0	6	0.8674545001313773	2.032757601153237	0	0.2991003657102005	0	2.951655424432329	2.951655424432329	0.1185591290548749	0.8814408709451251	2.435347858676761
9	0	0.9999999999999994	1.999999999999999	1	0.3333333333333334	9.000000000000005	0	-9.000000000000005	0.9999999999999998	5.080526342549074e-05	-7.425707806766171
0	3	0.9235090910917256	2.076490908908272	0	0.3078363636972422	0	1.444745068292771	1.444745068292771	0.3316090221965522	0.6683909778034478	1.19202830360095
1	0	0.923359897158862	2.076640102841135	1	0.3077866323862876	1.083001333582882	0	-1.083001333582882	1	0.3077866323862877	-0.8935612730582859
6	0	0.9999999999999996	1.999999999999999	1	0.3333333333333333	6.000000000000003	0	-6.000000000000003	1	0.001371742112482699	-4.950471871177447
3	1	1.66812061187995	1.210237745804019	0.75	0.5795388914749934	1.79843110781962	0.8262839293081642	-0.9721471785114556	0.8871944822991636	0.4401715234542392	-0.8020978769775797
0	2	0.8018318850297788	2.198168114970219	0	0.2672772950099265	0	0.9098485172172994	0.9098485172172994	0.5368825624079703	0.4631174375920297	0.7506965819194579
0	3	0.8015415301613974	2.00086774759107	0	0.2860187255746719	0	1.499349471553943	1.499349471553943	0.3639657060818833	0.6360342939181167	1.237081230665427
1	1	0.9235281153419008	2.076471884658097	0.5	0.3078427051139671	1.082804067778476	0.481586101593018	-0.6012179661854582	0.9052328689081149	0.5209182791360494	-0.4960521050079371
1	4	1.796724240971634	1.202885570949047	0.2	0.5989859860543572	0.5565684355987869	3.325337086589292	2.768768650990505	0.08782106759768329	0.9896295464810877	2.284451887421069
4	1	0.8017348852621839	2.076565433542207	0.8	0.2785445563217719	4.989180430500935	0.4815644062292798	-4.507616024271655	0.9983232304575475	0.02339168887476872	-3.719137722370922
8	3	1.798546449659787	1.20081392052621	0.7272727272727273	0.59964333313781	4.448036358200969	2.498305481573171	-1.949730876627798	0.8815569406393376	0.2954414083029183	-1.608681310185342
1	8	0.9994764023278884	2.00052359767211	0.1111111111111111	0.333158800775963	1.000523871970256	3.998953078738548	2.998429206768292	0.1433129418878133	0.9739263510078447	2.473939907637221
8	7	0.8045795478045801	2.195136489606037	0.5333333333333333	0.2682185706148041	9.94308147880373	3.188867768881331	-6.754213709922399	0.9930344473383562	0.02633552452196564	-5.572757497148648
5	8	0.9999999999999994	1.999999999999999	0.3846153846153846	0.3333333333333334	5.000000000000003	4.000000000000003	-1	0.7586919338176763	0.4479612976793289	-0.8250786451962407
0	1	0.8245290727202087	1.374124350443208	0	0.375015481764233	0	0.7277361758980996	0.7277361758980996	0.624984518235767	0.375015481764233	0.6004395780702971
1	6	0.8250846786978177	2.075348140183068	0.1428571428571428	0.2844695016987746	1.2119968117433	2.891081204077276	1.679084392333976	0.363268545011253	0.9039721850238545	1.38537667559707
1	10	0.9766662059686264	2.023333794031376	0.09090909090909091	0.3255554019895419	1.023891267957031	4.942338248636463	3.918446980679431	0.08287411678461744	0.9868656348576568	3.233026926092285
1	0	0.9999999999999997	1.999999999999999	1	0.3333333333333333	1	0	-1	1	0.3333333333333333	-0.8250786451962411
2	6	0.9968839493191186	1.936577099016726	0.25	0.3398320048887821	2.006251581606886	3.098250001534371	1.091998419927485	0.4523273811337995	0.8153510525674503	0.9009845768702053
0	5	0.8024399889864632	2.197461934426594	0	0.2674887411230794	0	2.275352269665003	2.275352269665003	0.2108975436312978	0.7891024563687021	1.877344567999393
1	3	0.8015415301613973	2.198265347491691	0.25	0.2671977106701238	1.247595991437451	1.364712409911352	0.1171164184739006	0.708952551493403	0.7116318643039587	0.09663025588468192
2	3	0.8015415301613981	2.198458469838603	0.4	0.2671805100537993	2.495191982874899	1.364592527517812	-1.130599455357088	0.8775411238074198	0.4033904698860844	-0.9328334668856334
1	2	0.8016606462879748	2.198216641979564	0.3333333333333333	0.2672311462282987	1.247410615240276	0.9098284317413486	-0.3375821834989273	0.8239298241746269	0.6065396225004742	-0.2785318506036837
9	2	0.9987178758136521	2.001233133899417	0.8181818181818182	0.3329113950794733	9.011553931251836	0.9993838129708486	-8.012170118280988	0.9998717279196646	0.001357656429702314	-6.610670466273081
1	0	0.9999999999999992	1.999999999999998	1	0.3333333333333333	1.000000000000001	0	-1.000000000000001	1	0.3333333333333333	-0.8250786451962414
5	1	0.9989892383741825	2.000246628106297	0.8333333333333334	0.3330812523079316	5.0050589214928	0.4999383505756662	-4.505120570917134	0.9986344703546617	0.01777048755927269	-3.717078777098023
3	0	1.8012171510893	1.198486204130393	1	0.6004650919748638	1.6655404364686	0	-1.6655404364686	0.9999999999999999	0.2165026887924384	-1.374201846841067
4	0	0.8015415301613975	2.076640102841136	1	0.2784888628884847	4.990383965749802	0	-4.990383965749802	0.9999999999999997	0.006014940387941592	-4.11745924146989
1	0	0.9999999999999992	1.999999999999998	1	0.3333333333333333	1.000000000000001	0	-1.000000000000001	1	0.3333333333333333	-0.8250786451962414
5	0	0.9999999999999993	1.99962723045921	1	0.3333747573183987	5.000000000000004	0	-5.000000000000004	0.9999999999999998	0.004117784009178616	-4.125393225981207
2	0	0.8015415301613974	2.198458469838601	1	0.2671805100537993	2.495191982874902	0	-2.495191982874902	1	0.07138542495260825	-2.058729620734945
0	0	0.8015415301613972	2.1984584698386	0	0.2671805100537993	0	0	0	0	0	0
1	1	0.9999999999999992	1.999903498763219	0.5	0.3333440560378936	1.000000000000001	0.5000241264733126	-0.4999758735266883	0.8888817403042059	0.5555698523799928	-0.4125194163602069
2	0	0.9999999999999996	1.999999999999999	1	0.3333333333333333	2.000000000000001	0	-2.000000000000001	1	0.1111111111111109	-1.650157290392482
1	0	0.9999999999999992	1.999999999999998	1	0.3333333333333333	1.000000000000001	0	-1.000000000000001	1	0.3333333333333333	-0.8250786451962414
2	0	0.8015415301613976	2.198458469838601	1	0.2671805100537993	2.495191982874901	0	-2.495191982874901	0.9999999999999999	0.07138542495260847	-2.058729620734945
4	0	0.9999999999999993	1.933752674157735	1	0.3408603625004259	4.000000000000003	0	-4.000000000000003	1	0.01349913703665651	-3.300314580784965
11	0	0.9999999999999992	1.999999999999998	1	0.3333333333333333	11.00000000000001	0	-11.00000000000001	1	5.645029269252255e-06	-9.075865097158655
0	5	0.1777878182632774	2.82221218173672	0	0.05926260608775916	0	1.77165984625689	1.77165984625689	0.7367871398934025	0.2632128601065975	1.461758705698215
2	0	0.9999999999999993	1.999999999999999	1	0.3333333333333333	2.000000000000001	0	-2.000000000000001	1	0.1111111111111109	-1.650157290392483
1	3	0.8247640880915055	2.074555785564666	0.25	0.2844681249507807	1.212467921965405	1.446092710967249	0.2336247890018444	0.6789802462146191	0.737870474847653	0.1927588243938994
2	0	0.9999999999999991	1.999999999999998	1	0.3333333333333333	2.000000000000002	0	-2.000000000000002	1	0.1111111111111109	-1.650157290392483
4	0	0.9217193457410022	2.078280654258996	1	0.3072397819136676	4.339715791453049	0	-4.339715791453049	0.9999999999999999	0.008910658355671397	-3.580606825748813
8	2	0.9995137160477223	2.000486283952279	0.8	0.333171238682574	8.003892164315268	0.9997569171275107	-7.004135247187757	0.9996458428027269	0.003392111159916333	-5.778962420520911
2	5	0.8015415301613973	2.1984584698386	0.2857142857142857	0.2671805100537993	2.495191982874902	2.274320879196355	-0.2208711036785469	0.7199741393719132	0.5968468166294565	-0.1822360309860939
0	2	0.8015976582476652	2.198239756578685	0	0.2672137010778855	0	0.9098188648506552	0.9098188648506552	0.5369757598879706	0.4630242401120294	0.7506721163849602
4	5	0.9794116788377107	1.220728217125838	0.4444444444444444	0.4451588195071471	4.08408444214887	4.09591580652762	0.01183136437875021	0.6328192129269661	0.6273607867014185	0.009761806092442284
0	1	0.9234158338856696	2.076584166114328	0	0.3078052779618902	0	0.4815600621048675	0.4815600621048675	0.6921947220381098	0.3078052779618902	0.3973249236221016
2	0	0.8245860881186388	2.108810129387199	1	0.2811028674536695	2.42545930475636	0	-2.42545930475636	0.9999999999999998	0.07901882209067546	-2.001194677146993
6	0	0.9999999999999993	1.999999999999999	1	0.3333333333333333	6.000000000000004	0	-6.000000000000004	1	0.001371742112482699	-4.950471871177448
4	0	0.9999999999999991	1.999999999999998	1	0.3333333333333333	4.000000000000004	0	-4.000000000000004	1	0.01234567901234551	-3.300314580784966
2	0	0.8015415301613971	2.1984584698386	1	0.2671805100537993	2.495191982874903	0	-2.495191982874903	1	0.07138542495260825	-2.058729620734947
4	0	0.9999999999999992	1.999999999999998	1	0.3333333333333333	4.000000000000004	0	-4.000000000000004	1	0.01234567901234551	-3.300314580784966
1	0	0.9999999999999991	1.999999999999998	1	0.3333333333333333	1.000000000000001	0	-1.000000000000001	1	0.3333333333333333	-0.8250786451962414
8	0	0.8662162475942218	2.067179969911616	1	0.2952946630342132	9.235569088225638	0	-9.235569088225638	0.9999999999999996	5.781556618422723e-05	-7.62007083092949
8	0	1.787494680741183	1.201088746931141	1	0.5981076734181664	4.475537793870697	0	-4.475537793870697	0.9999999999999998	0.01637702431434773	-3.692670659491407
3	0	0.9999999999999994	1.999999999999999	1	0.3333333333333334	3.000000000000002	0	-3.000000000000002	0.9999999999999999	0.0370370370370372	-2.475235935588723
4	0	0.8666485351366102	1.33180993470199	1	0.3942073716772257	4.615481175848844	0	-4.615481175848844	0.9999999999999999	0.02414898964605483	-3.808134955498116
4	7	0.8017495546805119	2.198250445319489	0.3636363636363636	0.2672498515601706	4.989089144669316	3.184350543362513	-1.804738601306803	0.855778566373788	0.3351519012118541	-1.489051280099575
1	1	0.9999033994392503	2.000096600560747	0.5	0.333301133146417	1.000096609893319	0.4999758510262153	-0.5001207588671042	0.8889103546433144	0.5555126209361485	-0.4126389581605861
2	0	0.9999999999999992	1.801928724982411	1	0.3568970156463481	2.000000000000002	0	-2.000000000000002	1	0.1273754797772695	-1.650157290392483
0	3	0.5653510316538531	2.434648968346148	0	0.1884503438846176	0	1.232210490713121	1.232210490713121	0.5344970273381086	0.4655029726618914	1.016670562274177
2	2	0.9998067778337085	1.999691123887542	0.5	0.3333247131994903	2.000386519016625	1.000154461911026	-1.000232057105598	0.888896551081469	0.4073920827250225	-0.8252701105585359
1	6	0.8371737535777592	2.096189268289272	0.1428571428571428	0.2853972547335494	1.194495163908787	2.862336951518067	1.667841787609279	0.3611928794603113	0.9048403662201987	1.376100642522341
0	2	0.176341411824659	2.823658588175339	0	0.05878047060821971	0	0.708300928580891	0.708300928580891	0.8858942025084845	0.1141057974915155	0.5844039705447608
4	0	0.8015415301613974	2.076640102841136	1	0.2784888628884847	4.990383965749803	0	-4.990383965749803	0.9999999999999997	0.006014940387941592	-4.117459241469891
0	9	0.801569519791663	2.19834940317187	0	0.2671970611125102	0	4.09398068706204	4.09398068706204	0.06093752644486215	0.9390624735551378	3.377856038740723
5	2	0.8007777621920684	2.19922223780793	0.7142857142857143	0.2669259207306897	6.243929634500438	0.9094124120868731	-5.334517222413565	0.9980474006716491	0.01724475706748363	-4.401396242644998
3	0	0.9999999999999993	1.999999999999999	1	0.3333333333333333	3.000000000000002	0	-3.000000000000002	1	0.03703703703703698	-2.475235935588724
3	2	0.8015415301613974	2.197681761423369	0.6	0.2672497017512388	3.742787974312352	0.910049869415426	-2.832738104896927	0.979947335280673	0.1225384646827703	-2.337231717784123
1	5	0.8669929799901763	1.342805834652185	0.1666666666666667	0.3923402321719919	1.153411876542911	3.723546525470011	2.5701346489271	0.2453825370469138	0.9496542401166227	2.120563214108687
3	2	0.923716039047752	2.076283960952246	0.6	0.3079053463492509	3.247751336106131	0.9632593795516967	-2.284491956554435	0.9661293563199653	0.1736949516084505	-1.884885528475642
2	1	0.999981356445843	2.000018643554155	0.6666666666666666	0.3333271188152812	2.000037287803491	0.4999953391549087	-1.500041948648582	0.9629650344303602	0.2592509732738106	-1.237652578728501
2	0	0.8015415301613972	2.1984584698386	1	0.2671805100537993	2.495191982874903	0	-2.495191982874903	1	0.07138542495260825	-2.058729620734946
3	0	0.9999999999999992	1.933493394061309	1	0.340890489825013	3.000000000000002	0	-3.000000000000002	0.9999999999999999	0.03961363140901919	-2.475235935588724
2	5	0.8247711555098417	2.106475285769227	0.2857142857142857	0.2813721643786277	2.424915064789914	2.373633355102069	-0.05128170968784529	0.6888876900069689	0.6297533669300572	-0.04231144355259432
4	0	0.8015415301613977	2.198458469838601	1	0.2671805100537993	4.990383965749801	0	-4.990383965749801	0.9999999999999997	0.005095878895664763	-4.117459241469889
3	1	0.8005641714338982	2.075652155967931	0.75	0.278339345968831	3.747357310066314	0.4817762923931124	-3.265581017673201	0.993997966574973	0.06824880420686164	-2.694361161840366
4	1	0.9999999999999991	1.999806854105703	0.8	0.333354795370023	4.000000000000004	0.5000482911371916	-3.499951708862812	0.9958834486748607	0.0452780891015917	-2.887735414200796
1	0	1.801498888225192	1.198452882000995	1	0.6005092835507035	0.555093320643225	0	-0.555093320643225	1	0.6005092835507035	-0.4579956449537945
0	1	0.1753319827563704	2.824668017243627	0	0.05844399425212352	0	0.3540239043651656	0.3540239043651656	0.9415560057478765	0.05844399425212354	0.2920975633806943
1	0	0.8015415301613973	2.198458469838601	1	0.2671805100537993	1.247595991437451	0	-1.247595991437451	1	0.2671805100537993	-1.029364810367473
3	0	0.9999999999999992	1.999999999999998	1	0.3333333333333333	3.000000000000002	0	-3.000000000000002	1	0.03703703703703698	-2.475235935588724
2	0	1.801197852446478	1.198413434002265	1	0.6004770886760219	1.110372187754665	0	-1.110372187754665	1	0.3605727340248311	-0.916144380336205
1	0	1.668366353030061	1.209844898679554	1	0.5796538916450542	0.5993887362831405	0	-0.5993887362831405	1	0.5796538916450542	-0.4945428464783804
6	0	0.9999999999999994	1.933963540354644	1	0.3408358646062534	6.000000000000004	0	-6.000000000000004	0.9999999999999992	0.001567731642197256	-4.950471871177447
4	0	0.8015415301613975	2.198458469838601	1	0.2671805100537992	4.990383965749802	0	-4.990383965749802	1	0.005095878895664208	-4.11745924146989
4	0	0.9999999999999991	1.999999999999998	1	0.3333333333333333	4.000000000000004	0	-4.000000000000004	1	0.01234567901234551	-3.300314580784966
4	4	0.8662387699887167	1.335737274284637	0.5	0.3933915503947152	4.617664480720602	2.994600867256794	-1.623063613463807	0.8363917561997696	0.3906114398461595	-1.339155127264033
2	0	0.8015415301613972	2.076640102841135	1	0.2784888628884846	2.495191982874903	0	-2.495191982874903	0.9999999999999999	0.07755604675292127	-2.058729620734946
0	0	0.8015415301613972	2.1984584698386	0	0.2671805100537993	0	0	0	0	0	0
1	6	0.9981614973883586	2.001773673376503	0.1428571428571428	0.3327276892899881	1.001841888929248	2.997341847282597	1.995499958353349	0.2644925854734748	0.9410991278504193	1.646444402127336
2	1	0.8023702771337253	2.197629722866276	0.6666666666666666	0.2674567590445749	2.492614765273358	0.4550357094259455	-2.037579055847413	0.9808679841064323	0.1763353220887476	-1.681162966878818
1	0	0.8245655166035998	1.373892953235	1	0.3750653141353793	1.212759907931898	0	-1.212759907931898	1	0.3750653141353792	-1.000622301784768
4	1	0.8015415301613974	2.198458469838601	0.8	0.2671805100537993	4.990383965749803	0.454864175839271	-4.535519789910532	0.9986384804774838	0.02003331638825845	-3.74216052352012
4	1	0.8664798655458846	2.032839982067338	0.8	0.2988562528757177	4.616379628717615	0.491922634748176	-4.124456993969439	0.9976159699000289	0.03034977920955917	-3.403001388754464
3	4	0.8265817311110059	2.073345369926836	0.4285714285714285	0.2850353482386451	3.62940515993223	1.929249250037466	-1.700155909894764	0.8925325521643777	0.319256005096634	-1.402762334758354
0	0	0	1.266415129976641	0	0	0	0	0	0	0	0
0	1	0.8016380706195962	2.198361929380402	0	0.2672126902065323	0	0.4548841510741798	0.4548841510741798	0.7327873097934677	0.2672126902065323	0.3753151990895264
6	0	1.001169632853593	1.998830367146406	1	0.3337232109511977	5.992990401535099	0	-5.992990401535099	0.9999999999999998	0.00138139691326078	-4.944688401172654
0	0	0.8015415301613972	2.1984584698386	0	0.2671805100537993	0	0	0	0	0	0
1	2	0.9998509014612963	2.000149098538702	0.3333333333333333	0.3332836338204324	1.000149120772393	0.9999254562878285	-0.0002236644845644564	0.7408070042876549	0.7036374327462964	-0.0001845407899029572
1	0	0.8245861204382474	2.10881009706759	1	0.2811028784714817	1.212729604845306	0	-1.212729604845306	1	0.2811028784714817	-1.000597299355138
4	0	1.092694241591923	1.302981470897542	1	0.4561110821031992	3.6606763793067	0	-3.6606763793067	1	0.04327952618714204	-3.020345907540252
1	4	0.8017576880164091	2.198168700400039	0.2	0.2672591204611616	1.247259633361362	1.819696549801683	0.5724369164403202	0.5964442198380483	0.7887716982881103	0.4723054754768931
1	3	0.8260834342215087	2.073211945756214	0.25	0.2849255856876011	1.210531477298523	1.447030056980371	0.2364985796818477	0.678180599880965	0.7385401809617933	0.1951299277147341
2	0	0.9999999999999993	1.999999999999999	1	0.3333333333333333	2.000000000000001	0	-2.000000000000001	1	0.1111111111111109	-1.650157290392483
0	12	0.8015415301613976	2.031901658973538	0	0.2828860424076871	0	5.905797629035884	5.905797629035884	0.01849516056683528	0.9815048394331647	4.872747506568098
1	0	0.8015415301613973	2.1984584698386	1	0.2671805100537993	1.247595991437451	0	-1.247595991437451	1	0.2671805100537993	-1.029364810367473
0	1	0.8015415301613973	2.1984584698386	0	0.2671805100537993	0	0.4548641758392711	0.4548641758392711	0.7328194899462007	0.2671805100537993	0.3752987179497704
1	0	0.8015415301613972	2.076640102841135	1	0.2784888628884846	1.247595991437451	0	-1.247595991437451	1	0.2784888628884846	-1.029364810367473
0	1	0.8015415301613973	2.000387824181719	0	0.2860677157755502	0	0.4999030627518748	0.4999030627518748	0.7139322842244498	0.2860677157755502	0.4124593417447682
3	0	0.9999999999999991	1.999999999999998	1	0.3333333333333333	3.000000000000003	0	-3.000000000000003	1	0.03703703703703698	-2.475235935588724
0	0	0.8015415301613972	1.999999999999998	0	0.2861073168225426	0	0	0	0	0	0
1	1	0.8015415301613974	2.198458469838601	0.5	0.2671805100537993	1.247595991437451	0.454864175839271	-0.7927318155981798	0.9286145750473918	0.4629755951549902	-0.6540660924177023
0	0	0.9999999999999992	1.999999999999998	0	0.3333333333333333	0	0	0	0	0	0
5	0	0.9999999999999992	1.999999999999998	1	0.3333333333333333	5.000000000000004	0	-5.000000000000004	1	0.004115226337448097	-4.125393225981207
1	3	0.8017351703724718	2.198264829627526	0.25	0.2672450567908242	1.247294664066462	1.364712731408399	0.1174180673419369	0.7088710280660664	0.7117063825724181	0.09687913992404629
1	2	0.8015415301613972	2.000727253619687	0.3333333333333333	0.2860330653506699	1.247595991437451	0.9996365053665502	-0.247959486070901	0.8013587981350436	0.6360562234086805	-0.2045860768309351
6	2	0.9999999999999992	1.999999999999998	0.75	0.3333333333333333	6.000000000000004	1.000000000000001	-5.000000000000004	0.9974089315653105	0.0196616369455872	-4.125393225981207
4	0	0.9999999999999992	1.999999999999998	1	0.3333333333333333	4.000000000000004	0	-4.000000000000004	1	0.01234567901234551	-3.300314580784966
0	0	0.9999999999999992	1.999999999999998	0	0.3333333333333333	0	0	0	0	0	0
4	0	0.9413467185262722	2.058161334452064	1	0.3138337026938701	4.249231363192311	0	-4.249231363192311	1	0.009700593881147412	-3.505950056268087
3	0	0.9999999999999992	1.801742296234303	1	0.3569207636776783	3.000000000000002	0	-3.000000000000002	1	0.04546900395353226	-2.475235935588724
6	0	1.800217034802474	1.19828490677756	1	0.6003721424485273	3.332931465487627	0	-3.332931465487627	1	0.04682989622809619	-2.749930578076453
0	4	0.9997015450218196	2.000298454978179	0	0.3332338483406068	0	1.999701589552863	1.999701589552863	0.1976487987323878	0.8023512012676122	1.649911078305045
2	0	0.9999999999999992	1.999999999999998	1	0.3333333333333333	2.000000000000002	0	-2.000000000000002	1	0.1111111111111109	-1.650157290392483
4	3	0.9999999999999994	1.807298439265335	0.5714285714285714	0.3562143539899869	4.000000000000003	1.659936142710054	-2.340063857289949	0.9401472685339581	0.2102145520311747	-1.93073671704548
6	0	0.9999999999999994	1.999659874455626	1	0.3333711293456156	6.000000000000004	0	-6.000000000000004	0.9999999999999994	0.001372675611938767	-4.950471871177447
3	0	0.9999999999999991	1.999870346859371	1	0.3333477398604646	3.000000000000003	0	-3.000000000000003	0.9999999999999999	0.03704183942029859	-2.475235935588724
1	0	0.9999999999999993	1.999999999999999	1	0.3333333333333333	1.000000000000001	0	-1.000000000000001	1	0.3333333333333333	-0.8250786451962413
5	0	1.801184697119645	1.198488978932905	1	0.600460213888976	2.775950743971856	0	-2.775950743971856	0.9999999999999998	0.07805867643222886	-2.290377678967796
4	0	0.8662456365435862	2.067150580962251	1	0.2953046817794441	4.617627877423351	0	-4.617627877423351	1	0.007604686749673295	-3.809906153124852
3	0	0.8015415301613973	2.1984584698386	1	0.2671805100537993	3.742787974312353	0	-3.742787974312353	1	0.01907279424924502	-3.088094431102419
1	4	0.8015920003653842	2.19818695179964	0.2	0.2672170227032405	1.247517439725168	1.819681440982638	0.5721640012574698	0.5965327468858063	0.7887110133994935	0.4720802989875734
1	4	0.8015415301613971	2.1984584698386	0.2	0.2671805100537993	1.247595991437451	1.819456703357084	0.5718607119196328	0.5966095301139156	0.7886583682795577	0.4718300614316084
2	0	0.8246169595214369	2.108779257984401	1	0.2811133915699187	2.425368502196088	0	-2.425368502196088	1	0.07902473891994233	-2.001119757893584
2	7	0.8019506285800121	2.197926613439318	0.2222222222222222	0.2673278150675888	2.493919112628336	3.184819710175123	0.6909005975467872	0.5522060590992018	0.73937461044601	0.5700473289891763
0	0	0.8015415301613973	2.1984584698386	0	0.2671805100537993	0	0	0	0	0	0
1	1	0.8015732636518509	2.198377760642669	0.5	0.2671954499125038	1.2475466003496	0.4548808752994581	-0.7926657250501417	0.9286065915460546	0.4629974913710623	-0.6540115625178667
0	0	0	1.266415129976641	0	0	0	0	0	0	0	0
2	10	0.9987403315391441	2.001259668460856	0.1666666666666667	0.3329134438463814	2.002522514453611	4.996852811055188	2.994330296601577	0.1819248752734134	0.9457273782239223	2.470557984390087
2	0	0.9999999999999993	1.933671317837198	1	0.3408698152106669	2.000000000000001	0	-2.000000000000001	1	0.1161922309217542	-1.650157290392483
0	0	0.9999999999999992	1.999999999999998	0	0.3333333333333333	0	0	0	0	0	0
3	1	0.9998550098867808	2.000144990113217	0.75	0.3332850032955939	3.000435033415202	0.4999637550992719	-2.50047127831593	0.9876614794362009	0.11106815574915	-2.063085454665019
0	0	0.8245346651791781	1.373923804659422	0	0.3750512809276362	0	0	0	0	0	0
2	1	0.8015415301613976	2.198458469838601	0.6666666666666666	0.2671805100537993	2.495191982874901	0.4548641758392709	-2.04032780703563	0.980927205750755	0.1760106863593347	-1.683430902785175
2	0	0.9999999999999993	1.933509845576134	1	0.3408885780656387	2.000000000000001	0	-2.000000000000001	1	0.1162050226556129	-1.650157290392483
1	5	0.9993586257471578	2.000273271057468	0.1666666666666667	0.33316042105424	1.00064178587778	2.499658457844957	1.499016671967177	0.3515076244880882	0.9120717941341655	1.236806644833256
1	0	0.8015415301613982	2.198458469838603	1	0.2671805100537993	1.24759599143745	0	-1.24759599143745	1	0.2671805100537993	-1.029364810367472
1	0	0.9999999999999992	1.999911048683713	1	0.3333432171059788	1.000000000000001	0	-1.000000000000001	1	0.3333432171059787	-0.8250786451962414
2	8	0.9999999999999993	1.999999999999999	0.2	0.3333333333333333	2.000000000000001	4.000000000000003	2.000000000000001	0.2991413910481129	0.8959508205050042	1.650157290392483
0	0	0.8015415301613973	2.076640102841135	0	0.2784888628884847	0	0	0	0	0	0
0	10	0.2382979728651553	2.749830283764876	0	0.07974824117285528	0	3.636588068376605	3.636588068376605	0.4355786270122266	0.5644213729877734	3.000471156592983
5	0	0.941494144861823	2.058260753959894	1	0.3138570238627281	5.310707482661846	0	-5.310707482661846	0.9999999999999999	0.003045504610114547	-4.381751334828174
2	16	0.9173029089725461	1.989201585636198	0.1111111111111111	0.3156034716870541	2.180304870329216	8.043428134953347	5.86312326462413	0.04540382383121568	0.9899063406297895	4.837537799794638
2	1	0.9999999999999993	1.999806441850772	0.6666666666666666	0.3333548411820316	2.000000000000001	0.5000483942208548	-1.499951605779147	0.9629557932174659	0.2592879368534247	-1.237578038756184
3	9	0.8025033108213014	2.193963598097663	0.25	0.2678165103150833	3.738302334142057	4.102164688513383	0.3638623543713262	0.5931159219822566	0.662456568697562	0.3002150583826083
1	5	0.8017089328746307	2.198192873003668	0.1666666666666667	0.2672450582561351	1.247335484231629	2.274595674203907	1.027260189972278	0.4935242546757511	0.8452065655509302	0.8475704458063598
1	0	0.8015415301613972	2.1984584698386	1	0.2671805100537993	1.247595991437451	0	-1.247595991437451	1	0.2671805100537993	-1.029364810367473
1	0	0.8015415301613973	2.1984584698386	1	0.2671805100537993	1.247595991437451	0	-1.247595991437451	1	0.2671805100537993	-1.029364810367473
3	0	0.8015415301613973	2.198458469838601	1	0.2671805100537993	3.742787974312353	0	-3.742787974312353	1	0.01907279424924502	-3.088094431102419
3	0	0.8015415301613972	2.1984584698386	1	0.2671805100537993	3.742787974312354	0	-3.742787974312354	1	0.01907279424924502	-3.088094431102419
1	1	0.8992136264617223	2.000278339282668	0.5	0.3101279938297281	1.112082791644136	0.4999304248620801	-0.6121523667820563	0.9038206274431482	0.5240766151026044	-0.5050738454382112
7	0	1.647754773110483	1.191730818761987	1	0.5803004522463125	4.248204960005081	0	-4.248204960005081	0.9999999999999992	0.02216003097804797	-3.505103192916943
1	0	0.8015415301613974	2.198458469838601	1	0.2671805100537993	1.247595991437451	0	-1.247595991437451	1	0.2671805100537993	-1.029364810367473
0	0	0	1.266415129976641	0	0	0	0	0	0	0	0
8	0	1.668370294141735	1.209585305489941	1	0.5797067523749342	4.795098563005442	0	-4.795098563005442	1	0.01275460085330149	-3.95633342594697
1	0	0.9999999999999992	1.999999999999998	1	0.3333333333333333	1.000000000000001	0	-1.000000000000001	1	0.3333333333333333	-0.8250786451962414
5	5	0.8020327347547659	2.196013263206911	0.5	0.2675184888090626	6.234159509123812	2.276853279427983	-3.95730622969583	0.972531152528697	0.1002724530397103	-3.265088862624079
4	10	1.579506642152834	1.222734957310557	0.2857142857142857	0.5636582664590012	2.532436327426952	8.178387262269251	5.645950934842299	0.03394570395417013	0.9913336008874297	4.658353548164133
2	8	0.8065902802878958	2.172170525293627	0.2	0.270780479848039	2.479573643369644	3.682952101064251	1.203378457694607	0.4642278812046607	0.799595635688445	0.9928818675330083
0	4	0.807143253713604	2.142810706881518	0	0.2736121527641643	0	1.866707118437584	1.866707118437584	0.2784032357713417	0.7215967642286583	1.54018018025866
3	16	0.8648332125212722	2.059121387607355	0.1578947368421053	0.2957751849099256	3.468876954036047	7.770304410558127	4.301427456522081	0.1417716017390049	0.9499750389837973	3.54901593823715
3	0	0.8015415301613975	1.999999999999999	1	0.2861073168225426	3.742787974312352	0	-3.742787974312352	1	0.02342000014318646	-3.088094431102418
0	1	0.9999999999999993	1.999612057930995	0	0.3333764435824269	0	0.5000970043332821	0.5000970043332821	0.6666235564175731	0.3333764435824269	0.4126193588020029
1	0	0.9999999999999992	1.999999999999998	1	0.3333333333333333	1.000000000000001	0	-1.000000000000001	1	0.3333333333333333	-0.8250786451962414
10	0	1.666328412698006	1.208011797631653	1	0.5797255337797658	6.001217961475359	0	-6.001217961475359	1.000000000000001	0.004287699012507917	-4.951476785181435
5	0	0.8015415301613974	2.1984584698386	1	0.2671805100537993	6.237979957187254	0	-6.237979957187254	0.9999999999999996	0.001361519522516508	-5.146824051837363
1	1	0.999756732395235	2.000243267604763	0.5	0.3332522441317452	1.000243326798292	0.4999391904953005	-0.5003041363029919	0.8889429417811558	0.555447430044646	-0.4127902589669479
3	0	0.9999999999999992	1.999999999999998	1	0.3333333333333333	3.000000000000002	0	-3.000000000000002	1	0.03703703703703698	-2.475235935588724
0	0	0	2.999999999999998	0	0	0	0	0	0	0	0
0	0	0.9999999999999992	1.999999999999998	0	0.3333333333333333	0	0	0	0	0	0
0	0	0.8015415301613973	2.1984584698386	0	0.2671805100537993	0	0	0	0	0	0
1	2	0.8018908389069974	2.19757005738897	0.3333333333333333	0.2673449885268556	1.247052530694866	0.9100961278914985	-0.3369564028033671	0.8237960513987597	0.6067229769443095	-0.2780155323152009
3	0	0.8251615563379361	2.108234661167903	1	0.281299045595532	3.635651681731259	0	-3.635651681731259	1	0.02225895523257948	-2.999698563968261
2	7	0.8245520883549778	1.480881550975201	0.2222222222222222	0.3576559629773353	2.425559316683193	4.726914178510974	2.301354861827781	0.3196917995919298	0.888089911834789	1.898798751512647
1	0	0.8015415301613973	2.1984584698386	1	0.2671805100537993	1.247595991437451	0	-1.247595991437451	1	0.2671805100537993	-1.029364810367473
0	0	0.8015415301613973	2.1984584698386	0	0.2671805100537993	0	0	0	0	0	0
1	0	0.8245861187680101	2.074709261209713	1	0.284409144533023	1.212729607301746	0	-1.212729607301746	1	0.284409144533023	-1.000597301381894
3	0	1.668593112289062	1.209677418782376	1	0.5797207365590917	1.797921840804224	0	-1.797921840804224	1	0.1948303030128969	-1.48342691657948
2	0	0.8015415301613973	1.999999999999998	1	0.2861073168225426	2.495191982874902	0	-2.495191982874902	1	0.08185739673939463	-2.058729620734946
3	2	0.9234532695377151	2.076546730462282	0.6	0.307817756512572	3.24867548685145	0.9631374871851589	-2.285537999666291	0.9661647351162952	0.1735756429871621	-1.88574859630919
0	0	0	1.266415129976641	0	0	0	0	0	0	0	0
5	0	0.9999999999999997	1.998184126288039	1	0.3335352192789005	5.000000000000002	0	-5.000000000000002	1	0.004127703537530891	-4.125393225981205
3	2	0.9999626991745839	2.000037300825414	0.6	0.3333208997248616	3.000111906650459	0.9999813499351246	-2.000130556715334	0.95473865005535	0.2098581233927277	-1.650265009950291
3	2	0.8018797647329263	2.198120235267071	0.6	0.2672932549109757	3.741209258471784	0.9098683356404297	-2.831340922831354	0.9799351495770817	0.1225885755995209	-2.336078932698368
3	0	0.8015415301613974	2.1984584698386	1	0.2671805100537993	3.742787974312352	0	-3.742787974312352	1	0.01907279424924513	-3.088094431102418
8	0	0.9999999999999993	1.999999999999999	1	0.3333333333333333	8.000000000000005	0	-8.000000000000005	1	0.000152415790275473	-6.60062916156993
3	8	0.9998067972724228	2.00014455424135	0.2727272727272727	0.3332743368548031	3.000579720186253	3.999710912411718	0.9991311922254655	0.4727255073894215	0.7657627164399341	0.8243618104546918
6	0	0.9999999999999992	1.999999999999998	1	0.3333333333333333	6.000000000000004	0	-6.000000000000004	1	0.001371742112482699	-4.950471871177448
1	1	0.8015897481683656	2.198410251831632	0.5	0.2671965827227887	1.247520944828701	0.4548741524321213	-0.7926467923965798	0.9286059861812641	0.4629991516268412	-0.6539959415897159
0	5	0.8519147956266266	2.068619617001935	0	0.2916982562995653	0	2.417070764922231	2.417070764922231	0.1782754554919097	0.8217245445080903	1.994273472065475
4	0	0.8015415301613972	2.1984584698386	1	0.2671805100537993	4.990383965749805	0	-4.990383965749805	0.9999999999999998	0.005095878895664652	-4.117459241469892
0	0	0.8245346651791781	1.373923804659422	0	0.3750512809276362	0	0	0	0	0	0
1.5	6.5	0.9229563786947705	2.076763264919629	0.1875	0.3076808796647039	1.625212236055267	3.12987046227031	1.504658226215043	0.3863592951809827	0.8534002613464835	1.241461370768887
2	3	0.8021395017506077	2.197771230586524	0.4	0.2673877902779085	2.493331890070436	1.365019233234473	-1.128312656835963	0.8773026192393312	0.4038263507615638	-0.930946678259987
2	5	1.799198686728512	1.200801313271486	0.2857142857142857	0.599732895576171	1.111605969231006	4.163886185615423	3.052280216384418	0.09651470178119514	0.9810893744464539	2.518371225693744
2	1	0.8015415301613972	2.000144937210823	0.6666666666666666	0.2860925158814024	2.495191982874903	0.4999637683229534	-1.995228214551949	0.9765836343683187	0.1987140516666897	-1.646220192119837
3	1	0.9999999999999991	1.999999999999998	0.75	0.3333333333333333	3.000000000000003	0.5000000000000004	-2.500000000000002	0.9876543209876545	0.1111111111111109	-2.062696612990603
2	4	0.8332786369996589	1.366353872027795	0.3333333333333333	0.3788262964744438	2.400157535780938	2.927499297135691	0.5273417613547533	0.5881568930593246	0.7323399414251249	0.4350984260139791
3	7	1.000152190261473	1.891513688304111	0.3	0.3458740505516497	2.999543498690633	3.700739806052392	0.7011963073617582	0.5250479887784861	0.7293799694832181	0.5785420992946463
1	1	0.9999999999999994	1.817439322863577	0.5	0.3549322222789251	1.000000000000001	0.5502246965936607	-0.44977530340634	0.8740231175881439	0.5838875621459938	-0.3710999979772311
3	0	0.9999999999999993	1.933525808430777	1	0.3408867231118471	3.000000000000002	0	-3.000000000000002	0.9999999999999999	0.03961231827583411	-2.475235935588724
0	2	0.8990584262097883	2.000236953767935	0	0.3100954916213802	0	0.9998815371511419	0.9998815371511419	0.475968230681145	0.524031769318855	0.8249809040293988
3	0	0.9195400964575047	2.080459903542493	1	0.3065133654858351	3.262500473396857	0	-3.262500473396857	0.9999999999999998	0.02879706654069369	-2.691819470542372
3	2	0.9987945932359044	2.001012216084019	0.6	0.33295297221568	3.003620584569417	0.9994941479737689	-2.004126436595648	0.9549200751451904	0.2093133669401882	-1.653561925108307
4	1	0.9995986258183015	2.000401374181698	0.8	0.3331995419394339	4.00160614139048	0.4998996765881892	-3.501706464802291	0.99589302576355	0.04520145303086576	-2.889183225853992
4	0	0.9999999999999991	1.99994067748069	1	0.3333399248547095	4.000000000000004	0	-4.000000000000004	0.9999999999999997	0.01234665556299719	-3.300314580784966
1	0	0.9999999999999992	1.999999999999998	1	0.3333333333333333	1.000000000000001	0	-1.000000000000001	1	0.3333333333333333	-0.8250786451962414
1	3	0.8246097924326203	2.074515020938938	0.25	0.2844340432082447	1.212694791132632	1.44612112697173	0.2334263358390976	0.6790398109595635	0.7378205289564095	0.1925950849272453
4	3	0.9008886892971928	1.999338182428585	0.5714285714285714	0.3106269713172886	4.440060184483508	1.500496527483868	-2.93956365699964	0.9665241551816443	0.1402306806259104	-2.42537119958537
2	0	0.8015415301613973	2.1984584698386	1	0.2671805100537993	2.495191982874902	0	-2.495191982874902	1	0.07138542495260825	-2.058729620734946
0	0	0.8245346651791781	1.373923804659422	0	0.3750512809276362	0	0	0	0	0	0
2	0	0.8248232251181088	1.373635244720492	1	0.3751825365064381	2.424761984258645	0	-2.424761984258645	1	0.1407619356994048	-2.000619332895471
1	4	0.9999999999999997	1.999999999999999	0.2	0.3333333333333333	1	2.000000000000001	1	0.4609053497942389	0.868312757201646	0.8250786451962411
2	1	0.9999999999999997	1.999999999999999	0.6666666666666666	0.3333333333333333	2.000000000000001	0.5000000000000002	-1.500000000000001	0.962962962962963	0.2592592592592592	-1.237617967794362
3	7	0.9231680830358723	2.076831916964127	0.3	0.3077226943452909	3.249679072671565	3.370518308594018	0.1208392359224524	0.6288996610927848	0.6375532615573251	0.09970187306144591
2	0	1.000000000000001	2.000000000000002	1	0.3333333333333333	1.999999999999998	0	-1.999999999999998	1	0.1111111111111109	-1.65015729039248
1	3	0.8015415301613973	2.198361871383674	0.25	0.267189113405642	1.247595991437451	1.364652489224518	0.1170564977870669	0.7089673543662709	0.7116183314818274	0.09658081660556994
3	1	0.9234904120295735	2.076509587970425	0.75	0.3078301373431914	3.248544826152379	0.481577357404546	-2.766967468747833	0.9910206573517132	0.08974116046450731	-2.282965770416534
4	1	0.9998771360146294	1.933607063322491	0.8	0.3408496750180457	4.000491516331138	0.5171681563273324	-3.483323360003806	0.9953994005699545	0.04908482270627279	-2.874015718652357
4	5	0.9989851036486006	2.000435167102999	0.4444444444444444	0.3330593959739671	4.004063709649694	2.499456159452009	-1.504607550197685	0.8555747120376326	0.3490193844375369	-1.241419559069141
0	0	0.8992953799777244	1.999999999999998	0	0.3101772196748833	0	0	0	0	0	0
4	8	0.9992291042910578	2.000770895708939	0.3333333333333333	0.3330763680970196	4.003085961790471	3.99845880263334	-0.004627159157130745	0.6322558404355589	0.6061897706869146	-0.003817770208472814
4	1	0.9008452310888105	2.002209276286033	0.8	0.3103094443457148	4.440274380056808	0.4994482903679952	-3.940826089688813	0.997122767427319	0.0348517690870791	-3.251491451034445
1	7	0.510576718185673	2.48942328181433	0.125	0.1701922393952242	1.958569524191165	2.811896253697078	0.8533267295059135	0.5936812544664329	0.7751877680779456	0.704061661890478
2	0	0.9414606380177392	2.058318896847757	1	0.313843276505969	2.124358596883066	0	-2.124358596883066	1	0.09849760220800208	-1.752762913027267
3	24	0.8016863045257812	2.19831369547422	0.1111111111111111	0.2672287681752603	3.742112074341323	10.91745916399921	7.17534708965789	0.04506624658945135	0.9869977283123359	5.920225655547721
4	2	0.9184413298446612	2.081558670155336	0.6666666666666666	0.3061471099482207	4.355204703904747	0.9608184619897118	-3.394386241915035	0.9879804869563865	0.07545710925457827	-2.800635601752016
5	0	0.9999999999999998	2	1	0.3333333333333334	5.000000000000001	0	-5.000000000000001	1	0.004115226337448541	-4.125393225981204
1	0	0.8015415301613974	2.1984584698386	1	0.2671805100537993	1.247595991437451	0	-1.247595991437451	1	0.2671805100537994	-1.029364810367473
4	0	0.899593877389895	2.000412852680117	1	0.3102040654120058	4.446450893602904	0	-4.446450893602904	1	0.009259551272471356	-3.668671679225498
0	2	0.2961512543988325	2.703848745601166	0	0.09871708479961089	0	0.7396863464547556	0.7396863464547556	0.8123108932321119	0.1876891067678881	0.6102994086030469
2	0	0.8015415301613974	2.1984584698386	1	0.2671805100537993	2.495191982874902	0	-2.495191982874902	0.9999999999999999	0.07138542495260847	-2.058729620734945
3	0	0.921353213811126	2.078646786188871	1	0.3071177379370423	3.256080246999593	0	-3.256080246999593	1	0.02896774581722306	-2.686522278844665
2	1	0.8015415301613973	2.000144888159644	0.6666666666666666	0.286092520890234	2.495191982874902	0.4999637805839712	-1.995228202290931	0.9765836331384163	0.19871405780482	-1.646220182003532
0	0	0	1.266415129976641	0	0	0	0	0	0	0	0
0	0	0.9999999999999992	1.999999999999998	0	0.3333333333333333	0	0	0	0	0	0
0	0	0.1754653348208212	2.824534665179177	0	0.05848844494027378	0	0	0	0	0	0
3	0	0.9999999999999992	1.999999999999998	1	0.3333333333333333	3.000000000000002	0	-3.000000000000002	1	0.03703703703703698	-2.475235935588724
1	1	0.8245552276348121	2.074765048186622	0.5	0.2843960477602632	1.212775040998092	0.4819822855961526	-0.7307927554019389	0.9191188880183422	0.4879109835388684	-0.6029614965462594
9	0	0.9999999999999993	1.999999999999999	1	0.3333333333333333	9.000000000000005	0	-9.000000000000005	1.000000000000001	5.080526342449154e-05	-7.425707806766171
4	0	0.9999999999999993	1.933964005315696	1	0.3408358105921613	4.000000000000003	0	-4.000000000000003	1	0.01349524812725622	-3.300314580784965
1	0	0.8015415301613973	2.1984584698386	1	0.2671805100537993	1.247595991437451	0	-1.247595991437451	1	0.2671805100537993	-1.029364810367473
0	4	0.1749631161666623	2.824988623398372	0	0.0583219769368791	0	1.415934905673399	1.415934905673399	0.7863388622456767	0.2136611377543233	1.168257653659075
0	0	0.9999999999999992	1.999999999999998	0	0.3333333333333333	0	0	0	0	0	0
4	0	1.668370782814343	1.209761112723806	1	0.5796714130442562	2.397548579250757	0	-2.397548579250757	0.9999999999999998	0.1129087328106798	-1.978166133560386
2	0	0.923359897158862	2.076640102841135	1	0.3077866323862876	2.166002667165763	0	-2.166002667165763	0.9999999999999999	0.09473261107569186	-1.787122546116572
1	3	0.8017345785596429	2.198265421440355	0.25	0.2672448595198812	1.247295584776387	1.364712364003037	0.1174167792266505	0.7088713677472718	0.7117060721167754	0.0968780771276309
2	1	0.8015415301613974	2.198458469838601	0.6666666666666666	0.2671805100537993	2.495191982874902	0.454864175839271	-2.040327807035631	0.980927205750755	0.1760106863593347	-1.683430902785175
1	0	0.9999999999999991	1.999999999999998	1	0.3333333333333333	1.000000000000001	0	-1.000000000000001	1	0.3333333333333333	-0.8250786451962414
5	0	0.9999999999999992	1.999610627701698	1	0.3333766025379766	5.000000000000004	0	-5.000000000000004	1	0.004117897969513118	-4.125393225981207
4	0	0.8015415301613974	2.1984584698386	1	0.2671805100537993	4.990383965749803	0	-4.990383965749803	0.9999999999999997	0.005095878895664763	-4.117459241469891
3	0	1.801285199094615	1.198424879985461	1	0.6004864308910203	1.665477516557565	0	-1.665477516557565	1	0.2165257713844195	-1.374149932966116
1	0	0.9233598971588622	2.076640102841136	1	0.3077866323862876	1.083001333582881	0	-1.083001333582881	1	0.3077866323862877	-0.8935612730582858
4	0	0.9999999999999992	1.999999999999998	1	0.3333333333333333	4.000000000000004	0	-4.000000000000004	1	0.01234567901234551	-3.300314580784966
1	0	0.9999999999999992	1.999999999999998	1	0.3333333333333333	1.000000000000001	0	-1.000000000000001	1	0.3333333333333333	-0.8250786451962414
2	0	0.9466407566647052	2.053211985138052	1	0.3155624086053714	2.1127338812736	0	-2.1127338812736	1	0.09957963372482337	-1.743171608421417
1	0	0.9999999999999992	1.999999999999998	1	0.3333333333333333	1.000000000000001	0	-1.000000000000001	1	0.3333333333333333	-0.8250786451962414
3	0	0.8015415301613973	1.999999999999998	1	0.2861073168225426	3.742787974312353	0	-3.742787974312353	1	0.02342000014318635	-3.088094431102419
2	0	0.8015415301613973	2.1984584698386	1	0.2671805100537993	2.495191982874902	0	-2.495191982874902	1	0.07138542495260825	-2.058729620734946
2	1	0.824651077648034	2.074644302329689	0.6666666666666666	0.2844315495906355	2.425268157902792	0.4820103373272545	-1.943257820575538	0.9769891160560215	0.1966821513196336	-1.603340529867464
0	1	0.1758664978946182	2.82413350210538	0	0.05862216596487278	0	0.3540909093902622	0.3540909093902622	0.9413778340351272	0.0586221659648728	0.2921528477960224
4	10	1.124199447501648	1.088854264699482	0.2857142857142857	0.5079856134099455	3.558087498521152	9.183965498596773	5.625878000075621	0.08040944031790107	0.9750043359555236	4.64179179834173
0	3	0.8015415301613973	2.198458469838601	0	0.2671805100537993	0	1.364592527517813	1.364592527517813	0.3935419504471821	0.6064580495528179	1.125896153849311
6	0	0.9999999999999991	1.999237279048091	1	0.333418101657293	6.000000000000005	0	-6.000000000000005	0.9999999999999999	0.001373836488649638	-4.950471871177449
0	1	0.8246621880660626	2.07463319191166	0	0.284435381700363	0	0.4820129186685551	0.4820129186685551	0.715564618299637	0.284435381700363	0.3976985659021372
1	0	0.8015415301613974	2.1984584698386	1	0.2671805100537993	1.247595991437451	0	-1.247595991437451	1	0.2671805100537994	-1.029364810367473
1	0	0.9999999999999992	1.801634861934929	1	0.356934450519136	1.000000000000001	0	-1.000000000000001	1	0.3569344505191361	-0.8250786451962414
0	0	0.1754653348208212	2.824534665179177	0	0.05848844494027378	0	0	0	0	0	0
0	0	0	2.999999999999998	0	0	0	0	0	0	0	0
4	3	0.8992067861039378	2.000530271277911	0.5714285714285714	0.3100994222268639	4.448365005485676	1.499602401958977	-2.948762603526698	0.9667685962514841	0.1395064734770164	-2.432961053923148
1	0	0.9999999999999992	1.801560158744846	1	0.3569439681238255	1.000000000000001	0	-1.000000000000001	1	0.3569439681238255	-0.8250786451962414
0	0	0.8015415301613972	2.1984584698386	0	0.2671805100537993	0	0	0	0	0	0
2	2	0.9999999999999993	1.999999999999999	0.5	0.3333333333333333	2.000000000000001	1.000000000000001	-1.000000000000001	0.8888888888888891	0.4074074074074072	-0.8250786451962413
3	1	0.9998551068402237	2.000144893159774	0.75	0.3332850356134081	3.000434742470539	0.4999637793341198	-2.500470963136419	0.9876614746504579	0.1110681844698505	-2.063085194617136
3	0	0.9220856106210705	2.077914389378927	1	0.3073618702070237	3.253493998219266	0	-3.253493998219266	1	0.02903688136780536	-2.684388420204852
4	1	0.9994684498960279	1.999492318395664	0.8	0.3332715987696493	4.002127331199008	0.5001269526268407	-3.502000378572168	0.9958885830268095	0.04523701056481988	-2.889425727829046
0	3	0.8246073342853064	2.074346925951214	0	0.2844499292714015	0	1.446238313595648	1.446238313595648	0.3663701539205172	0.6336298460794827	1.193260348412393
4	0	0.8015415301613972	2.076640102841135	1	0.2784888628884846	4.990383965749805	0	-4.990383965749805	0.9999999999999998	0.006014940387941481	-4.117459241469892
3	3	0.8353509164957634	2.112041509240133	0.5	0.2834203240809359	3.59130509197833	1.420426628394882	-2.170878463583448	0.9419204084351793	0.2256187869466342	-1.791145461619128
2	1	0.9999034246778096	1.999371492511981	0.6666666666666666	0.333381718010259	2.000193169299768	0.5001571762652346	-1.500035993034534	0.9629468323961307	0.2593237745026773	-1.237647664878531
2	5	0.8504918055460693	2.092579161958196	0.2857142857142857	0.2889810728102453	2.351580564278188	2.389395866544468	0.0378153022662806	0.6719246914715181	0.6467619808290936	0.03120059836154913
2	0	0.8015415301613975	2.076640102841136	1	0.2784888628884847	2.495191982874901	0	-2.495191982874901	1	0.07755604675292127	-2.058729620734945
2	0	0.9228130611196754	2.077186938880323	1	0.3076043537065586	2.167286186406316	0	-2.167286186406316	0.9999999999999999	0.09462043841922974	-1.78818155043265
4	0	0.9999999999999992	1.999999999999998	1	0.3333333333333333	4.000000000000004	0	-4.000000000000004	1	0.01234567901234551	-3.300314580784966
0	0	0.9999999999999992	1.999999999999998	0	0.3333333333333333	0	0	0	0	0	0
2	0	0.8015415301613972	2.1984584698386	1	0.2671805100537993	2.495191982874903	0	-2.495191982874903	1	0.07138542495260825	-2.058729620734946
2	0	0.9999999999999993	1.933656554914011	1	0.3408715305562791	2.000000000000001	0	-2.000000000000001	1	0.1161934003437802	-1.650157290392483
2	0	0.8015415301613974	2.1984584698386	1	0.2671805100537993	2.495191982874902	0	-2.495191982874902	0.9999999999999999	0.07138542495260847	-2.058729620734945
3	0	0.923359897158862	2.076640102841135	1	0.3077866323862876	3.249004000748645	0	-3.249004000748645	0.9999999999999999	0.02915743134014726	-2.680683819174858
1	1	0.9999999999999993	1.999999999999999	0.5	0.3333333333333333	1.000000000000001	0.5000000000000003	-0.5000000000000003	0.8888888888888891	0.5555555555555555	-0.4125393225981207
0	0	0.8015415301613972	2.1984584698386	0	0.2671805100537993	0	0	0	0	0	0
0	3	0.8019760866924025	2.197830657357686	0	0.2673425840791468	0	1.364982324710454	1.364982324710454	0.3932808950709999	0.6067191049290002	1.126217767188917
2	2	0.824953102493033	2.07434227748469	0.5	0.2845357213997877	2.42438023925959	0.9641610363479473	-1.460219202911643	0.9275191405194319	0.3211378965895586	-1.204795681627873
1	0	0.9999999999999992	1.999999999999998	1	0.3333333333333333	1.000000000000001	0	-1.000000000000001	1	0.3333333333333333	-0.8250786451962414
2	0	0.8015415301613976	2.198458469838601	1	0.2671805100537993	2.495191982874901	0	-2.495191982874901	1	0.07138542495260825	-2.058729620734945
0	0	0.8245346651791781	1.373923804659422	0	0.3750512809276362	0	0	0	0	0	0
1	0	0.8015415301613971	2.1984584698386	1	0.2671805100537993	1.247595991437451	0	-1.247595991437451	1	0.2671805100537993	-1.029364810367473
2	1	0.9991950916126668	2.000804908387331	0.6666666666666666	0.3330650305375558	2.001611113573495	0.4997988538552767	-1.501812259718218	0.9630523252611463	0.2589015942232409	-1.239113224587412
0	0	0.8015415301613973	2.1984584698386	0	0.2671805100537993	0	0	0	0	0	0
6	0	0.9409339335397544	2.057590410279699	1	0.3137989976566986	6.376643232993255	0	-6.376643232993255	0.9999999999999998	0.0009547931885823813	-5.261232159577851
2	2	0.923546413308405	2.076453586691593	0.5	0.3078488044361353	2.165565228969309	0.9631806907789324	-1.202384538190376	0.9102441464375537	0.3621690485086478	-0.9920618057750233
0	0	0.9999999999999992	1.999999999999998	0	0.3333333333333333	0	0	0	0	0	0
10	0	0.8015415301613974	1.999999999999999	1	0.2861073168225426	12.47595991437451	0	-12.47595991437451	1	3.675273342773622e-06	-10.29364810367473
2	0	0.9999999999999993	1.999837385900381	1	0.3333514025460605	2.000000000000001	0	-2.000000000000001	1	0.1111231575794255	-1.650157290392483
4	8	0.9997098581429955	2.000290141857002	0.3333333333333333	0.3332366193809988	4.001160904254935	3.999419800456083	-0.001741103798851729	0.6317974270437339	0.6066485490743411	-0.001436547563502612
2	0	0.8015415301613972	2.076640102841135	1	0.2784888628884846	2.495191982874903	0	-2.495191982874903	0.9999999999999999	0.07755604675292127	-2.058729620734946
1	0	0.9999999999999993	1.999999999999999	1	0.3333333333333333	1.000000000000001	0	-1.000000000000001	1	0.3333333333333333	-0.8250786451962413
3	0	0.8999801053121449	1.99733641242418	1	0.310625401057424	3.333407018991263	0	-3.333407018991263	1	0.02997166711709487	-2.750322947116951
1	0	0.8015415301613973	1.999999999999999	1	0.2861073168225426	1.247595991437451	0	-1.247595991437451	1	0.2861073168225425	-1.029364810367473
7	0	0.9999999999999993	1.999999999999999	1	0.3333333333333333	7.000000000000004	0	-7.000000000000004	1	0.0004572473708274183	-5.775550516373689
5	2	0.8665774456198195	2.033081579537377	0.7142857142857143	0.2988549474615694	5.769824757467291	0.9837283560727039	-4.786096401394587	0.9962902942756025	0.02832116085745084	-3.948905934641249
3	2	0.8188021486845874	1.58666526360242	0.6	0.3403921185970705	3.663888773154205	1.260505316325593	-2.403383456828612	0.9511536418229117	0.2204435436140508	-1.982980366447209
4	8	0.8018061689401192	2.197748814736236	0.3333333333333333	0.26730837517684	4.988736873011923	3.640088415181388	-1.348648457830534	0.8046183187148915	0.4052878885004143	-1.112741042432817
4	1	0.9999999999999991	1.999999999999998	0.8	0.3333333333333333	4.000000000000004	0.5000000000000004	-3.500000000000003	0.9958847736625519	0.04526748971193373	-2.887775258186845
4	0	1.801541530161397	1.198458469838601	1	0.6005138433871327	2.220320727017405	0	-2.220320727017405	1	0.1300445313278238	-1.831939217348652
3	0	0.8246066539690302	2.074688726008693	1	0.2844162273577541	3.638098219994076	0	-3.638098219994076	0.9999999999999999	0.02300716537833236	-3.001717150443567
4	0	1.668853256388697	1.209803268620822	1	0.5797333728042383	2.396855436322646	0	-2.396855436322646	1	0.1129570147825327	-1.977594236132334
1	0	0.9999999999999991	1.999999999999998	1	0.3333333333333333	1.000000000000001	0	-1.000000000000001	1	0.3333333333333333	-0.8250786451962414
1	0	0.9999999999999991	1.999999999999998	1	0.3333333333333333	1.000000000000001	0	-1.000000000000001	1	0.3333333333333333	-0.8250786451962414
3	0	0.9999999999999999	1.948707898620225	1	0.3391315906427779	3	0	-3	1	0.03900360419752558	-2.475235935588723
0	0	0	2.999999999999998	0	0	0	0	0	0	0	0
5	0	1.08891643684133	1.218241716255707	1	0.4719730354763986	4.591720568112396	0	-4.591720568112396	0.9999999999999994	0.02341994858215934	-3.788530585457888
3	0	0.8015415301613971	2.1984584698386	1	0.2671805100537993	3.742787974312354	0	-3.742787974312354	1	0.01907279424924502	-3.088094431102419
5	0	0.9999999999999993	1.999999999999999	1	0.3333333333333333	5.000000000000004	0	-5.000000000000004	1	0.004115226337448097	-4.125393225981207
2	1	0.9997124809783566	1.99872289834987	0.6666666666666666	0.333411381105813	2.000575203425213	0.5003194794163773	-1.500255724008835	0.9629369409468729	0.2593633290464028	-1.237828960213115
0	0	0.8667924350116785	2.066603782494159	0	0.2954910863520105	0	0	0	0	0	0
2	1	0.8262153328408903	2.073080047136832	0.6666666666666666	0.2849710790237726	2.420676451407799	0.4823740411669669	-1.938302410240832	0.9768579216037652	0.1973413908474491	-1.599251926622114
0	1	0.824751505392475	1.373706964446125	0	0.3751499137725463	0	0.7279572906607467	0.7279572906607467	0.6248500862274537	0.3751499137725463	0.6006220151390949
2	0	0.9999999999999993	1.999999999999999	1	0.3333333333333333	2.000000000000001	0	-2.000000000000001	1	0.1111111111111109	-1.650157290392483
0	0	0.8992953799777244	1.999999999999998	0	0.3101772196748833	0	0	0	0	0	0
3	0	0.9999999999999993	1.999870245690581	1	0.3333477511024134	3.000000000000002	0	-3.000000000000002	0.9999999999999998	0.03704184316793901	-2.475235935588724
0	1	0.1762561370124806	2.823743862987517	0	0.05875204567082691	0	0.3541397692289276	0.3541397692289276	0.9412479543291731	0.05875204567082692	0.2921931610055129
1	0	0.8015415301613973	2.1984584698386	1	0.2671805100537993	1.247595991437451	0	-1.247595991437451	1	0.2671805100537993	-1.029364810367473
7	0	0.9999999999999992	1.999902627284583	1	0.3333441528751111	7.000000000000005	0	-7.000000000000005	0.9999999999999999	0.0004573512722924056	-5.77555051637369
1	0	0.9999999999999991	1.999999999999998	1	0.3333333333333333	1.000000000000001	0	-1.000000000000001	1	0.3333333333333333	-0.8250786451962414
2	0	0.3537777500364399	2.64622224996356	1	0.1179259166788133	5.653266774956864	0	-5.653266774956864	1	0.01390652182453822	-4.664389691614331
9	0	1	2	1	0.3333333333333333	9	0	-9	1.000000000000001	5.080526342449154e-05	-7.425707806766167
2	0	0.9999999999999992	1.999999999999998	1	0.3333333333333333	2.000000000000002	0	-2.000000000000002	1	0.1111111111111109	-1.650157290392483
2	0	0.8015415301613973	2.1984584698386	1	0.2671805100537993	2.495191982874902	0	-2.495191982874902	1	0.07138542495260825	-2.058729620734946
0	0	0.1754653348208212	2.824534665179177	0	0.05848844494027378	0	0	0	0	0	0
0	0	0.8245346651791781	2.108861552326659	0	0.2810853372819341	0	0	0	0	0	0
1	0	0.8015415301613972	2.1984584698386	1	0.2671805100537993	1.247595991437451	0	-1.247595991437451	1	0.2671805100537993	-1.029364810367473
1	0	0.9999999999999993	1.999999999999999	1	0.3333333333333333	1.000000000000001	0	-1.000000000000001	1	0.3333333333333333	-0.8250786451962413
0	0	0	1.266415129976641	0	0	0	0	0	0	0	0
8	0	0.8657010941341842	2.067695123371654	1	0.295119046301307	9.241064905896948	0	-9.241064905896948	1	5.754106690214478e-05	-7.62460531272798
3	0	0.9999999999999991	1.933704195617866	1	0.3408659951107954	3.000000000000003	0	-3.000000000000003	1	0.03960509270035717	-2.475235935588724
0	1	0.006174123008915659	2.993825876991083	0	0.002058041002971888	0	0.3340207617568731	0.3340207617568731	0.9979419589970281	0.002058041002971911	0.2755933975777771
2	13	0.9309681322840685	2.065257697620162	0.1333333333333333	0.3107136060948468	2.148301247533718	6.294613991745517	4.146312744211798	0.1096103127537235	0.9707619171885928	3.421034101554177
1	0	0.8015415301613973	2.198458469838601	1	0.2671805100537993	1.247595991437451	0	-1.247595991437451	1	0.2671805100537993	-1.029364810367473
1	0	0.9999999999999994	1.999999999999999	1	0.3333333333333334	1.000000000000001	0	-1.000000000000001	1	0.3333333333333334	-0.8250786451962413
0	0	0	1.266415129976641	0	0	0	0	0	0	0	0
4	0	0.8015415301613974	1.999999999999998	1	0.2861073168225426	4.990383965749803	0	-4.990383965749803	1	0.006700633400950617	-4.117459241469891
2	0	0.999999999999999	1.999999999999998	1	0.3333333333333334	2.000000000000002	0	-2.000000000000002	1	0.111111111111111	-1.650157290392483
1	0	0.8015415301613974	2.198458469838601	1	0.2671805100537993	1.247595991437451	0	-1.247595991437451	1	0.2671805100537993	-1.029364810367473
6	0	0.9409438710442434	2.057604154872432	1	0.3137998334232419	6.376575887933998	0	-6.376575887933998	0.9999999999999999	0.0009548084465568207	-5.261176594607599
4	0	0.8015415301613971	2.1984584698386	1	0.2671805100537993	4.990383965749806	0	-4.990383965749806	0.9999999999999998	0.005095878895664652	-4.117459241469893
2	0	0.824596358579003	1.373862111259597	1	0.3750793430451023	2.425429095329171	0	-2.425429095329171	1	0.1406845135791455	-2.001169751993736
2	0	0.8015415301613973	2.1984584698386	1	0.2671805100537993	2.495191982874902	0	-2.495191982874902	1	0.07138542495260825	-2.058729620734946
1	0	0.9999999999999992	1.999999999999998	1	0.3333333333333333	1.000000000000001	0	-1.000000000000001	1	0.3333333333333333	-0.8250786451962414
5	1	0.8664080313466616	2.067118171994529	0.8333333333333334	0.2953469549240266	5.770952968001092	0.4837652793865752	-5.287187688614517	0.9993362645934715	0.01016516755345254	-4.362345655020309
3	0	0.9999999999999993	1.934417549652887	1	0.3407831309209182	3.000000000000002	0	-3.000000000000002	1	0.03957621584358406	-2.475235935588724
3	7	0.8081427824257454	2.120476945651972	0.3	0.2759466429450685	3.712215298137182	3.301144119653584	-0.4110711784835979	0.7124206502783665	0.5506367909012153	-0.339166051022469
1	0	0.9999999999999992	1.933444855501445	1	0.3408961304060577	1.000000000000001	0	-1.000000000000001	1	0.3408961304060577	-0.8250786451962414
2	0	0.82539934251314	1.37305912732546	1	0.3754445916705157	2.423069533724715	0	-2.423069533724715	1	0.1409586414146402	-1.999222928101874
0	1	0.9999999999999992	1.999999999999998	0	0.3333333333333333	0	0.5000000000000004	0.5000000000000004	0.6666666666666667	0.3333333333333333	0.4125393225981207
1	0	0.9999999999999992	1.999999999999998	1	0.3333333333333333	1.000000000000001	0	-1.000000000000001	1	0.3333333333333333	-0.8250786451962414
1	0	0.8015415301613973	2.1984584698386	1	0.2671805100537993	1.247595991437451	0	-1.247595991437451	1	0.2671805100537993	-1.029364810367473
4	2	1.000447682393315	1.999552317606682	0.6666666666666666	0.3334825607977721	3.998210071746104	1.000223891312758	-2.997986180433345	0.9821304773733501	0.1002846253455055	-2.473574376068997
1	1	0.8245758576108299	2.074761056961532	0.5	0.284401531076443	1.212744698707834	0.4819832127871585	-0.7307614859206758	0.9191157691213752	0.4879188312742609	-0.6029356967650229
1	0	0.8015415301613974	2.1984584698386	1	0.2671805100537993	1.247595991437451	0	-1.247595991437451	1	0.2671805100537994	-1.029364810367473
4	0	0.9999999999999996	1.999999999999999	1	0.3333333333333333	4.000000000000002	0	-4.000000000000002	1	0.01234567901234551	-3.300314580784964
1	0	0.8245654869840542	1.373892982854546	1	0.3750653006625091	1.212759951495931	0	-1.212759951495931	1	0.3750653006625091	-1.000622337728521
2	2	0.9999999999999991	1.999806322942713	0.5	0.3333548543957437	2.000000000000002	1.000096847907253	-0.9999031520927493	0.8888697581293229	0.407445667073875	-0.8249987380561362
2	0	0.9999999999999993	1.999999999999999	1	0.3333333333333333	2.000000000000001	0	-2.000000000000001	1	0.1111111111111109	-1.650157290392483
3	1	0.9212123421945903	2.078787657805408	0.75	0.3070707807315303	3.256578166173008	0.4810496138194834	-2.775528552353524	0.9911089311613216	0.08914463609989054	-2.290029337679329
4	3	0.8015415301613974	2.198458469838601	0.5714285714285714	0.2671805100537993	4.990383965749803	1.364592527517813	-3.62579143823199	0.9826822020983131	0.08750827209617185	-2.991563087620579
0	0	0.8245346651791781	1.373923804659422	0	0.3750512809276362	0	0	0	0	0	0
1	0	0.9233598971588622	2.076640102841135	1	0.3077866323862876	1.083001333582881	0	-1.083001333582881	1	0.3077866323862877	-0.8935612730582858
1	0	0.8015415301613972	2.1984584698386	1	0.2671805100537993	1.247595991437451	0	-1.247595991437451	1	0.2671805100537993	-1.029364810367473
8	0	0.9999999999999991	1.998038920217515	1	0.3335513736184075	8.000000000000007	0	-8.000000000000007	1	0.000153215205456636	-6.600629161569931
4	1	0.8664613489551048	2.032932162263509	0.8	0.2988422736004991	4.616478282411253	0.4919003292695114	-4.124577953141742	0.9976165274238373	0.0303445470303082	-3.403101189584472
3	0	1.801118182408926	1.198494665916296	1	0.6004502159052114	1.665631955359874	0	-1.665631955359874	1	0.2164865981187349	-1.37427735712389
1	0	0.8015415301613973	2.1984584698386	1	0.2671805100537993	1.247595991437451	0	-1.247595991437451	1	0.2671805100537993	-1.029364810367473
9	2	1.028869338204372	1.571461997351014	0.8181818181818182	0.3956685535170937	8.747466433111125	1.27270020106841	-7.474766232042716	0.9993376425404187	0.005436516626050047	-6.167269995892413
2	0	1.668282570573265	1.209805851466395	1	0.5796495193816795	1.198837676109478	0	-1.198837676109478	1	0.335993565319412	-0.989135365614618
6	0	0.9229961916930655	2.077003808306932	1	0.307665397231022	6.500568533218011	0	-6.500568533218011	0.9999999999999998	0.0008481485547784384	-5.36348027839283
5	2	0.9997401552032565	1.999837805535054	0.7142857142857143	0.3332936060635618	5.001299561668055	1.000081103809767	-4.001218457858287	0.993145865838008	0.0452446056645025	-3.301319904343907
1	1	0.8246019051759921	2.074693474801731	0.5	0.2844145894449458	1.212706390469197	0.4819989131626134	-0.7307074773065831	0.9191083413108629	0.4879375202007545	-0.6028911354108785
2	0	0.9999999999999994	1.999999999999999	1	0.3333333333333334	2.000000000000001	0	-2.000000000000001	1	0.111111111111111	-1.650157290392483
3	0	0.8015415301613973	2.1984584698386	1	0.2671805100537993	3.742787974312353	0	-3.742787974312353	1	0.01907279424924502	-3.088094431102419
0	1	0.8667924350116785	2.066595491511774	0	0.2954919215335321	0	0.4838876326341306	0.4838876326341306	0.7045080784664679	0.2954919215335321	0.3992453523609847
0	0	0.8245346651791781	2.074760714798545	0	0.2843913976041701	0	0	0	0	0	0
2	0	0.8015415301613974	2.198458469838601	1	0.2671805100537993	2.495191982874902	0	-2.495191982874902	1	0.07138542495260825	-2.058729620734945
4	0	0.8015415301613972	2.1984584698386	1	0.2671805100537993	4.990383965749805	0	-4.990383965749805	0.9999999999999998	0.005095878895664652	-4.117459241469892
3	0	0.8665553037360664	1.331903166102534	1	0.3941649640530551	3.461983311469909	0	-3.461983311469909	1	0.06123984124963933	-2.856408500319588
0	0	0.9233598971588621	2.076640102841135	0	0.3077866323862877	0	0	0	0	0	0
3	0	0.8247195712228494	2.108676646282987	1	0.2811483720818592	3.63760010636314	0	-3.63760010636314	1	0.02222320638516695	-3.0013061675238
5	0	0.8249254460032223	2.074369933974501	1	0.2845261823614401	6.061153797867534	0	-6.061153797867534	1	0.00186470950147799	-5.000928563870594
0	0	0.8245346651791781	2.108861552326659	0	0.2810853372819341	0	0	0	0	0	0
3	0	0.8015415301613973	2.1984584698386	1	0.2671805100537993	3.742787974312353	0	-3.742787974312353	1	0.01907279424924502	-3.088094431102419
1	1	1.000152174390982	1.801630553781353	0.5	0.3569699264451542	0.9998478487625401	0.5550527536853489	-0.4447950950771912	0.8725724716137411	0.5865123245040497	-0.366990934436222
1	0	0.8245655064221703	2.108830711083667	1	0.2810958511166518	1.212759922906609	0	-1.212759922906609	1	0.2810958511166518	-1.000622314140082
5	1	0.99959877537417	2.000401224625831	0.8333333333333334	0.3331995917913899	5.00200692835823	0.4998997139621563	-4.502107214396074	0.9986315568372133	0.01779964803883316	-3.714592520982134
2	0	0.8248023883259884	2.108593829179849	1	0.2811766045799597	2.424823240460278	0	-2.424823240460278	1	0.07906028296311496	-2.000669874079325
4	1	0.9999715296397904	1.982729510373695	0.8	0.3352570426016512	4.000113884683176	0.5043552308915425	-3.495758653791634	0.995764647630181	0.04622433846373319	-2.884275814003435
1	1	0.8998259442070908	2.002067037159564	0.5	0.3100824013790182	1.111326036371601	0.4994837742390243	-0.611842262132577	0.9038489043550214	0.5240137071130579	-0.5048179847141497
8	3	0.9238634117585773	2.07613658824142	0.7272727272727273	0.3079544705861927	8.659288698068442	1.444991633494178	-7.214297064574264	0.9992830790021076	0.005140563802042308	-5.95236244808215
6	0	0.8662263238410824	1.332232145997518	1	0.3940153228842555	6.926596242647502	0	-6.926596242647502	0.9999999999999997	0.00374178361351718	-5.714986643704973
3	0	0.8015415301613972	2.1984584698386	1	0.2671805100537993	3.742787974312354	0	-3.742787974312354	1	0.01907279424924502	-3.088094431102419
2	4	0.9995504858393149	2.000449514160684	0.3333333333333333	0.3331834952797719	2.000899432629073	1.999550586848104	-0.001348845780969166	0.6806800309072775	0.6485379762894754	-0.001112903849540704
2	0	0.8667410198317066	2.066655197674131	1	0.2954735588254987	2.307494342875726	0	-2.307494342875726	1	0.08730462396500538	-1.903864306217893
0	0	0.8245346651791781	2.074760714798545	0	0.2843913976041701	0	0	0	0	0	0
1	0	0.8015415301613972	1.999999999999998	1	0.2861073168225426	1.247595991437451	0	-1.247595991437451	1	0.2861073168225425	-1.029364810367473
0	4	0.9997388558381469	2.000261144161851	0	0.3332462852793826	0	1.999738889931834	1.999738889931834	0.1976340524695346	0.8023659475304654	1.649941854051192
4	0	0.8665355186395586	2.066860698866279	1	0.2954035031027424	4.616083142535127	0	-4.616083142535127	0.9999999999999996	0.007614871248141308	-3.808631625356088
1	0	0.8015415301613974	2.198458469838601	1	0.2671805100537993	1.247595991437451	0	-1.247595991437451	1	0.2671805100537993	-1.029364810367473
7	1	1	2	0.875	0.3333333333333333	7	0.5	-6.5	0.9998475842097245	0.002591068434689481	-5.363011193775565
0	0	0.8245346651791781	2.074760714798545	0	0.2843913976041701	0	0	0	0	0	0
1	2	0.1767758892575405	2.823224110742457	0.3333333333333333	0.05892529641918021	5.656880042861074	0.7084099318895501	-4.948470110971524	0.9899926280414537	0.1665639174411351	-4.082877014954476
2	0	0.8015415301613973	2.198458469838601	1	0.2671805100537993	2.495191982874902	0	-2.495191982874902	1	0.07138542495260825	-2.058729620734946
1	1	0.9999627263123243	2.000037273687674	0.5	0.333320908770775	1.000037275077055	0.4999906817517443	-0.5000465933253109	0.8888971717762248	0.5555389893177746	-0.412577765755843
0	0	0	1.266415129976641	0	0	0	0	0	0	0	0
2	0	0.9999999999999992	1.801803352075474	1	0.3569129857951079	2.000000000000002	0	-2.000000000000002	1	0.1273868794291788	-1.650157290392483
1	0	0.8015415301613971	1.999999999999998	1	0.2861073168225426	1.247595991437451	0	-1.247595991437451	1	0.2861073168225425	-1.029364810367473
7	0	0.8015415301613975	2.198458469838601	1	0.2671805100537993	8.733171940062155	0	-8.733171940062155	0.9999999999999997	9.719264969643149e-05	-7.205553672572308
12	0	0.9999999999999994	1.999999999999999	1	0.3333333333333334	12.00000000000001	0	-12.00000000000001	0.9999999999999996	1.881676423565182e-06	-9.900943742354894
1	0	0.866771876785348	2.06662434072049	1	0.2954840780160047	1.153706098205174	0	-1.153706098205174	1	0.2954840780160046	-0.9518982644617663
2	1	1.002049542202353	1.997950457797645	0.6666666666666666	0.3340165140674513	1.995909299658281	0.5005129111671304	-1.495396388491151	0.9627347689968098	0.2601706330029354	-1.23381962624763
2	1	1.000091096413984	1.999908903586014	0.6666666666666666	0.3333636988046617	1.999817823767633	0.5000227751408635	-1.499795048626769	0.962952840217097	0.2592997474763695	-1.237448866793005
2	0	0.9999999999999993	1.999999999999999	1	0.3333333333333333	2.000000000000001	0	-2.000000000000001	1	0.1111111111111109	-1.650157290392483
4	1	0.999999999999999	1.999999999999998	0.8	0.3333333333333334	4.000000000000004	0.5000000000000006	-3.500000000000004	0.9958847736625515	0.04526748971193417	-2.887775258186846
7	0	1.801412020153259	1.198469542896837	1	0.6004943802920318	3.885840619296223	0	-3.885840619296223	1.000000000000001	0.02815546031169447	-3.206124113617448
5	0	0.8657358702304726	2.067660347275365	1	0.2951309015345281	5.775433561126352	0	-5.775433561126352	0.9999999999999999	0.002239099651434984	-4.76518689803503
5	0	0.801541530161398	2.198458469838602	1	0.2671805100537993	6.23797995718725	0	-6.23797995718725	0.9999999999999996	0.001361519522516508	-5.14682405183736
1	0	0.8246068474974197	1.373851622341181	1	0.3750841140783333	1.212699122054197	0	-1.212699122054197	1	0.3750841140783333	-1.000572148655147
4	1	0.8015751337090185	2.197253445388259	0.8	0.2672960833094077	4.990174759403214	0.4551136338408599	-4.535061125562354	0.9986355331922241	0.02006564195920046	-3.741782089361126
0	0	0.9999999999999992	1.999999999999998	0	0.3333333333333333	0	0	0	0	0	0
2	1	0.9233971883278842	2.076602811672114	0.6666666666666666	0.3077990627759616	2.16591519367918	0.4815557382370989	-1.684359455442081	0.9708390358273667	0.2258988607920149	-1.38972901751963
3	1	0.8015415301613972	2.1984584698386	0.75	0.2671805100537993	3.742787974312354	0.4548641758392711	-3.287923798473082	0.9949041211043353	0.06100354030998711	-2.712795713152648
5	0	1.801498856180595	1.198452877801842	1	0.6005092801240188	2.775466652585409	0	-2.775466652585409	1	0.07809057422717858	-2.289978265502515
1	0	0.9999999999999991	1.999999999999998	1	0.3333333333333333	1.000000000000001	0	-1.000000000000001	1	0.3333333333333333	-0.8250786451962414
6	0	0.8015415301613973	2.1984584698386	1	0.2671805100537993	7.485575948624706	0	-7.485575948624706	0.9999999999999999	0.0003637714804741732	-6.176188862204837
2	1	0.9999999999999993	1.802377949527732	0.6666666666666666	0.3568398046268254	2.000000000000001	0.5548225888260699	-1.445177411173932	0.9545619297398592	0.2911277979780507	-1.192385020479598
0	0	0.8245346651791781	2.108861552326659	0	0.2810853372819341	0	0	0	0	0	0
0	0	0	2.999999999999998	0	0	0	0	0	0	0	0
0	1	0.8015527190633951	2.198398276130461	0	0.2671886041963826	0	0.4548766303438715	0.4548766303438715	0.7328113958036174	0.2671886041963826	0.3753089938955527
2	1	0.8246621980883941	2.074706754835197	0.6666666666666666	0.2844281674661799	2.425235453542183	0.4819958279257804	-1.943239625616402	0.9769899369011216	0.196678021146751	-1.603325517595231
7	0	1.797608234822596	1.198794765148661	1	0.5999220514863454	3.894063158144589	0	-3.894063158144589	1	0.02796815255869767	-3.212908354830532
2	0	0.8015415301613973	2.198458469838601	1	0.2671805100537993	2.495191982874902	0	-2.495191982874902	1	0.07138542495260825	-2.058729620734946
1	0	0.8245861171756673	2.10881010033017	1	0.2811028773592623	1.212729609643626	0	-1.212729609643626	1	0.2811028773592623	-1.000597303314129
1	2	0.8305879837274738	2.06870739625025	0.3333333333333333	0.2864792561197595	1.203966370320272	0.9667872815774771	-0.2371790887427953	0.800811821202707	0.6367381326802359	-0.1956914012087844
1	0	0.9999999999999992	1.999999999999998	1	0.3333333333333333	1.000000000000001	0	-1.000000000000001	1	0.3333333333333333	-0.8250786451962414
4	1	0.8665920754249574	2.032752310176625	0.8	0.298892425380212	4.61578188104073	0.4919438511980392	-4.123838029842691	0.9976145267778475	0.03036332082026871	-3.402490694671342
5	1	0.8662978033861795	2.033342704750498	0.8333333333333334	0.2987604156292004	5.771687265575453	0.4918010120299448	-5.279886253545508	0.9992888874723032	0.01072569733766737	-4.356321396865583
2	0	0.8246682868470631	1.373790182991537	1	0.3751120606374729	2.42521754734447	0	-2.42521754734447	1	0.1407090580356911	-2.000995208269125
8	1	1.800161659792624	1.199779073401827	0.8888888888888888	0.6000657412574093	4.444045320308392	0.8334867828329611	-3.610558537475431	0.9899123618372917	0.07059688960491217	-2.978994746501949
6	0	0.9407196050414095	2.057293971880707	1	0.3137809689331664	6.378096053112326	0	-6.378096053112326	1	0.0009544641009117116	-5.262430850433408
1	0	0.8245552166355289	2.108841000870308	1	0.2810923433100418	1.212775057176094	0	-1.212775057176094	1	0.2810923433100418	-1.000634801102645
1	0	0.8015415301613972	2.1984584698386	1	0.2671805100537993	1.247595991437451	0	-1.247595991437451	1	0.2671805100537993	-1.029364810367473
0	0	0.9999999999999992	1.999999999999998	0	0.3333333333333333	0	0	0	0	0	0
4	0	0.8665248190443215	2.066871398461517	1	0.2953998555916516	4.616140140580792	0	-4.616140140580792	1	0.007614495154931289	-3.808678653226384
1	0	0.8015415301613972	2.1984584698386	1	0.2671805100537993	1.247595991437451	0	-1.247595991437451	1	0.2671805100537993	-1.029364810367473
0	5	0.01086062129910157	2.989139378700896	0	0.003620207099700525	0	1.672722267696008	1.672722267696008	0.9820295498934434	0.01797045010655662	1.380127422420206
8	0	1	1.984323117122045	1	0.3350843594189486	7.999999999999996	0	-7.999999999999996	1	0.000158940017145115	-6.600629161569922
1	0	0.8015415301613973	2.1984584698386	1	0.2671805100537993	1.247595991437451	0	-1.247595991437451	1	0.2671805100537993	-1.029364810367473
3	0	0.9999999999999993	1.999999999999999	1	0.3333333333333333	3.000000000000002	0	-3.000000000000002	1	0.03703703703703698	-2.475235935588724
2	0	0.8015415301613973	2.076640102841136	1	0.2784888628884846	2.495191982874902	0	-2.495191982874902	0.9999999999999999	0.07755604675292127	-2.058729620734946
0	0	0.8015415301613973	2.1984584698386	0	0.2671805100537993	0	0	0	0	0	0
1	3	0.8260409848846697	2.074121311654335	0.25	0.2848257788436359	1.210593685178488	1.446395629389285	0.2358019442107966	0.6783550856601518	0.7383941768940717	0.1945551486640836
1	0	0.1798476201038445	2.820152379896153	1	0.05994920670128155	5.560262623562086	0	-5.560262623562086	1	0.05994920670128157	-4.587653952383901
2	0	0.8015415301613974	1.999999999999998	1	0.2861073168225426	2.495191982874902	0	-2.495191982874902	1	0.08185739673939474	-2.058729620734945
1	0	0.8015415301613974	2.198458469838601	1	0.2671805100537993	1.247595991437451	0	-1.247595991437451	1	0.2671805100537993	-1.029364810367473
0	0	0.8245346651791781	2.074760714798545	0	0.2843913976041701	0	0	0	0	0	0
0	0	0.8015415301613972	2.076640102841135	0	0.2784888628884846	0	0	0	0	0	0
1	3	0.8015415301613973	2.1984584698386	0.25	0.2671805100537993	1.247595991437451	1.364592527517813	0.1169965360803622	0.7089821675913173	0.7116047886008631	0.09653134348183834
0	0	0.8015415301613972	2.1984584698386	0	0.2671805100537993	0	0	0	0	0	0
5	4	0.9999501297009329	2.000049870299065	0.5555555555555556	0.3333167099003111	5.000249363931189	1.999950130944427	-3.000299232986762	0.9575878199206308	0.1448202678684677	-2.475482826336038
2	0	0.8015415301613973	2.076640102841135	1	0.2784888628884847	2.495191982874902	0	-2.495191982874902	1	0.07755604675292127	-2.058729620734946
0	1	0.1758666622160096	2.824133337783989	0	0.05862222073866991	0	0.3540909299929406	0.3540909299929406	0.94137777926133	0.05862222073866996	0.2921528647948524
5	0	0.9999999999999993	1.936222673603363	1	0.3405736250830013	5.000000000000004	0	-5.000000000000004	0.9999999999999998	0.004581999738960008	-4.125393225981207
0	0	0.9999999999999992	1.801541530161397	0	0.3569463415887287	0	0	0	0	0	0
3	0	0.7103438183556547	2.289656181644348	1	0.236781272785218	4.223306971185552	0	-4.223306971185552	0.9999999999999998	0.01327522993812835	-3.484560394033614
0	0	0.8992953799777244	1.999999999999998	0	0.3101772196748833	0	0	0	0	0	0
1	0	0.8015415301613973	2.198458469838601	1	0.2671805100537993	1.247595991437451	0	-1.247595991437451	1	0.2671805100537993	-1.029364810367473
2	3	0.9992746942260633	1.934218768452891	0.4	0.3406432320164421	2.00145166444848	1.551013798919751	-0.4504378655287287	0.7791765498189138	0.5534530815513148	-0.3716466638355299
1	0	0.9999999999999992	1.999999999999998	1	0.3333333333333333	1.000000000000001	0	-1.000000000000001	1	0.3333333333333333	-0.8250786451962414
1	0	0.8015415301613973	1.999999999999998	1	0.2861073168225426	1.247595991437451	0	-1.247595991437451	1	0.2861073168225425	-1.029364810367473
6	4	0.801589798731575	2.198410201268424	0.6	0.2671965995771918	7.485125196820518	1.81949665157672	-5.665628545243798	0.9947278961313902	0.02730921996768987	-4.674589124294902
3	0	0.8015415301613975	2.198458469838601	1	0.2671805100537992	3.742787974312352	0	-3.742787974312352	1	0.0190727942492448	-3.088094431102418
3	10	0.8018142944637144	2.197669118511703	0.2307692307692308	0.2673174623987447	3.741514738155822	4.550275524084427	0.8087607859286052	0.5263278944712542	0.7172323669210614	0.6672912535418205
12	1	0.9993985803070451	2.000601419692956	0.9230769230769231	0.3331328601023482	12.00722137939524	0.4998496902763748	-11.50737168911886	0.9999993776608029	1.681776428741344e-05	-9.494486643027768
0	0	0.8015415301613973	1.999999999999998	0	0.2861073168225426	0	0	0	0	0	0
3	0	0.9207016434329465	2.029188242061904	1	0.312113902271473	3.25838453900673	0	-3.25838453900673	0.9999999999999999	0.03040460325302952	-2.68842350097205
1	0	0.8015415301613971	2.1984584698386	1	0.2671805100537993	1.247595991437451	0	-1.247595991437451	1	0.2671805100537993	-1.029364810367473
3	0	0.8246888992818155	2.108707318224021	1	0.281137915962481	3.637735396478072	0	-3.637735396478072	1	0.02222072698410871	-3.001417792508537
1	0	0.9999999999999992	1.999999999999998	1	0.3333333333333333	1.000000000000001	0	-1.000000000000001	1	0.3333333333333333	-0.8250786451962414
9	0	1.627716067186355	1.176185667740471	1	0.58051822819277	5.529219856849643	0	-5.529219856849643	1	0.007487601966560398	-4.562041228481656
3	2	0.8015415301613974	2.198458469838601	0.6	0.2671805100537993	3.742787974312352	0.9097283516785419	-2.833059622633811	0.9799666836117416	0.1224588761925802	-2.337496995202878
2	1	0.8016870981086566	2.197675347908172	0.6666666666666666	0.2672858357526287	2.494738913372073	0.4550262626151023	-2.03971265075697	0.9809046406983752	0.1761344353786938	-1.682923350476194
6	0	1.121539193454031	1.758208562224187	1	0.3894574416257836	5.349790747411741	0	-5.349790747411741	1	0.003489474585884444	-4.413998101957863
5	0	0.8015415301613976	2.198458469838601	1	0.2671805100537993	6.237979957187252	0	-6.237979957187252	0.9999999999999999	0.001361519522516175	-5.146824051837362
6	1	0.8662674478784618	1.333044154159317	0.8571428571428571	0.3938811794908094	6.926267418560331	0.7501626985721632	-6.176104719988168	0.9985291898836667	0.01731416637520145	-5.095772114957946
2	0	0.9233598971588622	2.076640102841135	1	0.3077866323862876	2.166002667165763	0	-2.166002667165763	0.9999999999999999	0.09473261107569186	-1.787122546116572
11	2	0.8630780690787961	2.036339717111758	0.8461538461538461	0.2976728890846617	12.7450811161739	0.9821543935884623	-11.76292672258544	0.9999954366106469	6.7124662351703e-05	-9.705339643813451
6	2	0.9998720228541065	1.947014253524438	0.75	0.3392977974307371	6.000767961156838	1.027213846215891	-4.973554114940947	0.9970880542536564	0.02156095579719597	-4.103573290965665
0	8	0.9988596079898667	2.001140392010132	0	0.332953202663289	0	3.997720515732559	3.997720515732559	0.03919678319815155	0.9608032168018484	3.298433826993837
3	0	0.866699911514718	2.066696305991119	1	0.2954595449269524	3.461405683954607	0	-3.461405683954607	1	0.02579253768451417	-2.855931912191835
5	0	1.792762827468861	1.205989617844744	1	0.5978362202823903	2.788991339729709	0	-2.788991339729709	1	0.07636794733436925	-2.301137196048237
4	2	0.8666798310552101	2.032713513531534	0.6666666666666666	0.2989176451940638	4.615314510238312	0.9839064810098602	-3.631408029228452	0.9892479258373409	0.06961414564202828	-2.996197216910562
2	2	0.9999999999999992	1.802721166920138	0.5	0.3567961065134718	2.000000000000002	1.109433913962914	-0.8905660860370876	0.8669329962123871	0.4490682481400825	-0.734787059725199
6	1	0.9999352505911258	1.990352072468341	0.8571428571428571	0.3343943716980539	6.00038852160979	0.5024236735965246	-5.497964848013265	0.9995324665227544	0.006981848853002681	-4.53625338813534
0	1	0.8015415301613974	2.000144811130547	0	0.2860925287560141	0	0.4999637998384565	0.4999637998384565	0.7139074712439859	0.2860925287560141	0.4125094546178781
1	0	0.8246478996266007	2.074647480351123	1	0.2844304534548449	1.212638752190842	0	-1.212638752190842	1	0.2844304534548449	-1.00052233877008
1	1	0.8015415301613972	2.1984584698386	0.5	0.2671805100537993	1.247595991437451	0.4548641758392712	-0.7927318155981801	0.9286145750473918	0.4629755951549902	-0.6540660924177025
0	0	0	1.266415129976641	0	0	0	0	0	0	0	0
3	2	0.923252584970743	2.076747415029255	0.6	0.3077508616569145	3.249381641422718	0.9630444152842853	-2.286337226138432	0.9661917375921171	0.1734845489803833	-1.886408021004029
5	0	1.800900780239278	1.198374505393505	1	0.6004453105275153	2.776388380117015	0	-2.776388380117015	1	0.07804898987101461	-2.290738763205533
0	0	0	1.266415129976641	0	0	0	0	0	0	0	0
1	1	0.9222336052606867	2.077766394739311	0.5	0.3074112017535625	1.084323965528594	0.4812860591700281	-0.6030379063585662	0.9054983530364307	0.5203207565435554	-0.4975536987803033
0	0	0.9999999999999992	1.999999999999998	0	0.3333333333333333	0	0	0	0	0	0
0	0	0.8015415301613972	2.1984584698386	0	0.2671805100537993	0	0	0	0	0	0
0	0	0.9999999999999992	1.999999999999998	0	0.3333333333333333	0	0	0	0	0	0
0	4	0.1789778006506272	2.82102219934937	0	0.05965926688354245	0	1.417925743697637	1.417925743697637	0.7818816055587122	0.2181183944412878	1.169900251598919
0	0	0.9999999999999992	1.801541530161397	0	0.3569463415887287	0	0	0	0	0	0
2	1	0.8015897481180198	2.076621482173762	0.6666666666666666	0.2785027518764694	2.49504188981411	0.4815514086627005	-2.013490481151409	0.978398273043481	0.1894878944952603	-1.661287998303931
1	1	0.8017829667797423	2.198217033220256	0.5	0.267260988926581	1.247220309526368	0.4549141349046232	-0.792306174621745	0.9285715637979861	0.4630935416511478	-0.6537149051375255
1	0	1.668272069094145	1.209797307112218	1	0.5796497064616023	0.5994226112908488	0	-0.5994226112908488	1	0.5796497064616023	-0.4945707960238464
3	1	0.999951747576472	2.000048252423526	0.75	0.3333172491921575	3.00014476425581	0.4999879371851486	-2.500156827070662	0.9876567036509233	0.1110968146141318	-2.062826007657593
1	0	0.8015415301613973	2.076640102841135	1	0.2784888628884847	1.247595991437451	0	-1.247595991437451	1	0.2784888628884847	-1.029364810367473
0	6	0.999252478165819	2.000747521834179	0	0.3330841593886066	0	2.99887913618382	2.99887913618382	0.08798855743257696	0.9120114425674231	2.474311134789819
1	8	0.9999999999999989	1.999999999999998	0.1111111111111111	0.3333333333333334	1.000000000000001	4.000000000000004	3.000000000000004	0.143067621805619	0.9739877051262511	2.475235935588725
2	0	1.668406757835644	1.209702459930418	1	0.5796884800399035	1.198748441054338	0	-1.198748441054338	1	0.3360387338909736	-0.9890617396762186
0	2	1.667471190692326	1.21085888832024	0	0.5793189609665494	0	1.651720129646563	1.651720129646563	0.1769725366022636	0.8230274633977365	1.362799006812145
2	1	0.999999999999999	1.999724632731042	0.6666666666666666	0.3333639325052208	2.000000000000002	0.5000688512969363	-1.499931148703066	0.9629527623026625	0.2593000590913612	-1.237561160059567
0	1	0.8015897320974882	2.19841026790251	0	0.2671965773658296	0	0.4548741491068881	0.4548741491068881	0.7328034226341704	0.2671965773658296	0.375306946679904
0	0	0.9233598971588624	2.076640102841135	0	0.3077866323862877	0	0	0	0	0	0
0	0	0	2.999999999999998	0	0	0	0	0	0	0	0
0	0	0	1.266415129976641	0	0	0	0	0	0	0	0
5	0	0.9999999999999992	1.999999999999998	1	0.3333333333333333	5.000000000000004	0	-5.000000000000004	1	0.004115226337448097	-4.125393225981207
0	0	0.8015415301613973	2.076640102841135	0	0.2784888628884847	0	0	0	0	0	0
2	0	0.8246272040197303	1.37383126581887	1	0.3750933735310771	2.425338371388664	0	-2.425338371388664	1	0.1406950388669239	-2.001094897607816
8	0	0.8475983986328675	2.05169698134486	1	0.2923463419720204	9.438432178380218	0	-9.438432178380218	0.9999999999999997	5.335576023046684e-05	-7.787448834514553
0	0	0.9999999999999992	1.999999999999998	0	0.3333333333333333	0	0	0	0	0	0
0	0	0.8015415301613973	2.1984584698386	0	0.2671805100537993	0	0	0	0	0	0
1	0	0.923359897158862	2.076640102841135	1	0.3077866323862876	1.083001333582882	0	-1.083001333582882	1	0.3077866323862877	-0.8935612730582859
6	0	0.9407191080706109	2.057293284518881	1	0.3137809271222117	6.378099422585171	0	-6.378099422585171	1	0.0009544633378245626	-5.262433630513498
0	0	0.8015415301613973	2.076640102841135	0	0.2784888628884847	0	0	0	0	0	0
0	1	0.8015415301613974	2.198458469838601	0	0.2671805100537993	0	0.454864175839271	0.454864175839271	0.7328194899462007	0.2671805100537993	0.3752987179497703
1	0	0.9233598971588622	2.076640102841136	1	0.3077866323862876	1.083001333582881	0	-1.083001333582881	1	0.3077866323862876	-0.8935612730582858
0	0	0.8015415301613973	2.076640102841135	0	0.2784888628884847	0	0	0	0	0	0
2	0	0.9233598971588621	2.076640102841135	1	0.3077866323862877	2.166002667165763	0	-2.166002667165763	1	0.09473261107569164	-1.787122546116572