Observed S Changes	Observed NS Changes	E[S Sites]	E[NS Sites]	Observed S. Prop.	P{S}	dS	dN	dN-dS	P{S leq. observed}	P{S geq. observed}	Scaled dN-dS
0	0	0	3.000000000000008	0	0	0	0	0	0	0	0
3	4	0.8731159377082065	2.031119383273482	0.4285714285714285	0.3006353966568646	3.435969807027613	1.969357406039493	-1.46661240098812	0.8731386876247342	0.3543726134174685	-1.211877623852432
3	1	1.000000000000003	2.000000000000005	0.75	0.3333333333333333	2.999999999999992	0.4999999999999987	-2.499999999999993	0.9876543209876545	0.1111111111111109	-2.065776927557572
0	4	0.9269946099036024	2.073005390096404	0	0.3089982033012001	0	1.929565653379214	1.929565653379214	0.2279904765769359	0.7720095234230641	1.594420882783337
0	1	0.9268738579844255	2.073126142015582	0	0.3089579526614744	0	0.4823633158316923	0.4823633158316923	0.6910420473385257	0.3089579526614743	0.3985820034181115
6	0	1.000000000000002	2.000000000000004	1	0.3333333333333333	5.999999999999987	0	-5.999999999999987	1	0.001371742112482699	-4.957864626138176
3	1	1.680956399443914	1.202548808286165	0.75	0.582955908987998	1.784698283068166	0.8315670791152078	-0.9531312039529584	0.8845104111832485	0.4459725625500086	-0.7875825800244789
0	1	0.810449791753147	2.189550208246861	0	0.2701499305843816	0	0.4567148066454638	0.4567148066454638	0.7298500694156184	0.2701499305843816	0.3773883640168478
0	4	0.8103202208445046	2.000740225787932	0	0.2882614003605804	0	1.999260048077816	1.999260048077816	0.2566150232216536	0.7433849767783464	1.652010111802722
0	3	0.927326560181373	2.072673439818634	0	0.3091088533937902	0	1.447406013106681	1.447406013106681	0.3297834692798533	0.6702165307201466	1.196007178673553
1	1	1.809097504431723	1.19034859352858	0.5	0.603143862349103	0.5527618039106864	0.8400900420570713	0.2873282381463849	0.6362174813106063	0.8425052060088123	0.2374224179994284
3	2	0.8111009330678103	2.072849725713161	0.6	0.2812464667515004	3.698676548987759	0.9648552787934991	-2.73382127019426	0.975755033321511	0.1391717392442539	-2.258985961613381
4	4	1.805395230287923	1.192781819737221	0.5	0.6021643152370812	2.215581349111065	3.353505170695199	1.137923821584134	0.4008917723183029	0.8296624304410738	0.9402787103786601
1	6	0.9995231499027534	2.000476850097254	0.1428571428571428	0.333174383300917	1.000477077591743	2.999284895352979	1.998807817761236	0.2636676340812915	0.941374585410286	1.651636429021149
2	5	0.8122545349492979	2.18774546505071	0.2857142857142857	0.2707515116497652	2.462282343705034	2.285457828561471	-0.1768245151435637	0.7122274309532877	0.6052689377981759	-0.1461120014440517
4	4	1.000000000000003	2.000000000000006	0.5	0.3333333333333333	3.999999999999988	1.999999999999994	-1.999999999999994	0.9120560890108219	0.2586495960981554	-1.652621542046057
0	0	0.8324968250125346	1.357182954142969	0	0.3801911279162493	0	0	0	0	0	0
0	2	0.832973816801307	2.070514162764881	0	0.2868872964735891	0	0.9659436462531997	0.9659436462531997	0.5085297279307468	0.4914702720692532	0.7981696391002795
3	8	0.9773649193210312	2.022635080678974	0.2727272727272727	0.3257883064403432	3.069477879443514	3.955236451903374	0.8857585724598596	0.4942594267540613	0.7493312521420918	0.731911848949566
1	1	1.000000000000002	2.000000000000005	0.5	0.3333333333333334	0.9999999999999976	0.4999999999999988	-0.4999999999999988	0.888888888888889	0.5555555555555556	-0.4131553855115145
3	4	0.996892238954883	1.939963106835055	0.4285714285714285	0.3394420635609293	3.00935234799814	2.061894881354617	-0.9474574666435229	0.817189903821203	0.4434306604284626	-0.7828943097737372
0	3	0.8111224256071802	2.18874603186224	0	0.2703859976218468	0	1.370647830460039	1.370647830460039	0.3884002318416614	0.6115997681583385	1.13258106558848
1	2	0.8105796111305702	2.189420388869437	0.3333333333333333	0.2701932037101894	1.233685114044791	0.9134837741383923	-0.320201339906399	0.8204374657945641	0.6112917930310864	-0.2645858160606642
1	1	0.8103505538139983	2.189517875481214	0.5	0.2701286982790714	1.234033833003997	0.4567215509853826	-0.7773122820186142	0.9270304863660545	0.4672878829241972	-0.642301511080473
1	2	0.8103202208445047	2.189679779155503	0.3333333333333333	0.2701067402815008	1.234080026977253	0.9133755625086618	-0.3207044644685911	0.8205397532225165	0.6111536207375134	-0.2650015533055698
4	4	0.9975609767582816	2.002406175530677	0.5	0.3325239664698155	4.00977994648365	1.997596715831103	-2.012183230652547	0.9128825553265949	0.2569936515299343	-1.662688676760119
2	0	1.000000000000002	2.000000000000005	1	0.3333333333333334	1.999999999999995	0	-1.999999999999995	1	0.111111111111111	-1.652621542046058
3	3	0.9976316332472038	2.001868387213445	0.5	0.3325993086987852	3.007121967689879	1.498600017444669	-1.508521950245211	0.9005861922649187	0.3181667881441169	-1.246507935812287
1	0	1.81023350497592	1.189686958075134	1	0.6034271665772202	0.5524149217497234	0	-0.5524149217497234	1	0.6034271665772202	-0.4564663999156414
2	0	0.8103202208445046	2.073251339245904	1	0.2810126969136492	2.468160053954506	0	-2.468160053954506	0.9999999999999999	0.07896813582668261	-2.039467237191394
1	0	1.001108076942843	1.998891923057164	1	0.3337026923142802	0.9988931495326392	0	-0.9988931495326392	1	0.3337026923142802	-0.825396168559939
4	0	1.000000000000002	1.999630011874407	1	0.3333744481957367	3.99999999999999	0	-3.99999999999999	1	0.01235177123011943	-3.305243084092116
2	0	0.8103202208445047	2.189679779155503	1	0.2701067402815008	2.468160053954506	0	-2.468160053954506	1	0.07295765114549813	-2.039467237191394
1	0	0.8103202208445047	2.189679779155503	1	0.2701067402815008	1.234080026977253	0	-1.234080026977253	1	0.2701067402815008	-1.019733618595697
0	0	1.000000000000003	2.000000000000005	0	0.3333333333333333	0	0	0	0	0	0
3	0	1.000000000000003	2.000000000000005	1	0.3333333333333333	2.999999999999992	0	-2.999999999999992	1	0.03703703703703698	-2.478932313069087
0	1	0.9999428335110725	1.999780615540345	0	0.3333450067963024	0	0.5000548521317665	0.5000548521317665	0.6666549932036976	0.3333450067963024	0.4132007104188078
3	0	0.8103202208445046	2.189679779155503	1	0.2701067402815008	3.70224008093176	0	-3.70224008093176	1	0.01970635332950521	-3.059200855787092
1	0	1.000000000000002	1.936791899126764	1	0.3405076131874871	0.9999999999999976	0	-0.9999999999999976	1	0.3405076131874871	-0.8263107710230291
9	0	1.000000000000003	2.000000000000005	1	0.3333333333333333	8.999999999999977	0	-8.999999999999977	1.000000000000001	5.080526342449154e-05	-7.436796939207261
0	5	0.1722921065571754	2.827707893442832	0	0.05743070218572498	0	1.768216586866873	1.768216586866873	0.7439888847206343	0.2560111152793657	1.461096411229678
1	0	1.000000000000003	2.000000000000005	1	0.3333333333333333	0.9999999999999973	0	-0.9999999999999973	1	0.3333333333333333	-0.8263107710230289
2	2	0.8327695827419185	2.071071189371313	0.5	0.286782109659505	2.401624700814529	0.9656838501080753	-1.435940850706454	0.9259478094062402	0.3250672733775972	-1.186533391490717
0	0	1.000000000000003	2.000000000000005	0	0.3333333333333333	0	0	0	0	0	0
3	0	0.9238857630510323	2.076114236948975	1	0.30796192101701	3.24715470243077	0	-3.24715470243077	1	0.02920727636582576	-2.683158905796631
5	1	1.000000000000002	2.000000000000004	0.8333333333333334	0.3333333333333333	4.99999999999999	0.499999999999999	-4.499999999999991	0.9986282578875173	0.01783264746227697	-3.718398469603633
1	2	0.8103202208445045	2.189679779155502	0.3333333333333333	0.2701067402815009	1.234080026977253	0.9133755625086621	-0.3207044644685912	0.8205397532225162	0.6111536207375137	-0.2650015533055699
2	1	0.8104303685573242	2.189439465095571	0.6666666666666666	0.2701551778899938	2.467824599860776	0.4567379075522187	-2.011086692308558	0.9802830430867782	0.179517546595878	-1.661782595315642
2	2	0.9820096857453247	1.209021276471204	0.5	0.4481952572463363	2.036639789842849	1.654230606956267	-0.3824091828865819	0.7609250642883936	0.6060669560807415	-0.3159888267572988
1	1	0.9257836738797702	2.074216326120237	0.5	0.3085945579599227	1.080165948281637	0.4821097912532931	-0.5980561570283441	0.9047693987975198	0.5219585147173653	-0.494180244229162
0	0	0.8324968250125346	2.104034602029777	0	0.2834966509624688	0	0	0	0	0	0
6	0	1.000000000000003	2.000000000000005	1	0.3333333333333333	5.999999999999984	0	-5.999999999999984	1	0.001371742112482699	-4.957864626138173
4	0	1.000000000000003	2.000000000000005	1	0.3333333333333333	3.999999999999989	0	-3.999999999999989	1	0.01234567901234551	-3.305243084092115
1	0	0.8103202208445045	2.189679779155502	1	0.2701067402815009	1.234080026977253	0	-1.234080026977253	1	0.2701067402815009	-1.019733618595697
4	0	1.000000000000002	2.000000000000005	1	0.3333333333333334	3.99999999999999	0	-3.99999999999999	1	0.01234567901234573	-3.305243084092116
2	0	1.000000000000002	2.000000000000005	1	0.3333333333333334	1.999999999999995	0	-1.999999999999995	1	0.111111111111111	-1.652621542046058
7	0	0.8723683720006482	2.064163055041663	1	0.2970744205109024	8.024133181200199	0	-8.024133181200199	1	0.0002042005043814132	-6.630427675749024
3	0	1.798330975624408	1.190623026420094	1	0.601658966445892	1.668213493880544	0	-1.668213493880544	1	0.217796642232724	-1.378462778359457
3	1	0.9999499560650228	2.000050043934984	0.75	0.3333166520216735	3.000150139318494	0.4999874893292956	-2.500162649989198	0.9876567921075812	0.1110962838350567	-2.065911326995559
5	0	0.8727299451456415	1.316949834009862	1	0.3985651022827769	5.729149123175323	0	-5.729149123175323	0.9999999999999994	0.01005764608983228	-4.734057629276924
0	6	0.8103202208445046	2.189679779155503	0	0.2701067402815009	0	2.740126687525986	2.740126687525986	0.1512015066655454	0.8487984933344547	2.264196195870382
0	0	1.000000000000002	2.000000000000005	0	0.3333333333333334	0	0	0	0	0	0
1	0	1.000000000000002	1.810710592244252	1	0.3557819160604285	0.9999999999999976	0	-0.9999999999999976	1	0.3557819160604285	-0.8263107710230291
1	4	0.5447156071849871	2.455020678538226	0.2	0.1815878314962145	1.835820356181564	1.629314178478402	-0.2065061777031616	0.774492996300336	0.6328357484062245	-0.1706382789189185
0	0	1.000000000000002	1.999566605006811	0	0.3333814952902941	0	0	0	0	0	0
0	1	0.8412474669769219	2.095250413659259	0	0.2864798481634419	0	0.4772699212852299	0.4772699212852299	0.7135201518365581	0.2864798481634419	0.3943732766432997
0	1	0.1683562497897124	2.831643750210295	0	0.05611874992990399	0	0.3531517691537764	0.3531517691537764	0.943881250070096	0.05611874992990395	0.2918131106576045
0	0	0.8103202208445045	2.073251339245904	0	0.2810126969136492	0	0	0	0	0	0
0	8	0.8103886306604511	2.18941558312443	0	0.2701471739177192	0	3.653943116904061	3.653943116904061	0.08051602982062482	0.9194839701793752	3.019292554203292
3	2	0.8107743306268655	2.189225669373142	0.6	0.2702581102089545	3.700166478729652	0.9135650234599503	-2.786601455269702	0.9790932459140288	0.1260241905127113	-2.302598797037808
2	0	1.000000000000002	2.000000000000005	1	0.3333333333333334	1.999999999999995	0	-1.999999999999995	1	0.111111111111111	-1.652621542046058
4	2	0.8103202208445047	2.188693876696444	0.6666666666666666	0.2701955357625459	4.936320107909012	0.9137869947435255	-4.022533113165486	0.993304970769636	0.04927613813420184	-3.323862438205446
2	1	0.8742361367694446	1.329008633175629	0.6666666666666666	0.3967948312847869	2.287711427018538	0.7524405598559039	-1.535270867162634	0.9375261861825502	0.347390786768068	-1.268610853974354
2	4	0.9273296738435152	2.072670326156493	0.3333333333333333	0.3091098912811709	2.156730293888445	1.929877583290102	-0.2268527105983427	0.7272589882424787	0.599293474973868	-0.1874508382031811
0	2	0.9999249017653765	2.000075098234631	0	0.333308300588458	0	0.9999624522925676	0.9999624522925676	0.44447782206425	0.55552217793575	0.8262797449479525
0	0	0.8103202208445047	2.189679779155503	0	0.2701067402815008	0	0	0	0	0	0
3	0	1.000000000000002	1.936661402169239	1	0.3405227443863043	2.999999999999993	0	-2.999999999999993	1	0.03948556662294367	-2.478932313069087
4	1	0.8334533830344116	2.101265685009243	0.8	0.2839976719100439	4.799308613322705	0.4759036456618294	-4.323404967660876	0.9981525448690038	0.0251360646104053	-3.572476092272661
2	0	0.8103202208445046	2.189679779155502	1	0.2701067402815009	2.468160053954506	0	-2.468160053954506	1	0.07295765114549813	-2.039467237191394
0	0	0.8103202208445046	2.073251339245904	0	0.2810126969136492	0	0	0	0	0	0
1	0	1.000000000000003	2.000000000000005	1	0.3333333333333333	0.9999999999999973	0	-0.9999999999999973	1	0.3333333333333333	-0.8263107710230289
3	0	1.80951726723884	1.189573472010698	1	0.6033552915079972	1.657900730937886	0	-1.657900730937886	1	0.2196440169684318	-1.369941231260932
0	1	0.1673887027589145	2.832611297241094	0	0.05579623425297137	0	0.3530311416091505	0.3530311416091505	0.9442037657470286	0.05579623425297142	0.291713434818198
0	0	0.8103202208445047	2.189679779155503	0	0.2701067402815008	0	0	0	0	0	0
5	0	1.000000000000002	2.000000000000005	1	0.3333333333333334	4.999999999999988	0	-4.999999999999988	1	0.004115226337448541	-4.131553855115145
0	0	1.810320220844507	1.1896797791555	0	0.6034400736148342	0	0	0	0	0	0
0	0	1.683383074929115	1.200188485161294	0	0.5837840469186537	0	0	0	0	0	0
2	0	1.000000000000002	1.936618089518713	1	0.3405277668107987	1.999999999999995	0	-1.999999999999995	1	0.1159591599691496	-1.652621542046058
1	0	0.8103202208445047	2.189679779155503	1	0.2701067402815008	1.234080026977253	0	-1.234080026977253	1	0.2701067402815008	-1.019733618595697
3	0	1.000000000000003	2.000000000000005	1	0.3333333333333333	2.999999999999992	0	-2.999999999999992	1	0.03703703703703698	-2.478932313069087
2	1	0.8727245546487489	1.319177390615063	0.6666666666666666	0.3981585748096546	2.291673804004464	0.7580481647989377	-1.533625639205526	0.9368798213192784	0.3493503947219228	-1.267251384392607
0	0	0.8103202208445047	2.073251339245904	0	0.2810126969136492	0	0	0	0	0	0
0	0	0.8103202208445047	2.189679779155503	0	0.2701067402815008	0	0	0	0	0	0
0	3	0.9983766711636837	2.001623328836324	0	0.332792223721227	0	1.498783490770013	1.498783490770013	0.2970183615367659	0.7029816384632341	1.238460941854759
1	2	0.8110996728788056	2.1889003271212	0.3333333333333333	0.270366557626268	1.232894098515337	0.9137008091320276	-0.3191932893833098	0.8202323236266793	0.6115687214681265	-0.2637528530557002
1	0	0.8325523201838145	1.357127458971688	1	0.3802164718828916	1.201125713972205	0	-1.201125713972205	1	0.3802164718828915	-0.9925031148079614
5	0	0.8103202208445048	2.189679779155504	1	0.2701067402815008	6.170400134886264	0	-6.170400134886264	0.9999999999999999	0.001437729251564046	-5.098668092978484
1	1	0.8730733414622389	2.03076740526782	0.5	0.3006615780997579	1.145379148016571	0.4924246850752063	-0.6529544629413646	0.9096026154545631	0.5109257716540789	-0.5395433057160082
1	1	0.8352510361670823	2.069599377027603	0.5	0.2875366774044978	1.197244848194312	0.4831853019960891	-0.7140595461982226	0.9173226591471817	0.4923960139561775	-0.5900350941754091
0	0	0	1.253874291830788	0	0	0	0	0	0	0	0
0	0	0.8103202208445047	2.189679779155503	0	0.2701067402815008	0	0	0	0	0	0
3	0	1.000000000000002	2.000000000000005	1	0.3333333333333334	2.999999999999993	0	-2.999999999999993	0.9999999999999999	0.0370370370370372	-2.478932313069087
2	0	0.8103202208445046	2.189679779155503	1	0.2701067402815008	2.468160053954506	0	-2.468160053954506	1	0.07295765114549813	-2.039467237191394
1	1	0.9997246719780327	2.000275328021975	0.5	0.3332415573260101	1.000275403848364	0.499931177468892	-0.5003442263794722	0.8889500644709354	0.5554331791229558	-0.4134398234765437
2	0	0.8326219796134285	2.103909447428883	1	0.2835392708369716	2.402050449026777	0	-2.402050449026777	1	0.08039451810676146	-1.984840158571534
7	0	1.091621328026054	1.279176732566358	1	0.4604446688948619	6.412480060881452	0	-6.412480060881452	0.9999999999999999	0.004387752708801873	-5.298701343276766
2	2	0.8105797025205417	2.189420297479466	0.5	0.2701932341735132	2.467369949902386	0.9134838122686937	-1.553886137633693	0.9370877578953949	0.2962128983905974	-1.283992852470096
0	4	0.8347815676496713	2.069059165054475	0	0.2874749838198932	0	1.933245828615387	1.933245828615387	0.2577510639878028	0.7422489360121971	1.597461851220239
3	1	1.000000000000003	2.000000000000005	0.75	0.3333333333333333	2.999999999999992	0.4999999999999987	-2.499999999999993	0.9876543209876545	0.1111111111111109	-2.065776927557572
0	6	0.8103202208445048	2.026251921461863	0	0.2856688214478647	0	2.961132293792585	2.961132293792585	0.1328610369367887	0.8671389630632113	2.446815508784948
1	0	0.8103202208445047	2.189679779155503	1	0.2701067402815008	1.234080026977253	0	-1.234080026977253	1	0.2701067402815008	-1.019733618595697
1	3	0.8103808665543845	2.18935607978076	0.25	0.2701506435570784	1.233987673292247	1.370265909554748	0.1362782362625006	0.7038606505676785	0.7162519290684207	0.1126081744797257
0	0	0.8103202208445047	2.073251339245904	0	0.2810126969136492	0	0	0	0	0	0
2	0	0.8103202208445046	2.000000000000005	1	0.2883373271253056	2.468160053954506	0	-2.468160053954506	1	0.08313841421376544	-2.039467237191394
3	0	1.000000000000003	2.000000000000005	1	0.3333333333333333	2.999999999999992	0	-2.999999999999992	1	0.03703703703703698	-2.478932313069087
1	1	0.8103202208445047	2.00051971312355	0.5	0.2882840147003952	1.234080026977253	0.4998701054730576	-0.7342099215041953	0.9168923268682223	0.4934603562690127	-0.6066855663308908
2	0	0.8103202208445046	2.189679779155503	1	0.2701067402815009	2.468160053954506	0	-2.468160053954506	1	0.07295765114549813	-2.039467237191394
4	0	1.000000000000002	2.000000000000005	1	0.3333333333333334	3.99999999999999	0	-3.99999999999999	1	0.01234567901234573	-3.305243084092116
5	0	1.000000000000003	2.000000000000005	1	0.3333333333333333	4.999999999999987	0	-4.999999999999987	1	0.004115226337448097	-4.131553855115144
0	1	0.810904967009153	2.189095032990854	0	0.270301655669717	0	0.4568097706721068	0.4568097706721068	0.7296983443302829	0.2703016556697171	0.3774668338149226
0	2	0.8103202208445047	2.001105784331754	0	0.2882239188769625	0	0.9994474133549499	0.9994474133549499	0.5066251896588689	0.4933748103411311	0.8258541627263027
6	2	1.000000000000002	2.000000000000005	0.75	0.3333333333333334	5.999999999999986	0.9999999999999976	-4.999999999999988	0.9974089315653102	0.01966163694558754	-4.131553855115146
2	0	1.000000000000002	1.999805454669963	1	0.3333549508829802	1.999999999999995	0	-1.999999999999995	0.9999999999999999	0.1111255232781942	-1.652621542046058
2	0	1.000000000000002	2.000000000000004	1	0.3333333333333333	1.999999999999996	0	-1.999999999999996	1	0.1111111111111109	-1.652621542046059
9	1	0.9437266255658751	2.054788178119321	0.9	0.3147313544712296	9.536660041358314	0.4866681688402872	-9.049991872518026	0.9999904632563749	0.0002171814950656659	-7.478105761932535
0	0	1.000000000000003	1.810320220844507	0	0.3558313364373472	0	0	0	0	0	0
5	0	1.80986192591701	1.189619103140254	1	0.6033916895569927	2.762641684650408	0	-2.762641684650408	0.9999999999999997	0.07998280337515795	-2.282800580503844
0	3	0.9997746425880463	2.000225357411961	0	0.3332582141960146	0	1.49983100098362	1.49983100098362	0.2963964664322482	0.7036035335677517	1.239326510827019
1	0	1.000000000000002	2.000000000000005	1	0.3333333333333334	0.9999999999999976	0	-0.9999999999999976	1	0.3333333333333334	-0.8263107710230291
1	2	1.000000000000002	1.815381347280868	0.3333333333333333	0.355191669137758	0.9999999999999976	1.101696898558344	0.1016968985583462	0.711139393407933	0.7319030213799408	0.08403324265839801
5	0	1.000000000000003	1.999870446776666	1	0.3333477287575844	4.999999999999987	0	-4.999999999999987	1	0.004116115020638134	-4.131553855115144
3	0	1.000000000000002	1.999782498595362	1	0.3333575019083044	2.999999999999993	0	-2.999999999999993	1	0.03704509381282795	-2.478932313069088
0	0	1.000000000000003	2.000000000000005	0	0.3333333333333333	0	0	0	0	0	0
4	0	1.809843423085348	1.189719251663245	1	0.6033690972091588	2.210135942688877	0	-2.210135942688877	1	0.1325355096609302	-1.82625913486896
3	0	0.872591461511642	2.063939965530669	1	0.2971503909258415	3.438035016756778	0	-3.438035016756778	0.9999999999999999	0.02623789065506488	-2.840885365500473
1	0	0.8103202208445047	2.189679779155503	1	0.2701067402815009	1.234080026977253	0	-1.234080026977253	1	0.2701067402815009	-1.019733618595697
1	3	0.8104153696042812	2.189453095526157	0.25	0.2701503012629733	1.233935136852465	1.370205192397171	0.1362700555447061	0.7038612416569268	0.7162513967648187	0.1126014146644973
0	5	0.8103202208445046	2.189290530851789	0	0.2701417910261406	0	2.283844893831723	2.283844893831723	0.2071059067088931	0.7928940932911068	1.887165635119103
0	0	0.8324968250125346	2.104034602029777	0	0.2834966509624688	0	0	0	0	0	0
1	6	0.8105770261920666	2.189225327569908	0.1428571428571428	0.2702101440701728	1.233689048279354	2.740695498283926	1.507006450004571	0.3960018162481177	0.8897484365824477	1.245255661639958
0	0	0.8103202208445047	2.189679779155503	0	0.2701067402815008	0	0	0	0	0	0
1	0	0.8103202208445047	2.189679779155503	1	0.2701067402815009	1.234080026977253	0	-1.234080026977253	1	0.2701067402815009	-1.019733618595697
0	0	0	1.253874291830788	0	0	0	0	0	0	0	0
2	6	0.998524531133858	2.00147546886615	0.25	0.3328415103779518	2.002955298182743	2.997788428253404	0.9948331300706612	0.4694307327970649	0.8041006118446867	0.8220413307479435
0	0	1.000000000000002	1.936791171558323	0	0.3405076975457471	0	0	0	0	0	0
1	1	1.000000000000003	2.000000000000005	0.5	0.3333333333333333	0.9999999999999973	0.4999999999999987	-0.4999999999999987	0.8888888888888891	0.5555555555555555	-0.4131553855115144
3.5	1.5	0.9995947316799851	2.000229489963459	0.7	0.3332177680505428	3.501419014201554	0.749913951137378	-2.751505063064176	0.975340728606062	0.1274579051161693	-2.273598270134333
1	0	0.8325245344957716	1.357155244659732	1	0.3802037824986686	1.201165801805063	0	-1.201165801805063	1	0.3802037824986686	-0.9925362398160387
4	0	0.8103202208445046	2.189679779155503	1	0.2701067402815008	4.936320107909013	0	-4.936320107909013	1	0.005322818860668099	-4.078934474382788
3	0	1.000000000000002	1.936857149722408	1	0.3405000478469039	2.999999999999993	0	-2.999999999999993	1	0.03947767176714823	-2.478932313069087
0	1	0.9998855507772019	2.000048724445695	0	0.3333024856695934	0	0.4999878191853279	0.4999878191853279	0.6666975143304066	0.3333024856695934	0.4131453203731522
2	1	0.8105033424903295	2.189496657509677	0.6666666666666666	0.2701677808301092	2.467602408467382	0.4567259769820315	-2.01087643148535	0.9802802835259025	0.1795324564478025	-1.661608854532701
1	1	0.9998703572257244	2.000000000000005	0.5	0.333304522582903	1.000129659583704	0.4999999999999988	-0.5001296595837049	0.8889080952257831	0.5555171403915891	-0.4132625246220973
2	5	1.000000000000002	2.000000000000004	0.2857142857142857	0.3333333333333333	1.999999999999996	2.499999999999995	0.4999999999999991	0.5706447187928672	0.736625514403292	0.4131553855115148
0	0	0.8103202208445047	2.073251339245904	0	0.2810126969136492	0	0	0	0	0	0
0	4	0.2105908343316825	2.782869473983502	0	0.0703503012038298	0	1.437365294130828	1.437365294130828	0.74692557773459	0.25307442226541	1.187710424434991
4	0	0.9442630669406651	2.055474005070001	1	0.3147819439747576	4.236107648432838	0	-4.236107648432838	0.9999999999999999	0.009818366792424427	-3.500341377113097
4	9	0.9170926115807579	1.992899606902628	0.3076923076923077	0.3151529429376698	4.361609666776566	4.516032804074778	0.1544231372982123	0.6082246662970686	0.6255157721192982	0.1276015016446812
3	1	1.000000000000003	2.000000000000005	0.75	0.3333333333333333	2.999999999999992	0.4999999999999987	-2.499999999999993	0.9876543209876545	0.1111111111111109	-2.065776927557572
3	4	0.8113061956851543	2.185331667080051	0.4285714285714285	0.2707388189163791	3.697740774019946	1.830385776336016	-1.86735499768393	0.9087050552617809	0.2877449389029205	-1.543015547909919
0	4	0.8103657596763363	2.189436713464298	0	0.2701397065080509	0	1.826953926277634	1.826953926277634	0.2837650795720288	0.7162349204279712	1.509631707446026
0	0	0.8103202208445047	2.189679779155503	0	0.2701067402815008	0	0	0	0	0	0
0	0	0.8103202208445047	2.189679779155503	0	0.2701067402815008	0	0	0	0	0	0
0	0	0.8103202208445047	2.189679779155503	0	0.2701067402815009	0	0	0	0	0	0
0	0	0.8103202208445047	2.189679779155503	0	0.2701067402815008	0	0	0	0	0	0
1	1	0.9038734417016098	2.000263177051121	0.5	0.3112365430279949	1.106349577123789	0.4999342143938507	-0.6064153627299385	0.9031318142839831	0.5256049003399728	-0.5010875459375865
2	0	1.662859960722844	1.1824550128429	1	0.5844203457865161	1.202747102726919	0	-1.202747102726919	1	0.3415471405692311	-0.9938428857999974
0	0	0.8103202208445047	2.189679779155503	0	0.2701067402815008	0	0	0	0	0	0
0	0	0	1.253874291830788	0	0	0	0	0	0	0	0
5	0	1.683879288618849	1.200085816762188	1	0.5838764433997444	2.969333985989637	0	-2.969333985989637	1	0.06785858033829473	-2.453592655387987
3	0	1.000000000000002	2.000000000000005	1	0.3333333333333334	2.999999999999993	0	-2.999999999999993	0.9999999999999999	0.0370370370370372	-2.478932313069087
3	3	0.8106288203864453	2.185206093624919	0.5	0.2705852771109571	3.700830669417639	1.372868219959731	-2.327962449457909	0.9504777782440264	0.2032902544749093	-1.923620446524229
2	5	1.586364565633837	1.224290362685161	0.2857142857142857	0.564411002450099	1.260744247146553	4.083998496103332	2.823254248956779	0.1348670223064156	0.9700376289666671	2.332885395249525
0	4	0.8146338843786615	2.166655393891789	0	0.273248855894742	0	1.84616345140845	1.84616345140845	0.2789606180483204	0.7210393819516796	1.525504744967857
0	4	0.8139471453347814	2.137364562899608	0	0.2757916566602591	0	1.871463609639663	1.871463609639663	0.2750768835626687	0.7249231164373313	1.546410538222895
3	9	0.873525395132197	2.054150763799006	0.25	0.2983681758883783	3.434359226094381	4.381372661934093	0.9470134358397124	0.4975505863380815	0.7432534106967966	0.7825274023378825
4	0	0.8103202208445045	2.000000000000005	1	0.2883373271253056	4.936320107909014	0	-4.936320107909014	1	0.006911995917979308	-4.078934474382789
0	2	0.9993688018422311	1.997577688093622	0	0.3334623441553745	0	1.001212624630729	1.001212624630729	0.4442724466588485	0.5557275533411515	0.8273127758166106
0	0	1.000000000000003	2.000000000000005	0	0.3333333333333333	0	0	0	0	0	0
4	0	1.681177143270508	1.198411097476744	1	0.5838255343181438	2.379285262122067	0	-2.379285262122067	1	0.1161802594126389	-1.96602903942782
2	0	0.8103202208445047	2.189679779155503	1	0.2701067402815008	2.468160053954506	0	-2.468160053954506	1	0.07295765114549813	-2.039467237191394
4	1	0.9989759907331981	2.00102400926681	0.8	0.3329919969110651	4.004100235746608	0.4997441286905935	-3.504356107056015	0.9959058007041832	0.04509914418763683	-2.895687196760723
2	1	1.000000000000002	2.000000000000005	0.6666666666666666	0.3333333333333334	1.999999999999995	0.4999999999999988	-1.499999999999996	0.9629629629629628	0.2592592592592594	-1.239466156534544
0	0	0	3.000000000000008	0	0	0	0	0	0	0	0
1	0	1.000000000000002	2.000000000000005	1	0.3333333333333334	0.9999999999999976	0	-0.9999999999999976	1	0.3333333333333334	-0.8263107710230291
0	0	0.8103202208445047	2.189679779155503	0	0.2701067402815008	0	0	0	0	0	0
3	2	0.8108346676168344	2.188376622972526	0.6	0.2703492982174995	3.699891136644975	0.9139194684337976	-2.785971668211177	0.9790669634627441	0.1261306163957541	-2.302078397207898
1	1	0.8331357343294824	2.103395692712828	0.5	0.2837142237461497	1.200284610051941	0.4754217209175048	-0.7248628891344358	0.9195062392441198	0.486934686736419	-0.5989620128066575
0	4	0.8324259423798066	1.449431508067606	0	0.3648019039123543	0	2.759702668070762	2.759702668070762	0.1627933839141745	0.8372066160858255	2.280372039447867
0	1	0.8103202208445046	2.189420351283051	0	0.2701301000405472	0	0.4567418949102108	0.4567418949102108	0.7298698999594528	0.2701301000405472	0.3774107473417765
0	0	0.8103202208445047	2.189679779155503	0	0.2701067402815008	0	0	0	0	0	0
0	0	0.8324968250125346	2.071311094587854	0	0.2866914231458876	0	0	0	0	0	0
3	0	1.683826627632633	1.200077791349868	1	0.5838704696831528	1.781656110414309	0	-1.781656110414309	1	0.1990442021178351	-1.472201634294342
1	0	0.8103202208445046	2.000000000000005	1	0.2883373271253056	1.234080026977253	0	-1.234080026977253	1	0.2883373271253056	-1.019733618595697
0	0	0.9267486607541034	2.073251339245904	0	0.3089162202513671	0	0	0	0	0	0
0	0	0	1.253874291830788	0	0	0	0	0	0	0	0
2	0	1.000000000000002	1.998306848974072	1	0.3335215674613726	1.999999999999996	0	-1.999999999999996	0.9999999999999999	0.111236635961891	-1.652621542046059
3	0	1.000000000000003	2.000000000000005	1	0.3333333333333333	2.999999999999992	0	-2.999999999999992	1	0.03703703703703698	-2.478932313069087
3	3	0.8112297588546863	2.188770241145321	0.5	0.2704099196182281	3.698089187748083	1.370632670165593	-2.32745651758249	0.9505885985344998	0.2029913843050639	-1.923202389566166
5	0	0.8103202208445046	2.189679779155503	1	0.2701067402815009	6.170400134886266	0	-6.170400134886266	0.9999999999999997	0.001437729251564268	-5.098668092978485
0	0	1.000000000000003	2.000000000000005	0	0.3333333333333333	0	0	0	0	0	0
3	5	0.9998705064722968	2.000129493527711	0.375	0.3332901688240981	3.000388530895346	2.499838143570041	-0.5005503873253052	0.7414388193015778	0.5316725834878721	-0.4136101764866498
4	0	1.000000000000003	2.000000000000005	1	0.3333333333333333	3.999999999999989	0	-3.999999999999989	1	0.01234567901234551	-3.305243084092115
2	4	0.8103848069499703	2.189355348693128	0.3333333333333333	0.2701516681121456	2.467963346360554	1.827021822833687	-0.640941523526867	0.7974484527242087	0.5131770043561272	-0.5296168844861616
1	1	0.8597383665774168	2.062605387894069	0.5	0.2941948103339755	1.163144555222025	0.4848237117333457	-0.6783208434886797	0.9134494135725562	0.5018390342405072	-0.5605038191841237
0	0	0.8103202208445047	2.189679779155503	0	0.2701067402815008	0	0	0	0	0	0
0	0	0.8324968250125346	1.357182954142969	0	0.3801911279162493	0	0	0	0	0	0
4	4	0.9284513666761685	2.071548633323839	0.5	0.3094837888920554	4.308249353242804	1.930922564720059	-2.377326788522745	0.9343347935369528	0.211662624716511	-1.964410731597936
2	1	0.8106447287691867	2.189355271230821	0.6666666666666666	0.2702149095897282	2.467172028659988	0.4567554718690384	-2.01041655679095	0.9802699618520341	0.1795882157978226	-1.661228855119397
4	3	1.80788778634354	1.191913364112135	0.5714285714285714	0.6026692089470393	2.212526701167673	2.516961459052624	0.3044347578849509	0.5742716021397752	0.7153565169143972	0.2515577195141236
1	1	0.8103202208445045	2.000324570075343	0.5	0.2883040302575228	1.234080026977253	0.4999188706472442	-0.7341611563300092	0.9168807861372694	0.493488846652315	-0.60664527114221
1	1	1.000000000000002	2.000000000000005	0.5	0.3333333333333334	0.9999999999999976	0.4999999999999988	-0.4999999999999988	0.888888888888889	0.5555555555555556	-0.4131553855115145
1	1	0.8432964630264111	1.35599064940813	0.5	0.3834408241918486	1.185822594833629	0.7374682122155382	-0.4483543826180904	0.852973134343076	0.619854782726773	-0.3704800555927094
1	0	1.000000000000002	1.887414492691963	1	0.3463306021809471	0.9999999999999976	0	-0.9999999999999976	1	0.3463306021809471	-0.8263107710230291
1	0	1.000000000000002	1.822167475994369	1	0.3543375821974064	0.9999999999999976	0	-0.9999999999999976	1	0.3543375821974064	-0.8263107710230291
0	0	1.000000000000003	1.936531427042309	0	0.3405378164153371	0	0	0	0	0	0
1	1	0.9038146394782471	2.00012479557744	0.5	0.3112374275329593	1.106421556279813	0.4999688030522605	-0.6064527532275522	0.9031312637026661	0.5256061187685844	-0.5011184421084987
4	2	0.9226120981430365	2.077387901856971	0.6666666666666666	0.3075373660476781	4.335516527531881	0.9627474956469161	-3.372769031884964	0.9877242086392208	0.07661496929862976	-2.786955379219467
3	0	1.000000000000003	2.000000000000005	1	0.3333333333333333	2.999999999999992	0	-2.999999999999992	1	0.03703703703703698	-2.478932313069087
4	1	0.9994309460648216	2.000569053935187	0.8	0.333143648688273	4.002277511767748	0.4998577769824872	-3.50241973478526	0.9958964692728161	0.04517388489722574	-2.894087151496689
3	0	1.000000000000002	2.000000000000004	1	0.3333333333333333	2.999999999999993	0	-2.999999999999993	1	0.03703703703703698	-2.478932313069088
3	0	1.000000000000002	2.000000000000005	1	0.3333333333333334	2.999999999999993	0	-2.999999999999993	0.9999999999999999	0.0370370370370372	-2.478932313069087
0	0	0.8324968250125346	2.071311094587854	0	0.2866914231458876	0	0	0	0	0	0
3	2	0.9048550415681685	1.999230598003872	0.6	0.3115800130816777	3.315448179192126	1.000384849049878	-2.315063330142248	0.9646218103913821	0.1787341369682856	-1.912961765296987
3	0	0.8103202208445046	2.189679779155503	1	0.2701067402815009	3.70224008093176	0	-3.70224008093176	0.9999999999999998	0.01970635332950565	-3.059200855787092
0	0	0.8324968250125346	1.357182954142969	0	0.3801911279162493	0	0	0	0	0	0
1	0	0.8326773959941787	1.357002383161324	1	0.3802735924772154	1.200945293832608	0	-1.200945293832608	1	0.3802735924772154	-0.9923540317033032
1	1	1.000000000000002	2.000000000000005	0.5	0.3333333333333334	0.9999999999999976	0.4999999999999988	-0.4999999999999988	0.888888888888889	0.5555555555555556	-0.4131553855115145
2	1	1.000000000000002	2.000000000000005	0.6666666666666666	0.3333333333333334	1.999999999999995	0.4999999999999988	-1.499999999999996	0.9629629629629628	0.2592592592592594	-1.239466156534544
3	7	0.9277787440679525	2.072221255932055	0.3	0.3092595813559834	3.233529566377168	3.378017660981622	0.144488094604454	0.6247555253913164	0.6415344535295966	0.119392068856255
1	1	1.000000000000002	1.999960242340999	0.5	0.3333377509095446	0.9999999999999982	0.5000099396123381	-0.4999900603876601	0.8888859438185666	0.5555614456376555	-0.4131471723027793
3	1	0.8103202208445047	2.189679779155503	0.75	0.2701067402815008	3.702240080931759	0.4566877812543309	-3.245552299677428	0.9946771811393319	0.06285695673601688	-2.681834823142027
2	2	0.9271993744882584	2.072800625511749	0.5	0.309066458162752	2.157033379259821	0.9648781341457886	-1.192155245114032	0.9092827224782942	0.3643244975655994	-0.9850907197693265
5	0	1.000000000000002	1.936878849038606	1	0.3404975320406403	4.999999999999988	0	-4.999999999999988	1	0.004576883333715087	-4.131553855115145
5	6	0.9982465527995057	2.000714331865843	0.4545454545454545	0.3328641456792122	5.008782635890787	2.998928884767107	-2.009853751123681	0.8786185302950102	0.2878234045928985	-1.66076380273454
3	0	0.9039328836810543	2.000171356638171	1	0.3112604813323409	3.318830473102389	0	-3.318830473102389	0.9999999999999998	0.03015587636704942	-2.742385367123966
1	11	0.9998054619938297	2.000194538006178	0.08333333333333333	0.3332684873312757	1.00019457585857	5.499465072514873	4.499270496656303	0.0540009249308341	0.992283652325304	3.717795673133246
3	1	0.9054812392782552	2.000383023138977	0.75	0.3116047955127244	3.31315533648301	0.4999042625500851	-2.813251073932924	0.9905720660584874	0.09274044526382696	-2.324619663982885
0	2	0.4762739634200491	2.523726036579958	0	0.1587579878066827	0	0.7924790452731992	0.7924790452731992	0.7076881230790614	0.2923118769209386	0.6548339709192929
2	0	0.9441826820752007	2.055224535711943	1	0.3147897612821594	2.118234148929992	0	-2.118234148929992	1	0.09909259380807878	-1.750319692809656
1	13	0.8103202208445039	2.189679779155501	0.07142857142857142	0.2701067402815009	1.234080026977254	5.936941156306307	4.702861129329053	0.07528036817688266	0.9878204583810818	3.886024805790132
4	1	0.9239387875033996	2.076061212496608	0.8	0.3079795958344658	4.329291132812499	0.4816813656459727	-3.847609767166527	0.9972291710052353	0.0339006542618514	-3.179321393303118
4	0	1.000000000000002	2.000000000000005	1	0.3333333333333334	3.99999999999999	0	-3.99999999999999	1	0.01234567901234573	-3.305243084092116
2	0	0.8103202208445046	2.189679779155503	1	0.2701067402815009	2.468160053954506	0	-2.468160053954506	1	0.07295765114549813	-2.039467237191394
3	0	0.904502129163944	2.000951932878279	1	0.3113117983796914	3.316741777902703	0	-3.316741777902703	1	0.03017079408816692	-2.740659455783081
0	2	0.2670566609465747	2.732943339053433	0	0.08901888698219133	0	0.7318117325815868	0.7318117325815868	0.8298865882751656	0.1701134117248344	0.6047039169931913
0	0	0.8103202208445047	2.189679779155503	0	0.2701067402815008	0	0	0	0	0	0
1	0	0.9262297998442216	2.073770200155786	1	0.3087432666147398	1.079645677744535	0	-1.079645677744535	1	0.3087432666147398	-0.89212285240877
1	0	0.8103202208445047	2.000000000000005	1	0.2883373271253057	1.234080026977253	0	-1.234080026977253	1	0.2883373271253057	-1.019733618595697
0	0	0	1.253874291830788	0	0	0	0	0	0	0	0
1	0	1.000000000000003	2.000000000000005	1	0.3333333333333333	0.9999999999999973	0	-0.9999999999999973	1	0.3333333333333333	-0.8263107710230289
0	0	0.1675031749874682	2.83249682501254	0	0.05583439166248924	0	0	0	0	0	0
4	0	1.000000000000002	2.000000000000005	1	0.3333333333333334	3.99999999999999	0	-3.99999999999999	1	0.01234567901234573	-3.305243084092116
0	1	0.8326922924609875	2.0711156271394	0	0.2867587373257043	0	0.4828315652183978	0.4828315652183978	0.7132412626742957	0.2867587373257043	0.3989689229298712
7	2	1.000000000000002	1.999880657715091	0.7777777777777778	0.3333465941147367	6.999999999999983	1.000059674703312	-5.999940325296671	0.9990344089113299	0.008283295462653051	-4.957815316288069
1	0	1.000000000000002	1.936857063611727	1	0.3405000578306009	0.9999999999999976	0	-0.9999999999999976	1	0.3405000578306009	-0.8263107710230291
1	0	0.8103202208445046	2.189679779155503	1	0.2701067402815009	1.234080026977253	0	-1.234080026977253	1	0.2701067402815009	-1.019733618595697
0	2	0.1668147138035469	2.833185286196461	0	0.05560490460118216	0	0.7059192385842831	0.7059192385842831	0.8918820962133422	0.1081179037866578	0.58330867031457
1	0	1.000000000000002	2.000000000000005	1	0.3333333333333334	0.9999999999999976	0	-0.9999999999999976	1	0.3333333333333334	-0.8263107710230291
3	0	1.683402056903224	1.200088127924604	1	0.5838071049316712	1.782105461792522	0	-1.782105461792522	1	0.1989794051208554	-1.472572938178133
1	0	0.9267486607541034	2.073251339245904	1	0.3089162202513671	1.079041214029154	0	-1.079041214029154	1	0.3089162202513671	-0.8916233775300575
0	1	0.8103202208445046	2.189679779155503	0	0.2701067402815009	0	0.456687781254331	0.456687781254331	0.7298932597184991	0.2701067402815009	0.3773660326450636
1	2	0.810839390450462	2.189160609549546	0.3333333333333333	0.27027979681682	1.233289862058193	0.9135921737654192	-0.3196976882927741	0.8203350042932001	0.6114301397460478	-0.2641696433074828
0	2	0.9991474120970968	2.000852587902911	0	0.3330491373656981	0	0.9995738876976417	0.9995738876976417	0.4448234531686395	0.5551765468313605	0.825958669837927
6	0	1.000000000000002	1.999326918596088	1	0.3334081369389627	5.999999999999986	0	-5.999999999999986	0.9999999999999992	0.001373590151620308	-4.957864626138175
2	0	0.8103202208445046	2.189679779155503	1	0.2701067402815009	2.468160053954506	0	-2.468160053954506	1	0.07295765114549813	-2.039467237191394
0	0	1.810320220844507	1.1896797791555	0	0.6034400736148342	0	0	0	0	0	0
0	0	0.9267486607541034	2.073251339245904	0	0.3089162202513671	0	0	0	0	0	0
2	0	1.000000000000003	2.000000000000005	1	0.3333333333333333	1.999999999999995	0	-1.999999999999995	1	0.1111111111111109	-1.652621542046058
0	0	1.000000000000003	2.000000000000005	0	0.3333333333333333	0	0	0	0	0	0
2	0	0.9499080742599899	2.049728269496776	1	0.3166744116289504	2.105466891160038	0	-2.105466891160038	1	0.1002826829805419	-1.739769970197916
1	0	1.000000000000002	2.000000000000005	1	0.3333333333333334	0.9999999999999976	0	-0.9999999999999976	1	0.3333333333333334	-0.8263107710230291
0	0	0.8103202208445046	2.000000000000005	0	0.2883373271253056	0	0	0	0	0	0
1	0	0.8103202208445046	2.189679779155503	1	0.2701067402815009	1.234080026977253	0	-1.234080026977253	1	0.2701067402815009	-1.019733618595697
1	1	0.8325488662572843	2.071259053343104	0.5	0.2867093448701169	1.201130696982978	0.4827981311106188	-0.7183325658723592	0.9177977515641484	0.4912164413043821	-0.5935659363569414
0	1	0.1672165523523767	2.832783447647631	0	0.05573885078412542	0	0.353009687637934	0.353009687637934	0.9442611492158746	0.05573885078412544	0.2916957071707006
1	10	1.119174180487632	1.09216592470642	0.09090909090909091	0.5061067620755789	0.8935159668929222	9.156117924744866	8.262601957851944	0.005234556965711464	0.9995734559568281	6.827476994449046
1	3	0.8103202208445047	2.189679779155503	0.25	0.2701067402815008	1.234080026977253	1.370063343762993	0.1359833167857398	0.7039364631810499	0.7161836487103679	0.1123644793394938
4	1	0.9999566623369236	1.998891888349916	0.8	0.3334468698353904	4.000173358165243	0.5002771814865383	-3.499896176678705	0.9958777604605989	0.04532358099497491	-2.892001908251939
0	3	0.8324847797334628	2.071620277096859	0	0.2866579422722662	0	1.448141840069339	1.448141840069339	0.3629890219454562	0.6370109780545439	1.196615200418407
2	0	0.8103202208445046	2.189679779155503	1	0.2701067402815008	2.468160053954506	0	-2.468160053954506	1	0.07295765114549813	-2.039467237191394
1	0	1.000000000000002	1.810470542400517	1	0.3558123043502416	0.9999999999999976	0	-0.9999999999999976	1	0.3558123043502417	-0.8263107710230291
0	0	0.1675031749874682	2.83249682501254	0	0.05583439166248924	0	0	0	0	0	0
0	1	0.0004019035328615608	2.999598096467146	0	0.0001339678442871866	0	0.3333779952646909	0.3333779952646909	0.9998660321557128	0.0001339678442872083	0.2754738283092791
1	3	0.9022728191259242	2.001798018687271	0.25	0.3106924278077692	1.108312229740833	1.498652697222332	0.3903404674814999	0.6327958791228785	0.7742372963680912	0.3225425326461285
1	0	1.000000000000002	1.810370217151931	1	0.3558250062205028	0.9999999999999976	0	-0.9999999999999976	1	0.3558250062205028	-0.8263107710230291
3	0	0.8103202208445046	2.189679779155503	1	0.2701067402815009	3.70224008093176	0	-3.70224008093176	0.9999999999999998	0.01970635332950565	-3.059200855787092
2	2	1.000000000000002	1.999935216854753	0.5	0.333340531616026	1.999999999999995	1.000032392621872	-0.9999676073781234	0.8888824903117535	0.4074202043544153	-0.8262840046506728
0	0	1.000000000000002	2.000000000000005	0	0.3333333333333334	0	0	0	0	0	0
1	0	0.9257098428954981	2.07429015710451	1	0.3085699476318319	1.080252098078737	0	-1.080252098078737	1	0.3085699476318319	-0.8926239440626883
1	1	0.9992179549746617	2.000303787622921	0.5	0.3331257582781647	1.000782657098429	0.4999240646283827	-0.5008585924700459	0.8890272291715979	0.555278745727927	-0.4138648497174338
1	0	0.8325244987203905	2.071283420879998	1	0.2867009532899681	1.201165853421759	0	-1.201165853421759	1	0.2867009532899681	-0.9925362824674709
2	0	0.8103202208445046	2.073251339245904	1	0.2810126969136492	2.468160053954506	0	-2.468160053954506	0.9999999999999999	0.07896813582668261	-2.039467237191394
4	1	0.8438188697568499	2.104122673958167	0.8	0.2862400279123118	4.740353816871407	0.4752574611625906	-4.265096355708816	0.9980784493881397	0.0258791696962638	-3.524295058173272
1	1	0.9998703899713297	1.998960303432002	0.5	0.333420086759413	1.000129626829607	0.5002600593333977	-0.4998695674962097	0.8888310457453454	0.5556712192641715	-0.4130476077287421
1	3	0.8535534051704037	2.090698027949749	0.25	0.2899050657048864	1.17157285524549	1.434927454799372	0.2633545995538826	0.6694601052010192	0.7457472506243072	0.2176127422098304
1	0	0.8103202208445047	2.073251339245904	1	0.2810126969136492	1.234080026977253	0	-1.234080026977253	1	0.2810126969136493	-1.019733618595697
1	0	0.9257112482978281	2.074288751702179	1	0.3085704160992753	1.080250458054574	0	-1.080250458054574	1	0.3085704160992753	-0.8926225888930572
4	0	1.000000000000002	2.000000000000005	1	0.3333333333333334	3.99999999999999	0	-3.99999999999999	1	0.01234567901234573	-3.305243084092116
0	0	1.000000000000003	2.000000000000005	0	0.3333333333333333	0	0	0	0	0	0
1	0	0.8103202208445046	2.189679779155503	1	0.2701067402815008	1.234080026977253	0	-1.234080026977253	1	0.2701067402815008	-1.019733618595697
1	0	1.000000000000003	1.936705270171763	1	0.3405176577156186	0.9999999999999973	0	-0.9999999999999973	1	0.3405176577156186	-0.8263107710230289
1	0	0.8103202208445046	2.189679779155503	1	0.2701067402815009	1.234080026977253	0	-1.234080026977253	1	0.2701067402815009	-1.019733618595697
3	0	0.9267486607541032	2.073251339245904	1	0.308916220251367	3.237123642087461	0	-3.237123642087461	1	0.02947963738353021	-2.674870132590173
1	0	1.000000000000002	2.000000000000005	1	0.3333333333333334	0.9999999999999976	0	-0.9999999999999976	1	0.3333333333333334	-0.8263107710230291
0	1	0.8103202208445046	2.189679779155503	0	0.2701067402815008	0	0.4566877812543309	0.4566877812543309	0.7298932597184992	0.2701067402815008	0.3773660326450635
0	4	0.8105011116251877	2.189325262073897	0	0.2701826741478238	0	1.827046930528218	1.827046930528218	0.2836982632830857	0.7163017367169142	1.509708557860034
1	0	0.833079926942359	2.070727992658029	1	0.2868922291034335	1.200365016199928	0	-1.200365016199928	1	0.2868922291034335	-0.9918745420452361
0	0	1.000000000000003	2.000000000000005	0	0.3333333333333333	0	0	0	0	0	0
1	0	0.8103202208445044	2.189679779155502	1	0.2701067402815009	1.234080026977254	0	-1.234080026977254	1	0.2701067402815009	-1.019733618595698
1	0	0.8325106596609148	1.357169119494588	1	0.3801974460311225	1.201185820740487	0	-1.201185820740487	1	0.3801974460311226	-0.9925527816780041
1	0	0.8103202208445046	2.189679779155503	1	0.2701067402815009	1.234080026977253	0	-1.234080026977253	1	0.2701067402815009	-1.019733618595697
3	1	0.9962963595651353	2.003703640434873	0.75	0.3320987865217109	3.011152225136549	0.4990758013410433	-2.512076423795505	0.9878362032474955	0.110016784372138	-2.075755806615243
0	0	0.8103202208445047	2.189679779155503	0	0.2701067402815008	0	0	0	0	0	0
8	1	0.9434885015830793	2.054436790541502	0.8888888888888888	0.3147138136035552	8.479170638091297	0.4867514077843315	-7.992419230306965	0.9999697139767951	0.0006238136410354755	-6.604222096534249
1	5	0.9270943238264971	2.072905676173511	0.1666666666666667	0.3090314412754983	1.078638898221911	2.412073090189889	1.333434191967978	0.4008722952584209	0.8911697275935531	1.101831035273533
2	0	1.000000000000002	2.000000000000005	1	0.3333333333333334	1.999999999999995	0	-1.999999999999995	1	0.111111111111111	-1.652621542046058
4	0	0.8103202208445047	2.000000000000005	1	0.2883373271253056	4.936320107909012	0	-4.936320107909012	1	0.006911995917979308	-4.078934474382788
2	0	1.000000000000002	1.999913193082983	1	0.3333429788254343	1.999999999999995	0	-1.999999999999995	1	0.1111175415322139	-1.652621542046058
2	6	1.000000000000003	2.000000000000005	0.25	0.3333333333333333	1.999999999999995	2.999999999999992	0.9999999999999973	0.4682213077274809	0.8049077884468829	0.8263107710230289
1	0	0.8103202208445047	2.073251339245904	1	0.2810126969136492	1.234080026977253	0	-1.234080026977253	1	0.2810126969136493	-1.019733618595697
1	0	1.000000000000002	2.000000000000005	1	0.3333333333333334	0.9999999999999976	0	-0.9999999999999976	1	0.3333333333333334	-0.8263107710230291
2	0	0.9041610863877454	1.999651565003559	1	0.3113703240994334	2.211995218673135	0	-2.211995218673135	1	0.09695147872978616	-1.827795474641056
0	0	0.8103202208445046	2.000000000000005	0	0.2883373271253056	0	0	0	0	0	0
5	4	0.9993968856194189	2.000603114380589	0.5555555555555556	0.3331322952064721	5.003017391735253	1.99939706743806	-3.003620324297192	0.9577010207561052	0.1445371271645974	-2.48192382603046
6	0	0.8724928215702908	2.031315098030098	1	0.3004650602682977	6.876847409702867	0	-6.876847409702867	1	0.0007358069112378685	-5.68241308531931
1	0	0.8270096588303689	1.569279299458528	1	0.3451210072014463	1.209175720407292	0	-1.209175720407292	1	0.3451210072014463	-0.9991549218320784
2	2	0.8105871896802452	2.189379980422485	0.5	0.270198686758458	2.467347159518948	0.9135006339164842	-1.553846525602464	0.9370842717326873	0.2962223145773599	-1.28396012062203
2	0	1.000000000000003	2.000000000000005	1	0.3333333333333333	1.999999999999995	0	-1.999999999999995	1	0.1111111111111109	-1.652621542046058
4	0	1.807882759556831	1.191918225978157	1	0.6026675663733776	2.212532853059855	0	-2.212532853059855	1	0.1319201933207959	-1.828239727725676
2	1	0.8326418305499419	2.071198954387466	0.6666666666666666	0.2867381141793177	2.401993181965219	0.4828121402251958	-1.919181041740024	0.9764247517864708	0.1995057419422762	-1.585839966332983
3	0	1.684660405443818	1.200021083032797	1	0.584002224222501	1.780774327161598	0	-1.780774327161598	0.9999999999999998	0.1991789797619555	-1.471473007294919
1	0	1.000000000000002	2.000000000000005	1	0.3333333333333334	0.9999999999999976	0	-0.9999999999999976	1	0.3333333333333334	-0.8263107710230291
1	0	1.000000000000002	2.000000000000005	1	0.3333333333333334	0.9999999999999976	0	-0.9999999999999976	1	0.3333333333333334	-0.8263107710230291
4	0	1.000000000000003	1.949874919010643	1	0.3389974244519464	3.999999999999989	0	-3.999999999999989	1	0.01320643489051343	-3.305243084092115
0	0	0	3.000000000000008	0	0	0	0	0	0	0	0
0	0	1.089544173472243	1.19654244133469	0	0.4765979409595809	0	0	0	0	0	0
2	0	0.8103202208445046	2.189679779155502	1	0.2701067402815009	2.468160053954506	0	-2.468160053954506	1	0.07295765114549813	-2.039467237191394
0	0	0.9965849815180355	2.003415018481972	0	0.3321949938393443	0	0	0	0	0	0
1	1	0.9999427926549282	1.999780458749132	0.5	0.333345015139944	1.000057210617939	0.5000548913381736	-0.5000023192797657	0.8888811008813505	0.5555711311612385	-0.4131573019573669
3	0	0.8729659255935284	2.063565501448783	1	0.297277910106613	3.436560250573703	0	-3.436560250573703	1	0.02627168435476501	-2.839666750318657
5	1	0.8339309424560805	2.069876977144308	0.8333333333333334	0.2871852979073227	5.995700297765757	0.4831204999340797	-5.512579797831678	0.9994389866217027	0.008915868317637909	-4.555104063072279
1	1	0.8327044684775817	1.356975310677921	0.5	0.3802859561495937	1.200906249282271	0.7369330835506633	-0.463973165731608	0.8553825915553892	0.6159545038545767	-0.3833860243096816
0	0	1.000000000000002	2.000000000000005	0	0.3333333333333334	0	0	0	0	0	0
1	1	0.9037486686235539	2.000092083510524	0.5	0.3112252860145222	1.106502321627805	0.4999769801822417	-0.6065253414455631	0.903138821345179	0.5255893933742232	-0.5011784225348905
1	0	1.000000000000002	1.999891522945133	1	0.3333453867752708	0.9999999999999976	0	-0.9999999999999976	1	0.3333453867752708	-0.8263107710230291
0	0	0.1675031749874682	2.83249682501254	0	0.05583439166248924	0	0	0	0	0	0
1	0	0.8103202208445047	2.189679779155503	1	0.2701067402815008	1.234080026977253	0	-1.234080026977253	1	0.2701067402815008	-1.019733618595697
7	0	1.000000000000002	1.999826417520396	1	0.3333526213915351	6.999999999999983	0	-6.999999999999983	1	0.0004574326106733251	-5.784175397161204
2	0	1.000000000000002	2.000000000000005	1	0.3333333333333334	1.999999999999995	0	-1.999999999999995	1	0.111111111111111	-1.652621542046058
1	0	0.3344026702944531	2.665597329705555	1	0.1114675567648174	2.990406742623991	0	-2.990406742623991	1	0.1114675567648173	-2.471005301170101
7	0	1.000000000000003	2.000000000000005	1	0.3333333333333333	6.999999999999981	0	-6.999999999999981	1	0.0004572473708274183	-5.784175397161202
1	0	1.000000000000002	2.000000000000005	1	0.3333333333333334	0.9999999999999976	0	-0.9999999999999976	1	0.3333333333333334	-0.8263107710230291
1	0	0.8103202208445047	2.189679779155503	1	0.2701067402815008	1.234080026977253	0	-1.234080026977253	1	0.2701067402815008	-1.019733618595697
0	0	0.1675031749874682	2.83249682501254	0	0.05583439166248924	0	0	0	0	0	0
0	0	0.8324968250125346	2.104034602029777	0	0.2834966509624688	0	0	0	0	0	0
1	0	0.8103202208445047	2.189679779155503	1	0.2701067402815008	1.234080026977253	0	-1.234080026977253	1	0.2701067402815008	-1.019733618595697
1	0	1.000000000000002	2.000000000000005	1	0.3333333333333334	0.9999999999999976	0	-0.9999999999999976	1	0.3333333333333334	-0.8263107710230291
0	0	0	1.253874291830788	0	0	0	0	0	0	0	0
2	1	0.8722297468456698	2.064323358371773	0.6666666666666666	0.2970250206938055	2.292973849186865	0.484420231910153	-1.808553617276712	0.9737953052910475	0.2122621993365614	-1.494427333928412
1	0	1.000000000000002	1.936791660410416	1	0.34050764086556	0.9999999999999976	0	-0.9999999999999976	1	0.3405076408655601	-0.8263107710230291
0	1	0.009409538356493399	2.990590461643515	0	0.003136512785497792	0	0.3343821271503816	0.3343821271503816	0.9968634872145022	0.003136512785497758	0.276303553301953
2	6	0.9263319367845498	2.070444524135253	0.25	0.3091094543969523	2.159053273000959	2.897928406222802	0.7388751332218426	0.5286850923107783	0.7622781359157313	0.6105404810222856
2	1	0.8103202208445047	2.189679779155503	0.6666666666666666	0.2701067402815009	2.468160053954506	0.456687781254331	-2.011472272700175	0.9802936466704943	0.1794602467774838	-1.66210120454633
2	0	1.000000000000003	2.000000000000005	1	0.3333333333333333	1.999999999999995	0	-1.999999999999995	1	0.1111111111111109	-1.652621542046058
0	0	0	1.253874291830788	0	0	0	0	0	0	0	0
2	0	0.8103202208445046	2.000000000000005	1	0.2883373271253056	2.468160053954506	0	-2.468160053954506	1	0.08313841421376544	-2.039467237191394
1	0	1.000000000000003	2.000000000000005	1	0.3333333333333333	0.9999999999999973	0	-0.9999999999999973	1	0.3333333333333333	-0.8263107710230289
0	0	0.8103202208445047	2.189679779155503	0	0.2701067402815008	0	0	0	0	0	0
5	0	0.9440822582921724	2.055226071727952	1	0.3147666576466441	5.296148673575233	0	-5.296148673575233	0.9999999999999999	0.003089894224576062	-4.376264693914555
2	0	0.8103202208445045	2.189679779155502	1	0.2701067402815009	2.468160053954507	0	-2.468160053954507	1	0.07295765114549813	-2.039467237191395
1	0	0.8325106621924871	1.357169116963016	1	0.3801974471872607	1.201185817087814	0	-1.201185817087814	1	0.3801974471872607	-0.9925527786597614
1	0	0.8103202208445046	2.189679779155503	1	0.2701067402815009	1.234080026977253	0	-1.234080026977253	1	0.2701067402815009	-1.019733618595697
2	1	0.9999351924172837	2.000000000000005	0.6666666666666666	0.3333189313371652	2.000129623566023	0.4999999999999988	-1.500129623566024	0.9629677634209378	0.2592400568051252	-1.239573265883331
7	1	0.8723492851119196	2.064356081308598	0.875	0.2970503255405584	8.024308748189004	0.4844125531706229	-7.539896195018381	0.9999393766039617	0.001208313005394368	-6.230297438339257
4	0	1.000000000000002	1.938375586990395	1	0.3403240907756938	3.99999999999999	0	-3.99999999999999	1	0.0134143851538564	-3.305243084092116
2	2	0.8303636082209074	2.097538170021042	0.5	0.2836036421684531	2.408583396718328	0.9534987389430614	-1.455084657775267	0.9281653222594402	0.3195093498677171	-1.202352125470064
2	0	1.000000000000002	1.936574745349911	1	0.3405327930383892	1.999999999999995	0	-1.999999999999995	0.9999999999999998	0.1159625831345266	-1.652621542046058
1	0	0.8330374982806464	1.356642280874857	1	0.3804380467914468	1.200426153761334	0	-1.200426153761334	1	0.3804380467914468	-0.9919250606707393
0	0	1.000000000000003	2.000000000000005	0	0.3333333333333333	0	0	0	0	0	0
2	0	1.000000000000003	2.000000000000005	1	0.3333333333333333	1.999999999999995	0	-1.999999999999995	1	0.1111111111111109	-1.652621542046058
2	0	0.8103202208445047	2.189679779155503	1	0.2701067402815008	2.468160053954506	0	-2.468160053954506	1	0.07295765114549813	-2.039467237191394
2	1	1.000261720053665	1.999738279946342	0.6666666666666666	0.3334205733512209	1.999476696851598	0.5000654385767083	-1.499411258274889	0.9629338753455157	0.2593755868926022	-1.238979672905737
2	0	0.8325939551933212	2.071213964407067	1	0.2867248723902853	2.402131300047233	0	-2.402131300047233	1	0.08221115244722532	-1.984906966640585
1	0	0.8103202208445046	2.189679779155503	1	0.2701067402815008	1.234080026977253	0	-1.234080026977253	1	0.2701067402815008	-1.019733618595697
4	0	1.000000000000003	2.000000000000006	1	0.3333333333333333	3.999999999999988	0	-3.999999999999988	1	0.01234567901234551	-3.305243084092115
0	0	0.8324968250125346	1.357182954142969	0	0.3801911279162493	0	0	0	0	0	0
2	1	1.000000000000002	1.99974019865665	0.6666666666666666	0.3333622026493573	1.999999999999995	0.5000649587740258	-1.499935041225969	0.9629533390241604	0.2592977525140137	-1.239412480399893
0	1	1.000000000000002	2.000000000000005	0	0.3333333333333334	0	0.4999999999999988	0.4999999999999988	0.6666666666666666	0.3333333333333334	0.4131553855115145
2	1	0.9237087405456026	2.076291259454405	0.6666666666666666	0.3079029135152001	2.165184665047848	0.4816279967689956	-1.683556668278852	0.9708095093283714	0.2260316311101893	-1.391141008626464
2	2	0.8103202208445046	2.189679779155503	0.5	0.2701067402815009	2.468160053954506	0.9133755625086619	-1.554784491445844	0.9371430432639827	0.2960635368189506	-1.284735171901267
0	0	0.8324968250125346	1.357182954142969	0	0.3801911279162493	0	0	0	0	0	0
1	0	0.9267486607541033	2.073251339245904	1	0.3089162202513671	1.079041214029154	0	-1.079041214029154	1	0.3089162202513671	-0.8916233775300575
1	2	0.8103202208445045	2.189679779155503	0.3333333333333333	0.2701067402815008	1.234080026977253	0.9133755625086619	-0.3207044644685915	0.8205397532225165	0.6111536207375134	-0.2650015533055701
3	0	1.000000000000002	1.997352742875031	1	0.3336277327975791	2.999999999999993	0	-2.999999999999993	1	0.03713525688834607	-2.478932313069087
1	1	0.8727319575133796	2.031306763234664	0.5	0.3005235265212218	1.145827182551258	0.4922939351649647	-0.6535332473862934	0.9096856100072483	0.5107326630496922	-0.5400215615369534
1	0	1.809753725246701	1.189726677450306	1	0.6033557424210694	0.5525613712239673	0	-0.5525613712239673	1	0.6033557424210694	-0.4565874126936197
0	0	0.8103202208445047	2.189679779155503	0	0.2701067402815008	0	0	0	0	0	0
4	2	1.035974794349589	1.531952924914572	0.6666666666666666	0.4034283311706481	3.86109780065769	1.305523144656373	-2.555574656001317	0.9574375294234012	0.1839731092447446	-2.111698864407366
0	0	1.683383074929115	1.200188485161294	0	0.5837840469186537	0	0	0	0	0	0
6	0	0.9262302245265659	2.073769775473441	1	0.3087434081755212	6.477871096321485	0	-6.477871096321485	1	0.0008661361472535045	-5.352734660189213
3	0	1.000000000000002	1.999761465247699	1	0.3333598393022322	2.999999999999993	0	-2.999999999999993	1	0.03704587306258822	-2.478932313069088
0	0	0.8324968250125346	2.071311094587854	0	0.2866914231458876	0	0	0	0	0	0
2	0	1.000000000000003	2.000000000000005	1	0.3333333333333333	1.999999999999995	0	-1.999999999999995	1	0.1111111111111109	-1.652621542046058
1	0	0.8103202208445045	2.189679779155503	1	0.2701067402815008	1.234080026977253	0	-1.234080026977253	1	0.2701067402815008	-1.019733618595697
2	0	0.8729518867686784	2.063579540273633	1	0.2972731293558536	2.291077011590188	0	-2.291077011590188	1	0.08837131343702209	-1.89314161192023
1	0	0.8325523222598779	2.07125559734051	1	0.2867105350323759	1.201125710977062	0	-1.201125710977062	1	0.286710535032376	-0.9925031123330426
0	0	0.8103202208445047	2.189679779155503	0	0.2701067402815008	0	0	0	0	0	0
0	0	0.8103202208445046	2.189679779155503	0	0.2701067402815009	0	0	0	0	0	0
2	0	0.8729100595468033	1.3167697196087	1	0.3986473583290155	2.291186793102554	0	-2.291186793102554	1	0.1589197163027023	-1.893232325566357
0	0	0.9267486607541034	2.073251339245904	0	0.3089162202513671	0	0	0	0	0	0
2	0	0.8329124696857244	2.103618957356587	1	0.2836381936918815	2.401212699762608	0	-2.401212699762608	1	0.08045062492079325	-1.984147917331135
4	0	0.8330939410936781	2.07071397850671	1	0.2868970552323328	4.80137929553159	0	-4.80137929553159	0.9999999999999999	0.006774922979954523	-3.967431427664726
2	0	0.8326078091864967	2.103923617855814	1	0.2835344452707266	2.402091330315661	0	-2.402091330315661	1	0.08039178165497873	-1.984873939220872
1	0	0.8103202208445045	2.189679779155503	1	0.2701067402815008	1.234080026977253	0	-1.234080026977253	1	0.2701067402815008	-1.019733618595697
3	1	1.000000000000002	1.811018758508498	0.75	0.355742912413218	2.999999999999993	0.5521753959211171	-2.447824604078876	0.9839843331966516	0.1320343588468909	-2.022663835925562
1	1	0.8326095646897347	2.103921862352577	0.5	0.2835350430859659	1.201043132830983	0.4753028227397256	-0.7257403100912574	0.9196078793422395	0.4866779655141712	-0.5996870351940006
2	1	0.9994312114905409	2.000568788509466	0.6666666666666666	0.3331437371635129	2.001138224427894	0.4998578433011819	-1.501280381126712	0.9630261257463442	0.2590065003265036	-1.240524149250564
2	0	0.8328577695974165	2.103673657444895	1	0.2836195662432515	2.401370405617699	0	-2.401370405617699	1	0.08044005835601009	-1.98427823137785
2	0	1.000000000000002	1.983208391418353	1	0.3352095692934666	1.999999999999996	0	-1.999999999999996	0.9999999999999999	0.1123654553459115	-1.652621542046059
2	0	0.9047791052977353	2.001331735609461	1	0.3113367503268705	2.210484292010547	0	-2.210484292010547	1	0.09693057210409606	-1.826546979665534
3	1	0.9276255893134913	2.072374410686517	0.75	0.3092085297711629	3.234063435248927	0.4825382878901353	-2.751525147358792	0.9908587441760186	0.09082983737843242	-2.273614866003303
3	0	0.8722021924872593	1.317477586668244	1	0.3983240840921693	3.439569432226373	0	-3.439569432226373	0.9999999999999998	0.0631989260900625	-2.842153269530224
0	3	0.8103850022418402	2.189614997758168	0	0.2701283340806127	0	1.370103878111697	1.370103878111697	0.3888118683717143	0.6111881316282857	1.132131591904121
0	3	0.9994439121267943	2.000556087873213	0	0.3331479707089307	0	1.499583050025503	1.499583050025503	0.2965435151871405	0.7034564848128595	1.239121626279642
2	0	0.8729796853162676	2.063551741726044	1	0.2972825958125491	2.291004056154445	0	-2.291004056154445	0.9999999999999999	0.08837694177304756	-1.893081328057871
2	1	0.832639207417758	2.071234432721117	0.6666666666666666	0.2867339666260195	2.40200074916307	0.48280387009897	-1.919196879064101	0.9764257747915683	0.1995006524344107	-1.585853052884452
0	0	0.8103202208445047	2.000000000000005	0	0.2883373271253056	0	0	0	0	0	0
2	1	0.9996996414015864	2.000300358598421	0.6666666666666666	0.333233213800528	2.000600897681613	0.4999249216256124	-1.500675976056	0.9629963261176473	0.2591257765747803	-1.240024722830573
1	1	0.8729275957469691	2.063647180870146	0.5	0.2972604691349175	1.145570382781053	0.4845789577161856	-0.6609914250648676	0.9116362134896889	0.5061571517595236	-0.5461843340849629
0	0	0.8103202208445047	2.189679779155503	0	0.2701067402815008	0	0	0	0	0	0
1	2	0.9990879895141731	2.000912010485835	0.3333333333333333	0.3330293298380568	1.000912843008222	0.9995442026030853	-0.001368640405137067	0.7411459862601264	0.7032981808456561	-0.001130922308422084
1	0	0.8325384568049526	2.071269462795436	1	0.286705760110856	1.201145715043264	0	-1.201145715043264	1	0.286705760110856	-0.9925196419084091
0	3	0.1701210903642175	2.829878909635791	0	0.05670703012140568	0	1.060116031744307	1.060116031744307	0.839343619356745	0.160656380643255	0.8759852955645143
2	0	0.8103202208445046	2.189679779155503	1	0.2701067402815008	2.468160053954506	0	-2.468160053954506	1	0.07295765114549813	-2.039467237191394
1	1	0.9999499775547609	2.000050022445247	0.5	0.3333166591849194	1.000050024947609	0.4999874947014611	-0.5000625302461483	0.8889000047098041	0.5555333230796432	-0.4132070549274227
0	0	0	1.253874291830788	0	0	0	0	0	0	0	0
0	0	1.000000000000003	1.810320220844507	0	0.3558313364373472	0	0	0	0	0	0
1	0	0.8103202208445045	2.000000000000005	1	0.2883373271253056	1.234080026977253	0	-1.234080026977253	1	0.2883373271253056	-1.019733618595697
2	0	0.8103202208445047	2.189679779155503	1	0.2701067402815008	2.468160053954506	0	-2.468160053954506	1	0.07295765114549813	-2.039467237191394
7	0	1.000000000000003	2.000000000000005	1	0.3333333333333333	6.999999999999981	0	-6.999999999999981	1	0.0004572473708274183	-5.784175397161202
2	0	0.8730074078474961	2.063524019194816	1	0.2972920363827992	2.29093130484567	0	-2.29093130484567	1	0.08838255489663149	-1.893021212867824
0	1	1.000487898191076	1.999512101808931	0	0.3334959660636913	0	0.5001220043106084	0.5001220043106084	0.6665040339363087	0.3334959660636913	0.4132561989874825
0	1	0.999773861155181	2.000226138844826	0	0.3332579537183928	0	0.499943471680418	0.499943471680418	0.6667420462816072	0.3332579537183928	0.4131086755521771
1	0	1.000000000000002	2.000000000000005	1	0.3333333333333334	0.9999999999999976	0	-0.9999999999999976	1	0.3333333333333334	-0.8263107710230291
2	0	1.000000000000002	2.000000000000005	1	0.3333333333333334	1.999999999999995	0	-1.999999999999995	1	0.111111111111111	-1.652621542046058
4	1	1.809398267471912	1.190322758798257	0.8	0.6031888471047938	2.210679689435533	0.8401082753467592	-1.370571414088774	0.9201515455388286	0.3424922137392115	-1.132517921917821
2	0	0.8724101694930668	2.064121257549245	1	0.2970886541377024	2.292499640578633	0	-2.292499640578633	0.9999999999999999	0.08826166841735139	-1.894317145576552
0	0	0.8103202208445047	2.189679779155503	0	0.2701067402815009	0	0	0	0	0	0
0	0	0.8324968250125346	1.357182954142969	0	0.3801911279162493	0	0	0	0	0	0
5	1	0.8104060572824194	2.188485366336018	0.8333333333333334	0.2702352112183475	6.169746579593424	0.4569370284043567	-5.712809551189067	0.9996105500812941	0.006699660265852114	-4.720556064950774
0	0	1.000000000000003	2.000000000000005	0	0.3333333333333333	0	0	0	0	0	0
1	0	0.9267486607541033	2.073251339245904	1	0.308916220251367	1.079041214029154	0	-1.079041214029154	1	0.308916220251367	-0.8916233775300575
0	1	0.8103202208445046	2.189679779155502	0	0.2701067402815009	0	0.4566877812543311	0.4566877812543311	0.7298932597184991	0.2701067402815009	0.3773660326450637
4	0	1.810320220844507	1.1896797791555	1	0.6034400736148342	2.209553842432371	0	-2.209553842432371	1	0.1325978831177236	-1.825778139157193
0	0	1.000000000000002	2.000000000000004	0	0.3333333333333333	0	0	0	0	0	0
3	0	0.8103202208445047	2.189679779155503	1	0.2701067402815009	3.702240080931759	0	-3.702240080931759	0.9999999999999998	0.01970635332950565	-3.059200855787091
1	1	1.000000000000002	1.810773777753764	0.5	0.3557739181696628	0.9999999999999976	0.552250100087314	-0.4477498999126835	0.8734249191502059	0.5849727554895318	-0.3699805650223346
1	0	0.8325522812122552	2.103979145830056	1	0.2835155358956284	1.201125770196592	0	-1.201125770196592	1	0.2835155358956284	-0.9925031612667783
0	0	0	3.000000000000008	0	0	0	0	0	0	0	0
1	2	0.8103202208445046	2.189679779155503	0.3333333333333333	0.2701067402815008	1.234080026977253	0.9133755625086618	-0.3207044644685914	0.8205397532225165	0.6111536207375134	-0.26500155330557
1	0	0.8325106586637853	2.071297260936603	1	0.2866961871150046	1.201185822179192	0	-1.201185822179192	1	0.2866961871150047	-0.992552782866822
2	0	1.808540475859339	1.189827118349867	1	0.603175034092618	1.105864107934708	0	-1.105864107934708	0.9999999999999999	0.3638201217526309	-0.9137874236742251
1	0	0.8103202208445047	2.189679779155503	1	0.2701067402815008	1.234080026977253	0	-1.234080026977253	1	0.2701067402815008	-1.019733618595697
3	0	0.8326076576594318	2.10392376938288	1	0.2835343936700307	3.603137651211844	0	-3.603137651211844	1	0.02279382677105635	-2.977311450674972
1	2	0.8371942535138711	2.066613666086516	0.3333333333333333	0.2883091019426254	1.194465914932885	0.9677667542900455	-0.2266991606428398	0.7985633232794018	0.6395257600731323	-0.1873239582210589
0	0	1.000000000000003	2.000000000000005	0	0.3333333333333333	0	0	0	0	0	0
5	4	0.8732734233403561	2.031488923817032	0.5555555555555556	0.3006350671664912	5.725583610313608	1.968999167607701	-3.756584442705907	0.9744373291985658	0.09958864628411357	-3.104106187265442
5	2	0.8724447607673983	2.031895966852236	0.7142857142857143	0.3003933913368506	5.731021865042806	0.9843023622406966	-4.74671950280211	0.9961810109722621	0.02895978195776394	-3.92226545219047
2	0	0.8328296705749229	1.35685010858058	1	0.3803431344176368	2.401451425979277	0	-2.401451425979277	1	0.1446608998986326	-1.984345179375294
5	0	1.810276876588829	1.18968336748291	1	0.6034336222175414	2.762008433440129	0	-2.762008433440129	1	0.08001059923306397	-2.282277318208027
10	0	0.9431505698527044	2.05394849662039	1	0.3146878194328687	10.60276091606639	0	-10.60276091606639	1	9.523560186019964e-06	-8.76117554752768
1	0	0.8325245254101564	2.104006901632155	1	0.2835060839953888	1.201165814913782	0	-1.201165814913782	1	0.2835060839953888	-0.9925362506479145
0	0	0.8103202208445047	2.189679779155503	0	0.2701067402815008	0	0	0	0	0	0
0	0	1.000000000000003	2.000000000000005	0	0.3333333333333333	0	0	0	0	0	0
2	0	0.872923886427902	2.063607540614409	1	0.2972635941809468	2.291150501316002	0	-2.291150501316002	1	0.08836564442537442	-1.89320233727223
0	0	0.8103202208445047	2.189679779155503	0	0.2701067402815008	0	0	0	0	0	0
0	3	0.00805180828385405	2.991948191716153	0	0.00268393609461801	0	1.002691158993374	1.002691158993374	0.9919697829212575	0.008030217078742519	0.8285345046857917
3	0	1.000000000000002	1.985162680042063	1	0.3349901185237619	2.999999999999995	0	-2.999999999999995	1	0.03759204825211815	-2.478932313069089
1	0	0.8103202208445047	2.189679779155503	1	0.2701067402815008	1.234080026977253	0	-1.234080026977253	1	0.2701067402815008	-1.019733618595697
4	0	1.000000000000002	2.000000000000005	1	0.3333333333333334	3.99999999999999	0	-3.99999999999999	1	0.01234567901234573	-3.305243084092116
1	0	0.8103202208445046	2.073251339245904	1	0.2810126969136492	1.234080026977253	0	-1.234080026977253	1	0.2810126969136493	-1.019733618595697
1	0	0.8103202208445047	2.189679779155503	1	0.2701067402815008	1.234080026977253	0	-1.234080026977253	1	0.2701067402815008	-1.019733618595697
0	1	0.8351389717785535	2.070116238792949	0	0.2874580411179334	0	0.483064661423594	0.483064661423594	0.7125419588820665	0.2874580411179335	0.3991615328349094
0	0	0.1752890205761279	2.82471097942388	0	0.05842967352537581	0	0	0	0	0	0
5	0	0.8103202208445045	2.000000000000005	1	0.2883373271253056	6.170400134886266	0	-6.170400134886266	1	0.00199298642809087	-5.098668092978486
1	0	0.8103202208445046	2.189679779155503	1	0.2701067402815009	1.234080026977253	0	-1.234080026977253	1	0.2701067402815009	-1.019733618595697
1	1	0.8325661823154693	2.071264060878871	0.5	0.2867131039311754	1.201105715366527	0.4827969638867213	-0.7183087514798054	0.9177955960341511	0.4912218038965018	-0.5935462582678689
0	0	0.8103202208445047	2.073251339245904	0	0.2810126969136492	0	0	0	0	0	0
2	0	0.8103202208445045	2.189679779155503	1	0.2701067402815008	2.468160053954507	0	-2.468160053954507	1	0.07295765114549813	-2.039467237191395
0	0	0.8103202208445047	2.189679779155503	0	0.2701067402815008	0	0	0	0	0	0
4	3	1.000000000000002	2.000000000000004	0.5714285714285714	0.3333333333333333	3.999999999999991	1.499999999999997	-2.499999999999995	0.954732510288066	0.1732967535436669	-2.065776927557573
1	0	0.8103202208445047	2.073251339245904	1	0.2810126969136492	1.234080026977253	0	-1.234080026977253	1	0.2810126969136493	-1.019733618595697
1	2	0.1675056327000239	2.832494367299983	0.3333333333333333	0.05583521090000782	5.969948495946056	0.7060914306094309	-5.263857065336626	0.9909954281148298	0.1583269905930661	-4.349581790213337
3	4	0.9991252457319765	1.940284643703571	0.4285714285714285	0.339906744317254	3.00262656039899	2.061553191682686	-0.9410733687163035	0.8164558202093088	0.4445009518766831	-0.77761906089321
0	0	1.000000000000003	1.810320220844507	0	0.3558313364373472	0	0	0	0	0	0
2	0	0.6959912954093492	2.304008704590656	1	0.2319970984697827	2.873599157333849	0	-2.873599157333849	0.9999999999999999	0.05382265369839812	-2.374485935307665
1	0	0.9040986417822016	1.998732829774571	1	0.3114540580949877	1.106073998771587	0	-1.106073998771587	1	0.3114540580949876	-0.9139608587334769
0	0	0.8103202208445047	2.189679779155503	0	0.2701067402815008	0	0	0	0	0	0
2	0	0.9986265882817291	1.938035000532896	1	0.3400550448459476	2.002750601144386	0	-2.002750601144386	0.9999999999999999	0.1156374335251795	-1.654894393398456
1	1	0.9998997964928394	2.000100203507168	0.5	0.333299932164279	1.00010021354891	0.499974950378238	-0.5001252631706716	0.888911155219287	0.555511019547845	-0.413258891818654
1	0	0.8103202208445046	2.000000000000005	1	0.2883373271253056	1.234080026977253	0	-1.234080026977253	1	0.2883373271253056	-1.019733618595697
3	2	0.8104153357944825	2.189497837877987	0.6	0.2701462638674901	3.701805564993387	0.9134514615179323	-2.788354103475455	0.9791254507378314	0.125893715943912	-2.304047029128036
3	1	0.8104497095385027	2.189550290461505	0.75	0.2701499031795002	3.70164855967226	0.4567147894964422	-3.244933770175818	0.9946737779904337	0.06288454209212313	-2.681323725552651
0	6	0.8103849827516882	2.189615017248317	0	0.2701283275838956	0	2.740207731832322	2.740207731832322	0.1511746770604986	0.8488253229395014	2.264263163653637
3	1	1.000000000000002	2.000000000000004	0.75	0.3333333333333333	2.999999999999995	0.4999999999999991	-2.499999999999996	0.9876543209876545	0.1111111111111109	-2.065776927557574
0	0	0.8103202208445047	2.000000000000005	0	0.2883373271253056	0	0	0	0	0	0
4	0	0.9249825972562939	2.02847719712149	1	0.3131861144739785	4.324405682728409	0	-4.324405682728409	1	0.009620773608149169	-3.573302993911688
3	1	0.810514717735908	2.1894852822641	0.75	0.2701715725786353	3.701351665001471	0.456728349854867	-3.244623315146604	0.9946720688664742	0.06289839368777983	-2.681067193218093
1	0	0.8326632137702149	2.103868213272096	1	0.2835533126266853	1.200965748771464	0	-1.200965748771464	1	0.2835533126266854	-0.9923709338396005
2	0	1.000000000000002	2.000000000000004	1	0.3333333333333333	1.999999999999996	0	-1.999999999999996	1	0.1111111111111109	-1.652621542046059
3	0	1.645331499466177	1.168330945120282	1	0.5847650639940221	1.823340768090407	0	-1.823340768090407	0.9999999999999997	0.1999605189301923	-1.50664611591851
0	0	0.8103202208445044	2.189679779155503	0	0.2701067402815008	0	0	0	0	0	0
1	0	0.8103959450919772	2.189275597365754	1	0.2701615605647253	1.23396471324459	0	-1.23396471324459	1	0.2701615605647253	-1.019638333616351
3	0	1.116310925420944	1.780687181303258	1	0.3853336744783791	2.68742330804363	0	-2.68742330804363	0.9999999999999998	0.05721513033197367	-2.220646825734797
2	1	0.8103850038919826	2.189614996108025	0.6666666666666666	0.2701283346306602	2.467962746589253	0.4567012930480792	-2.011261453541174	0.980288919873641	0.1794857912582846	-1.661927002404509
1	1	0.8729241346945398	1.319924345062005	0.5	0.3980777252751425	1.145574924847195	0.7576191800243095	-0.3879557448228854	0.8415341246397681	0.6376895751900532	-0.3205720106274128
2	1	0.9268739013912247	2.073126098608783	0.6666666666666666	0.3089579671304075	2.157790824618136	0.4823633259313421	-1.675427498686794	0.9705084093835503	0.2273818951271629	-1.384423788233073
6	2	0.8701364398162396	2.033835783959422	0.75	0.2996366262363602	6.895470325627455	0.9833635614899296	-5.912106764137525	0.998720019084684	0.01121970375074932	-4.885237498644956
5	1	0.9998856209331768	1.947902939166855	0.8333333333333334	0.3391985553058956	5.000571960754454	0.5133726018339055	-4.487199358920548	0.9984769156236185	0.01932604386238945	-3.707821162003689
1	4	0.9994242251465892	2.000575774853419	0.2	0.3331414083821955	1.000576106561081	1.999424390857216	0.9988482842961348	0.4612845153480476	0.8681230925216301	0.8253590959317709
3	0	0.8729380684578315	2.063593358584479	1	0.2972684236984513	3.436669917832686	0	-3.436669917832686	1	0.0262691693750825	-2.839757369555984
4	0	1.800576285860956	1.198105369201041	1	0.600455964647481	2.221510985904925	0	-2.221510985904925	1	0.1299944027551001	-1.835658455599233
1	0	0.8729240461577972	2.030883873442591	1	0.3006135634060554	1.145575041037684	0	-1.145575041037684	1	0.3006135634060554	-0.9466009954245895
1	1	1.000000000000002	1.810585274420204	0.5	0.3557977795946048	0.9999999999999976	0.5523075958519689	-0.4476924041480287	0.8734079400355492	0.5850034992247586	-0.3699330556527121
4	0	1.000000000000003	1.992323183164194	1	0.3341885013043827	3.999999999999989	0	-3.999999999999989	1	0.01247285893951267	-3.305243084092115
0	0	0.8103202208445047	2.000000000000005	0	0.2883373271253056	0	0	0	0	0	0
0	0	0.8324968250125346	2.071311094587854	0	0.2866914231458876	0	0	0	0	0	0
2	1	0.8103202208445047	2.189679779155503	0.6666666666666666	0.2701067402815008	2.468160053954506	0.4566877812543309	-2.011472272700175	0.9802936466704948	0.1794602467774835	-1.66210120454633
0	0	0	1.253874291830788	0	0	0	0	0	0	0	0
3	1	0.9236934279617343	2.076306572038273	0.75	0.3078978093205773	3.247830837792082	0.4816244448036003	-2.766206392988482	0.9910127588362299	0.08979443250215624	-2.28574613739915
0	0	1.810320220844507	1.1896797791555	0	0.6034400736148342	0	0	0	0	0	0
0	0	0	1.253874291830788	0	0	0	0	0	0	0	0
1	0	0.9267486607541033	2.073251339245904	1	0.308916220251367	1.079041214029154	0	-1.079041214029154	1	0.308916220251367	-0.8916233775300575
0	0	1.000000000000003	2.000000000000005	0	0.3333333333333333	0	0	0	0	0	0
1	0	0.8103202208445046	2.189679779155503	1	0.2701067402815009	1.234080026977253	0	-1.234080026977253	1	0.2701067402815009	-1.019733618595697
0	1	1.000000000000003	2.000000000000005	0	0.3333333333333333	0	0.4999999999999987	0.4999999999999987	0.6666666666666667	0.3333333333333333	0.4131553855115144
0	2	0.166981842146269	2.833018157853738	0	0.05566061404875619	0	0.7059608829034746	0.7059608829034746	0.8917768758587722	0.1082231241412278	0.5833430814640699
0	0	1.000000000000003	1.810320220844507	0	0.3558313364373472	0	0	0	0	0	0
4	1	0.8103202208445048	2.073490547497561	0.8	0.2809893872857568	4.936320107909012	0.4822785429173393	-4.454041564991672	0.9982483409124604	0.02416285201486135	-3.680422519736897
0	1	0.8104497380774013	2.189550261922606	0	0.2701499126924664	0	0.4567147954493254	0.4567147954493254	0.7298500873075335	0.2701499126924665	0.377388354765358
1	0	1.683600128086072	1.20017051604912	1	0.5838190119280321	0.5939652672376585	0	-0.5939652672376585	1	0.5838190119280321	-0.4907998979320503
0	1	0.9999352427030221	2.000064757296986	0	0.3333117475676732	0	0.4999838111999251	0.4999838111999251	0.6666882524323268	0.3333117475676732	0.4131420085316437
0	0	0.8103202208445047	2.073251339245904	0	0.2810126969136492	0	0	0	0	0	0
1	2	0.9990486115875836	2.000951388412425	0.3333333333333333	0.333016203862527	1.000952294414287	0.9995245319711743	-0.001427762443112934	0.7411634794002596	0.7032806632351988	-0.001179775485206375
1	6	1.000000000000003	2.000000000000005	0.1428571428571428	0.3333333333333333	0.9999999999999973	2.999999999999992	1.999999999999995	0.263374485596708	0.9414723365340649	1.652621542046058
2	0	1.68367724165214	1.200077720939303	1	0.583848927351001	1.187876126446576	0	-1.187876126446576	1	0.3408795699689144	-0.9815548379239216
0	1	1.682447541368868	1.201283406211367	0	0.5834273626603845	0	0.8324430312026212	0.8324430312026212	0.4165726373396155	0.5834273626603845	0.6878566429457871
2	0	1.000000000000003	1.999262061121326	1	0.3334153467156966	1.999999999999995	0	-1.999999999999995	0.9999999999999998	0.1111657934255483	-1.652621542046058
0	0	0.8103202208445047	2.189679779155503	0	0.2701067402815008	0	0	0	0	0	0
0	1	0.9269240458853532	2.073075954114654	0	0.3089746819617836	0	0.4823749935525486	0.4823749935525486	0.6910253180382164	0.3089746819617836	0.3985916528446362
0	1	0.0002292756851591263	2.999770724314848	0	7.642522838637524e-05	0	0.3333588103565487	0.3333588103565487	0.9999235747716136	7.642522838635646e-05	0.2754579756130401
0	0	0	1.253874291830788	0	0	0	0	0	0	0	0
1	0	1.000000000000002	2.000000000000005	1	0.3333333333333334	0.9999999999999976	0	-0.9999999999999976	1	0.3333333333333334	-0.8263107710230291
0	0	0.8103202208445047	2.073251339245904	0	0.2810126969136492	0	0	0	0	0	0
2	1	0.8336514642922114	1.35685854804487	0.6666666666666666	0.3805741400847462	2.399084132477407	0.7369964993336441	-1.662087633143763	0.9448789065400363	0.3242678413838043	-1.373400913650868
5	3	0.8559450944488443	2.048126105635268	0.625	0.2947397069410878	5.841496180569355	1.464753557774456	-4.376742622794898	0.989722459989577	0.0539723206739996	-3.616549571211016
0	0	1.000000000000003	2.000000000000005	0	0.3333333333333333	0	0	0	0	0	0
0	0	0.8103202208445047	2.189679779155503	0	0.2701067402815008	0	0	0	0	0	0
0	0	0.9267486607541034	2.073251339245904	0	0.3089162202513671	0	0	0	0	0	0
4	0	0.9434983149738924	2.054425341123107	1	0.3147172587450856	4.239541222827393	0	-4.239541222827393	1	0.009810298889079805	-3.503178576618427
0	0	0.8103202208445047	2.073251339245904	0	0.2810126969136492	0	0	0	0	0	0
1	1	0.8103202208445045	2.189679779155503	0.5	0.2701067402815008	1.234080026977253	0.456687781254331	-0.7773922457229224	0.9270423488545019	0.4672558294175035	-0.6423675859506337
1	1	0.9267986875675335	2.073201312432474	0.5	0.3089328958558438	1.078982969456495	0.4823458262365783	-0.5966371432199171	0.9045604658581224	0.5224262575698099	-0.4930076978350283
0	0	0.8103202208445047	2.073251339245904	0	0.2810126969136492	0	0	0	0	0	0
0	0	0.9267486607541034	2.073251339245904	0	0.3089162202513671	0	0	0	0	0	0