Observed S Changes	Observed NS Changes	E[S Sites]	E[NS Sites]	Observed S. Prop.	P{S}	dS	dN	dN-dS	P{S leq. observed}	P{S geq. observed}	Scaled dN-dS
0	0	0	3.000000000000001	0	0	0	0	0	0	0	0
0	0	0.843631638950331	2.039118236356381	0	0.2926482266730034	0	0	0	0	0	0
3	0	1	2	1	0.3333333333333333	3	0	-3	1	0.03703703703703698	-13.7113687251267
0	2	0.9117172848023679	2.088282715197633	0	0.3039057616007892	0	0.9577247302028844	0.9577247302028844	0.4845471887325773	0.5154528112674226	4.377238970994745
0	0	0.9109969259670725	2.089003074032928	0	0.3036656419890241	0	0	0	0	0	0
1	0	1	2	1	0.3333333333333333	0.9999999999999998	0	-0.9999999999999998	1	0.3333333333333333	-4.570456241708899
0	0	1.613007511222599	1.245371435082597	0	0.5643084914642295	0	0	0	0	0	0
0	0	0.7693758722722682	2.230624127727733	0	0.256458624090756	0	0	0	0	0	0
0	2	0.7693758722722681	2.001413512037014	0	0.2776738920067944	0	0.9992937431327843	0.9992937431327843	0.5217550062886122	0.4782449937113878	4.567228325601884
1	0	0.9109969259670724	2.089003074032928	1	0.3036656419890241	1.097698544853426	0	-1.097698544853426	1	0.303665641989024	-5.01698316584012
0	0	1.769375872272268	1.230624127727732	0	0.5897919574240893	0	0	0	0	0	0
0	0	0.7693758722722681	2.089003074032928	0	0.2691651060706211	0	0	0	0	0	0
2	0	1.769375872272268	1.230624127727732	1	0.5897919574240892	1.130342077871538	0	-1.130342077871538	1	0.3478545530421386	-5.166179005074179
0	1	0.9997600488352569	2.000239951164744	0	0.3332533496117522	0	0.4999400194050209	0.4999400194050209	0.6667466503882478	0.3332533496117522	2.284953982169747
1	0	0.7693758722722681	2.230624127727733	1	0.256458624090756	1.299754822108742	0	-1.299754822108742	1	0.256458624090756	-5.940472539398141
0	0	1	2	0	0.3333333333333333	0	0	0	0	0	0
0	0	0.7951049716291819	1.435519156098551	0	0.3564495522780571	0	0	0	0	0	0
1	1	0.7954325626487735	2.089002340521413	0.5	0.2757672089512369	1.257177599908685	0.4786974052649462	-0.7784801946437392	0.9239524464672449	0.4754868643697185	-3.558009664656237
0	2	0.9908947024272353	2.009105297572765	0	0.3302982341424117	0	0.9954679838912546	0.9954679838912546	0.4485004551927721	0.551499544807228	4.549742860397159
1	0	1	2	1	0.3333333333333333	0.9999999999999998	0	-0.9999999999999998	1	0.3333333333333333	-4.570456241708899
0	1	0.9986168064909741	1.923199012984192	0	0.3417795193779024	0	0.5199669889848366	0.5199669889848366	0.6582204806220977	0.3417795193779023	2.37648637028833
0	1	0.7716848394131262	2.228315160586874	0	0.2572282798043754	0	0.4487695536463652	0.4487695536463652	0.7427717201956245	0.2572282798043755	2.051081607551947
1	0	0.7693758722722681	2.230624127727733	1	0.256458624090756	1.299754822108742	0	-1.299754822108742	1	0.256458624090756	-5.940472539398141
1	1	0.7693758722722682	2.230624127727733	0.5	0.256458624090756	1.299754822108742	0.4483050226030993	-0.8514497995056425	0.9342289741294763	0.4471462223109883	-3.891514050652355
0	0	0.7693758722722682	2.230624127727733	0	0.256458624090756	0	0	0	0	0	0
1	0	1	2	1	0.3333333333333333	0.9999999999999998	0	-0.9999999999999998	1	0.3333333333333333	-4.570456241708899
0	0	1	2	0	0.3333333333333333	0	0	0	0	0	0
1	0	1	2	1	0.3333333333333333	0.9999999999999998	0	-0.9999999999999998	1	0.3333333333333333	-4.570456241708899
0	0	1.769375872272268	1.230624127727732	0	0.5897919574240893	0	0	0	0	0	0
0	0	0.7693758722722682	2.089003074032928	0	0.2691651060706211	0	0	0	0	0	0
0	0	1	2	0	0.3333333333333333	0	0	0	0	0	0
0	0	1	2	0	0.3333333333333333	0	0	0	0	0	0
1	0	0.7693758722722682	2.230624127727733	1	0.256458624090756	1.299754822108742	0	-1.299754822108742	1	0.256458624090756	-5.94047253939814
0	1	0.769375872272268	2.229380968096599	0	0.2565649411499566	0	0.4485550089062527	0.4485550089062527	0.7434350588500434	0.2565649411499566	2.050101040205374
0	0	1	2	0	0.3333333333333333	0	0	0	0	0	0
1	0	1	2	1	0.3333333333333333	0.9999999999999998	0	-0.9999999999999998	1	0.3333333333333333	-4.570456241708899
0	0	1	2	0	0.3333333333333333	0	0	0	0	0	0
0	0	0.7693758722722682	2.230624127727733	0	0.256458624090756	0	0	0	0	0	0
0	0	1	1.921815819475166	0	0.3422529213972241	0	0	0	0	0	0
4	1	0.9891792643333516	2.010820735666648	0.8	0.3297264214444505	4.043756419313707	0.4973093733631455	-3.546447045950561	0.996102655952869	0.04351028634470044	-16.20888103705483
0	0	0.2048950283708183	2.795104971629182	0	0.06829834279027276	0	0	0	0	0	0
0	0	1	2	0	0.3333333333333333	0	0	0	0	0	0
0	0	0.7951049716291819	2.08764490367753	0	0.2758147623003838	0	0	0	0	0	0
0	0	1	2	0	0.3333333333333333	0	0	0	0	0	0
1	0	0.9043207465581607	2.09567925344184	1	0.3014402488527201	1.105802342593592	0	-1.105802342593592	1	0.3014402488527201	-5.054021218803205
1	1	0.9959587061745843	2.004041293825416	0.5	0.331986235391528	1.004057692151654	0.4989917139337727	-0.505065978217881	0.8897851395105609	0.5537576102936169	-2.308381952620726
0	1	0.7693758722722681	2.230624127727733	0	0.256458624090756	0	0.4483050226030994	0.4483050226030994	0.743541375909244	0.256458624090756	2.048958488745785
1	1	0.7695146910625439	2.230063473986742	0.5	0.2565409696699469	1.299520349142656	0.4484177296587322	-0.8511026194839237	0.9341867308808032	0.4472686702206974	-3.889927279555094
1	2	0.9485349631454045	1.287270978218227	0.3333333333333333	0.4242474472390423	1.054257395725229	1.553674427406338	0.4994170316811093	0.6127594247823133	0.8091432093750175	2.282563689662657
0	0	0.9109969259670725	2.089003074032928	0	0.3036656419890241	0	0	0	0	0	0
0	0	0.7951049716291819	2.126710847845984	0	0.2721269993575445	0	0	0	0	0	0
1	0	1	2	1	0.3333333333333333	0.9999999999999998	0	-0.9999999999999998	1	0.3333333333333333	-4.570456241708899
0	0	1	2	0	0.3333333333333333	0	0	0	0	0	0
0	0	0.7693758722722681	2.230624127727733	0	0.256458624090756	0	0	0	0	0	0
0	0	1	2	0	0.3333333333333333	0	0	0	0	0	0
1	0	1	2	1	0.3333333333333333	0.9999999999999998	0	-0.9999999999999998	1	0.3333333333333333	-4.570456241708899
1	0	0.8434356270633511	2.078380192411815	1	0.2886683073729315	1.185626938100505	0	-1.185626938100505	1	0.2886683073729315	-5.418856039579663
1	0	1.767898194923099	1.230763489436797	1	0.589562405170252	0.5656434306408115	0	-0.5656434306408115	1	0.589562405170252	-2.585248548153932
0	0	1	2	0	0.3333333333333333	0	0	0	0	0	0
1	0	0.84350081166758	1.387123316060153	1	0.3781456504403671	1.185535314451002	0	-1.185535314451002	1	0.3781456504403671	-5.418437277698906
0	2	0.7693758722722681	2.230624127727733	0	0.256458624090756	0	0.8966100452061988	0.8966100452061988	0.5528537776890117	0.4471462223109883	4.09791697749157
0	0	1	2	0	0.3333333333333333	0	0	0	0	0	0
1	0	1	1.76999737716849	1	0.3610111721557682	0.9999999999999998	0	-0.9999999999999998	1	0.3610111721557683	-4.570456241708899
0	2	0.6543789088342195	2.345621091165782	0	0.2181263029447398	0	0.8526526332545864	0.8526526332545864	0.6113264781468608	0.3886735218531392	3.897011549667954
0	0	1	2	0	0.3333333333333333	0	0	0	0	0	0
0	1	0.8148513503941635	2.106964469081003	0	0.2788852551768756	0	0.4746164516177965	0.4746164516177965	0.7211147448231244	0.2788852551768756	2.169213723714289
0	0	0.2048950283708183	2.795104971629182	0	0.06829834279027276	0	0	0	0	0	0
0	0	0.7693758722722682	2.089003074032928	0	0.2691651060706211	0	0	0	0	0	0
0	2	0.7693758722722682	2.230624127727733	0	0.256458624090756	0	0.8966100452061988	0.8966100452061988	0.5528537776890117	0.4471462223109883	4.09791697749157
0	0	0.7693758722722681	2.230624127727733	0	0.256458624090756	0	0	0	0	0	0
0	0	1	2	0	0.3333333333333333	0	0	0	0	0	0
0	0	0.7693758722722681	2.230624127727733	0	0.256458624090756	0	0	0	0	0	0
0	1	0.8415286950439079	1.410884370765339	0	0.3736120642425609	0	0.708775304851911	0.708775304851911	0.6263879357574391	0.3736120642425609	3.239426516029545
1	0	0.9109969259670728	2.089003074032928	1	0.3036656419890242	1.097698544853426	0	-1.097698544853426	1	0.3036656419890242	-5.016983165840118
0	0	1	2	0	0.3333333333333333	0	0	0	0	0	0
0	0	0.7693758722722681	2.230624127727733	0	0.256458624090756	0	0	0	0	0	0
1	0	1	1.922984326414186	1	0.3421161006452487	0.9999999999999998	0	-0.9999999999999998	1	0.3421161006452487	-4.570456241708899
0	2	0.7951049716291818	2.123392154584122	0	0.2724364415122162	0	0.9418891351191373	0.9418891351191373	0.5293487316394068	0.4706512683605932	4.304863076603059
2	0	0.7693758722722681	2.230624127727732	1	0.256458624090756	2.599509644217484	0	-2.599509644217484	1	0.06577102587052375	-11.88094507879628
1	0	0.7693758722722682	2.089003074032928	1	0.2691651060706211	1.299754822108742	0	-1.299754822108742	1	0.2691651060706211	-5.94047253939814
1	0	1	2	1	0.3333333333333333	0.9999999999999998	0	-0.9999999999999998	1	0.3333333333333333	-4.570456241708899
0	0	1.769375872272268	1.230624127727732	0	0.5897919574240893	0	0	0	0	0	0
0	0	0.2048950283708183	2.795104971629182	0	0.06829834279027276	0	0	0	0	0	0
0	0	0.7693758722722681	2.230624127727733	0	0.256458624090756	0	0	0	0	0	0
0	0	1	2	0	0.3333333333333333	0	0	0	0	0	0
0	0	1.769375872272268	1.230624127727732	0	0.5897919574240893	0	0	0	0	0	0
0	0	1.613007511222599	1.245371435082597	0	0.5643084914642295	0	0	0	0	0	0
0	0	1	1.921815819475166	0	0.3422529213972241	0	0	0	0	0	0
1	0	0.7693758722722682	2.230624127727733	1	0.256458624090756	1.299754822108742	0	-1.299754822108742	1	0.256458624090756	-5.94047253939814
0	0	1	2	0	0.3333333333333333	0	0	0	0	0	0
1	0	0.8434353721248613	1.387188755602871	1	0.3781163135646896	1.185627296470513	0	-1.185627296470513	1	0.3781163135646896	-5.418857677494103
0	0	0.7693758722722681	2.089003074032928	0	0.2691651060706211	0	0	0	0	0	0
0	0	0.7693758722722681	2.230624127727733	0	0.256458624090756	0	0	0	0	0	0
1	0	1	1.999894675754199	1	0.3333450364381849	0.9999999999999998	0	-0.9999999999999998	1	0.3333450364381849	-4.570456241708899
1	0	0.7693758722722681	2.230624127727733	1	0.256458624090756	1.299754822108742	0	-1.299754822108742	1	0.256458624090756	-5.940472539398141
0	0	0.7951049716291819	1.435519156098551	0	0.3564495522780571	0	0	0	0	0	0
2	0	0.7693758722722682	2.230624127727733	1	0.256458624090756	2.599509644217484	0	-2.599509644217484	1	0.06577102587052375	-11.88094507879628
0	0	0.843631638950331	2.039118236356381	0	0.2926482266730034	0	0	0	0	0	0
0	3	0.7956532184679322	2.088368551590825	0	0.2758832220783556	0	1.436528048516501	1.436528048516501	0.3796870901729044	0.6203129098270956	6.565588585732149
0	0	0	1.312736722099338	0	0	0	0	0	0	0	0
0	0	0.7693758722722682	2.230624127727733	0	0.256458624090756	0	0	0	0	0	0
1	0	1	2	1	0.3333333333333333	0.9999999999999998	0	-0.9999999999999998	1	0.3333333333333333	-4.570456241708899
0	0	0.7693758722722681	2.230624127727733	0	0.256458624090756	0	0	0	0	0	0
0	0	1	2	0	0.3333333333333333	0	0	0	0	0	0
0	0	0.7951049716291819	2.126710847845984	0	0.2721269993575445	0	0	0	0	0	0
2	0	1.094089734766729	1.3886510649796	1	0.4406781951940034	1.828003623876812	0	-1.828003623876812	0.9999999999999999	0.1941972717194442	-8.354810572614264
0	1	0.7698347920506888	2.229690598252169	0	0.2566522005579555	0	0.4484927194759171	0.4484927194759171	0.7433477994420445	0.2566522005579555	2.049816349089704
0	1	0.7990059645493173	2.083743910757395	0	0.2771679816530411	0	0.479905421600739	0.479905421600739	0.722832018346959	0.277167981653041	2.193386729585038
0	0	1	2	0	0.3333333333333333	0	0	0	0	0	0
0	4	0.7694453355309701	2.02991340664812	0	0.2748648552746815	0	1.970527406193632	1.970527406193632	0.2764877010266656	0.7235122989733344	9.006209283096135
0	0	0.7693758722722682	2.230624127727733	0	0.256458624090756	0	0	0	0	0	0
0	1	0.7693758722722681	2.230624127727733	0	0.256458624090756	0	0.4483050226030994	0.4483050226030994	0.743541375909244	0.256458624090756	2.048958488745785
0	0	0.7693758722722681	2.089003074032928	0	0.2691651060706211	0	0	0	0	0	0
0	0	0.7693758722722682	2	0	0.2778156190264619	0	0	0	0	0	0
1	0	1	2	1	0.3333333333333333	0.9999999999999998	0	-0.9999999999999998	1	0.3333333333333333	-4.570456241708899
0	0	0.7693758722722681	2	0	0.2778156190264618	0	0	0	0	0	0
0	0	0.7693758722722681	2.230624127727733	0	0.256458624090756	0	0	0	0	0	0
1	0	1	2	1	0.3333333333333333	0.9999999999999998	0	-0.9999999999999998	1	0.3333333333333333	-4.570456241708899
1	0	1	2	1	0.3333333333333333	0.9999999999999998	0	-0.9999999999999998	1	0.3333333333333333	-4.570456241708899
0	1	0.769375872272268	2.230624127727733	0	0.256458624090756	0	0.4483050226030994	0.4483050226030994	0.743541375909244	0.256458624090756	2.048958488745785
0	0	0.7693758722722681	2	0	0.2778156190264618	0	0	0	0	0	0
1	0	1	2	1	0.3333333333333333	0.9999999999999998	0	-0.9999999999999998	1	0.3333333333333333	-4.570456241708899
0	0	1	2	0	0.3333333333333333	0	0	0	0	0	0
0	0	1	2	0	0.3333333333333333	0	0	0	0	0	0
0	0	0.931276542627861	2.068723457372139	0	0.310425514209287	0	0	0	0	0	0
0	0	1	1.769375872272268	0	0.361092190486769	0	0	0	0	0	0
0	0	1.769375872272268	1.230624127727732	0	0.5897919574240893	0	0	0	0	0	0
0	1	0.9992770395347881	2.000722960465212	0	0.333092346511596	0	0.4998193251940678	0.4998193251940678	0.666907653488404	0.333092346511596	2.284402354559958
0	0	1	2	0	0.3333333333333333	0	0	0	0	0	0
0	0	1	1.769375872272268	0	0.361092190486769	0	0	0	0	0	0
1	0	1	2	1	0.3333333333333333	1	0	-1	1	0.3333333333333333	-4.5704562417089
1	0	1	2	1	0.3333333333333333	0.9999999999999998	0	-0.9999999999999998	1	0.3333333333333333	-4.570456241708899
0	0	1	2	0	0.3333333333333333	0	0	0	0	0	0
1	0	1.769375872272268	1.230624127727732	1	0.5897919574240893	0.5651710389357688	0	-0.5651710389357688	1	0.5897919574240893	-2.583089502537089
0	0	0.843631638950331	2.078184180524835	0	0.288735393013879	0	0	0	0	0	0
0	0	0.7693758722722681	2.230624127727733	0	0.256458624090756	0	0	0	0	0	0
0	1	0.7696196495470183	2.229269432598247	0	0.2566349166193463	0	0.4485774511493144	0.4485774511493144	0.7433650833806537	0.2566349166193463	2.050203611495253
0	1	0.7693758722722681	2.230624127727733	0	0.256458624090756	0	0.4483050226030994	0.4483050226030994	0.743541375909244	0.256458624090756	2.048958488745785
0	0	0.7951049716291819	2.126710847845984	0	0.2721269993575445	0	0	0	0	0	0
0	1	0.7693758722722681	2.230624127727733	0	0.256458624090756	0	0.4483050226030994	0.4483050226030994	0.743541375909244	0.256458624090756	2.048958488745785
0	0	0.7693758722722682	2.230624127727733	0	0.256458624090756	0	0	0	0	0	0
0	0	0.7693758722722681	2.230624127727733	0	0.256458624090756	0	0	0	0	0	0
0	0	0	1.312736722099338	0	0	0	0	0	0	0	0
0	2	1	2	0	0.3333333333333333	0	0.9999999999999998	0.9999999999999998	0.4444444444444445	0.5555555555555555	4.570456241708899
1	0	1	1.922131611104055	1	0.3422159344911145	0.9999999999999998	0	-0.9999999999999998	1	0.3422159344911145	-4.570456241708899
0	0	1	2	0	0.3333333333333333	0	0	0	0	0	0
1	0	1	2	1	0.3333333333333333	0.9999999999999998	0	-0.9999999999999998	1	0.3333333333333333	-4.570456241708899
0	0	0.7951049716291819	1.435519156098551	0	0.3564495522780571	0	0	0	0	0	0
2	0	0.7693758722722682	2.230624127727733	1	0.256458624090756	2.599509644217484	0	-2.599509644217484	1	0.06577102587052375	-11.88094507879628
0	0	1	1.921815819475166	0	0.3422529213972241	0	0	0	0	0	0
0	0	1	2	0	0.3333333333333333	0	0	0	0	0	0
1	0	0.7693758722722681	2.230624127727733	1	0.256458624090756	1.299754822108742	0	-1.299754822108742	1	0.256458624090756	-5.940472539398141
0	0	1	2	0	0.3333333333333333	0	0	0	0	0	0
0	1	1	2	0	0.3333333333333333	0	0.4999999999999999	0.4999999999999999	0.6666666666666667	0.3333333333333333	2.28522812085445
0	0	0.7693758722722682	2.089003074032928	0	0.2691651060706211	0	0	0	0	0	0
0	1	0.2617754182129068	2.726924818240636	0	0.08758838207325044	0	0.3667134470708227	0.3667134470708227	0.9124116179267495	0.08758838207325048	1.676047763083428
0	0	0.931276542627861	2.068723457372139	0	0.310425514209287	0	0	0	0	0	0
0	2	0.9044340245785272	1.985540676859578	0	0.3129556892413154	0	1.007282310208468	1.007282310208468	0.4720298849458759	0.5279701150541241	4.603739721855251
1	0	1	1.998755465484172	1	0.3334716723354242	0.9999999999999998	0	-0.9999999999999998	1	0.3334716723354242	-4.570456241708899
0	2	0.7707342975611008	2.223075220125754	0	0.2574426639396227	0	0.899654668404277	0.899654668404277	0.5513913973370841	0.4486086026629159	4.111832294590879
1	1	0.769375872272268	2.230624127727733	0.5	0.256458624090756	1.299754822108742	0.4483050226030994	-0.8514497995056427	0.9342289741294763	0.4471462223109883	-3.891514050652356
0	0	0.7693758722722681	2.230624127727733	0	0.256458624090756	0	0	0	0	0	0
0	0	0.7693758722722682	2.230624127727733	0	0.256458624090756	0	0	0	0	0	0
0	0	0.7693758722722681	2.230624127727733	0	0.256458624090756	0	0	0	0	0	0
1	0	0.769375872272268	2.230624127727732	1	0.256458624090756	1.299754822108742	0	-1.299754822108742	1	0.256458624090756	-5.940472539398141
0	0	0.8827498753067119	2	0	0.3062179909773792	0	0	0	0	0	0
3	0	1.592088045090265	1.227334479562159	1	0.5646858642751804	1.884317898907351	0	-1.884317898907351	0.9999999999999996	0.1800614523034594	-8.612192502424906
0	0	0.7693758722722681	2.230624127727733	0	0.256458624090756	0	0	0	0	0	0
0	0	0	1.312736722099338	0	0	0	0	0	0	0	0
0	0	1.613007511222599	1.245371435082597	0	0.5643084914642295	0	0	0	0	0	0
0	0	1	2	0	0.3333333333333333	0	0	0	0	0	0
0	0	0.7693758722722682	2.230624127727733	0	0.256458624090756	0	0	0	0	0	0
0	4	1.513897920295707	1.255477951976561	0	0.5466567162129411	0	3.186037631089103	3.186037631089103	0.04223852504977256	0.9577614749502275	14.56164557733063
0	3	0.77758859794349	2.188761558070516	0	0.262136483235804	0	1.370638107626773	1.370638107626773	0.4017243089126835	0.5982756910873166	6.26444149412686
0	2	0.7787161664405864	2.204172748917941	0	0.2610610681581446	0	0.9073698969292802	0.9073698969292802	0.5460307449915822	0.4539692550084178	4.14709440895919
1	1	0.8107659125090027	2.0806832989323	0.5	0.2804012290102995	1.233401632421117	0.480611345567655	-0.7527902868534615	0.9213751507695135	0.4821776087901126	-3.440595065247237
0	1	0.7693758722722681	2.00344680844317	0	0.2774702751903902	0	0.4991397803953056	0.4991397803953056	0.7225297248096099	0.2774702751903901	2.281296524792934
0	0	1	2	0	0.3333333333333333	0	0	0	0	0	0
0	0	1	2	0	0.3333333333333333	0	0	0	0	0	0
3	0	1.609807502601218	1.241722222790037	1	0.5645417223838823	1.863576853227749	0	-1.863576853227749	1	0.1799235998688806	-8.517396460738999
1	0	0.7693758722722682	2.230624127727733	1	0.256458624090756	1.299754822108742	0	-1.299754822108742	1	0.256458624090756	-5.94047253939814
2	0	1	2	1	0.3333333333333333	2	0	-2	1	0.1111111111111109	-9.140912483417798
0	0	1	2	0	0.3333333333333333	0	0	0	0	0	0
0	0	0	3.000000000000001	0	0	0	0	0	0	0	0
0	0	1	2	0	0.3333333333333333	0	0	0	0	0	0
0	0	0.7693758722722682	2.230624127727733	0	0.256458624090756	0	0	0	0	0	0
1	1	0.7696196495470181	2.229269432598247	0.5	0.2566349166193463	1.299343124345355	0.4485774511493144	-0.8507656731960411	0.9341385195717813	0.4474083528104736	-3.88838728129052
2	0	0.7958893587677927	2.125926460707374	1	0.2723954581472404	2.512912100114554	0	-2.512912100114554	0.9999999999999998	0.07419928561924516	-11.48515479283439
0	3	0.7948258699520406	1.546479381074533	0	0.3394798134944341	0	1.939890073358445	1.939890073358445	0.288176315642354	0.711823684357646	8.866182694010243
0	1	0.7693758722722681	2.226545634035856	0	0.2568077536919085	0	0.4491262090987965	0.4491262090987965	0.7431922463080916	0.2568077536919084	2.052711685690651
0	0	0.7693758722722682	2.230624127727733	0	0.256458624090756	0	0	0	0	0	0
0	0	0.7951049716291819	2.08764490367753	0	0.2758147623003838	0	0	0	0	0	0
0	0	1.613007511222599	1.245371435082597	0	0.5643084914642295	0	0	0	0	0	0
1	0	0.7693758722722681	2	1	0.2778156190264618	1.299754822108742	0	-1.299754822108742	1	0.2778156190264618	-5.940472539398141
0	0	0.9109969259670725	2.089003074032928	0	0.3036656419890241	0	0	0	0	0	0
0	0	0	1.312736722099338	0	0	0	0	0	0	0	0
2	0	1	1.997881244086954	1	0.3335689170384611	2	0	-2	0.9999999999999999	0.1112682224142119	-9.1409124834178
0	0	1	2	0	0.3333333333333333	0	0	0	0	0	0
0	0	0.7693758722722682	2.230624127727733	0	0.256458624090756	0	0	0	0	0	0
0	0	0.7693758722722682	2.230624127727733	0	0.256458624090756	0	0	0	0	0	0
2	0	1	2	1	0.3333333333333333	2	0	-2	1	0.1111111111111109	-9.1409124834178
0	0	1	2	0	0.3333333333333333	0	0	0	0	0	0
3	0	1	2	1	0.3333333333333333	3	0	-3	1	0.03703703703703698	-13.7113687251267
0	0	0.7693758722722682	2.230624127727733	0	0.256458624090756	0	0	0	0	0	0
0	2	0.8197587565387618	2.096640962753944	0	0.281085871431085	0	0.9539067658837468	0.9539067658837468	0.5168375242560025	0.4831624757439975	4.359789132141721
0	0	0.7693758722722682	2.230624127727733	0	0.256458624090756	0	0	0	0	0	0
0	0	0.7951049716291819	1.435519156098551	0	0.3564495522780571	0	0	0	0	0	0
0	2	0.91147691166485	2.088523088335151	0	0.3038256372216166	0	0.95761450336385	0.95761450336385	0.4846587433898882	0.5153412566101119	4.376735184050277
0	2	0.7702107091412783	2.228954453989712	0	0.2568083674115546	0	0.8972816812923674	0.8972816812923674	0.5523338027494789	0.4476661972505211	4.100986660833756
2	0	1.769375872272268	1.230624127727732	1	0.5897919574240893	1.130342077871538	0	-1.130342077871538	0.9999999999999998	0.3478545530421389	-5.166179005074177
1	0	0.769375872272268	2	1	0.2778156190264618	1.299754822108742	0	-1.299754822108742	1	0.2778156190264618	-5.940472539398141
1	0	1	2	1	0.3333333333333333	0.9999999999999998	0	-0.9999999999999998	1	0.3333333333333333	-4.570456241708899
0	1	0.7951049716291819	1.439034384152964	0	0.3558887092568248	0	0.6949104281400574	0.6949104281400574	0.6441112907431752	0.3558887092568248	3.17605770372133
0	1	1	1.899750893883746	0	0.3448572089793073	0	0.5263848029862773	0.5263848029862773	0.6551427910206927	0.3448572089793073	2.405818708349341
0	1	1	1.777460352251427	0	0.3600411430497626	0	0.5626004533565805	0.5626004533565805	0.6399588569502375	0.3600411430497625	2.57134075363184
0	0	1	1.921815819475166	0	0.3422529213972241	0	0	0	0	0	0
0	0	0.8827498753067119	2	0	0.3062179909773792	0	0	0	0	0	0
0	0	0.9109969259670727	2.089003074032928	0	0.3036656419890241	0	0	0	0	0	0
0	0	1	2	0	0.3333333333333333	0	0	0	0	0	0
2	0	1	2	1	0.3333333333333333	2	0	-2	1	0.1111111111111109	-9.140912483417798
1	0	1	2	1	0.3333333333333333	0.9999999999999998	0	-0.9999999999999998	1	0.3333333333333333	-4.570456241708899
0	0	1	2	0	0.3333333333333333	0	0	0	0	0	0
0	0	0.7951049716291819	2.08764490367753	0	0.2758147623003838	0	0	0	0	0	0
1	0	0.8831440511524665	2.000558231760562	1	0.3062535464862001	1.132318106763037	0	-1.132318106763037	1	0.3062535464862002	-5.175210358655129
1	0	0.7693758722722682	2.230624127727733	1	0.256458624090756	1.299754822108742	0	-1.299754822108742	1	0.256458624090756	-5.94047253939814
0	0	0.7951049716291819	1.435519156098551	0	0.3564495522780571	0	0	0	0	0	0
0	0	0.7951049716291819	1.435519156098551	0	0.3564495522780571	0	0	0	0	0	0
0	2	1	2	0	0.3333333333333333	0	1	1	0.4444444444444445	0.5555555555555555	4.5704562417089
0	1	1	2	0	0.3333333333333333	0	0.4999999999999999	0.4999999999999999	0.6666666666666667	0.3333333333333333	2.28522812085445
1	3	0.9127033376997308	2.08729666230027	0.25	0.3042344458999101	1.09564626170896	1.437265748652087	0.3416194869431273	0.6442232397183928	0.7656571562812902	1.561356916388608
2	0	1	2.000000000000001	1	0.3333333333333333	1.999999999999999	0	-1.999999999999999	1	0.1111111111111109	-9.140912483417797
0	0	0.7693758722722681	2.230624127727733	0	0.256458624090756	0	0	0	0	0	0
0	0	0.9109969259670727	2.089003074032928	0	0.3036656419890241	0	0	0	0	0	0
1	0	1	1.922237701795821	1	0.3422035104760519	0.9999999999999998	0	-0.9999999999999998	1	0.3422035104760519	-4.570456241708899
0	0	1	2	0	0.3333333333333333	0	0	0	0	0	0
0	0	0.8827498753067119	2	0	0.3062179909773792	0	0	0	0	0	0
0	0	1	2	0	0.3333333333333333	0	0	0	0	0	0
1	0	0.8836080496378502	2.001215346330577	1	0.3062953700641441	1.131723506151685	0	-1.131723506151685	1	0.3062953700641441	-5.17249276257965
0	1	0.6543789088342195	2.345621091165781	0	0.2181263029447398	0	0.4263263166272933	0.4263263166272933	0.7818736970552602	0.2181263029447398	1.948505774833978
0	0	0.931276542627861	2.068723457372139	0	0.310425514209287	0	0	0	0	0	0
1	4	0.7693758722722681	2.230624127727733	0.2	0.256458624090756	1.299754822108742	1.793220090412397	0.4934652683036551	0.6191908430574525	0.7727385863830992	2.255361415584998
2	0	0.907182783969369	2.092817216030632	1	0.3023942613231229	2.204627375366429	0	-2.204627375366429	0.9999999999999999	0.09144228928115727	-10.07615294838581
2	0	1	2	1	0.3333333333333333	2	0	-2	1	0.1111111111111109	-9.140912483417798
1	0	0.7693758722722681	2.230624127727733	1	0.256458624090756	1.299754822108742	0	-1.299754822108742	1	0.256458624090756	-5.940472539398141
0	0	0.8827498753067119	2	0	0.3062179909773792	0	0	0	0	0	0
0	1	0.3014520540934891	2.698547945906512	0	0.100484018031163	0	0.370569661923896	0.370569661923896	0.899515981968837	0.100484018031163	1.693672424328027
0	0	0.7693758722722682	2.230624127727733	0	0.256458624090756	0	0	0	0	0	0
1	0	0.9004438324709468	2.099556167529054	1	0.3001479441569822	1.110563439871487	0	-1.110563439871487	1	0.3001479441569822	-5.075781605574346
1	0	0.7693758722722681	2	1	0.2778156190264618	1.299754822108742	0	-1.299754822108742	1	0.2778156190264618	-5.940472539398141
0	0	0	1.312736722099338	0	0	0	0	0	0	0	0
0	0	1	2	0	0.3333333333333333	0	0	0	0	0	0
0	0	0.2048950283708183	2.795104971629182	0	0.06829834279027276	0	0	0	0	0	0
2	0	1	2	1	0.3333333333333333	2	0	-2	1	0.1111111111111109	-9.140912483417798
0	0	0.7951049716291819	2.08764490367753	0	0.2758147623003838	0	0	0	0	0	0
3	0	1	2.000000000000001	1	0.3333333333333333	2.999999999999999	0	-2.999999999999999	1	0.03703703703703698	-13.71136872512669
1	0	1	1.922342396753393	1	0.3421912507962655	0.9999999999999998	0	-0.9999999999999998	1	0.3421912507962654	-4.570456241708899
0	0	0.7693758722722682	2.230624127727733	0	0.256458624090756	0	0	0	0	0	0
0	0	0.2048950283708183	2.795104971629182	0	0.06829834279027276	0	0	0	0	0	0
0	0	1	2	0	0.3333333333333333	0	0	0	0	0	0
0	0	1.613007511222599	1.245371435082597	0	0.5643084914642295	0	0	0	0	0	0
0	0	0.9109969259670725	2.089003074032928	0	0.3036656419890241	0	0	0	0	0	0
0	0	0.7693758722722682	2.230624127727733	0	0.256458624090756	0	0	0	0	0	0
0	0	0.7693758722722682	2.230624127727733	0	0.256458624090756	0	0	0	0	0	0
1	0	1	2	1	0.3333333333333333	0.9999999999999998	0	-0.9999999999999998	1	0.3333333333333333	-4.570456241708899
0	0	1	2	0	0.3333333333333333	0	0	0	0	0	0
0	0	0.7693758722722681	2.230624127727733	0	0.256458624090756	0	0	0	0	0	0
1	0	1.768548247723524	1.230520201173661	1	0.5896991942194094	0.5654355210762276	0	-0.5654355210762276	1	0.5896991942194094	-2.584298306586769
0	0	0.9109969259670725	2.089003074032928	0	0.3036656419890241	0	0	0	0	0	0
0	0	1	2	0	0.3333333333333333	0	0	0	0	0	0
0	0	1	2	0	0.3333333333333333	0	0	0	0	0	0
1	0	0.9349963995654673	2.065003600434533	1	0.3116654665218224	1.069522835023474	0	-1.069522835023474	1	0.3116654665218224	-4.888207316983237
0	0	1	2	0	0.3333333333333333	0	0	0	0	0	0
0	0	0.7693758722722682	2	0	0.2778156190264619	0	0	0	0	0	0
1	0	0.7693758722722681	2.230624127727733	1	0.256458624090756	1.299754822108742	0	-1.299754822108742	1	0.256458624090756	-5.940472539398141
0	0	0.7951049716291819	2.08764490367753	0	0.2758147623003838	0	0	0	0	0	0
0	0	0.2048950283708183	2.795104971629182	0	0.06829834279027276	0	0	0	0	0	0
0	3	1.137877238809777	1.092746888917955	0	0.5101160812641694	0	2.745375009001964	2.745375009001964	0.1175654064718986	0.8824345935281014	12.54761634572465
0	0	0.7693758722722681	2.230624127727733	0	0.256458624090756	0	0	0	0	0	0
2	1	0.9999074661354872	1.998722376329588	0.6666666666666666	0.3334547839067379	2.000185084855643	0.5003196100883102	-1.499865474767332	0.9629224646864617	0.2594212081037909	-6.855069520874037
0	1	0.7956960334880058	2.087053841818706	0	0.2760197963423196	0	0.4791443229507569	0.4791443229507569	0.7239802036576803	0.2760197963423197	2.189908161509672
0	0	0.7693758722722682	2.230624127727733	0	0.256458624090756	0	0	0	0	0	0
0	0	1	1.769375872272268	0	0.361092190486769	0	0	0	0	0	0
0	0	0.2048950283708183	2.795104971629182	0	0.06829834279027276	0	0	0	0	0	0
0	0	0	3.000000000000001	0	0	0	0	0	0	0	0
0	0	0.8827498753067119	2	0	0.3062179909773792	0	0	0	0	0	0
0	0	1	1.769375872272268	0	0.361092190486769	0	0	0	0	0	0
0	0	0.7693758722722681	2.230624127727733	0	0.256458624090756	0	0	0	0	0	0
0	0	1	2	0	0.3333333333333333	0	0	0	0	0	0
0	0	1	2	0	0.3333333333333333	0	0	0	0	0	0
0	0	0.9109969259670725	2.089003074032928	0	0.3036656419890241	0	0	0	0	0	0
0	0	1	2	0	0.3333333333333333	0	0	0	0	0	0
0	0	0.7951049716291819	2.08764490367753	0	0.2758147623003838	0	0	0	0	0	0
0	0	0.7693758722722682	2.089003074032928	0	0.2691651060706211	0	0	0	0	0	0
1	1	0.8010656168307704	2.147967381978452	0.5	0.2716367084241612	1.248337188601687	0.4655564178441662	-0.7827807707575205	0.9262134986364874	0.4694869154848095	-3.577665259598414
0	0	1	2	0	0.3333333333333333	0	0	0	0	0	0
0	1	0.8199872893492065	2.111323165676501	0	0.2797340308814255	0	0.4736366351948706	0.4736366351948706	0.7202659691185745	0.2797340308814255	2.164735515628398
1	0	0.7693758722722682	2.089003074032929	1	0.269165106070621	1.299754822108742	0	-1.299754822108742	1	0.2691651060706211	-5.94047253939814
0	0	0.9109969259670727	2.089003074032928	0	0.3036656419890241	0	0	0	0	0	0
1	0	1	2	1	0.3333333333333333	0.9999999999999998	0	-0.9999999999999998	1	0.3333333333333333	-4.570456241708899
0	0	1	2	0	0.3333333333333333	0	0	0	0	0	0
1	0	0.769375872272268	2.230624127727732	1	0.256458624090756	1.299754822108742	0	-1.299754822108742	1	0.256458624090756	-5.940472539398141
0	0	1	1.921815819475166	0	0.3422529213972241	0	0	0	0	0	0
0	0	0.7693758722722682	2.230624127727733	0	0.256458624090756	0	0	0	0	0	0
0	0	0.9109969259670725	2.089003074032928	0	0.3036656419890241	0	0	0	0	0	0
1	0	1	2	1	0.3333333333333333	0.9999999999999998	0	-0.9999999999999998	1	0.3333333333333333	-4.570456241708899
0	0	0.7693758722722681	2.230624127727733	0	0.256458624090756	0	0	0	0	0	0
0	0	0.7693758722722682	2.230624127727733	0	0.256458624090756	0	0	0	0	0	0
2	0	0.7960468448880189	2.086703030418693	1	0.2761414896612641	2.512414957541026	0	-2.512414957541026	1	0.07625412231234208	-11.48288262445618
0	0	1	2	0	0.3333333333333333	0	0	0	0	0	0
1	0	0.7693758722722682	2.230624127727733	1	0.256458624090756	1.299754822108742	0	-1.299754822108742	1	0.256458624090756	-5.94047253939814
0	0	0.7951049716291819	1.435519156098551	0	0.3564495522780571	0	0	0	0	0	0
0	0	0.7693758722722681	2.230624127727733	0	0.256458624090756	0	0	0	0	0	0
0	0	1	2	0	0.3333333333333333	0	0	0	0	0	0
0	0	0.7693758722722682	2.230624127727733	0	0.256458624090756	0	0	0	0	0	0
1	0	0.9308178698088644	2.068073885009886	1	0.310387285007265	1.074324024532685	0	-1.074324024532685	1	0.310387285007265	-4.910150943543236
0	1	0.9118380029318885	2.088161997068112	0	0.3039460009772961	0	0.478890048475191	0.478890048475191	0.6960539990227039	0.3039460009772961	2.188746011145715
0	0	1	2	0	0.3333333333333333	0	0	0	0	0	0
1	0	0.769375872272268	2	1	0.2778156190264618	1.299754822108742	0	-1.299754822108742	1	0.2778156190264618	-5.940472539398141
1	0	1	1.998617344636848	1	0.3334870325446966	0.9999999999999998	0	-0.9999999999999998	1	0.3334870325446966	-4.570456241708899
0	0	1	2	0	0.3333333333333333	0	0	0	0	0	0
0	0	0.7693758722722681	2.089003074032928	0	0.2691651060706211	0	0	0	0	0	0
0	0	1	2	0	0.3333333333333333	0	0	0	0	0	0
0	0	0.8827498753067119	2	0	0.3062179909773792	0	0	0	0	0	0
0	0	0.7693758722722681	2	0	0.2778156190264618	0	0	0	0	0	0
1	1	0.9995192331818548	2.000480766818145	0.5	0.3331730777272849	1.000480998066055	0.4998798371806118	-0.5006011608854432	0.8889957002777285	0.5553418557322984	-2.287975700375595
0	0	0.843631638950331	2.039118236356381	0	0.2926482266730034	0	0	0	0	0	0
0	1	0.7931960091924121	1.494511719463236	0	0.346720867904978	0	0.6691148600421527	0.6691148600421527	0.653279132095022	0.346720867904978	3.058160188499834
0	2	0.7693758722722683	2.230624127727733	0	0.256458624090756	0	0.8966100452061986	0.8966100452061986	0.5528537776890117	0.4471462223109883	4.097916977491569
1	0	1	2	1	0.3333333333333333	0.9999999999999998	0	-0.9999999999999998	1	0.3333333333333333	-4.570456241708899
1	0	1.769375872272268	1.230624127727732	1	0.5897919574240893	0.5651710389357688	0	-0.5651710389357688	1	0.5897919574240893	-2.583089502537089
0	0	0.7951049716291819	2.08764490367753	0	0.2758147623003838	0	0	0	0	0	0
1	0	1.614485500973881	1.245232043910475	1	0.5645611762818936	0.6193923695175867	0	-0.6193923695175867	1	0.5645611762818936	-2.83090572132852
0	0	1	2	0	0.3333333333333333	0	0	0	0	0	0
1	0	1	2	1	0.3333333333333333	0.9999999999999998	0	-0.9999999999999998	1	0.3333333333333333	-4.570456241708899
2	0	1	1.947745694161048	1	0.3392422901272724	1.999999999999999	0	-1.999999999999999	1	0.1150853314107965	-9.140912483417797
0	0	0	3.000000000000001	0	0	0	0	0	0	0	0
1	0	1.110183907755118	1.199633942600683	1	0.4806369937716548	0.9007516619675034	0	-0.9007516619675034	1	0.4806369937716548	-4.116846055669042
1	0	0.7693758722722681	2.230624127727733	1	0.256458624090756	1.299754822108742	0	-1.299754822108742	1	0.256458624090756	-5.940472539398141
0	0	1	2	0	0.3333333333333333	0	0	0	0	0	0
0	0	1	2	0	0.3333333333333333	0	0	0	0	0	0
0	0	0.843631638950331	2.078184180524835	0	0.288735393013879	0	0	0	0	0	0
0	1	0.7964022462731601	2.086347629033552	0	0.2762647752047604	0	0.4793065096554521	0.4793065096554521	0.7237352247952396	0.2762647752047604	2.190649428746469
0	0	0.7951049716291819	1.435519156098551	0	0.3564495522780571	0	0	0	0	0	0
1	0	1	2	1	0.3333333333333333	0.9999999999999998	0	-0.9999999999999998	1	0.3333333333333333	-4.570456241708899
0	1	0.8825136826008525	2.00023619270586	0	0.3061360578523854	0	0.4999409587960859	0.4999409587960859	0.6938639421476146	0.3061360578523854	2.284958275615503
1	0	1	1.999472677727067	1	0.3333919349976469	0.9999999999999998	0	-0.9999999999999998	1	0.3333919349976469	-4.570456241708899
0	0	0.2048950283708183	2.795104971629182	0	0.06829834279027276	0	0	0	0	0	0
0	0	0.7693758722722681	2.230624127727733	0	0.256458624090756	0	0	0	0	0	0
5	0	0.9999999999999999	2	1	0.3333333333333334	5.000000000000001	0	-5.000000000000001	1	0.004115226337448541	-22.8522812085445
0	0	1	2	0	0.3333333333333333	0	0	0	0	0	0
1	0	0.4448208286568706	2.55517917134313	1	0.1482736095522902	2.248096167212952	0	-2.248096167212952	1	0.1482736095522902	-10.27482515940029
3	0	1	2	1	0.3333333333333333	3	0	-3	1	0.03703703703703698	-13.7113687251267
1	0	1	2	1	0.3333333333333333	0.9999999999999998	0	-0.9999999999999998	1	0.3333333333333333	-4.570456241708899
0	0	0.7693758722722682	2.230624127727733	0	0.256458624090756	0	0	0	0	0	0
0	0	0.2048950283708183	2.795104971629182	0	0.06829834279027276	0	0	0	0	0	0
0	0	0.7951049716291819	2.126710847845984	0	0.2721269993575445	0	0	0	0	0	0
0	0	0.7693758722722681	2.230624127727733	0	0.256458624090756	0	0	0	0	0	0
2	0	1	1.99883149306098	1	0.333463218028058	2	0	-2	1	0.111197717777628	-9.140912483417798
0	0	0	1.312736722099338	0	0	0	0	0	0	0	0
2	0	0.8430419441509783	2.078773875324187	1	0.2885335682460679	2.372361202044563	0	-2.372361202044563	1	0.08325162000480835	-10.8427730634726
0	0	1	1.921815819475166	0	0.3422529213972241	0	0	0	0	0	0
0	0	0	3.000000000000001	0	0	0	0	0	0	0	0
0	4	0.921489351713914	2.073286166018578	0	0.3076989731810095	0	1.929304340886707	1.929304340886707	0.2297100006408521	0.7702899993591479	8.817801066961724
0	0	0.7693758722722681	2.230624127727733	0	0.256458624090756	0	0	0	0	0	0
0	0	1	2	0	0.3333333333333333	0	0	0	0	0	0
0	0	0	1.312736722099338	0	0	0	0	0	0	0	0
0	0	0.7693758722722682	2	0	0.2778156190264619	0	0	0	0	0	0
1	0	1	2	1	0.3333333333333333	0.9999999999999998	0	-0.9999999999999998	1	0.3333333333333333	-4.570456241708899
0	0	0.7693758722722682	2.230624127727733	0	0.256458624090756	0	0	0	0	0	0
0	0	0.931276542627861	2.068723457372139	0	0.310425514209287	0	0	0	0	0	0
2	0	0.769375872272268	2.230624127727733	1	0.256458624090756	2.599509644217484	0	-2.599509644217484	1	0.06577102587052375	-11.88094507879628
0	0	0.7951049716291819	1.435519156098551	0	0.3564495522780571	0	0	0	0	0	0
0	0	0.7693758722722681	2.230624127727733	0	0.256458624090756	0	0	0	0	0	0
0	0	1	2	0	0.3333333333333333	0	0	0	0	0	0
0	0	0.843631638950331	2.078184180524835	0	0.288735393013879	0	0	0	0	0	0
0	0	1	1.921815819475166	0	0.3422529213972241	0	0	0	0	0	0
1	2	0.7831125301437152	2.133433035788194	0.3333333333333333	0.2685068730937146	1.276955688368927	0.9374561874922419	-0.3394995008766851	0.8224286886111531	0.608591052238874	-1.551667612838902
0	0	1	1.921815819475166	0	0.3422529213972241	0	0	0	0	0	0
0	0	0.7951049716291819	1.435519156098551	0	0.3564495522780571	0	0	0	0	0	0
0	0	1	2	0	0.3333333333333333	0	0	0	0	0	0
0	0	1	2	0	0.3333333333333333	0	0	0	0	0	0
0	0	0.7693758722722681	2.230624127727733	0	0.256458624090756	0	0	0	0	0	0
0	0	1	2	0	0.3333333333333333	0	0	0	0	0	0
0	0	0.7951049716291819	2.08764490367753	0	0.2758147623003838	0	0	0	0	0	0
0	0	0.7693758722722682	2.230624127727733	0	0.256458624090756	0	0	0	0	0	0
1	0	1	2	1	0.3333333333333333	0.9999999999999998	0	-0.9999999999999998	1	0.3333333333333333	-4.570456241708899
0	0	0.7951049716291819	1.435519156098551	0	0.3564495522780571	0	0	0	0	0	0
0	0	1	2	0	0.3333333333333333	0	0	0	0	0	0
0	0	1	2	0	0.3333333333333333	0	0	0	0	0	0
0	0	0.9109969259670727	2.089003074032928	0	0.3036656419890241	0	0	0	0	0	0
1	1	0.7693758722722679	2.230624127727732	0.5	0.256458624090756	1.299754822108742	0.4483050226030995	-0.8514497995056428	0.9342289741294763	0.4471462223109883	-3.891514050652357
0	0	0.7951049716291819	1.435519156098551	0	0.3564495522780571	0	0	0	0	0	0
0	0	0.9109969259670727	2.089003074032928	0	0.3036656419890241	0	0	0	0	0	0
1	0	0.769375872272268	2.230624127727733	1	0.256458624090756	1.299754822108742	0	-1.299754822108742	1	0.256458624090756	-5.940472539398141
2	0	1	1.996203875794442	1	0.3337556593123525	2	0	-2	0.9999999999999998	0.1113928401230233	-9.140912483417798
0	0	0.843631638950331	2.039118236356381	0	0.2926482266730034	0	0	0	0	0	0
0	0	1.769375872272268	1.230624127727732	0	0.5897919574240893	0	0	0	0	0	0
0	0	0.7693758722722681	2.230624127727733	0	0.256458624090756	0	0	0	0	0	0
3	0	1.003371661246157	1.622735702763556	1	0.3820756435921735	2.98991900595846	0	-2.98991900595846	0.9999999999999999	0.05577608920442412	-13.66529398298692
0	0	1.613007511222599	1.245371435082597	0	0.5643084914642295	0	0	0	0	0	0
0	0	0.9109969259670727	2.089003074032928	0	0.3036656419890241	0	0	0	0	0	0
1	0	1	1.999260770126948	1	0.3334154902301723	0.9999999999999998	0	-0.9999999999999998	1	0.3334154902301723	-4.570456241708899
0	0	0.7951049716291819	2.08764490367753	0	0.2758147623003838	0	0	0	0	0	0
0	0	1	2	0	0.3333333333333333	0	0	0	0	0	0
0	0	0.7693758722722682	2.230624127727733	0	0.256458624090756	0	0	0	0	0	0
0	0	0.843631638950331	2.078184180524835	0	0.288735393013879	0	0	0	0	0	0
0	0	0.7951049716291819	2.08764490367753	0	0.2758147623003838	0	0	0	0	0	0
0	0	0.7693758722722682	2.230624127727733	0	0.256458624090756	0	0	0	0	0	0
1	0	0.7693758722722679	2.230624127727732	1	0.256458624090756	1.299754822108742	0	-1.299754822108742	1	0.256458624090756	-5.940472539398142
2	0	0.8421152093055966	1.388508918422135	1	0.3775244779421593	2.37497194908662	0	-2.37497194908662	0.9999999999999999	0.1425247314455	-10.8547053685865
0	0	0.9109969259670725	2.089003074032928	0	0.3036656419890241	0	0	0	0	0	0
0	0	0.7951049716291819	2.126710847845984	0	0.2721269993575445	0	0	0	0	0	0
0	0	0.7951049716291819	2.08764490367753	0	0.2758147623003838	0	0	0	0	0	0
0	0	0.7951049716291819	2.126710847845984	0	0.2721269993575445	0	0	0	0	0	0
1	0	0.7693758722722681	2.230624127727732	1	0.256458624090756	1.299754822108742	0	-1.299754822108742	1	0.256458624090756	-5.940472539398141
0	0	1	1.769375872272268	0	0.361092190486769	0	0	0	0	0	0
0	0	0.7951049716291819	2.126710847845984	0	0.2721269993575445	0	0	0	0	0	0
2	0	1	2	1	0.3333333333333333	2	0	-2	1	0.1111111111111109	-9.140912483417798
0	0	0.7951049716291819	2.126710847845984	0	0.2721269993575445	0	0	0	0	0	0
1	0	1	1.99419914930946	1	0.3339791210049025	0.9999999999999998	0	-0.9999999999999998	1	0.3339791210049025	-4.570456241708899
0	0	0.8827498753067119	2	0	0.3062179909773792	0	0	0	0	0	0
1	0	0.9109969259670725	2.089003074032928	1	0.3036656419890241	1.097698544853426	0	-1.097698544853426	1	0.303665641989024	-5.016983165840119
0	0	0.843631638950331	1.386992488777401	0	0.3782043009683179	0	0	0	0	0	0
0	0	0.7693758722722682	2.230624127727733	0	0.256458624090756	0	0	0	0	0	0
1	0	1	2	1	0.3333333333333333	0.9999999999999998	0	-0.9999999999999998	1	0.3333333333333333	-4.570456241708899
1	0	0.8434354465482886	2.078380372926877	1	0.2886682455911241	1.18562719185261	0	-1.18562719185261	1	0.288668245591124	-5.418857199342559
0	0	0.7951049716291819	2.08764490367753	0	0.2758147623003838	0	0	0	0	0	0
0	0	0.7693758722722681	2	0	0.2778156190264618	0	0	0	0	0	0
1	0	1	2	1	0.3333333333333333	0.9999999999999998	0	-0.9999999999999998	1	0.3333333333333333	-4.570456241708899
1	0	0.8434353707767613	2.078380448698404	1	0.2886682196580975	1.185627298365553	0	-1.185627298365553	1	0.2886682196580975	-5.418857686155302
0	0	0.7693758722722682	2.230624127727733	0	0.256458624090756	0	0	0	0	0	0
3	0	1	2	1	0.3333333333333333	3	0	-3	1	0.03703703703703698	-13.7113687251267
0	0	0.7951049716291819	2.08764490367753	0	0.2758147623003838	0	0	0	0	0	0
0	0	0.2048950283708183	2.795104971629182	0	0.06829834279027276	0	0	0	0	0	0
0	0	0.7693758722722681	2.230624127727733	0	0.256458624090756	0	0	0	0	0	0
0	0	1	2	0	0.3333333333333333	0	0	0	0	0	0
0	0	0	1.312736722099338	0	0	0	0	0	0	0	0
0	0	1	1.769375872272268	0	0.361092190486769	0	0	0	0	0	0
0	0	0.7693758722722682	2	0	0.2778156190264619	0	0	0	0	0	0
0	0	0.7693758722722682	2.230624127727733	0	0.256458624090756	0	0	0	0	0	0
2	0	1	2	1	0.3333333333333333	2	0	-2	1	0.1111111111111109	-9.140912483417798
0	0	0.843631638950331	2.078184180524835	0	0.288735393013879	0	0	0	0	0	0
0	0	1	2	0	0.3333333333333333	0	0	0	0	0	0
0	0	1	2	0	0.3333333333333333	0	0	0	0	0	0
0	0	1	2	0	0.3333333333333333	0	0	0	0	0	0
0	0	1	2	0	0.3333333333333333	0	0	0	0	0	0
0	1	1.759826046991373	1.240173953008628	0	0.5866086823304575	0	0.8063384959618187	0.8063384959618187	0.4133913176695425	0.5866086823304575	3.685334811798861
1	0	0.8433040398072826	2.078511779667883	1	0.2886232712501235	1.185811940647796	0	-1.185811940647796	1	0.2886232712501235	-5.419701585626663
1	0	0.7693758722722681	2.230624127727733	1	0.256458624090756	1.299754822108742	0	-1.299754822108742	1	0.256458624090756	-5.940472539398141
0	0	0.7951049716291819	1.435519156098551	0	0.3564495522780571	0	0	0	0	0	0
1	0	0.7693758722722681	2.230624127727733	1	0.256458624090756	1.299754822108742	0	-1.299754822108742	1	0.256458624090756	-5.940472539398141
0	0	1	2	0	0.3333333333333333	0	0	0	0	0	0
0	0	0.9109969259670725	2.089003074032928	0	0.3036656419890241	0	0	0	0	0	0
1	0	0.7693758722722681	2.230624127727733	1	0.256458624090756	1.299754822108742	0	-1.299754822108742	1	0.256458624090756	-5.940472539398141
0	0	1.769375872272268	1.230624127727732	0	0.5897919574240893	0	0	0	0	0	0
0	0	1	2	0	0.3333333333333333	0	0	0	0	0	0
2	0	0.7693758722722681	2.230624127727732	1	0.256458624090756	2.599509644217484	0	-2.599509644217484	1	0.06577102587052375	-11.88094507879628
0	0	1	1.769375872272268	0	0.361092190486769	0	0	0	0	0	0
0	0	0.7951049716291819	2.126710847845984	0	0.2721269993575445	0	0	0	0	0	0
0	0	0	3.000000000000001	0	0	0	0	0	0	0	0
0	1	0.7693758722722682	2.230624127727733	0	0.256458624090756	0	0.4483050226030994	0.4483050226030994	0.743541375909244	0.256458624090756	2.048958488745785
1	0	0.795170209542796	2.087579665763916	1	0.2758373927457697	1.25759238462288	0	-1.25759238462288	1	0.2758373927457697	-5.747770963825222
1	0	1.766210470255364	1.230922660986837	1	0.5892999719779998	0.5661839383476291	0	-0.5661839383476291	1	0.5892999719779998	-2.587718914976249
0	0	0.7693758722722681	2.230624127727733	0	0.256458624090756	0	0	0	0	0	0
0	0	0.7951049716291819	2.126710847845984	0	0.2721269993575445	0	0	0	0	0	0
1	1	0.7999384885146625	2.082811386792049	0.5	0.2774914658281106	1.250096119086374	0.4801202866190405	-0.7699758324673339	0.9229984863925665	0.4779814180487877	-3.519140849465333
0	0	1	2	0	0.3333333333333333	0	0	0	0	0	0
0	0	0.843631638950331	2.039118236356381	0	0.2926482266730034	0	0	0	0	0	0
1	0	0.8429117694151586	2.039838105891553	1	0.2923985104068303	1.186363788340308	0	-1.186363788340308	1	0.2923985104068303	-5.422223781357379
1	1	0.80611370542762	1.432892674893554	0.5	0.360031892947079	1.240519784326864	0.6978889748838218	-0.5426308094430418	0.8703770360609431	0.5904408219551012	-2.480070369962503
1	0	1.769375872272268	1.230624127727732	1	0.5897919574240893	0.5651710389357688	0	-0.5651710389357688	1	0.5897919574240893	-2.583089502537089
1	0	0.9307514483879954	2.067979819005817	1	0.310381746610095	1.074400691754967	0	-1.074400691754967	1	0.3103817466100951	-4.91050134772785
0	0	0.7951049716291819	2.126710847845984	0	0.2721269993575445	0	0	0	0	0	0
0	0	0.7693758722722681	2.230624127727733	0	0.256458624090756	0	0	0	0	0	0
0	0	1	2	0	0.3333333333333333	0	0	0	0	0	0
0	0	0.843631638950331	2.078184180524835	0	0.288735393013879	0	0	0	0	0	0
0	0	0.7693758722722681	2.230624127727733	0	0.256458624090756	0	0	0	0	0	0
0	0	0	3.000000000000001	0	0	0	0	0	0	0	0
1	0	1	1.995572019844475	1	0.3338260583873121	0.9999999999999998	0	-0.9999999999999998	1	0.3338260583873121	-4.570456241708899
0	0	0.7693758722722681	2.230624127727733	0	0.256458624090756	0	0	0	0	0	0
0	0	1	2	0	0.3333333333333333	0	0	0	0	0	0
0	0	0.7693758722722681	2.089003074032928	0	0.2691651060706211	0	0	0	0	0	0
0	0	0.7693758722722682	2.230624127727733	0	0.256458624090756	0	0	0	0	0	0
0	1	0.7970375433063703	2.086818236189091	0	0.2763791271995628	0	0.4791984192289701	0.4791984192289701	0.7236208728004372	0.2763791271995628	2.190155406182085
1	0	0.23549632769788	2.76450367230212	1	0.07849877589929334	4.246350717124164	0	-4.246350717124164	1	0.07849877589929333	-19.4077601395652
0	0	0.7693758722722682	2	0	0.2778156190264619	0	0	0	0	0	0
0	0	0.7693758722722682	2.230624127727733	0	0.256458624090756	0	0	0	0	0	0
0	0	0.7951049716291819	2.08764490367753	0	0.2758147623003838	0	0	0	0	0	0
0	0	0.7693758722722681	2.089003074032928	0	0.2691651060706211	0	0	0	0	0	0
0	1	0.7693758722722682	2.230624127727733	0	0.256458624090756	0	0.4483050226030994	0.4483050226030994	0.743541375909244	0.256458624090756	2.048958488745785
0	0	0.7693758722722681	2.230624127727733	0	0.256458624090756	0	0	0	0	0	0
1	1	1	2	0.5	0.3333333333333333	0.9999999999999998	0.4999999999999999	-0.4999999999999999	0.8888888888888891	0.5555555555555555	-2.28522812085445
0	0	0.7693758722722682	2.089003074032928	0	0.2691651060706211	0	0	0	0	0	0
0	0	0.2048950283708183	2.795104971629182	0	0.06829834279027276	0	0	0	0	0	0
3	0	1	1.924788864097994	1	0.3419050216838132	3	0	-3	1	0.03996837012324328	-13.7113687251267
0	0	1	1.769375872272268	0	0.361092190486769	0	0	0	0	0	0
1	0	0.8128586355165996	2.187141364483401	1	0.2709528785055331	1.230226211922403	0	-1.230226211922403	1	0.2709528785055331	-5.622695068994645
0	0	0.8827498753067119	2	0	0.3062179909773792	0	0	0	0	0	0
0	0	0.7693758722722681	2.230624127727733	0	0.256458624090756	0	0	0	0	0	0
0	0	1	1.921815819475166	0	0.3422529213972241	0	0	0	0	0	0
0	0	1	2	0	0.3333333333333333	0	0	0	0	0	0
0	0	0.7693758722722681	2	0	0.2778156190264618	0	0	0	0	0	0
2	1	0.769375872272268	2.230624127727732	0.6666666666666666	0.256458624090756	2.599509644217484	0.4483050226030995	-2.151204621614385	0.9831324532002079	0.1635779840119871	-9.831986590050498
2	0	0.7693758722722681	2.230624127727733	1	0.256458624090756	2.599509644217484	0	-2.599509644217484	1	0.06577102587052375	-11.88094507879628
0	3	0.7693758722722682	2.230624127727733	0	0.256458624090756	0	1.344915067809298	1.344915067809298	0.4110696585395111	0.5889303414604889	6.146875466237354
3	0	1	2.000000000000001	1	0.3333333333333333	2.999999999999999	0	-2.999999999999999	1	0.03703703703703698	-13.71136872512669
0	0	0.7693758722722682	2	0	0.2778156190264619	0	0	0	0	0	0
1	0	0.9006887792060945	2.025405072416643	1	0.3078126761746194	1.110261416692059	0	-1.110261416692059	1	0.3078126761746194	-5.074401221848789
1	0	0.7693758722722679	2.230624127727733	1	0.2564586240907559	1.299754822108742	0	-1.299754822108742	1	0.2564586240907559	-5.940472539398142
0	0	0.7951049716291819	2.126710847845984	0	0.2721269993575445	0	0	0	0	0	0
1	0	1	2	1	0.3333333333333333	0.9999999999999998	0	-0.9999999999999998	1	0.3333333333333333	-4.570456241708899
3	0	1.567935455601412	1.205606817058233	1	0.5653187517844698	1.913344066098239	0	-1.913344066098239	1	0.1806675578641546	-8.744855329435381
1	1	0.7693758722722681	2.230624127727733	0.5	0.256458624090756	1.299754822108742	0.4483050226030994	-0.8514497995056427	0.9342289741294763	0.4471462223109883	-3.891514050652356
0	0	0.7693758722722682	2.230624127727733	0	0.256458624090756	0	0	0	0	0	0
2	0	1.140856684551947	1.765710814658658	1	0.3925099571442233	1.753068573013154	0	-1.753068573013154	1	0.15406406645736	-8.012323201671686
3	0	0.7693758722722681	2.230624127727732	1	0.256458624090756	3.899264466326226	0	-3.899264466326226	1	0.01686754679979185	-17.82141761819442
0	0	0.843631638950331	1.386992488777401	0	0.3782043009683179	0	0	0	0	0	0
0	0	0.9109969259670727	2.089003074032928	0	0.3036656419890241	0	0	0	0	0	0
3	0	0.8408048173470228	2.041945057959689	1	0.2916676276874576	3.568010004350176	0	-3.568010004350176	1	0.02481216655761875	-16.30743359486207
2	2	0.9954102088328429	1.939446459669848	0.5	0.3391682529221036	2.009221908970652	1.031222073715023	-0.9779998352556287	0.8836342046031049	0.4177798066355137	-4.469905451434364
0	1	0.9993991482953305	2.00060085170467	0	0.3331330494317767	0	0.4998498321881253	0.4998498321881253	0.6668669505682232	0.3331330494317768	2.284541785441363
0	0	0.843631638950331	2.078184180524835	0	0.288735393013879	0	0	0	0	0	0
2	0	1.761069916170726	1.238930083829275	1	0.5870233053902416	1.135673252739905	0	-1.135673252739905	1	0.3445963610712849	-5.190544906526949
0	0	0.843631638950331	2.039118236356381	0	0.2926482266730034	0	0	0	0	0	0
0	1	1	1.770620181759182	0	0.3609300208609101	0	0.5647738630237796	0.5647738630237796	0.6390699791390899	0.3609300208609101	2.581274227411081
1	0	1	1.986959150972476	1	0.3347886427152599	0.9999999999999998	0	-0.9999999999999998	1	0.3347886427152599	-4.570456241708899
0	0	0.7693758722722682	2	0	0.2778156190264619	0	0	0	0	0	0
1	0	0.7957576936451015	2.08699218166161	1	0.2760411856961529	1.256663941782746	0	-1.256663941782746	1	0.2760411856961529	-5.743527556451461
0	0	0.7693758722722681	2.230624127727733	0	0.256458624090756	0	0	0	0	0	0
0	0	0	1.312736722099338	0	0	0	0	0	0	0	0
1	0	0.9109969259670726	2.089003074032928	1	0.3036656419890241	1.097698544853426	0	-1.097698544853426	1	0.3036656419890241	-5.016983165840119
0	0	1.769375872272268	1.230624127727732	0	0.5897919574240893	0	0	0	0	0	0
0	0	0	1.312736722099338	0	0	0	0	0	0	0	0
1	0	0.9109969259670725	2.089003074032928	1	0.3036656419890241	1.097698544853426	0	-1.097698544853426	1	0.303665641989024	-5.016983165840119
0	0	1	2	0	0.3333333333333333	0	0	0	0	0	0
0	0	0.7693758722722681	2.230624127727733	0	0.256458624090756	0	0	0	0	0	0
0	0	1	2	0	0.3333333333333333	0	0	0	0	0	0
0	1	0.2026779134294072	2.797322086570593	0	0.06755930447646906	0	0.3574847547233864	0.3574847547233864	0.9324406955235309	0.06755930447646907	1.633868428541277
0	0	1	1.769375872272268	0	0.361092190486769	0	0	0	0	0	0
1	0	0.7693758722722681	2.089003074032928	1	0.2691651060706211	1.299754822108742	0	-1.299754822108742	1	0.2691651060706211	-5.940472539398141
0	0	0.7693758722722681	2.230624127727733	0	0.256458624090756	0	0	0	0	0	0
0	0	1.613007511222599	1.245371435082597	0	0.5643084914642295	0	0	0	0	0	0
0	0	1	2	0	0.3333333333333333	0	0	0	0	0	0
1	0	0.7693758722722681	2.089003074032928	1	0.2691651060706211	1.299754822108742	0	-1.299754822108742	1	0.2691651060706211	-5.940472539398141
0	1	0.999034520917786	2.000965479082215	0	0.3330115069725952	0	0.4997587466919575	0.4997587466919575	0.6669884930274048	0.3330115069725952	2.284125483166874
1	1	1	2	0.5	0.3333333333333333	0.9999999999999998	0.4999999999999999	-0.4999999999999999	0.8888888888888891	0.5555555555555555	-2.28522812085445
1	0	1.614485500973881	1.245232043910475	1	0.5645611762818936	0.6193923695175867	0	-0.6193923695175867	1	0.5645611762818936	-2.83090572132852
0	0	1.613007511222599	1.245371435082597	0	0.5643084914642295	0	0	0	0	0	0
0	0	1	2	0	0.3333333333333333	0	0	0	0	0	0
0	1	0.7718713949967613	2.228128605003239	0	0.2572904649989203	0	0.4488071279882636	0.4488071279882636	0.7427095350010797	0.2572904649989203	2.051253339437404
0	0	0.9109969259670727	2.089003074032928	0	0.3036656419890241	0	0	0	0	0	0
0	0	0	3.000000000000001	0	0	0	0	0	0	0	0
0	0	0	1.312736722099338	0	0	0	0	0	0	0	0
0	0	1	2	0	0.3333333333333333	0	0	0	0	0	0
0	0	0.7693758722722682	2.089003074032928	0	0.2691651060706211	0	0	0	0	0	0
0	0	0.7951049716291819	1.435519156098551	0	0.3564495522780571	0	0	0	0	0	0
2	0	0.8157402642533051	2.067009611053408	1	0.2829729596871507	2.451760796472045	0	-2.451760796472045	1	0.08007369591410574	-11.20566543541284
0	0	1	2	0	0.3333333333333333	0	0	0	0	0	0
0	0	0.7693758722722682	2.230624127727733	0	0.256458624090756	0	0	0	0	0	0
0	0	0.9109969259670725	2.089003074032928	0	0.3036656419890241	0	0	0	0	0	0
1	1	0.9308441898411091	2.068365977356312	0.5	0.3103631082682432	1.074293647544489	0.4834734331098178	-0.5908202144346713	0.9036747410260747	0.5244009575625612	-2.700317936790734
0	0	0.7693758722722682	2.089003074032928	0	0.2691651060706211	0	0	0	0	0	0
0	0	0.7693758722722682	2.230624127727733	0	0.256458624090756	0	0	0	0	0	0
1	0	0.9109969259670725	2.089003074032928	1	0.3036656419890241	1.097698544853426	0	-1.097698544853426	1	0.303665641989024	-5.016983165840119
0	0	0.7693758722722682	2.089003074032928	0	0.2691651060706211	0	0	0	0	0	0
0	0	0.9109969259670725	2.089003074032928	0	0.3036656419890241	0	0	0	0	0	0