Observed S Changes	Observed NS Changes	E[S Sites]	E[NS Sites]	Observed S. Prop.	P{S}	dS	dN	dN-dS	P{S leq. observed}	P{S geq. observed}	Scaled dN-dS
0	0	0	3	0	0	0	0	0	0	0	0
0	0	0.8222390419174574	2.045532717174255	0	0.2867170440990321	0	0	0	0	0	0
1	1	0.9999999999999998	2	0.5	0.3333333333333334	1	0.5000000000000001	-0.5000000000000001	0.888888888888889	0.5555555555555556	-2.501079981318958
0	0	0.9000262522849404	2.099973747715059	0	0.3000087507616468	0	0	0	0	0	0
0	0	0.9000262522849404	2.099973747715059	0	0.3000087507616468	0	0	0	0	0	0
1	0	0.9999999999999999	2	1	0.3333333333333334	1	0	-1	1	0.3333333333333334	-5.002159962637917
0	0	1.563176857163249	1.277734705797602	0	0.5502377749253401	0	0	0	0	0	0
0	1	0.7423675124960721	2.257632487503928	0	0.2474558374986907	0	0.4429418895834614	0.4429418895834614	0.7525441625013093	0.2474558374986907	2.215666185849575
0	0	0.7409378152457911	2	0	0.2703227381243409	0	0	0	0	0	0
0	0	0.9000262522849404	2.099973747715059	0	0.3000087507616468	0	0	0	0	0	0
0	0	1.740937815245791	1.259062184754209	0	0.5803126050819304	0	0	0	0	0	0
0	1	0.7432465271265603	2.09908280109028	0	0.2614920515184784	0	0.4763985486806867	0.4763985486806867	0.7385079484815216	0.2614920515184784	2.383021746469341
1	0	1.740937815245791	1.259062184754209	1	0.5803126050819304	0.5744030552055169	0	-0.5744030552055169	1	0.5803126050819304	-2.873255965165933
0	0	0.9999999999999999	2	0	0.3333333333333334	0	0	0	0	0	0
1	1	0.7440046647318141	2.255995335268186	0.5	0.2480015549106047	1.344077594406565	0.4432633278832215	-0.9008142665233441	0.9384952287619224	0.4344983385831317	-4.506017057776112
1	0	0.9999999999999998	2	1	0.3333333333333334	1	0	-1	1	0.3333333333333334	-5.002159962637917
0	0	0.7687113361806192	1.490350848573589	0	0.3402789623802485	0	0	0	0	0	0
0	0	0.7687113361806192	2.099060422911093	0	0.2680517840178771	0	0	0	0	0	0
0	1	0.996723723618813	2.003276276381186	0	0.3322412412062711	0	0.4991822704586946	0.4991822704586946	0.6677587587937289	0.3322412412062711	2.496989567347173
1	0	0.9999999999999997	1.999999999999999	1	0.3333333333333333	1	0	-1	1	0.3333333333333333	-5.002159962637918
0	0	0.9999999999999999	1.911119520958729	0	0.3435104580215472	0	0	0	0	0	0
0	0	0.7409378152457911	2.259062184754209	0	0.246979271748597	0	0	0	0	0	0
0	0	0.7409378152457911	2.259062184754209	0	0.246979271748597	0	0	0	0	0	0
1	0	0.7409378152457911	2.259062184754209	1	0.246979271748597	1.349640927246061	0	-1.349640927246061	1	0.246979271748597	-6.751119810207758
1	0	0.7409378152457911	2.259062184754209	1	0.246979271748597	1.349640927246061	0	-1.349640927246061	1	0.246979271748597	-6.751119810207758
0	0	0.9999999999999999	2	0	0.3333333333333334	0	0	0	0	0	0
0	0	0.9999999999999999	2	0	0.3333333333333334	0	0	0	0	0	0
1	0	0.9999999999999999	2	1	0.3333333333333334	1	0	-1	1	0.3333333333333334	-5.002159962637917
0	0	1.740937815245791	1.259062184754209	0	0.5803126050819304	0	0	0	0	0	0
0	0	0.7409378152457911	2.099973747715059	0	0.260809884019611	0	0	0	0	0	0
0	0	0.9999999999999999	2	0	0.3333333333333334	0	0	0	0	0	0
0	0	0.9999999999999999	2	0	0.3333333333333334	0	0	0	0	0	0
0	0	0.7409378152457911	2.259062184754209	0	0.246979271748597	0	0	0	0	0	0
0	0	0.7409378152457911	2.259062184754209	0	0.246979271748597	0	0	0	0	0	0
0	0	0.9999999999999999	2	0	0.3333333333333334	0	0	0	0	0	0
1	0	1	2	1	0.3333333333333333	1	0	-1	1	0.3333333333333333	-5.002159962637915
0	0	0.9999999999999999	2	0	0.3333333333333334	0	0	0	0	0	0
0	0	0.7409378152457911	2.259062184754209	0	0.246979271748597	0	0	0	0	0	0
0	0	0.9999999999999999	1.911119520958729	0	0.3435104580215472	0	0	0	0	0	0
1	0	0.9999999999999999	2	1	0.3333333333333334	1	0	-1	1	0.3333333333333334	-5.002159962637917
0	0	0.2312886638193807	2.768711336180619	0	0.0770962212731269	0	0	0	0	0	0
0	0	0.9999999999999999	2	0	0.3333333333333334	0	0	0	0	0	0
0	0	0.7687113361806192	2.099060422911093	0	0.2680517840178771	0	0	0	0	0	0
0	0	0.9999999999999999	2	0	0.3333333333333334	0	0	0	0	0	0
1	0	0.9000262522849404	2.099973747715059	1	0.3000087507616468	1.111078701828143	0	-1.111078701828143	1	0.3000087507616469	-5.557793397624446
1	0	0.9999999999999998	2	1	0.3333333333333334	1	0	-1	1	0.3333333333333334	-5.002159962637917
0	0	0.7409378152457911	2.259062184754209	0	0.246979271748597	0	0	0	0	0	0
0	1	0.741847991494465	2.25523927370378	0	0.2475229867707555	0	0.4434119304590238	0.4434119304590238	0.7524770132292445	0.2475229867707555	2.218017405498117
0	1	0.9533012375615748	1.305760947192634	0	0.4219898168342348	0	0.7658369643769671	0.7658369643769671	0.5780101831657651	0.4219898168342349	3.830839001114624
1	0	0.8921374783096702	2.10786252169033	1	0.2973791594365567	1.120903475431496	0	-1.120903475431496	1	0.2973791594365567	-5.60693848678512
0	0	0.7687113361806192	2.142408184778109	0	0.2640603831777601	0	0	0	0	0	0
0	0	0.9999999999999999	2	0	0.3333333333333334	0	0	0	0	0	0
0	0	0.9999999999999999	2	0	0.3333333333333334	0	0	0	0	0	0
0	0	0.7409378152457911	2.259062184754209	0	0.246979271748597	0	0	0	0	0	0
1	0	0.9999999999999999	2	1	0.3333333333333334	1	0	-1	1	0.3333333333333334	-5.002159962637917
0	0	0.9999999999999999	2	0	0.3333333333333334	0	0	0	0	0	0
1	0	0.8218437199544802	2.089275801004248	1	0.2823119126636957	1.216776347765226	0	-1.216776347765226	1	0.2823119126636957	-6.086509930276004
0	0	1.740937815245791	1.259062184754209	0	0.5803126050819304	0	0	0	0	0	0
0	0	0.9999999999999999	2	0	0.3333333333333334	0	0	0	0	0	0
0	0	0.8222390419174574	1.436823142836751	0	0.3639736203219741	0	0	0	0	0	0
0	2	0.7409378152457911	2.259062184754209	0	0.246979271748597	0	0.8853231281092888	0.8853231281092888	0.5670402171762733	0.4329597828237267	4.428527905425643
1	0	0.9999999999999999	2	1	0.3333333333333334	1	0	-1	1	0.3333333333333334	-5.002159962637917
1	1	0.9999999999999999	1.74465601536348	0.5	0.3643443821019473	1	0.5731788909641656	-0.4268211090358346	0.8672531712307504	0.5959419354346447	-2.135027462827764
0	2	0.6365146689599872	2.363485331040012	0	0.2121715563199958	0	0.8462079174910443	0.8462079174910443	0.6206736566712576	0.3793263433287424	4.23286736494091
1	1	0.9977054042582826	2.002294595741717	0.5	0.3325684680860942	1.002299873020557	0.4994270084565486	-0.5028728645640081	0.8893982140348684	0.5545351502070571	-2.51545050941912
0	1	0.774166151032372	2.136953369926356	0	0.2659341691259084	0	0.4679559292557058	0.4679559292557058	0.7340658308740915	0.2659341691259085	2.340790413601912
0	0	0.2312886638193807	2.768711336180619	0	0.0770962212731269	0	0	0	0	0	0
1	0	0.7409378152457911	2.09997374771506	1	0.2608098840196109	1.349640927246061	0	-1.349640927246061	1	0.2608098840196109	-6.751119810207758
0	2	0.7409378152457909	2.259062184754209	0	0.246979271748597	0	0.8853231281092888	0.8853231281092888	0.5670402171762733	0.4329597828237267	4.428527905425643
0	0	0.7409378152457911	2.259062184754209	0	0.246979271748597	0	0	0	0	0	0
0	0	0.9999999999999999	2	0	0.3333333333333334	0	0	0	0	0	0
0	0	0.7409378152457911	2.259062184754209	0	0.246979271748597	0	0	0	0	0	0
0	0	0.8222390419174574	1.436823142836751	0	0.3639736203219741	0	0	0	0	0	0
1	0	0.9000262522849404	2.09997374771506	1	0.3000087507616468	1.111078701828143	0	-1.111078701828143	1	0.3000087507616468	-5.557793397624446
0	0	0.9999999999999999	2	0	0.3333333333333334	0	0	0	0	0	0
1	0	0.7409378152457912	2.259062184754209	1	0.246979271748597	1.349640927246061	0	-1.349640927246061	1	0.246979271748597	-6.751119810207757
1	0	0.9999999999999999	1.911911606527395	1	0.3434170177962755	1	0	-1	1	0.3434170177962755	-5.002159962637917
0	1	0.7687113361806192	2.141419397970593	0	0.2641501040346995	0	0.4669799857737781	0.4669799857737781	0.7358498959653005	0.2641501040346995	2.335908588190816
1	0	0.7409378152457912	2.259062184754209	1	0.2469792717485971	1.349640927246061	0	-1.349640927246061	1	0.2469792717485971	-6.751119810207757
1	0	0.7409378152457909	2.099973747715059	1	0.260809884019611	1.349640927246061	0	-1.349640927246061	1	0.2608098840196109	-6.751119810207759
0	0	0.9999999999999999	2	0	0.3333333333333334	0	0	0	0	0	0
1	0	1.740937815245791	1.259062184754209	1	0.5803126050819304	0.5744030552055169	0	-0.5744030552055169	1	0.5803126050819304	-2.873255965165933
0	0	0.2312886638193807	2.768711336180619	0	0.0770962212731269	0	0	0	0	0	0
0	0	0.7409378152457911	2.259062184754209	0	0.246979271748597	0	0	0	0	0	0
1	0	0.9999999999999998	2	1	0.3333333333333334	1	0	-1	1	0.3333333333333334	-5.002159962637917
0	0	1.740937815245791	1.259062184754209	0	0.5803126050819304	0	0	0	0	0	0
0	0	1.563176857163249	1.277734705797602	0	0.5502377749253401	0	0	0	0	0	0
0	0	0.9999999999999999	1.911119520958729	0	0.3435104580215472	0	0	0	0	0	0
0	0	0.7409378152457911	2.259062184754209	0	0.246979271748597	0	0	0	0	0	0
1	0	0.9999999999999999	2	1	0.3333333333333334	1	0	-1	1	0.3333333333333334	-5.002159962637917
0	0	0.8222390419174574	1.436823142836751	0	0.3639736203219741	0	0	0	0	0	0
0	0	0.7409378152457911	2.099973747715059	0	0.260809884019611	0	0	0	0	0	0
1	0	0.7409378152457912	2.259062184754209	1	0.2469792717485971	1.349640927246061	0	-1.349640927246061	1	0.2469792717485971	-6.751119810207757
0	2	0.9973283855828141	2.002671614417185	0	0.3324427951942714	0	0.9986659747918967	0.9986659747918967	0.4456326216880374	0.5543673783119626	4.995486955152791
1	0	0.7409378152457911	2.259062184754209	1	0.246979271748597	1.349640927246061	0	-1.349640927246061	1	0.246979271748597	-6.751119810207758
0	0	0.7687113361806192	1.490350848573589	0	0.3402789623802485	0	0	0	0	0	0
1	0	0.7409378152457912	2.259062184754209	1	0.246979271748597	1.349640927246061	0	-1.349640927246061	1	0.246979271748597	-6.751119810207757
0	0	0.8222390419174574	2.045532717174255	0	0.2867170440990321	0	0	0	0	0	0
2	0	0.7741718474422157	2.093599911649497	1	0.2699558795039579	2.583405747196562	0	-2.583405747196562	1	0.07287617687875536	-12.92260879587533
0	0	0	1.355521916165085	0	0	0	0	0	0	0	0
0	0	0.7409378152457911	2.259062184754209	0	0.246979271748597	0	0	0	0	0	0
0	0	0.9999999999999999	2	0	0.3333333333333334	0	0	0	0	0	0
0	0	0.7409378152457911	2.259062184754209	0	0.246979271748597	0	0	0	0	0	0
0	1	0.99944827072178	2.00055172927822	0	0.3331494235739267	0	0.4998621057206007	0.4998621057206007	0.6668505764260733	0.3331494235739267	2.50039021207547
0	0	0.7687113361806192	2.142408184778109	0	0.2640603831777601	0	0	0	0	0	0
2	0	1.129101494643463	1.277281994574198	1	0.4692109548218955	1.771319947310441	0	-1.771319947310441	1	0.2201589201248748	-8.86042572145819
0	0	0.7409378152457911	2.259062184754209	0	0.246979271748597	0	0	0	0	0	0
0	1	0.7698799040908414	2.097891855000871	0	0.2684592669029838	0	0.4766689939789985	0.4766689939789985	0.7315407330970162	0.2684592669029838	2.38437455711264
0	0	0.9999999999999999	2	0	0.3333333333333334	0	0	0	0	0	0
1	3	0.7409378152457911	2.035953595885739	0.25	0.2668227544929001	1.349640927246061	1.473510990654408	0.1238700634083474	0.7095980354392624	0.7110412087823159	0.6196178717506552
0	0	0.7409378152457911	2.259062184754209	0	0.246979271748597	0	0	0	0	0	0
0	0	0.7409378152457911	2.259062184754209	0	0.246979271748597	0	0	0	0	0	0
0	0	0.7409378152457911	2.099973747715059	0	0.260809884019611	0	0	0	0	0	0
0	0	0.7409378152457911	2	0	0.2703227381243409	0	0	0	0	0	0
1	0	0.9999999999999999	2	1	0.3333333333333334	1	0	-1	1	0.3333333333333334	-5.002159962637917
0	0	0.7409378152457911	2	0	0.2703227381243409	0	0	0	0	0	0
0	0	0.7409378152457911	2.259062184754209	0	0.246979271748597	0	0	0	0	0	0
0	0	0.9999999999999999	2	0	0.3333333333333334	0	0	0	0	0	0
0	0	0.9999999999999999	2	0	0.3333333333333334	0	0	0	0	0	0
0	0	0.7409378152457911	2.259062184754209	0	0.246979271748597	0	0	0	0	0	0
0	0	0.7409378152457911	2	0	0.2703227381243409	0	0	0	0	0	0
0	0	0.9999999999999999	2	0	0.3333333333333334	0	0	0	0	0	0
0	0	0.9999999999999999	2	0	0.3333333333333334	0	0	0	0	0	0
1	0	0.9999999999999998	2	1	0.3333333333333334	1	0	-1	1	0.3333333333333334	-5.002159962637917
1	0	0.9207456106857445	2.077886216365032	1	0.3070552384523041	1.086076315102093	0	-1.086076315102093	1	0.3070552384523041	-5.432727459773012
0	0	0.9999999999999999	1.740937815245791	0	0.3648386309378296	0	0	0	0	0	0
1	0	1.738541753704988	1.258774461766555	1	0.58003281226418	0.5751946985851278	0	-0.5751946985851278	1	0.58003281226418	-2.87721589198411
0	0	0.9999999999999999	2	0	0.3333333333333334	0	0	0	0	0	0
0	0	0.9999999999999999	2	0	0.3333333333333334	0	0	0	0	0	0
0	0	0.9999999999999999	1.740937815245791	0	0.3648386309378296	0	0	0	0	0	0
1	0	0.9999999999999999	2	1	0.3333333333333334	1	0	-1	1	0.3333333333333334	-5.002159962637917
0	0	0.9999999999999999	2	0	0.3333333333333334	0	0	0	0	0	0
0	0	0.9999999999999999	2	0	0.3333333333333334	0	0	0	0	0	0
1	0	1.740937815245791	1.259062184754209	1	0.5803126050819304	0.5744030552055169	0	-0.5744030552055169	1	0.5803126050819304	-2.873255965165933
0	0	0.8222390419174574	2.088880479041271	0	0.282447709892264	0	0	0	0	0	0
0	0	0.7409378152457911	2.259062184754209	0	0.246979271748597	0	0	0	0	0	0
0	0	0.7409378152457911	2.259062184754209	0	0.246979271748597	0	0	0	0	0	0
0	2	0.7409378152457911	2.259062184754209	0	0.246979271748597	0	0.8853231281092888	0.8853231281092888	0.5670402171762733	0.4329597828237267	4.428527905425643
0	0	0.7687113361806192	2.142408184778109	0	0.2640603831777601	0	0	0	0	0	0
0	1	0.7417021465206112	2.258297853479389	0	0.2472340488402037	0	0.4428113848929569	0.4428113848929569	0.7527659511597963	0.2472340488402037	2.215013380511797
0	0	0.7409378152457911	2.259062184754209	0	0.246979271748597	0	0	0	0	0	0
0	0	0.7409378152457911	2.259062184754209	0	0.246979271748597	0	0	0	0	0	0
0	0	0	1.355521916165085	0	0	0	0	0	0	0	0
0	2	0.9980867296664327	2.001913270333566	0	0.3326955765554777	0	0.9990442791094304	0.9990442791094304	0.4452951935486264	0.5547048064513735	4.997379293863651
0	0	0.9999999999999999	1.911119520958729	0	0.3435104580215472	0	0	0	0	0	0
1	0	0.9999999999999999	2	1	0.3333333333333334	1	0	-1	1	0.3333333333333334	-5.002159962637917
0	0	0.9999999999999999	2	0	0.3333333333333334	0	0	0	0	0	0
0	0	0.7687113361806192	1.490350848573589	0	0.3402789623802485	0	0	0	0	0	0
2	0	0.7409378152457909	2.259062184754209	1	0.246979271748597	2.699281854492122	0	-2.699281854492122	1	0.06099876067346732	-13.50223962041552
0	0	0.9999999999999999	1.911119520958729	0	0.3435104580215472	0	0	0	0	0	0
0	0	0.9999999999999999	2	0	0.3333333333333334	0	0	0	0	0	0
1	0	0.7409378152457911	2.259062184754209	1	0.246979271748597	1.349640927246061	0	-1.349640927246061	1	0.246979271748597	-6.751119810207758
0	0	0.9999999999999999	2	0	0.3333333333333334	0	0	0	0	0	0
0	4	0.9999999999999999	2	0	0.3333333333333334	0	2	2	0.1975308641975308	0.8024691358024691	10.00431992527583
0	0	0.7409378152457911	2.099973747715059	0	0.260809884019611	0	0	0	0	0	0
0	7	0.2918813452135778	2.692224142113634	0	0.09781200646328647	0	2.600080688119965	2.600080688119965	0.4864960315346781	0.513503968465322	13.00601951774173
0	0	0.9212994648285511	2.078700535171448	0	0.3070998216095171	0	0	0	0	0	0
0	3	0.9014052630596974	1.977392409337242	0	0.3131186577308752	0	1.517149547977431	1.517149547977431	0.3240747237047524	0.6759252762952476	7.589024726226915
1	0	0.9999999999999999	2	1	0.3333333333333334	1	0	-1	1	0.3333333333333334	-5.002159962637917
0	4	0.7417767499662363	2.254229126905419	0	0.2475885497063105	0	1.774442514408975	1.774442514408975	0.3204952404100874	0.6795047595899126	8.876045301579126
1	2	0.7409378152457912	2.259062184754209	0.3333333333333333	0.246979271748597	1.349640927246061	0.8853231281092886	-0.4643177991367722	0.8471345769569979	0.573006962714089	-2.322591904782116
0	0	0.7409378152457911	2.259062184754209	0	0.246979271748597	0	0	0	0	0	0
1	0	0.7409378152457911	2.259062184754209	1	0.246979271748597	1.349640927246061	0	-1.349640927246061	1	0.246979271748597	-6.751119810207758
2	0	0.7409378152457911	2.259062184754209	1	0.246979271748597	2.699281854492122	0	-2.699281854492122	1	0.06099876067346732	-13.50223962041552
0	0	0.7409378152457911	2.259062184754209	0	0.246979271748597	0	0	0	0	0	0
0	0	0.8677717590917128	2	0	0.3025944293999727	0	0	0	0	0	0
2	0	1.539970652444391	1.255551633784339	1	0.5508704616774394	1.298726048334366	0	-1.298726048334366	1	0.3034582655487151	-6.496435441413121
0	0	0.7409378152457911	2.259062184754209	0	0.246979271748597	0	0	0	0	0	0
0	0	0	1.355521916165085	0	0	0	0	0	0	0	0
1	0	1.564752156760159	1.277569231808317	1	0.5505190803029633	0.639078844326704	0	-0.639078844326704	1	0.5505190803029633	-3.196774608059948
0	0	0.9999999999999999	2	0	0.3333333333333334	0	0	0	0	0	0
1	5	0.7466161297011339	2.234764216846395	0.1666666666666667	0.2504263270420105	1.339376367880365	2.237372498766688	0.8979961308863234	0.5329241410150647	0.8226276388363124	4.491920292523323
0	4	1.456926247834529	1.284011567411262	0	0.5315429776373386	0	3.115236732691227	3.115236732691227	0.04815917231633862	0.9518408276836614	15.58291245840701
0	1	0.7450452540003245	2.235399450780716	0	0.2499778817587758	0	0.4473473408301807	0.4473473408301807	0.7500221182412242	0.2499778817587758	2.237702957693267
0	3	0.7520444543827937	2.244934845900494	0	0.2509341503665731	0	1.336341678458215	1.336341678458215	0.4203005838742753	0.5796994161257247	6.684594840388034
0	0	0.7687113361806192	2.099060422911093	0	0.2680517840178771	0	0	0	0	0	0
0	0	0.7409378152457911	2	0	0.2703227381243409	0	0	0	0	0	0
0	0	0.9999999999999999	2	0	0.3333333333333334	0	0	0	0	0	0
0	0	0.9999999999999999	2	0	0.3333333333333334	0	0	0	0	0	0
2	0	1.55976149113352	1.274771189394196	1	0.5502711264712364	1.282247325228261	0	-1.282247325228261	0.9999999999999999	0.3027983126279236	-6.414006232456366
0	0	0.7409378152457911	2.259062184754209	0	0.246979271748597	0	0	0	0	0	0
0	0	0.9999999999999999	2	0	0.3333333333333334	0	0	0	0	0	0
0	0	0.9999999999999999	2	0	0.3333333333333334	0	0	0	0	0	0
0	0	0	3	0	0	0	0	0	0	0	0
0	0	0.9999999999999999	2	0	0.3333333333333334	0	0	0	0	0	0
0	0	0.7409378152457911	2.259062184754209	0	0.246979271748597	0	0	0	0	0	0
0	1	0.7409378152457911	2.259062184754209	0	0.246979271748597	0	0.4426615640546444	0.4426615640546444	0.753020728251403	0.246979271748597	2.214263952712821
1	0	0.7689587889437157	2.142160732015013	1	0.2641453857897501	1.300459809261892	0	-1.300459809261892	1	0.26414538578975	-6.505107990909575
0	2	0.768711336180619	1.569296406313743	0	0.3287890464214204	0	1.274456496525073	1.274456496525073	0.4505241442038661	0.5494758557961339	6.375035261041508
0	0	0.7409378152457911	2.259062184754209	0	0.246979271748597	0	0	0	0	0	0
0	0	0.7409378152457911	2.259062184754209	0	0.246979271748597	0	0	0	0	0	0
0	0	0.7687113361806192	2.099060422911093	0	0.2680517840178771	0	0	0	0	0	0
0	0	1.563176857163249	1.277734705797602	0	0.5502377749253401	0	0	0	0	0	0
1	0	0.7409378152457912	2	1	0.2703227381243409	1.349640927246061	0	-1.349640927246061	1	0.2703227381243409	-6.751119810207757
0	0	0.9000262522849404	2.099973747715059	0	0.3000087507616468	0	0	0	0	0	0
0	0	0	1.355521916165085	0	0	0	0	0	0	0	0
3	0	0.9999999999999999	1.995662309847072	1	0.3338159967873848	3	0	-3	0.9999999999999999	0.03719815793150738	-15.00647988791375
0	0	0.9999999999999999	2	0	0.3333333333333334	0	0	0	0	0	0
0	3	0.7681633918552186	2.231836608144782	0	0.2560544639517395	0	1.344184421499276	1.344184421499276	0.4117403473466991	0.5882596526533009	6.723825495625287
0	0	0.7409378152457911	2.259062184754209	0	0.246979271748597	0	0	0	0	0	0
1	0	0.9999999999999999	2	1	0.3333333333333334	1	0	-1	1	0.3333333333333334	-5.002159962637917
1	16	0.9971019438693578	2.002898056130642	0.05882352941176471	0.3323673146231194	1.002906479270711	7.988424548631336	6.985518069360625	0.009844022876490766	0.9989597468591734	34.94267880483942
0	0	0.9999999999999999	2	0	0.3333333333333334	0	0	0	0	0	0
0	1	0.7409378152457911	2.256006153425455	0	0.2472311204317578	0	0.44326120231615	0.44326120231615	0.7527688795682422	0.2472311204317578	2.21726343921659
1	1	0.8080420438060186	2.079285010504653	0.5	0.2798581624480822	1.237559366700557	0.4809345495917826	-0.7566248171087744	0.9216794089111826	0.4813957338073473	-3.784758366879746
0	0	0.7409378152457911	2.259062184754209	0	0.246979271748597	0	0	0	0	0	0
0	0	0.7687113361806192	1.490350848573589	0	0.3402789623802485	0	0	0	0	0	0
0	0	0.9000262522849404	2.099973747715059	0	0.3000087507616468	0	0	0	0	0	0
0	0	0.7409378152457911	2.259062184754209	0	0.246979271748597	0	0	0	0	0	0
1	11	1.608875848451755	1.391124151548244	0.08333333333333333	0.5362919494839186	0.6215519991566253	7.907274119105482	7.285722119948857	0.001470586074927008	0.9999011593415532	36.44434748731361
0	1	0.7409378152457911	2.002308711880769	0	0.2700952349411678	0	0.4994234875304017	0.4994234875304017	0.7299047650588322	0.2700952349411678	2.498196173725571
1	1	1	2	0.5	0.3333333333333333	1	0.5	-0.5	0.8888888888888891	0.5555555555555555	-2.501079981318957
0	0	0.7687113361806192	1.490350848573589	0	0.3402789623802485	0	0	0	0	0	0
0	2	0.9999999999999999	1.852987997620654	0	0.3505097115143785	0	1.079337806056012	1.079337806056012	0.4218376348371358	0.5781623651628642	5.399020359614832
0	1	0.9999999999999999	1.763130288259639	0	0.3619083777008037	0	0.5671730595627654	0.5671730595627654	0.6380916222991964	0.3619083777008036	2.837090370431715
0	0	0.9999999999999999	1.911119520958729	0	0.3435104580215472	0	0	0	0	0	0
0	0	0.8677717590917128	2	0	0.3025944293999727	0	0	0	0	0	0
0	0	0.9000262522849404	2.099973747715059	0	0.3000087507616468	0	0	0	0	0	0
0	1	0.9980307590600868	2.001969240939913	0	0.3326769196866957	0	0.4995081740269425	0.4995081740269425	0.6673230803133043	0.3326769196866957	2.498619789127944
1	0	1	2	1	0.3333333333333333	1	0	-1	1	0.3333333333333333	-5.002159962637915
0	0	0.9999999999999999	2	0	0.3333333333333334	0	0	0	0	0	0
0	0	0.9999999999999999	2	0	0.3333333333333334	0	0	0	0	0	0
0	0	0.7687113361806192	2.099060422911093	0	0.2680517840178771	0	0	0	0	0	0
0	0	0.8677717590917128	2	0	0.3025944293999727	0	0	0	0	0	0
0	0	0.7409378152457911	2.259062184754209	0	0.246979271748597	0	0	0	0	0	0
0	0	0.7687113361806192	1.490350848573589	0	0.3402789623802485	0	0	0	0	0	0
0	0	0.7687113361806192	1.490350848573589	0	0.3402789623802485	0	0	0	0	0	0
1	1	1	2	0.5	0.3333333333333333	1	0.5	-0.5	0.8888888888888891	0.5555555555555555	-2.501079981318957
1	1	0.9999999999999999	2	0.5	0.3333333333333334	1	0.5000000000000001	-0.5000000000000001	0.888888888888889	0.5555555555555556	-2.501079981318958
1	2	0.9002063760278	2.0997936239722	0.3333333333333333	0.3000687920092667	1.110856384302168	0.9524745561502279	-0.1583818281519405	0.7839133163901668	0.6571011143160324	-0.7922512395910352
1	0	0.9999999999999999	2	1	0.3333333333333334	1	0	-1	1	0.3333333333333334	-5.002159962637917
0	0	0.7409378152457911	2.259062184754209	0	0.246979271748597	0	0	0	0	0	0
0	1	0.9003209116206723	2.099679088379327	0	0.3001069705402241	0	0.4762632563873686	0.4762632563873686	0.6998930294597758	0.3001069705402242	2.382344992776452
0	0	0.9999999999999999	1.911119520958729	0	0.3435104580215472	0	0	0	0	0	0
1	8	0.9693998015900598	2.009183755150554	0.1111111111111111	0.3254566417639291	1.031566128195764	3.981716445542601	2.950150317346837	0.1544621036632324	0.9710872877472722	14.75712380119589
0	0	0.8677717590917128	2	0	0.3025944293999727	0	0	0	0	0	0
0	0	0.9999999999999999	2	0	0.3333333333333334	0	0	0	0	0	0
3	0	0.869509603351905	2.002555111814322	1	0.3027472183201068	3.45022066281406	0	-3.45022066281406	1	0.02774856216790667	-17.25855566179454
0	2	0.4952354858769292	2.504764514123071	0	0.1650784952923098	0	0.7984782556296351	0.7984782556296351	0.6970939190233536	0.3029060809766464	3.994115961347524
0	0	0.9212994648285511	2.078700535171448	0	0.3070998216095171	0	0	0	0	0	0
0	2	0.742469526031833	2.257530473968167	0	0.247489842010611	0	0.88592381058073	0.88592381058073	0.5662715378772152	0.4337284621227848	4.431532615234544
1	1	0.899791554136815	2.100208445863184	0.5	0.2999305180456051	1.111368511298505	0.476143214246051	-0.6352252970524538	0.9100416843448949	0.5099027204361051	-3.177498548170561
1	0	0.9999999999999998	2	1	0.3333333333333334	1	0	-1	1	0.3333333333333334	-5.002159962637917
0	0	0.7409378152457911	2.259062184754209	0	0.246979271748597	0	0	0	0	0	0
1	0	0.8682461161956593	2.000697436167477	1	0.30263617960712	1.151747161716817	0	-1.151747161716817	1	0.30263617960712	-5.761223539421716
0	1	0.3153866614161698	2.68461333858383	0	0.1051288871387233	0	0.3724931205651811	0.3724931205651811	0.8948711128612767	0.1051288871387233	1.863270174049207
0	0	0.7409378152457911	2.259062184754209	0	0.246979271748597	0	0	0	0	0	0
0	0	0.9000262522849404	2.099973747715059	0	0.3000087507616468	0	0	0	0	0	0
0	0	0.7409378152457911	2	0	0.2703227381243409	0	0	0	0	0	0
0	0	0	1.355521916165085	0	0	0	0	0	0	0	0
0	0	0.9999999999999999	2	0	0.3333333333333334	0	0	0	0	0	0
0	0	0.2312886638193807	2.768711336180619	0	0.0770962212731269	0	0	0	0	0	0
0	0	0.9999999999999999	2	0	0.3333333333333334	0	0	0	0	0	0
0	0	0.7687113361806192	2.099060422911093	0	0.2680517840178771	0	0	0	0	0	0
2	0	0.9999999999999997	1.999999999999999	1	0.3333333333333333	2.000000000000001	0	-2.000000000000001	1	0.1111111111111109	-10.00431992527584
1	0	0.9999999999999999	1.912038418977235	1	0.3434020627898239	1	0	-1	1	0.3434020627898239	-5.002159962637917
0	0	0.7409378152457911	2.259062184754209	0	0.246979271748597	0	0	0	0	0	0
0	0	0.2312886638193807	2.768711336180619	0	0.0770962212731269	0	0	0	0	0	0
0	0	0.9999999999999999	2	0	0.3333333333333334	0	0	0	0	0	0
0	0	1.563176857163249	1.277734705797602	0	0.5502377749253401	0	0	0	0	0	0
0	0	0.9000262522849404	2.099973747715059	0	0.3000087507616468	0	0	0	0	0	0
0	7	0.7447652121466881	2.255234787853312	0	0.2482550707155627	0	3.103889687096873	3.103889687096873	0.1356730385026622	0.8643269614973379	15.52615272124071
0	0	0.7409378152457911	2.259062184754209	0	0.246979271748597	0	0	0	0	0	0
0	0	0.9999999999999999	2	0	0.3333333333333334	0	0	0	0	0	0
0	0	0.9999999999999999	2	0	0.3333333333333334	0	0	0	0	0	0
0	0	0.7409378152457911	2.259062184754209	0	0.246979271748597	0	0	0	0	0	0
0	0	1.740937815245791	1.259062184754209	0	0.5803126050819304	0	0	0	0	0	0
0	0	0.9000262522849404	2.099973747715059	0	0.3000087507616468	0	0	0	0	0	0
0	0	0.9999999999999999	2	0	0.3333333333333334	0	0	0	0	0	0
0	0	0.9999999999999999	2	0	0.3333333333333334	0	0	0	0	0	0
0	0	0.9212994648285511	2.078700535171448	0	0.3070998216095171	0	0	0	0	0	0
0	0	0.9999999999999999	2	0	0.3333333333333334	0	0	0	0	0	0
0	0	0.7409378152457911	2	0	0.2703227381243409	0	0	0	0	0	0
0	0	0.7409378152457911	2.259062184754209	0	0.246979271748597	0	0	0	0	0	0
1	0	0.7689481473247484	2.098823611766964	1	0.268134360723425	1.30047780657136	0	-1.30047780657136	1	0.268134360723425	-6.505198016330433
0	0	0.2312886638193807	2.768711336180619	0	0.0770962212731269	0	0	0	0	0	0
0	0	1.159088437039149	1.099973747715059	0	0.513083900417403	0	0	0	0	0	0
0	0	0.7409378152457911	2.259062184754209	0	0.246979271748597	0	0	0	0	0	0
0	0	0.9999999999999999	2	0	0.3333333333333334	0	0	0	0	0	0
0	0	0.7687113361806192	2.099060422911093	0	0.2680517840178771	0	0	0	0	0	0
0	0	0.7409378152457911	2.259062184754209	0	0.246979271748597	0	0	0	0	0	0
0	0	0.9999999999999999	1.740937815245791	0	0.3648386309378296	0	0	0	0	0	0
0	0	0.2312886638193807	2.768711336180619	0	0.0770962212731269	0	0	0	0	0	0
0	1	0.002391196550459167	2.99760880344954	0	0.0007970655168197226	0	0.3335992337790161	0.3335992337790161	0.9992029344831803	0.0007970655168196839	1.66871673077608
0	0	0.8677717590917128	2	0	0.3025944293999727	0	0	0	0	0	0
0	0	0.9999999999999999	1.740937815245791	0	0.3648386309378296	0	0	0	0	0	0
0	0	0.7409378152457911	2.259062184754209	0	0.246979271748597	0	0	0	0	0	0
0	0	0.9999999999999999	2	0	0.3333333333333334	0	0	0	0	0	0
0	0	0.9999999999999999	2	0	0.3333333333333334	0	0	0	0	0	0
0	0	0.9000262522849404	2.099973747715059	0	0.3000087507616468	0	0	0	0	0	0
1	0	0.9999999999999999	1.997087265198245	1	0.3336572850620197	1	0	-1	1	0.3336572850620197	-5.002159962637917
0	0	0.7687113361806192	2.099060422911093	0	0.2680517840178771	0	0	0	0	0	0
0	0	0.7409378152457911	2.099973747715059	0	0.260809884019611	0	0	0	0	0	0
1	1	0.7791336660998096	2.1583421799594	0.5	0.2652391736752701	1.283476819845052	0.4633185642597277	-0.820158255585324	0.9296481807480598	0.4601265280986002	-4.102562789115862
0	0	0.9999999999999999	2	0	0.3333333333333334	0	0	0	0	0	0
0	2	0.7940146100866471	2.126828548290976	0	0.2718443158473737	0	0.9403672908223422	0.9403672908223422	0.5302107003637793	0.4697892996362207	4.703867612325805
1	0	0.7409378152457911	2.09997374771506	1	0.2608098840196109	1.349640927246061	0	-1.349640927246061	1	0.2608098840196109	-6.751119810207758
0	0	0.9000262522849404	2.099973747715059	0	0.3000087507616468	0	0	0	0	0	0
1	0	0.9999999999999998	2	1	0.3333333333333334	1	0	-1	1	0.3333333333333334	-5.002159962637917
0	0	0.9999999999999999	2	0	0.3333333333333334	0	0	0	0	0	0
1	0	0.7409378152457912	2.259062184754209	1	0.246979271748597	1.349640927246061	0	-1.349640927246061	1	0.246979271748597	-6.751119810207757
0	0	0.9999999999999999	1.911119520958729	0	0.3435104580215472	0	0	0	0	0	0
0	0	0.7409378152457911	2.259062184754209	0	0.246979271748597	0	0	0	0	0	0
1	0	0.9000262522849403	2.099973747715059	1	0.3000087507616468	1.111078701828143	0	-1.111078701828143	1	0.3000087507616469	-5.557793397624446
1	0	0.9999999999999997	1.999999999999999	1	0.3333333333333333	1	0	-1	1	0.3333333333333333	-5.002159962637918
0	0	0.7409378152457911	2.259062184754209	0	0.246979271748597	0	0	0	0	0	0
0	0	0.7409378152457911	2.259062184754209	0	0.246979271748597	0	0	0	0	0	0
1	0	0.7693354763873765	2.098436282704335	1	0.2682694234463912	1.29982306898906	0	-1.29982306898906	1	0.2682694234463912	-6.501922914210216
1	0	0.9999999999999999	2	1	0.3333333333333334	1	0	-1	1	0.3333333333333334	-5.002159962637917
2	0	0.7409378152457908	2.259062184754209	1	0.246979271748597	2.699281854492122	0	-2.699281854492122	1	0.06099876067346732	-13.50223962041552
0	0	0.7687113361806192	1.490350848573589	0	0.3402789623802485	0	0	0	0	0	0
1	0	0.7409378152457911	2.259062184754209	1	0.246979271748597	1.349640927246061	0	-1.349640927246061	1	0.246979271748597	-6.751119810207758
0	1	0.9920449636514358	2.007955036348564	0	0.3306816545504787	0	0.4980191198994601	0.4980191198994601	0.6693183454495213	0.3306816545504787	2.491171302189251
0	0	0.7409378152457911	2.259062184754209	0	0.246979271748597	0	0	0	0	0	0
0	1	0.9210076069835086	2.07860281412806	0	0.3070424080745159	0	0.4810923920640817	0.4810923920640817	0.6929575919254841	0.3070424080745159	2.406501101912652
1	0	0.8931057444505003	2.106894255549499	1	0.2977019148168334	1.11968824096554	0	-1.11968824096554	1	0.2977019148168334	-5.6008596895943
1	0	0.9999999999999999	2	1	0.3333333333333334	1	0	-1	1	0.3333333333333334	-5.002159962637917
2	0	0.7409378152457911	2	1	0.2703227381243409	2.699281854492122	0	-2.699281854492122	1	0.07307438274704103	-13.50223962041552
0	0	0.9999999999999999	2	0	0.3333333333333334	0	0	0	0	0	0
0	0	0.9999999999999999	2	0	0.3333333333333334	0	0	0	0	0	0
0	0	0.7409378152457911	2.099973747715059	0	0.260809884019611	0	0	0	0	0	0
0	0	0.9999999999999999	2	0	0.3333333333333334	0	0	0	0	0	0
0	0	0.8677717590917128	2	0	0.3025944293999727	0	0	0	0	0	0
1	0	0.7409378152457911	2	1	0.2703227381243409	1.349640927246061	0	-1.349640927246061	1	0.2703227381243409	-6.751119810207758
0	0	0.9999999999999999	2	0	0.3333333333333334	0	0	0	0	0	0
0	0	0.8222390419174574	2.045532717174255	0	0.2867170440990321	0	0	0	0	0	0
0	0	0.7687113361806192	1.490350848573589	0	0.3402789623802485	0	0	0	0	0	0
0	2	0.7409378152457911	2.259062184754209	0	0.246979271748597	0	0.8853231281092886	0.8853231281092886	0.5670402171762733	0.4329597828237267	4.428527905425641
1	0	0.9999999999999999	2	1	0.3333333333333334	1	0	-1	1	0.3333333333333334	-5.002159962637917
0	0	1.740937815245791	1.259062184754209	0	0.5803126050819304	0	0	0	0	0	0
0	0	0.7687113361806192	2.099060422911093	0	0.2680517840178771	0	0	0	0	0	0
0	0	1.563176857163249	1.277734705797602	0	0.5502377749253401	0	0	0	0	0	0
0	0	0.9999999999999999	2	0	0.3333333333333334	0	0	0	0	0	0
0	0	0.9999999999999999	2	0	0.3333333333333334	0	0	0	0	0	0
1	0	1	1.927872805199341	1	0.3415448916442653	1	0	-1	1	0.3415448916442654	-5.002159962637915
0	0	0	3	0	0	0	0	0	0	0	0
2	0	1.127218022061723	1.203909864717533	1	0.4835504857775586	1.774279652078244	0	-1.774279652078244	1	0.2338210722957128	-8.875230638148921
0	0	0.7409378152457911	2.259062184754209	0	0.246979271748597	0	0	0	0	0	0
1	0	0.9999999999999999	2	1	0.3333333333333334	1	0	-1	1	0.3333333333333334	-5.002159962637917
0	0	0.9999999999999999	2	0	0.3333333333333334	0	0	0	0	0	0
0	0	0.8222390419174574	2.088880479041271	0	0.282447709892264	0	0	0	0	0	0
0	1	0.7717855979208955	2.095986161170817	0	0.2691237876494528	0	0.4771023867072675	0.4771023867072675	0.7308762123505472	0.2691237876494528	2.386542456866085
0	0	0.7687113361806192	1.490350848573589	0	0.3402789623802485	0	0	0	0	0	0
0	0	0.9999999999999999	2	0	0.3333333333333334	0	0	0	0	0	0
0	0	0.8677717590917128	2	0	0.3025944293999727	0	0	0	0	0	0
0	0	0.9999999999999999	2	0	0.3333333333333334	0	0	0	0	0	0
0	0	0.2312886638193807	2.768711336180619	0	0.0770962212731269	0	0	0	0	0	0
0	0	0.7409378152457911	2.259062184754209	0	0.246979271748597	0	0	0	0	0	0
3	0	1	2	1	0.3333333333333333	3	0	-3	1	0.03703703703703698	-15.00647988791374
0	0	0.9999999999999999	2	0	0.3333333333333334	0	0	0	0	0	0
1	0	0.3573405373330528	2.642659462666947	1	0.119113512444351	2.798451044662666	0	-2.798451044662666	1	0.119113512444351	-13.99829977301384
2	0	0.9999999999999999	2	1	0.3333333333333334	2	0	-2	1	0.111111111111111	-10.00431992527583
0	0	0.9999999999999999	2	0	0.3333333333333334	0	0	0	0	0	0
0	0	0.7409378152457911	2.259062184754209	0	0.246979271748597	0	0	0	0	0	0
0	0	0.2312886638193807	2.768711336180619	0	0.0770962212731269	0	0	0	0	0	0
0	0	0.7687113361806192	2.142408184778109	0	0.2640603831777601	0	0	0	0	0	0
0	0	0.7409378152457911	2.259062184754209	0	0.246979271748597	0	0	0	0	0	0
0	0	0.9999999999999999	2	0	0.3333333333333334	0	0	0	0	0	0
0	0	0	1.355521916165085	0	0	0	0	0	0	0	0
0	0	0.8222390419174574	2.088880479041271	0	0.282447709892264	0	0	0	0	0	0
1	0	0.9999999999999999	1.912039310816729	1	0.3434019576197046	1	0	-1	1	0.3434019576197046	-5.002159962637917
0	0	0	3	0	0	0	0	0	0	0	0
0	4	0.8327855133178153	2.167214486682184	0	0.2775951711059385	0	1.845687182593381	1.845687182593381	0.2723469784590995	0.7276530215409005	9.232422528322585
0	0	0.7409378152457911	2.259062184754209	0	0.246979271748597	0	0	0	0	0	0
0	0	0.9999999999999999	2	0	0.3333333333333334	0	0	0	0	0	0
0	0	0	1.355521916165085	0	0	0	0	0	0	0	0
1	0	0.7409378152457912	2	1	0.2703227381243409	1.349640927246061	0	-1.349640927246061	1	0.2703227381243409	-6.751119810207757
1	0	1	2	1	0.3333333333333333	1	0	-1	1	0.3333333333333333	-5.002159962637915
0	0	0.7409378152457911	2.259062184754209	0	0.246979271748597	0	0	0	0	0	0
1	0	0.9203508336615045	2.077305784929509	1	0.3070234355575043	1.086542178727237	0	-1.086542178727237	1	0.3070234355575043	-5.435057784146754
1	0	0.7409378152457911	2.259062184754209	1	0.246979271748597	1.349640927246061	0	-1.349640927246061	1	0.246979271748597	-6.751119810207758
0	0	0.7687113361806192	1.490350848573589	0	0.3402789623802485	0	0	0	0	0	0
0	0	0.7409378152457911	2.259062184754209	0	0.246979271748597	0	0	0	0	0	0
0	0	0.9999999999999999	2	0	0.3333333333333334	0	0	0	0	0	0
0	0	0.8222390419174574	2.088880479041271	0	0.282447709892264	0	0	0	0	0	0
0	0	0.9999999999999999	1.911119520958729	0	0.3435104580215472	0	0	0	0	0	0
1	1	0.7925543046219031	2.106526259191897	0.5	0.2733812624990599	1.261743194338035	0.47471518365198	-0.7870280106860548	0.9252626853144199	0.47202521031254	-3.936840004528348
1	0	0.9999999999999999	1.911513004306516	1	0.3434640334839194	1	0	-1	1	0.3434640334839194	-5.002159962637917
0	0	0.7687113361806192	1.490350848573589	0	0.3402789623802485	0	0	0	0	0	0
0	0	0.9999999999999999	2	0	0.3333333333333334	0	0	0	0	0	0
0	0	0.9999999999999999	2	0	0.3333333333333334	0	0	0	0	0	0
0	0	0.7409378152457911	2.259062184754209	0	0.246979271748597	0	0	0	0	0	0
0	0	0.9999999999999999	2	0	0.3333333333333334	0	0	0	0	0	0
0	0	0.7687113361806192	2.099060422911093	0	0.2680517840178771	0	0	0	0	0	0
0	0	0.7409378152457911	2.259062184754209	0	0.246979271748597	0	0	0	0	0	0
1	0	0.9999999999999999	2	1	0.3333333333333334	1	0	-1	1	0.3333333333333334	-5.002159962637917
0	0	0.7687113361806192	1.490350848573589	0	0.3402789623802485	0	0	0	0	0	0
0	0	0.9999999999999999	2	0	0.3333333333333334	0	0	0	0	0	0
1	0	0.9999999999999999	2	1	0.3333333333333334	1	0	-1	1	0.3333333333333334	-5.002159962637917
0	0	0.9000262522849404	2.099973747715059	0	0.3000087507616468	0	0	0	0	0	0
0	1	0.7409378152457909	2.259062184754209	0	0.246979271748597	0	0.4426615640546444	0.4426615640546444	0.753020728251403	0.246979271748597	2.214263952712821
0	0	0.7687113361806192	1.490350848573589	0	0.3402789623802485	0	0	0	0	0	0
0	0	0.9000262522849404	2.099973747715059	0	0.3000087507616468	0	0	0	0	0	0
0	0	0.7409378152457911	2.259062184754209	0	0.246979271748597	0	0	0	0	0	0
1	0	0.9999999999999998	1.998951519965284	1	0.3334498718444025	1	0	-1	1	0.3334498718444026	-5.002159962637917
0	0	0.8222390419174574	2.045532717174255	0	0.2867170440990321	0	0	0	0	0	0
0	0	1.740937815245791	1.259062184754209	0	0.5803126050819304	0	0	0	0	0	0
1	0	0.7409378152457909	2.259062184754209	1	0.246979271748597	1.349640927246061	0	-1.349640927246061	1	0.246979271748597	-6.751119810207759
2	0	1.042057158399345	1.492632836904198	1	0.4111181881532431	1.919280515353022	0	-1.919280515353022	1	0.1690181646304053	-9.600548150969951
1	0	1.562623456649802	1.277254519637473	1	0.5502431687901971	0.6399494361514048	0	-0.6399494361514048	1	0.5502431687901971	-3.201129447629266
0	0	0.9000262522849404	2.099973747715059	0	0.3000087507616468	0	0	0	0	0	0
0	0	0.9999999999999999	2	0	0.3333333333333334	0	0	0	0	0	0
0	0	0.7687113361806192	2.099060422911093	0	0.2680517840178771	0	0	0	0	0	0
0	0	0.9999999999999999	2	0	0.3333333333333334	0	0	0	0	0	0
0	0	0.7409378152457911	2.259062184754209	0	0.246979271748597	0	0	0	0	0	0
0	0	0.8222390419174574	2.088880479041271	0	0.282447709892264	0	0	0	0	0	0
0	0	0.7687113361806192	2.099060422911093	0	0.2680517840178771	0	0	0	0	0	0
0	0	0.7409378152457911	2.259062184754209	0	0.246979271748597	0	0	0	0	0	0
0	0	0.7409378152457911	2.259062184754209	0	0.246979271748597	0	0	0	0	0	0
0	0	0.8222390419174574	1.436823142836751	0	0.3639736203219741	0	0	0	0	0	0
0	0	0.9000262522849404	2.099973747715059	0	0.3000087507616468	0	0	0	0	0	0
0	0	0.7687113361806192	2.142408184778109	0	0.2640603831777601	0	0	0	0	0	0
1	0	0.7691184074432914	2.098653351648421	1	0.2681937309009865	1.300189919162391	0	-1.300189919162391	1	0.2681937309009865	-6.50375795745954
0	0	0.7687113361806192	2.142408184778109	0	0.2640603831777601	0	0	0	0	0	0
1	0	0.7409378152457911	2.259062184754209	1	0.246979271748597	1.349640927246061	0	-1.349640927246061	1	0.246979271748597	-6.751119810207758
0	0	0.9999999999999999	1.740937815245791	0	0.3648386309378296	0	0	0	0	0	0
0	0	0.7687113361806192	2.142408184778109	0	0.2640603831777601	0	0	0	0	0	0
2	0	0.9999999999999999	2	1	0.3333333333333334	2	0	-2	1	0.111111111111111	-10.00431992527583
1	0	0.7691072119431929	2.142012309015535	1	0.2641963706422814	1.30020884536168	0	-1.30020884536168	1	0.2641963706422814	-6.503852629335871
0	0	0.9999999999999999	2	0	0.3333333333333334	0	0	0	0	0	0
2	0	0.8691929459355785	2.002089537813198	1	0.3027194122679114	2.300985079725018	0	-2.300985079725018	1	0.0916390425638296	-11.50989544042769
1	1	0.9009171989097198	2.09908280109028	0.5	0.3003057329699067	1.109979919586605	0.4763985486806868	-0.6335813709059182	0.9098164667454072	0.5104279326852205	-3.169275366618827
0	0	0.8222390419174574	1.436823142836751	0	0.3639736203219741	0	0	0	0	0	0
0	0	0.7409378152457911	2.259062184754209	0	0.246979271748597	0	0	0	0	0	0
1	1	0.9983777487912334	2.001622251208766	0.5	0.3327925829304113	1.001624887183965	0.4995947658935681	-0.5020301212903967	0.8892490967465053	0.5548342626073279	-2.511234972757079
0	0	0.8222390419174574	2.088880479041271	0	0.282447709892264	0	0	0	0	0	0
0	0	0.7687113361806192	2.099060422911093	0	0.2680517840178771	0	0	0	0	0	0
0	0	0.7409378152457911	2	0	0.2703227381243409	0	0	0	0	0	0
0	1	0.9999999999999999	2	0	0.3333333333333334	0	0.5000000000000001	0.5000000000000001	0.6666666666666666	0.3333333333333334	2.501079981318958
0	0	0.8222390419174574	2.088880479041271	0	0.282447709892264	0	0	0	0	0	0
0	0	0.7409378152457911	2.259062184754209	0	0.246979271748597	0	0	0	0	0	0
3	0	0.9999999999999997	1.999999999999999	1	0.3333333333333333	3.000000000000001	0	-3.000000000000001	1	0.03703703703703698	-15.00647988791375
0	0	0.7687113361806192	2.099060422911093	0	0.2680517840178771	0	0	0	0	0	0
0	0	0.2312886638193807	2.768711336180619	0	0.0770962212731269	0	0	0	0	0	0
0	0	0.7409378152457911	2.259062184754209	0	0.246979271748597	0	0	0	0	0	0
0	0	0.9999999999999999	2	0	0.3333333333333334	0	0	0	0	0	0
0	0	0	1.355521916165085	0	0	0	0	0	0	0	0
0	0	0.9999999999999999	1.740937815245791	0	0.3648386309378296	0	0	0	0	0	0
0	0	0.7409378152457911	2	0	0.2703227381243409	0	0	0	0	0	0
2	0	0.7409378152457911	2.259062184754209	1	0.246979271748597	2.699281854492122	0	-2.699281854492122	1	0.06099876067346732	-13.50223962041552
0	0	0.9999999999999999	2	0	0.3333333333333334	0	0	0	0	0	0
0	0	0.8222390419174574	2.088880479041271	0	0.282447709892264	0	0	0	0	0	0
0	0	0.9999999999999999	2	0	0.3333333333333334	0	0	0	0	0	0
0	0	0.9999999999999999	2	0	0.3333333333333334	0	0	0	0	0	0
1	0	0.9999999999999999	2	1	0.3333333333333334	1	0	-1	1	0.3333333333333334	-5.002159962637917
0	0	0.9999999999999999	2	0	0.3333333333333334	0	0	0	0	0	0
0	0	1.740937815245791	1.259062184754209	0	0.5803126050819304	0	0	0	0	0	0
1	0	0.8204848658257041	2.090634655133024	1	0.2818451320595354	1.218791523952899	0	-1.218791523952899	1	0.2818451320595354	-6.096590163919642
1	0	0.7409378152457912	2.259062184754209	1	0.2469792717485971	1.349640927246061	0	-1.349640927246061	1	0.2469792717485971	-6.751119810207757
0	0	0.7687113361806192	1.490350848573589	0	0.3402789623802485	0	0	0	0	0	0
1	0	0.7409378152457912	2.259062184754209	1	0.246979271748597	1.349640927246061	0	-1.349640927246061	1	0.246979271748597	-6.751119810207757
0	0	0.9999999999999999	2	0	0.3333333333333334	0	0	0	0	0	0
0	0	0.9000262522849404	2.099973747715059	0	0.3000087507616468	0	0	0	0	0	0
0	0	0.7409378152457911	2.259062184754209	0	0.246979271748597	0	0	0	0	0	0
1	0	1.740937815245791	1.259062184754209	1	0.5803126050819303	0.5744030552055169	0	-0.5744030552055169	1	0.5803126050819303	-2.873255965165933
0	0	0.9999999999999999	2	0	0.3333333333333334	0	0	0	0	0	0
1	0	0.7409378152457912	2.259062184754209	1	0.246979271748597	1.349640927246061	0	-1.349640927246061	1	0.246979271748597	-6.751119810207757
0	1	0.9999999999999999	1.742907949575422	0	0.3645765801782707	0	0.57375376608019	0.57375376608019	0.6354234198217292	0.3645765801782708	2.870008117099046
0	0	0.7687113361806192	2.142408184778109	0	0.2640603831777601	0	0	0	0	0	0
0	0	0	3	0	0	0	0	0	0	0	0
0	0	0.7409378152457911	2.259062184754209	0	0.246979271748597	0	0	0	0	0	0
0	0	0.7687113361806192	2.099060422911093	0	0.2680517840178771	0	0	0	0	0	0
3	0	1.732276050794451	1.259972041343277	1	0.5789212650335002	1.731825593631079	0	-1.731825593631079	1	0.1940253642008004	-8.662868646733022
0	0	0.7409378152457911	2.259062184754209	0	0.246979271748597	0	0	0	0	0	0
1	0	0.7691854480073382	2.14193407295139	1	0.2642232455485098	1.300076597380531	0	-1.300076597380531	1	0.2642232455485098	-6.503191103779427
0	1	0.7747282309222655	2.093043528169447	0	0.2701498919731462	0	0.4777731502194745	0.4777731502194745	0.7298501080268538	0.2701498919731462	2.389897723251246
0	0	0.9999999999999999	2	0	0.3333333333333334	0	0	0	0	0	0
0	0	0.8222390419174574	2.045532717174255	0	0.2867170440990321	0	0	0	0	0	0
0	0	0.8222390419174574	2.045532717174255	0	0.2867170440990321	0	0	0	0	0	0
0	0	0.7687113361806192	1.490350848573589	0	0.3402789623802485	0	0	0	0	0	0
0	0	1.740937815245791	1.259062184754209	0	0.5803126050819304	0	0	0	0	0	0
0	0	0.9212994648285511	2.078700535171448	0	0.3070998216095171	0	0	0	0	0	0
0	0	0.7687113361806192	2.142408184778109	0	0.2640603831777601	0	0	0	0	0	0
0	0	0.7409378152457911	2.259062184754209	0	0.246979271748597	0	0	0	0	0	0
0	0	0.9999999999999999	2	0	0.3333333333333334	0	0	0	0	0	0
0	0	0.8222390419174574	2.088880479041271	0	0.282447709892264	0	0	0	0	0	0
0	0	0.7409378152457911	2.259062184754209	0	0.246979271748597	0	0	0	0	0	0
0	0	0	3	0	0	0	0	0	0	0	0
0	0	0.9999999999999999	2	0	0.3333333333333334	0	0	0	0	0	0
0	0	0.7409378152457911	2.259062184754209	0	0.246979271748597	0	0	0	0	0	0
1	0	0.9999999999999999	2	1	0.3333333333333334	1	0	-1	1	0.3333333333333334	-5.002159962637917
0	0	0.7409378152457911	2.099973747715059	0	0.260809884019611	0	0	0	0	0	0
0	0	0.7409378152457911	2.259062184754209	0	0.246979271748597	0	0	0	0	0	0
0	0	0.7687113361806192	2.099060422911093	0	0.2680517840178771	0	0	0	0	0	0
0	0	0.2312886638193807	2.768711336180619	0	0.0770962212731269	0	0	0	0	0	0
0	0	0.7409378152457911	2	0	0.2703227381243409	0	0	0	0	0	0
0	0	0.7409378152457911	2.259062184754209	0	0.246979271748597	0	0	0	0	0	0
0	0	0.7687113361806192	2.099060422911093	0	0.2680517840178771	0	0	0	0	0	0
0	0	0.7409378152457911	2.099973747715059	0	0.260809884019611	0	0	0	0	0	0
0	0	0.7409378152457911	2.259062184754209	0	0.246979271748597	0	0	0	0	0	0
0	0	0.7409378152457911	2.259062184754209	0	0.246979271748597	0	0	0	0	0	0
0	0	0.9999999999999999	2	0	0.3333333333333334	0	0	0	0	0	0
0	0	0.7409378152457911	2.099973747715059	0	0.260809884019611	0	0	0	0	0	0
0	1	0.2288955071750372	2.771104492824962	0	0.0762985023916791	0	0.3608669404525286	0.3608669404525286	0.9237014976083209	0.07629850239167912	1.805114161371279
0	0	0.9999999999999999	1.911119520958729	0	0.3435104580215472	0	0	0	0	0	0
0	0	0.9999999999999999	1.740937815245791	0	0.3648386309378296	0	0	0	0	0	0
1	0	0.8713384054989651	2.128661594501034	1	0.2904461351663217	1.147659730925504	0	-1.147659730925504	1	0.2904461351663217	-5.740777556767358
0	0	0.8677717590917128	2	0	0.3025944293999727	0	0	0	0	0	0
0	0	0.7409378152457911	2.259062184754209	0	0.246979271748597	0	0	0	0	0	0
0	0	0.9999999999999999	1.911119520958729	0	0.3435104580215472	0	0	0	0	0	0
0	0	0.9999999999999999	2	0	0.3333333333333334	0	0	0	0	0	0
0	0	0.7409378152457911	2	0	0.2703227381243409	0	0	0	0	0	0
1	3	0.7420855548996496	2.257914445100351	0.25	0.2473618516332165	1.34755351778169	1.32865973133303	-0.01889378644865958	0.7427252036131955	0.6791183300839789	-0.09450974211611574
1	0	0.7409378152457909	2.259062184754209	1	0.246979271748597	1.349640927246061	0	-1.349640927246061	1	0.246979271748597	-6.751119810207759
0	3	0.7409378152457912	2.255230149607165	0	0.2472951529879115	0	1.330241173178075	1.330241173178075	0.4264559105661512	0.5735440894338488	6.654079137123855
2	0	1	2	1	0.3333333333333333	2	0	-2	1	0.1111111111111109	-10.00431992527583
0	0	0.7409378152457911	2	0	0.2703227381243409	0	0	0	0	0	0
1	0	0.8873867487138329	2.028839460974335	1	0.3042928376974985	1.126904364359043	0	-1.126904364359043	1	0.3042928376974985	-5.636955893118736
0	0	0.7409378152457911	2.259062184754209	0	0.246979271748597	0	0	0	0	0	0
0	0	0.7687113361806192	2.142408184778109	0	0.2640603831777601	0	0	0	0	0	0
2	0	0.9999999999999999	2	1	0.3333333333333334	2	0	-2	1	0.111111111111111	-10.00431992527583
1	0	1.509964838325211	1.231562585646439	1	0.5507750260392164	0.6622670770990652	0	-0.6622670770990652	1	0.5507750260392164	-3.312765857638181
0	0	0.7409378152457911	2.259062184754209	0	0.246979271748597	0	0	0	0	0	0
0	0	0.7409378152457911	2.259062184754209	0	0.246979271748597	0	0	0	0	0	0
1	0	1.159088437039149	1.759852023868442	1	0.3970921820991005	0.8627469380632118	0	-0.8627469380632118	1	0.3970921820991005	-4.315598191468252
1	0	0.7409378152457911	2.259062184754209	1	0.246979271748597	1.349640927246061	0	-1.349640927246061	1	0.246979271748597	-6.751119810207758
0	0	0.8222390419174574	1.436823142836751	0	0.3639736203219741	0	0	0	0	0	0
1	0	0.9000262522849404	2.099973747715059	1	0.3000087507616468	1.111078701828143	0	-1.111078701828143	1	0.3000087507616469	-5.557793397624446
1	0	0.8189877881703433	2.048783970921368	1	0.2855833228616964	1.221019427205436	0	-1.221019427205436	1	0.2855833228616964	-6.107734492370114
1	0	0.9999999999999998	1.922440870168967	1	0.3421797204547659	1	0	-1	1	0.3421797204547659	-5.002159962637917
1	0	0.9999999999999998	2	1	0.3333333333333334	1	0	-1	1	0.3333333333333334	-5.002159962637917
0	0	0.8222390419174574	2.088880479041271	0	0.282447709892264	0	0	0	0	0	0
1	0	1.723404896051727	1.276595103948273	1	0.5744682986839089	0.5802466978543304	0	-0.5802466978543304	1	0.5744682986839089	-2.902486800459791
1	0	0.8216053661959979	2.046166392895715	1	0.2864960796099822	1.217129343531387	0	-1.217129343531387	1	0.2864960796099822	-6.088275671564475
1	0	0.9999999999999999	1.744214091626977	1	0.3644030555236761	1	0	-1	1	0.3644030555236761	-5.002159962637917
2	0	0.9999999999999999	1.987757883234437	1	0.3346991419925354	2	0	-2	1	0.1120235156505394	-10.00431992527583
0	0	0.7409378152457911	2	0	0.2703227381243409	0	0	0	0	0	0
0	0	0.7687113361806192	2.099060422911093	0	0.2680517840178771	0	0	0	0	0	0
0	0	0.7409378152457911	2.259062184754209	0	0.246979271748597	0	0	0	0	0	0
0	0	0	1.355521916165085	0	0	0	0	0	0	0	0
0	0	0.9000262522849404	2.099973747715059	0	0.3000087507616468	0	0	0	0	0	0
0	0	1.740937815245791	1.259062184754209	0	0.5803126050819304	0	0	0	0	0	0
0	0	0	1.355521916165085	0	0	0	0	0	0	0	0
0	0	0.9000262522849404	2.099973747715059	0	0.3000087507616468	0	0	0	0	0	0
0	0	0.9999999999999999	2	0	0.3333333333333334	0	0	0	0	0	0
0	0	0.7409378152457911	2.259062184754209	0	0.246979271748597	0	0	0	0	0	0
0	0	0.9999999999999999	2	0	0.3333333333333334	0	0	0	0	0	0
0	2	0.2460577893547849	2.753942210645214	0	0.08201926311826166	0	0.7262316515826325	0.7262316515826325	0.8426886332859392	0.1573113667140608	3.632726891147052
0	0	0.9999999999999999	1.740937815245791	0	0.3648386309378296	0	0	0	0	0	0
0	0	0.7409378152457911	2.099973747715059	0	0.260809884019611	0	0	0	0	0	0
0	0	0.7409378152457911	2.259062184754209	0	0.246979271748597	0	0	0	0	0	0
0	0	1.563176857163249	1.277734705797602	0	0.5502377749253401	0	0	0	0	0	0
0	0	0.9999999999999999	2	0	0.3333333333333334	0	0	0	0	0	0
0	0	0.7409378152457911	2.099973747715059	0	0.260809884019611	0	0	0	0	0	0
0	2	0.996134714683736	2.003865285316264	0	0.3320449048945787	0	0.9980710852448079	0.9980710852448079	0.4461640090772926	0.5538359909227074	4.992511222478152
0	1	0.9999999999999999	2	0	0.3333333333333334	0	0.5000000000000001	0.5000000000000001	0.6666666666666666	0.3333333333333334	2.501079981318958
0	0	1.563176857163249	1.277734705797602	0	0.5502377749253401	0	0	0	0	0	0
0	0	1.563176857163249	1.277734705797602	0	0.5502377749253401	0	0	0	0	0	0
2	0	0.9999999999999998	1.998555048514111	1	0.3334939608647621	2	0	-2	1	0.1112182219332675	-10.00431992527583
0	0	0.7409378152457911	2.259062184754209	0	0.246979271748597	0	0	0	0	0	0
0	0	0.9000262522849404	2.099973747715059	0	0.3000087507616468	0	0	0	0	0	0
0	0	0	3	0	0	0	0	0	0	0	0
0	0	0	1.355521916165085	0	0	0	0	0	0	0	0
1	0	0.9999999999999999	2	1	0.3333333333333334	1	0	-1	1	0.3333333333333334	-5.002159962637917
0	0	0.7409378152457911	2.099973747715059	0	0.260809884019611	0	0	0	0	0	0
0	0	0.7687113361806192	1.490350848573589	0	0.3402789623802485	0	0	0	0	0	0
4	0	0.7980465365233547	2.069725222568358	1	0.2782810500847229	5.012239032357408	0	-5.012239032357408	1	0.005997006698596707	-25.07202141082923
0	0	0.9999999999999999	2	0	0.3333333333333334	0	0	0	0	0	0
0	0	0.7409378152457911	2.259062184754209	0	0.246979271748597	0	0	0	0	0	0
0	0	0.9000262522849404	2.099973747715059	0	0.3000087507616468	0	0	0	0	0	0
0	0	0.9212994648285511	2.078700535171448	0	0.3070998216095171	0	0	0	0	0	0
0	0	0.7409378152457911	2.099973747715059	0	0.260809884019611	0	0	0	0	0	0
0	0	0.7409378152457911	2.259062184754209	0	0.246979271748597	0	0	0	0	0	0
0	0	0.9000262522849404	2.099973747715059	0	0.3000087507616468	0	0	0	0	0	0
0	0	0.7409378152457911	2.099973747715059	0	0.260809884019611	0	0	0	0	0	0
0	0	0.9000262522849404	2.099973747715059	0	0.3000087507616468	0	0	0	0	0	0