Observed S Changes	Observed NS Changes	E[S Sites]	E[NS Sites]	Observed S. Prop.	P{S}	dS	dN	dN-dS	P{S leq. observed}	P{S geq. observed}	Scaled dN-dS
0	0	0	3.000000000000001	0	0	0	0	0	0	0	0
0	0	0.8536236933219674	2.036256832832905	0	0.2953837314713337	0	0	0	0	0	0
4	0	1	2.000000000000001	1	0.3333333333333333	3.999999999999998	0	-3.999999999999998	1	0.01234567901234551	-3.360106039457246
0	1	0.916097218038756	2.083902781961245	0	0.3053657393462519	0	0.4798688348881897	0.4798688348881897	0.6946342606537481	0.3053657393462519	0.4031025425637798
0	0	0.9164302836110267	2.083569716388974	0	0.3054767612036755	0	0	0	0	0	0
5	0	1	2.000000000000001	1	0.3333333333333333	4.999999999999998	0	-4.999999999999998	1	0.004115226337448097	-4.200132549321558
0	0	1.637237798435363	1.229946023067007	0	0.5710264497717034	0	0	0	0	0	0
0	0	0.7836141051133959	2.216385894886605	0	0.2612047017044652	0	0	0	0	0	0
0	0	0.7836141051133959	2	0	0.2815096042493554	0	0	0	0	0	0
0	1	0.9171288521996566	2.082871147800345	0	0.3057096173998854	0	0.4801065111762045	0.4801065111762045	0.6942903826001146	0.3057096173998854	0.4033021969464783
0	1	1.780348287395616	1.217028222754456	0	0.5939688528841103	0	0.8216736319694675	0.8216736319694675	0.4060311471158897	0.5939688528841103	0.6902276333108449
1	0	0.7836141051133958	2.083569716388974	1	0.2733044526956041	1.276138335788751	0	-1.276138335788751	1	0.2733044526956041	-1.071990032316676
5	0	1.782636878317427	1.21647642402288	1	0.5943879735808503	2.804833704954728	0	-2.804833704954728	1	0.07419080240658449	-2.356134667922908
0	1	0.9985336585961729	2.001466341403828	0	0.3328445528653909	0	0.4996336832217724	0.4996336832217724	0.6671554471346091	0.3328445528653909	0.4197055391274367
1	3	0.7863254805956281	2.213674519404373	0.25	0.262108493531876	1.271738007577367	1.35521278024522	0.08347477266785219	0.7176920365801465	0.7035373095189132	0.07012102194589273
2	0	1	2	1	0.3333333333333333	2	0	-2	1	0.1111111111111109	-1.680053019728623
0	0	0.8081421289396583	1.408243765946946	0	0.3646215809278125	0	0	0	0	0	0
1	2	0.8085668985404655	2.082979266696795	0.3333333333333333	0.2796313295154048	1.236756045548103	0.9601631816391606	-0.276592863908942	0.8091497643062859	0.6261783500295279	-0.2323453381228031
1	4	0.9731680100482549	2.026831989951746	0.2	0.3243893366827516	1.027571796107863	1.973523222363996	0.9459514262561333	0.4786877814480885	0.8592389565352299	0.7946242750991077
1	0	1	2	1	0.3333333333333333	0.9999999999999998	0	-0.9999999999999998	1	0.3333333333333333	-0.8400265098643117
0	1	0.9985593041086368	1.928252542552348	0	0.3411764597194146	0	0.5186042688559568	0.5186042688559568	0.6588235402805854	0.3411764597194146	0.4356413339678026
0	1	0.7843931411530031	2.215606858846998	0	0.2614643803843342	0	0.451343610896926	0.451343610896926	0.7385356196156658	0.2614643803843342	0.3791405982113008
0	0	0.7836141051133959	2.216385894886605	0	0.2612047017044652	0	0	0	0	0	0
1	1	0.7836141051133959	2.216385894886605	0.5	0.2612047017044652	1.27613833578875	0.4511849684240848	-0.8249533673646655	0.9317721038074815	0.4541815072164117	-0.6929826979881516
0	0	0.7836141051133959	2.216385894886605	0	0.2612047017044652	0	0	0	0	0	0
1	1	0.9991654709973257	2.000834529002675	0.5	0.3330551569991085	1.000835226023014	0.4997914547678535	-0.5010437712551608	0.8890742623962992	0.5551845763945162	-0.4208900504567253
1	0	1	2	1	0.3333333333333333	0.9999999999999998	0	-0.9999999999999998	1	0.3333333333333333	-0.8400265098643117
0	1	0.9995099530971358	2.00012138268167	0	0.3332109320152936	0	0.4999696561711902	0.4999696561711902	0.6667890679847064	0.3332109320152936	0.4199877653115449
1	0	1.783124916338839	1.216431212756948	1	0.5944629270452625	0.560813205422101	0	-0.560813205422101	1	0.5944629270452625	-0.4710979596365449
0	0	0.7836141051133959	2.083569716388974	0	0.2733044526956041	0	0	0	0	0	0
1	0	1.003277970587354	1.996722029412647	1	0.3344259901957845	0.996732739396805	0	-0.996732739396805	1	0.3344259901957845	-0.8372819243429929
0	0	1	2	0	0.3333333333333333	0	0	0	0	0	0
1	0	0.7836141051133959	2.216385894886605	1	0.2612047017044652	1.27613833578875	0	-1.27613833578875	1	0.2612047017044652	-1.071990032316675
0	0	0.7836141051133959	2.216385894886605	0	0.2612047017044652	0	0	0	0	0	0
0	0	1	2	0	0.3333333333333333	0	0	0	0	0	0
1	0	1	2.000000000000001	1	0.3333333333333333	0.9999999999999996	0	-0.9999999999999996	1	0.3333333333333333	-0.8400265098643116
0	0	1	2	0	0.3333333333333333	0	0	0	0	0	0
1	0	0.7836141051133959	2.216385894886605	1	0.2612047017044652	1.27613833578875	0	-1.27613833578875	1	0.2612047017044652	-1.071990032316675
2	0	1	1.927239270239189	1	0.3416188113376495	2	0	-2	1	0.1167034122597486	-1.680053019728623
4	0	1	2.000000000000001	1	0.3333333333333333	3.999999999999998	0	-3.999999999999998	1	0.01234567901234551	-3.360106039457246
0	0	0.191857871060342	2.808142128939659	0	0.06395262368678065	0	0	0	0	0	0
0	0	1	2	0	0.3333333333333333	0	0	0	0	0	0
0	0	0.8081421289396583	2.081738397215214	0	0.2796455153164865	0	0	0	0	0	0
0	0	1	2	0	0.3333333333333333	0	0	0	0	0	0
0	0	0.9164302836110267	2.083569716388974	0	0.3054767612036755	0	0	0	0	0	0
4	0	1	2.000000000000001	1	0.3333333333333333	3.999999999999998	0	-3.999999999999998	1	0.01234567901234551	-3.360106039457246
1	1	0.7836141051133959	2.216385894886605	0.5	0.2612047017044652	1.27613833578875	0.4511849684240848	-0.8249533673646655	0.9317721038074815	0.4541815072164117	-0.6929826979881516
0	0	0.7836141051133959	2.216385894886605	0	0.2612047017044652	0	0	0	0	0	0
0	2	0.9780002918632447	1.23838560302336	0	0.4412590308030639	0	1.615005855298427	1.615005855298427	0.3121914706591314	0.6878085293408686	1.356647732036766
0	0	0.9164302836110267	2.083569716388974	0	0.3054767612036755	0	0	0	0	0	0
1	0	0.8082942549449168	2.118517591716067	1	0.2761688476377629	1.237173212456084	0	-1.237173212456084	1	0.2761688476377628	-1.039258295757103
1	0	1	2	1	0.3333333333333333	0.9999999999999998	0	-0.9999999999999998	1	0.3333333333333333	-0.8400265098643117
1	0	1	2	1	0.3333333333333333	0.9999999999999998	0	-0.9999999999999998	1	0.3333333333333333	-0.8400265098643117
0	0	0.7836141051133959	2.216385894886605	0	0.2612047017044652	0	0	0	0	0	0
2	0	1	2	1	0.3333333333333333	2	0	-2	1	0.1111111111111109	-1.680053019728623
1	0	1	2.000000000000001	1	0.3333333333333333	0.9999999999999996	0	-0.9999999999999996	1	0.3333333333333333	-0.8400265098643116
4	0	0.8531301854804144	2.07368166118057	1	0.2914878817556028	4.688616190209611	0	-4.688616190209611	1	0.007219082697832224	-3.938561894355087
2	0	1.770169756530538	1.21763136346156	1	0.5924657249392891	1.129835142997765	0	-1.129835142997765	1	0.3510156352278373	-0.9490914718944586
0	0	1	2	0	0.3333333333333333	0	0	0	0	0	0
1	0	0.853585730864007	1.362800164022598	1	0.3851250510271265	1.171528487229738	0	-1.171528487229738	1	0.3851250510271265	-0.9841149863342136
1	2	0.783614105113396	2.216385894886606	0.3333333333333333	0.2612047017044652	1.27613833578875	0.9023699368481696	-0.3737683989405806	0.830959205968224	0.5967518638087297	-0.3139753636596277
1	0	1	2.000000000000001	1	0.3333333333333333	0.9999999999999996	0	-0.9999999999999996	1	0.3333333333333333	-0.8400265098643116
1	0	1	1.78417171240738	1	0.3591732491008371	0.9999999999999998	0	-0.9999999999999998	1	0.3591732491008371	-0.8400265098643117
0	2	0.5745106376929834	2.425489362307018	0	0.1915035458976611	0	0.8245758695464609	0.8245758695464609	0.6536665162960554	0.3463334837039446	0.6926655898134437
1	0	1	1.999694601538781	1	0.3333672699504213	0.9999999999999996	0	-0.9999999999999996	1	0.3333672699504213	-0.8400265098643116
0	3	0.8187425474994042	2.10791499506109	0	0.2797534510249181	0	1.423207295848786	1.423207295848786	0.3736315642796521	0.6263684357203478	1.195531857545281
0	0	0.191857871060342	2.808142128939659	0	0.06395262368678065	0	0	0	0	0	0
2	0	0.7836141051133959	2.083569716388974	1	0.2733044526956041	2.552276671577501	0	-2.552276671577501	1	0.07469532386324362	-2.143980064633351
0	2	0.783614105113396	2.216385894886605	0	0.2612047017044652	0	0.9023699368481697	0.9023699368481697	0.5458184927835883	0.4541815072164117	0.7580146686570476
1	2	0.7846992747724709	2.21530072522753	0.3333333333333333	0.2615664249241569	1.274373549395668	0.9028119646349969	-0.3715615847606707	0.8305401934452441	0.5973438795236861	-0.3121215812461589
0	0	1	2	0	0.3333333333333333	0	0	0	0	0	0
1	0	0.783614105113396	2.216385894886605	1	0.2612047017044652	1.27613833578875	0	-1.27613833578875	1	0.2612047017044652	-1.071990032316675
0	2	0.8544746429500172	1.371069963962307	0	0.3839395715979372	0	1.4587147647959	1.4587147647959	0.3795304514429331	0.6204695485570668	1.225359072759041
1	1	0.9166396871565179	2.083360312843483	0.5	0.3055465623855059	1.090941199700912	0.4799937840013598	-0.6109474156995519	0.9066412982144002	0.5177344229854119	-0.5132120253207155
1	0	1.002618833829777	1.997381166170223	1	0.3342062779432591	0.9973880065470403	0	-0.9973880065470403	1	0.3342062779432591	-0.8378323661202337
0	0	0.7836141051133959	2.216385894886605	0	0.2612047017044652	0	0	0	0	0	0
0	0	1	1.926811846660984	0	0.3416687004123061	0	0	0	0	0	0
2	2	0.8083701879715309	2.116560634487085	0.5	0.2763724125591583	2.474114000936457	0.9449292249946187	-1.529184775941838	0.9330633067209329	0.3069143789227018	-1.284555750272062
3	0	0.7836141051133959	2.216385894886605	1	0.2612047017044652	3.828415007366251	0	-3.828415007366251	1	0.01782144727288992	-3.215970096950026
1	0	0.783614105113396	2.083569716388974	1	0.2733044526956042	1.27613833578875	0	-1.27613833578875	1	0.2733044526956041	-1.071990032316675
1	0	1	2	1	0.3333333333333333	0.9999999999999998	0	-0.9999999999999998	1	0.3333333333333333	-0.8400265098643117
1	0	1.783614105113397	1.216385894886605	1	0.5945380350377987	0.5606593921482939	0	-0.5606593921482939	1	0.5945380350377987	-0.4709687524089779
0	0	0.191857871060342	2.808142128939659	0	0.06395262368678065	0	0	0	0	0	0
0	0	0.7836141051133959	2.216385894886605	0	0.2612047017044652	0	0	0	0	0	0
0	0	1	2	0	0.3333333333333333	0	0	0	0	0	0
0	0	1.783614105113396	1.216385894886604	0	0.5945380350377986	0	0	0	0	0	0
0	0	1.637237798435363	1.229946023067007	0	0.5710264497717034	0	0	0	0	0	0
1	0	1	1.927300184421341	1	0.3416117025926663	0.9999999999999998	0	-0.9999999999999998	1	0.3416117025926663	-0.8400265098643117
2	0	0.7836141051133958	2.216385894886605	1	0.2612047017044652	2.552276671577501	0	-2.552276671577501	1	0.06822789619251846	-2.143980064633351
0	0	1	2	0	0.3333333333333333	0	0	0	0	0	0
1	0	0.8535097376316646	1.36287615725494	1	0.3850907640229916	1.171632795631388	0	-1.171632795631388	1	0.3850907640229917	-0.9842026081568018
1	0	0.7836141051133959	2.083569716388974	1	0.2733044526956041	1.27613833578875	0	-1.27613833578875	1	0.2733044526956041	-1.071990032316675
0	0	0.7836141051133959	2.216385894886605	0	0.2612047017044652	0	0	0	0	0	0
0	2	0.9952995952083205	2.00470040479168	0	0.3317665317361067	0	0.9976553081046697	0.9976553081046697	0.4465359681079917	0.5534640318920083	0.8380569065147705
2	0	0.7836141051133958	2.216385894886605	1	0.2612047017044652	2.552276671577501	0	-2.552276671577501	1	0.06822789619251846	-2.143980064633351
0	0	0.8081421289396583	1.408243765946946	0	0.3646215809278125	0	0	0	0	0	0
2	0	0.783614105113396	2.216385894886605	1	0.2612047017044652	2.5522766715775	0	-2.5522766715775	1	0.06822789619251846	-2.14398006463335
0	0	0.8536236933219674	2.036256832832905	0	0.2953837314713337	0	0	0	0	0	0
1	3	0.8097391611635671	2.082480784065585	0.25	0.2799715016485066	1.234965588873131	1.440589523300744	0.2056239344276125	0.6868259585511221	0.7312188896630103	0.1727295559817955
0	0	0	1.292752613356066	0	0	0	0	0	0	0	0
0	0	0.7836141051133959	2.216385894886605	0	0.2612047017044652	0	0	0	0	0	0
1	0	1.000653925948637	1.999346074051364	1	0.3335513086495457	0.9993465013910604	0	-0.9993465013910604	1	0.3335513086495456	-0.8394775537086432
0	0	0.7836141051133959	2.216385894886605	0	0.2612047017044652	0	0	0	0	0	0
0	0	1	2	0	0.3333333333333333	0	0	0	0	0	0
0	0	0.8081421289396583	2.118669717721326	0	0.2761168709432473	0	0	0	0	0	0
3	0	1.105211179269949	1.285885223765968	1	0.4622194144354402	2.714413368476476	0	-2.714413368476476	1	0.09875169282061202	-2.280179188250325
1	1	0.7839751262913395	2.216024873708662	0.5	0.261325042097113	1.275550673055897	0.45125847271129	-0.8242922003446072	0.9317092223729422	0.4543593065671682	-0.6924273001638546
0	1	0.8098473873508019	2.080033138804071	0	0.2802355945241595	0	0.4807615712194646	0.4807615712194646	0.7197644054758405	0.2802355945241595	0.4038524647483697
0	0	1	2	0	0.3333333333333333	0	0	0	0	0	0
0	3	0.7836141051133961	2.027100937513276	0	0.2787952863343601	0	1.479946037457917	1.479946037457917	0.3751247073248812	0.6248752926751188	1.243193904633292
0	0	0.7836141051133959	2.216385894886605	0	0.2612047017044652	0	0	0	0	0	0
0	1	0.7836345727200245	2.21627353719993	0	0.261219525401041	0	0.4512078419992389	0.4512078419992389	0.738780474598959	0.261219525401041	0.3790265487380285
0	0	0.7836141051133959	2.083569716388974	0	0.2733044526956041	0	0	0	0	0	0
0	0	0.7836141051133959	2	0	0.2815096042493554	0	0	0	0	0	0
1	0	1	2.000000000000001	1	0.3333333333333333	0.9999999999999996	0	-0.9999999999999996	1	0.3333333333333333	-0.8400265098643116
0	0	0.7836141051133959	2	0	0.2815096042493554	0	0	0	0	0	0
0	0	0.7836141051133959	2.216385894886605	0	0.2612047017044652	0	0	0	0	0	0
0	0	1	2	0	0.3333333333333333	0	0	0	0	0	0
1	0	1	2.000000000000001	1	0.3333333333333333	0.9999999999999996	0	-0.9999999999999996	1	0.3333333333333333	-0.8400265098643116
0	0	0.7836141051133959	2.216385894886605	0	0.2612047017044652	0	0	0	0	0	0
0	0	0.7836141051133959	2	0	0.2815096042493554	0	0	0	0	0	0
1	0	1	2	1	0.3333333333333333	0.9999999999999998	0	-0.9999999999999998	1	0.3333333333333333	-0.8400265098643117
0	0	1	2	0	0.3333333333333333	0	0	0	0	0	0
1	0	1	2.000000000000001	1	0.3333333333333333	0.9999999999999996	0	-0.9999999999999996	1	0.3333333333333333	-0.8400265098643116
0	0	0.9353620905371814	2.064637909462819	0	0.3117873635123938	0	0	0	0	0	0
0	0	1	1.783614105113396	0	0.3592451978753223	0	0	0	0	0	0
1	0	1.783293837637975	1.216344950367495	1	0.5945028597338977	0.5607600827716251	0	-0.5607600827716251	1	0.5945028597338977	-0.4710533352018709
0	0	1	2	0	0.3333333333333333	0	0	0	0	0	0
0	0	1	2	0	0.3333333333333333	0	0	0	0	0	0
0	1	1	1.785781725316023	0	0.3589656687429661	0	0.5599788517395842	0.5599788517395842	0.6410343312570339	0.3589656687429661	0.4703970804246279
2	0	1	2.000000000000001	1	0.3333333333333333	1.999999999999999	0	-1.999999999999999	1	0.1111111111111109	-1.680053019728623
2	0	1	1.999877338742462	1	0.3333469629192228	1.999999999999999	0	-1.999999999999999	1	0.1111201976874696	-1.680053019728623
0	0	1	2	0	0.3333333333333333	0	0	0	0	0	0
0	0	1.783614105113396	1.216385894886604	0	0.5945380350377986	0	0	0	0	0	0
2	0	0.853357856183581	2.073453990477403	1	0.2915656697088757	2.3436826479157	0	-2.3436826479157	1	0.08501053975278516	-1.968755554958175
1	0	0.7836141051133959	2.216385894886605	1	0.2612047017044652	1.27613833578875	0	-1.27613833578875	1	0.2612047017044652	-1.071990032316675
0	0	0.7836141051133959	2.216385894886605	0	0.2612047017044652	0	0	0	0	0	0
0	2	0.7836141051133959	2.216385894886605	0	0.2612047017044652	0	0.9023699368481697	0.9023699368481697	0.5458184927835883	0.4541815072164117	0.7580146686570476
0	0	0.8081421289396583	2.118669717721326	0	0.2761168709432473	0	0	0	0	0	0
0	0	0.7836141051133959	2.216385894886605	0	0.2612047017044652	0	0	0	0	0	0
0	0	0.7836141051133959	2.216385894886605	0	0.2612047017044652	0	0	0	0	0	0
0	0	0.7836141051133959	2.216385894886605	0	0.2612047017044652	0	0	0	0	0	0
0	0	0	1.292752613356066	0	0	0	0	0	0	0	0
0	2	0.9990968429867736	2.000903157013227	0	0.3330322809955911	0	0.9995486253244882	0.9995486253244882	0.4448459381939441	0.555154061806056	0.8396473431710006
1	0	1	1.926933868755618	1	0.3416544564517779	0.9999999999999998	0	-0.9999999999999998	1	0.3416544564517778	-0.8400265098643117
1	0	1	2	1	0.3333333333333333	0.9999999999999998	0	-0.9999999999999998	1	0.3333333333333333	-0.8400265098643117
2	1	0.9992762359380015	2.000723764061999	0.6666666666666666	0.3330920786460004	2.001448576551646	0.4998191244401152	-1.501629452111531	0.9630433230022917	0.2589376445747235	-1.261408547766708
0	0	0.8081421289396583	1.408243765946946	0	0.3646215809278125	0	0	0	0	0	0
3	1	0.783614105113396	2.216385894886606	0.75	0.2612047017044652	3.828415007366251	0.4511849684240848	-3.377230038942166	0.995344954181143	0.05732065163498878	-2.836962762621502
0	0	1	1.926811846660984	0	0.3416687004123061	0	0	0	0	0	0
0	0	1	2	0	0.3333333333333333	0	0	0	0	0	0
1	0	0.783614105113396	2.216385894886606	1	0.2612047017044652	1.27613833578875	0	-1.27613833578875	1	0.2612047017044652	-1.071990032316675
0	0	1	2	0	0.3333333333333333	0	0	0	0	0	0
0	2	1	2	0	0.3333333333333333	0	0.9999999999999998	0.9999999999999998	0.4444444444444445	0.5555555555555555	0.8400265098643117
0	0	0.7836141051133959	2.083569716388974	0	0.2733044526956041	0	0	0	0	0	0
0	3	0.2328412602241018	2.759692709213572	0	0.07780739086074767	0	1.08707755395524	1.08707755395524	0.7842687524635857	0.2157312475364143	0.9131739636008539
0	0	0.9353620905371814	2.064637909462819	0	0.3117873635123938	0	0	0	0	0	0
1	4	0.9081457439045715	1.98870062230678	0.2	0.3134946176287189	1.101144840144822	2.011363578375224	0.9102187382304021	0.5006400044886963	0.8475175951288644	0.7646078698887825
1	0	1	1.998735106390858	1	0.3334739363503018	0.9999999999999998	0	-0.9999999999999998	1	0.3334739363503018	-0.8400265098643117
0	3	0.7842284847924714	2.213013234822605	0	0.2616500630096616	0	1.355617740008898	1.355617740008898	0.4025193164067058	0.5974806835932942	1.138754838849821
1	4	0.7836962233666628	2.21593510368574	0.2	0.2612641814675153	1.276004617840472	1.805107014797881	0.5291023969574091	0.6090626760982663	0.7799882962299667	0.4444600398769741
0	0	0.7836141051133959	2.216385894886605	0	0.2612047017044652	0	0	0	0	0	0
0	0	0.7836141051133959	2.216385894886605	0	0.2612047017044652	0	0	0	0	0	0
1	0	0.7836141051133959	2.216385894886605	1	0.2612047017044652	1.27613833578875	0	-1.27613833578875	1	0.2612047017044652	-1.071990032316675
1	0	0.7836141051133959	2.216385894886605	1	0.2612047017044652	1.27613833578875	0	-1.27613833578875	1	0.2612047017044652	-1.071990032316675
1	1	0.8900025891950695	2.000338582568406	0.5	0.3079230223372055	1.123592236854517	0.4999153686852426	-0.6236768681692745	0.9051834123147207	0.5210294569891321	-0.5239051028513402
4	0	1.615423379567905	1.209516123260772	1	0.5718435307907814	2.476131056782108	0	-2.476131056782108	1	0.1069322855297905	-2.080015729595304
0	0	0.7836141051133959	2.216385894886605	0	0.2612047017044652	0	0	0	0	0	0
0	0	0	1.292752613356066	0	0	0	0	0	0	0	0
0	0	1.637237798435363	1.229946023067007	0	0.5710264497717034	0	0	0	0	0	0
0	0	1	2	0	0.3333333333333333	0	0	0	0	0	0
1	0	0.783614105113396	2.216385894886605	1	0.2612047017044652	1.27613833578875	0	-1.27613833578875	1	0.2612047017044652	-1.071990032316675
2	4	1.530537736360955	1.253827053829867	0.3333333333333333	0.5496900915257091	1.30673027687331	3.190232646346107	1.883502369472797	0.2557767102642914	0.9305920382539512	1.582191921749395
0	3	0.7887378789807796	2.189796119180518	0	0.2648074117897199	0	1.369990554701815	1.369990554701815	0.3973775796887711	0.6026224203112289	1.150828384213238
0	4	0.7899309095914968	2.156752293330467	0	0.2680745961453178	0	1.854640429672701	1.854640429672701	0.286990343518865	0.713009656481135	1.557947127191207
2	1	0.854151201367895	2.061940367905763	0.6666666666666666	0.2929095952842961	2.341505809272487	0.4849800777777406	-1.856525731494746	0.9748695192799763	0.2071271315887826	-1.55953083070082
1	0	0.7836141051133959	2.000000000000001	1	0.2815096042493554	1.27613833578875	0	-1.27613833578875	1	0.2815096042493554	-1.071990032316675
0	0	1	2	0	0.3333333333333333	0	0	0	0	0	0
0	0	1	2	0	0.3333333333333333	0	0	0	0	0	0
3	0	1.635416723123373	1.2284209789257	1	0.5710577530120626	1.834394841132908	0	-1.834394841132908	0.9999999999999998	0.1862259062631686	-1.540940296109976
0	0	0.7836141051133959	2.216385894886605	0	0.2612047017044652	0	0	0	0	0	0
0	0	1	2	0	0.3333333333333333	0	0	0	0	0	0
0	0	1	2	0	0.3333333333333333	0	0	0	0	0	0
0	0	0	3.000000000000001	0	0	0	0	0	0	0	0
0	0	1	2	0	0.3333333333333333	0	0	0	0	0	0
0	0	0.7836141051133959	2.216385894886605	0	0.2612047017044652	0	0	0	0	0	0
0	1	0.7839067718463129	2.215632886828085	0	0.2613423595115087	0	0.4513383087717237	0.4513383087717237	0.7386576404884913	0.2613423595115087	0.3791361442855722
2	0	0.8090915414394289	2.117720305221556	1	0.2764412554781991	2.471908180428959	0	-2.471908180428959	1	0.07641976773036285	-2.07646840151078
0	5	0.8076484959588276	1.505704084439515	0	0.3491246871757682	0	3.32070560986836	3.32070560986836	0.1168124134858564	0.8831875865141436	2.789480743744559
0	0	0.7836141051133959	2.216385894886605	0	0.2612047017044652	0	0	0	0	0	0
0	0	0.7836141051133959	2.216385894886605	0	0.2612047017044652	0	0	0	0	0	0
0	0	0.8081421289396583	2.081738397215214	0	0.2796455153164865	0	0	0	0	0	0
1	0	1.637359885753863	1.229934713042006	1	0.5710469675635975	0.6107392813887011	0	-0.6107392813887011	1	0.5710469675635975	-0.5130371869819885
0	0	0.7836141051133959	2	0	0.2815096042493554	0	0	0	0	0	0
0	0	0.9164302836110267	2.083569716388974	0	0.3054767612036755	0	0	0	0	0	0
0	0	0	1.292752613356066	0	0	0	0	0	0	0	0
3	0	1	1.997860235382254	1	0.3335712546560702	2.999999999999999	0	-2.999999999999999	0.9999999999999997	0.03711640076464007	-2.520079529592935
1	0	1	2	1	0.3333333333333333	0.9999999999999998	0	-0.9999999999999998	1	0.3333333333333333	-0.8400265098643117
0	0	0.7836141051133959	2.216385894886605	0	0.2612047017044652	0	0	0	0	0	0
0	0	0.7836141051133959	2.216385894886605	0	0.2612047017044652	0	0	0	0	0	0
3	0	1	2	1	0.3333333333333333	3	0	-3	1	0.03703703703703698	-2.520079529592935
1	1	1	1.99987756499427	0.5	0.3333469377780791	0.9999999999999996	0.5000306106253385	-0.4999693893746611	0.8888798190739773	0.5555736946301357	-0.4199875411953877
3	0	1	2	1	0.3333333333333333	3	0	-3	1	0.03703703703703698	-2.520079529592935
0	0	0.7836141051133959	2.216385894886605	0	0.2612047017044652	0	0	0	0	0	0
0	2	0.8389396692099151	2.071946982885997	0	0.2882076045818745	0	0.9652756641553721	0.9652756641553721	0.5066484141750732	0.4933515858249268	0.810857147217393
0	0	0.7836141051133959	2.216385894886605	0	0.2612047017044652	0	0	0	0	0	0
0	0	0.8081421289396583	1.408243765946946	0	0.3646215809278125	0	0	0	0	0	0
0	1	0.9165696295473762	2.083430370452625	0	0.3055232098491253	0	0.4799776436890234	0.4799776436890234	0.6944767901508747	0.3055232098491253	0.4031939448409866
0	2	0.7839140939554926	2.215785917202412	0	0.2613308300962057	0	0.9026142753561424	0.9026142753561424	0.5456321425663605	0.4543678574336395	0.7582199194811253
2	0	1.783614105113397	1.216385894886605	1	0.5945380350377986	1.121318784296588	0	-1.121318784296588	1	0.3534754751066065	-0.9419375048179558
1	0	0.7836141051133959	2	1	0.2815096042493554	1.27613833578875	0	-1.27613833578875	1	0.2815096042493554	-1.071990032316675
1	0	1	2	1	0.3333333333333333	0.9999999999999998	0	-0.9999999999999998	1	0.3333333333333333	-0.8400265098643117
1	4	0.8166498922860402	1.401516244818421	0.2	0.3681644393652473	1.224514947526301	2.854051827646304	1.629536880120003	0.3940762569235567	0.8993021205725562	1.368854178102386
1	3	1.000000000000001	1.877965685948706	0.25	0.3474676591463098	0.9999999999999993	1.597473277838124	0.5974732778381244	0.5674760774985688	0.8186956749872425	0.50189339231955
0	1	1	1.793370953896108	0	0.357990405322011	0	0.5576091203147316	0.5576091203147316	0.642009594677989	0.357990405322011	0.4684064432064932
0	0	1	1.926811846660984	0	0.3416687004123061	0	0	0	0	0	0
0	0	0.8898805261548723	2	0	0.307929867031182	0	0	0	0	0	0
1	0	0.9109796384514552	2.089020361548545	1	0.3036598794838183	1.097719375704014	0	-1.097719375704014	1	0.3036598794838183	-0.9221133759830744
0	0	1	2	0	0.3333333333333333	0	0	0	0	0	0
2	0	1	2.000000000000001	1	0.3333333333333333	1.999999999999999	0	-1.999999999999999	1	0.1111111111111109	-1.680053019728623
1	0	1	2.000000000000001	1	0.3333333333333333	0.9999999999999996	0	-0.9999999999999996	1	0.3333333333333333	-0.8400265098643116
0	0	1	2	0	0.3333333333333333	0	0	0	0	0	0
0	1	0.8082785294361202	2.081601996718752	0	0.2796927146713481	0	0.4803992317341686	0.4803992317341686	0.7203072853286518	0.2796927146713482	0.4035480899751505
0	2	0.889951434585632	2.000021481203998	0	0.3079445588307425	0	0.9999892595133604	0.9999892595133604	0.4789407336519757	0.5210592663480242	0.8400174875708059
0	0	0.7836141051133959	2.216385894886605	0	0.2612047017044652	0	0	0	0	0	0
0	0	0.8081421289396583	1.408243765946946	0	0.3646215809278125	0	0	0	0	0	0
1	0	0.8089401632497691	1.407445731636836	1	0.3649816420128212	1.236185376162661	0	-1.236185376162661	1	0.3649816420128212	-1.038428487083221
1	3	1	2.000000000000001	0.25	0.3333333333333333	0.9999999999999996	1.499999999999999	0.4999999999999998	0.5925925925925928	0.802469135802469	0.4200132549321558
2	1	1	2	0.6666666666666666	0.3333333333333333	2	0.4999999999999999	-1.5	0.962962962962963	0.2592592592592592	-1.260039764796468
1	1	0.9171973534128917	2.08280264658711	0.5	0.3057324511376304	1.090277895241411	0.4801223013801162	-0.6101555938612947	0.9065276683213763	0.5179925705966373	-0.5125468739854899
2	0	1	2	1	0.3333333333333333	2	0	-2	1	0.1111111111111109	-1.680053019728623
0	1	0.7836141051133959	2.216385894886605	0	0.2612047017044652	0	0.451184968424085	0.451184968424085	0.7387952982955348	0.2612047017044652	0.3790073343285238
0	0	0.9164302836110267	2.083569716388974	0	0.3054767612036755	0	0	0	0	0	0
2	0	1	1.927239450624216	1	0.3416187902861025	2	0	-2	1	0.1167033978765402	-1.680053019728623
2	1	0.9983716236599528	2	0.6666666666666666	0.3329712754022444	2.003262064548825	0.4999999999999999	-1.503262064548825	0.9630835179015077	0.2587766465320076	-1.26277998549437
1	0	0.8900326032919936	2.000216130389404	1	0.3079432551669462	1.123554346550077	0	-1.123554346550077	1	0.3079432551669462	-0.943815436375339
1	0	1	2	1	0.3333333333333333	0.9999999999999998	0	-0.9999999999999998	1	0.3333333333333333	-0.8400265098643117
2	0	0.8904858335632702	2.000860256369643	1	0.3079831351437876	2.245964982954327	0	-2.245964982954327	0.9999999999999999	0.09485361153299665	-1.886670125908582
0	2	0.5103769434358807	2.489623056564121	0	0.1701256478119601	0	0.8033344625110277	0.8033344625110277	0.6886914404195188	0.3113085595804812	0.6748222447968615
0	0	0.9353620905371814	2.064637909462819	0	0.3117873635123938	0	0	0	0	0	0
0	5	0.783614105113396	2.216385894886605	0	0.2612047017044652	0	2.255924842120424	2.255924842120424	0.2201002899137103	0.7798997100862897	1.895036671642619
2	0	0.9164302836110269	2.083569716388974	1	0.3054767612036755	2.182380957686561	0	-2.182380957686561	1	0.0933160516354874	-1.833257859079777
4	0	1	2.000000000000001	1	0.3333333333333333	3.999999999999998	0	-3.999999999999998	1	0.01234567901234551	-3.360106039457246
1	0	0.7836141051133959	2.216385894886605	1	0.2612047017044652	1.27613833578875	0	-1.27613833578875	1	0.2612047017044652	-1.071990032316675
1	0	0.8900325830772277	2.000216101660396	1	0.3079432533875626	1.12355437206868	0	-1.12355437206868	1	0.3079432533875626	-0.943815457811642
0	1	0.2937578455989722	2.706242154401029	0	0.09791928186632401	0	0.3695160827990758	0.3695160827990758	0.902080718133676	0.09791928186632404	0.3104033053724397
0	0	0.7836141051133959	2.216385894886605	0	0.2612047017044652	0	0	0	0	0	0
1	0	0.9164302836110269	2.083569716388974	1	0.3054767612036755	1.091190478843281	0	-1.091190478843281	1	0.3054767612036755	-0.9166289295398884
1	0	0.7836141051133959	2	1	0.2815096042493554	1.27613833578875	0	-1.27613833578875	1	0.2815096042493554	-1.071990032316675
0	0	0	1.292752613356066	0	0	0	0	0	0	0	0
0	0	1	2	0	0.3333333333333333	0	0	0	0	0	0
0	0	0.191857871060342	2.808142128939659	0	0.06395262368678065	0	0	0	0	0	0
0	0	1	2	0	0.3333333333333333	0	0	0	0	0	0
0	0	0.8081421289396583	2.081738397215214	0	0.2796455153164865	0	0	0	0	0	0
3	0	1	2.000000000000001	1	0.3333333333333333	2.999999999999999	0	-2.999999999999999	1	0.03703703703703698	-2.520079529592935
1	0	1	1.926872911651898	1	0.3416615719866054	0.9999999999999996	0	-0.9999999999999996	1	0.3416615719866054	-0.8400265098643116
1	0	0.783614105113396	2.216385894886605	1	0.2612047017044652	1.27613833578875	0	-1.27613833578875	1	0.2612047017044652	-1.071990032316675
0	0	0.191857871060342	2.808142128939659	0	0.06395262368678065	0	0	0	0	0	0
0	0	1	2	0	0.3333333333333333	0	0	0	0	0	0
0	0	1.637237798435363	1.229946023067007	0	0.5710264497717034	0	0	0	0	0	0
0	0	0.9164302836110267	2.083569716388974	0	0.3054767612036755	0	0	0	0	0	0
0	0	0.7836141051133959	2.216385894886605	0	0.2612047017044652	0	0	0	0	0	0
0	0	0.7836141051133959	2.216385894886605	0	0.2612047017044652	0	0	0	0	0	0
0	1	0.999358483021389	2.000273309452087	0	0.3331603850609027	0	0.4999316819729595	0.4999316819729595	0.6668396149390974	0.3331603850609026	0.4199558659783403
0	0	1	2	0	0.3333333333333333	0	0	0	0	0	0
1	0	0.7836141051133959	2.216385894886605	1	0.2612047017044652	1.27613833578875	0	-1.27613833578875	1	0.2612047017044652	-1.071990032316675
1	0	1.782972191754619	1.216303829626152	1	0.5944675245107303	0.560861243167176	0	-0.560861243167176	1	0.5944675245107303	-0.471138312615882
0	0	0.9164302836110267	2.083569716388974	0	0.3054767612036755	0	0	0	0	0	0
0	0	1	2	0	0.3333333333333333	0	0	0	0	0	0
0	0	1	2	0	0.3333333333333333	0	0	0	0	0	0
1	0	0.938322657698017	2.061677342301984	1	0.3127742192326722	1.065731485641939	0	-1.065731485641939	1	0.3127742192326722	-0.8952427003363058
0	0	1	2	0	0.3333333333333333	0	0	0	0	0	0
1	0	0.7836141051133959	2	1	0.2815096042493554	1.27613833578875	0	-1.27613833578875	1	0.2815096042493554	-1.071990032316675
1	0	0.7836141051133959	2.216385894886605	1	0.2612047017044652	1.27613833578875	0	-1.27613833578875	1	0.2612047017044652	-1.071990032316675
0	0	0.8081421289396583	2.081738397215214	0	0.2796455153164865	0	0	0	0	0	0
0	0	0.191857871060342	2.808142128939659	0	0.06395262368678065	0	0	0	0	0	0
0	3	1.13499575431572	1.089243127960044	0	0.5102850073164944	0	2.754206038112408	2.754206038112408	0.1174438286136588	0.8825561713863412	2.31360608564278
0	1	0.7842494609165858	2.215750539083415	0	0.2614164869721952	0	0.4513143435423322	0.4513143435423322	0.7385835130278048	0.2614164869721952	0.3791160128575684
1	0	1	1.999816745776549	1	0.3333536961575747	0.9999999999999998	0	-0.9999999999999998	1	0.3333536961575747	-0.8400265098643117
0	0	0.8081421289396583	2.081738397215214	0	0.2796455153164865	0	0	0	0	0	0
0	0	0.7836141051133959	2.216385894886605	0	0.2612047017044652	0	0	0	0	0	0
0	0	1	1.783614105113396	0	0.3592451978753223	0	0	0	0	0	0
0	0	0.191857871060342	2.808142128939659	0	0.06395262368678065	0	0	0	0	0	0
0	0	0	3.000000000000001	0	0	0	0	0	0	0	0
0	1	0.8881314665059244	2.002024989845283	0	0.3072952900367135	0	0.4994942645932109	0.4994942645932109	0.6927047099632865	0.3072952900367135	0.4195884237834761
0	0	1	1.783614105113396	0	0.3592451978753223	0	0	0	0	0	0
0	0	0.7836141051133959	2.216385894886605	0	0.2612047017044652	0	0	0	0	0	0
1	0	1	2	1	0.3333333333333333	0.9999999999999998	0	-0.9999999999999998	1	0.3333333333333333	-0.8400265098643117
0	0	1	2	0	0.3333333333333333	0	0	0	0	0	0
0	0	0.9164302836110267	2.083569716388974	0	0.3054767612036755	0	0	0	0	0	0
2	0	1	1.998565477202635	1	0.3334928010086013	2	0	-2	0.9999999999999998	0.1112174483245627	-1.680053019728623
1	0	0.808217948441777	2.081662577713096	1	0.2796717515229429	1.237290018030376	0	-1.237290018030376	1	0.2796717515229429	-1.039356415536009
1	0	0.783614105113396	2.083569716388974	1	0.2733044526956042	1.27613833578875	0	-1.27613833578875	1	0.2733044526956041	-1.071990032316675
2	1	0.820018943783427	2.122002808299436	0.6666666666666666	0.2787263361336055	2.43896804477753	0.4712529107354933	-1.967715134042036	0.9783462051430372	0.1897575216494651	-1.652932876456519
1	0	1	1.999639100969213	1	0.3333734380502276	0.9999999999999998	0	-0.9999999999999998	1	0.3333734380502276	-0.8400265098643117
1	3	0.8327518716692586	2.103103061350043	0.25	0.2836488486891405	1.200837889436971	1.42646361708694	0.2256257276499689	0.6804116899618311	0.7366678694719199	0.1895315925333992
1	0	0.783614105113396	2.083569716388974	1	0.2733044526956042	1.27613833578875	0	-1.27613833578875	1	0.2733044526956041	-1.071990032316675
1	0	0.9164302836110269	2.083569716388974	1	0.3054767612036755	1.091190478843281	0	-1.091190478843281	1	0.3054767612036755	-0.9166289295398884
1	0	1	2.000000000000001	1	0.3333333333333333	0.9999999999999996	0	-0.9999999999999996	1	0.3333333333333333	-0.8400265098643116
1	0	1	2	1	0.3333333333333333	0.9999999999999998	0	-0.9999999999999998	1	0.3333333333333333	-0.8400265098643117
1	0	0.7836141051133959	2.216385894886605	1	0.2612047017044652	1.27613833578875	0	-1.27613833578875	1	0.2612047017044652	-1.071990032316675
1	0	1	1.92742363460513	1	0.3415972967420845	0.9999999999999998	0	-0.9999999999999998	1	0.3415972967420845	-0.8400265098643117
1	0	0.7836141051133959	2.216385894886605	1	0.2612047017044652	1.27613833578875	0	-1.27613833578875	1	0.2612047017044652	-1.071990032316675
0	0	0.9164302836110267	2.083569716388974	0	0.3054767612036755	0	0	0	0	0	0
1	0	1	2.000000000000001	1	0.3333333333333333	0.9999999999999996	0	-0.9999999999999996	1	0.3333333333333333	-0.8400265098643116
0	1	0.7836141051133959	2.216385894886605	0	0.2612047017044652	0	0.4511849684240848	0.4511849684240848	0.7387952982955348	0.2612047017044652	0.3790073343285238
0	0	0.7836141051133959	2.216385894886605	0	0.2612047017044652	0	0	0	0	0	0
1	0	0.8089391384820488	2.080941387672824	1	0.2799213085664762	1.236186942167827	0	-1.236186942167827	1	0.2799213085664762	-1.038429802569075
0	0	1	2	0	0.3333333333333333	0	0	0	0	0	0
2	0	0.783614105113396	2.216385894886605	1	0.2612047017044652	2.5522766715775	0	-2.5522766715775	1	0.06822789619251846	-2.14398006463335
0	0	0.8081421289396583	1.408243765946946	0	0.3646215809278125	0	0	0	0	0	0
1	0	0.783614105113396	2.216385894886605	1	0.2612047017044652	1.27613833578875	0	-1.27613833578875	1	0.2612047017044652	-1.071990032316675
0	0	1	2	0	0.3333333333333333	0	0	0	0	0	0
0	0	0.7836141051133959	2.216385894886605	0	0.2612047017044652	0	0	0	0	0	0
1	0	0.9351716730733617	2.064367290214038	1	0.3117718037736182	1.069322380898884	0	-1.069322380898884	1	0.3117718037736182	-0.898259147546286
0	0	0.9164302836110267	2.083569716388974	0	0.3054767612036755	0	0	0	0	0	0
0	0	1	2	0	0.3333333333333333	0	0	0	0	0	0
2	0	0.783614105113396	2.000000000000001	1	0.2815096042493554	2.5522766715775	0	-2.5522766715775	0.9999999999999999	0.07924765728462879	-2.14398006463335
1	0	1	2.000000000000001	1	0.3333333333333333	0.9999999999999996	0	-0.9999999999999996	1	0.3333333333333333	-0.8400265098643116
0	2	1	2	0	0.3333333333333333	0	0.9999999999999998	0.9999999999999998	0.4444444444444445	0.5555555555555555	0.8400265098643117
1	0	0.7836141051133961	2.083569716388975	1	0.2733044526956041	1.27613833578875	0	-1.27613833578875	1	0.2733044526956041	-1.071990032316675
1	0	1	2.000000000000001	1	0.3333333333333333	0.9999999999999996	0	-0.9999999999999996	1	0.3333333333333333	-0.8400265098643116
0	0	0.8898805261548723	2	0	0.307929867031182	0	0	0	0	0	0
0	0	0.7836141051133959	2	0	0.2815096042493554	0	0	0	0	0	0
2	0	1	2	1	0.3333333333333333	2	0	-2	1	0.1111111111111109	-1.680053019728623
1	0	0.8535477139269733	2.0363328122279	1	0.2953574399363354	1.171580667001302	0	-1.171580667001302	1	0.2953574399363355	-0.9841588187256066
0	1	0.8020984584726852	1.607368846401241	0	0.3328945185727077	0	0.6221347404106486	0.6221347404106486	0.6671054814272923	0.3328945185727077	0.5226096746524969
1	4	0.7836141051133962	2.216385894886606	0.2	0.2612047017044652	1.27613833578875	1.804739873696339	0.5286015379075892	0.6091879756678988	0.7798997100862897	0.4440393049974199
0	0	1	2	0	0.3333333333333333	0	0	0	0	0	0
2	0	1.783614105113397	1.216385894886605	1	0.5945380350377987	1.121318784296588	0	-1.121318784296588	0.9999999999999998	0.3534754751066068	-0.9419375048179558
0	0	0.8081421289396583	2.081738397215214	0	0.2796455153164865	0	0	0	0	0	0
0	0	1.637237798435363	1.229946023067007	0	0.5710264497717034	0	0	0	0	0	0
0	0	1	2	0	0.3333333333333333	0	0	0	0	0	0
0	0	1	2	0	0.3333333333333333	0	0	0	0	0	0
1	0	1	1.941994401668361	1	0.3399054734546453	0.9999999999999996	0	-0.9999999999999996	1	0.3399054734546453	-0.8400265098643116
0	0	0	3.000000000000001	0	0	0	0	0	0	0	0
4	0	1.105633045643876	1.191347083867577	1	0.481342015735693	3.617836872513665	0	-3.617836872513665	0.9999999999999999	0.05368031917182892	-3.039078881276072
2	0	0.7836141051133959	2.216385894886605	1	0.2612047017044652	2.552276671577501	0	-2.552276671577501	1	0.06822789619251846	-2.143980064633351
0	0	1	2	0	0.3333333333333333	0	0	0	0	0	0
0	0	1	2	0	0.3333333333333333	0	0	0	0	0	0
0	0	0.8536236933219674	2.073188153339017	0	0.2916564979384695	0	0	0	0	0	0
0	1	0.8098458031948425	2.08003472296003	0	0.2802350463506469	0	0.4807612050711021	0.4807612050711021	0.7197649536493531	0.2802350463506469	0.4038521571740387
0	0	0.8081421289396583	1.408243765946946	0	0.3646215809278125	0	0	0	0	0	0
1	0	1	2.000000000000001	1	0.3333333333333333	0.9999999999999996	0	-0.9999999999999996	1	0.3333333333333333	-0.8400265098643116
0	0	0.8898805261548723	2	0	0.307929867031182	0	0	0	0	0	0
1	0	1	2	1	0.3333333333333333	0.9999999999999998	0	-0.9999999999999998	1	0.3333333333333333	-0.8400265098643117
0	0	0.191857871060342	2.808142128939659	0	0.06395262368678065	0	0	0	0	0	0
1	0	0.7836141051133959	2.216385894886605	1	0.2612047017044652	1.27613833578875	0	-1.27613833578875	1	0.2612047017044652	-1.071990032316675
4	0	1	1.999938904682606	1	0.3333401218401814	3.999999999999998	0	-3.999999999999998	0.9999999999999999	0.012346684747787	-3.360106039457246
0	0	1	2	0	0.3333333333333333	0	0	0	0	0	0
1	0	0.3512506287642866	2.648749371235715	1	0.1170835429214288	2.846969992674572	0	-2.846969992674572	1	0.1170835429214288	-2.391530266634847
3	0	1	2	1	0.3333333333333333	3	0	-3	1	0.03703703703703698	-2.520079529592935
0	0	1	2	0	0.3333333333333333	0	0	0	0	0	0
0	0	0.7836141051133959	2.216385894886605	0	0.2612047017044652	0	0	0	0	0	0
0	0	0.191857871060342	2.808142128939659	0	0.06395262368678065	0	0	0	0	0	0
0	0	0.8081421289396583	2.118669717721326	0	0.2761168709432473	0	0	0	0	0	0
0	0	0.7836141051133959	2.216385894886605	0	0.2612047017044652	0	0	0	0	0	0
1	0	1	2	1	0.3333333333333333	0.9999999999999998	0	-0.9999999999999998	1	0.3333333333333333	-0.8400265098643117
0	0	0	1.292752613356066	0	0	0	0	0	0	0	0
2	0	0.8529015433400146	2.073910303320969	1	0.2914097618926329	2.344936547034348	0	-2.344936547034348	1	0.08491964932632101	-1.969808863458534
1	0	1	1.926995187435554	1	0.341647299009103	0.9999999999999998	0	-0.9999999999999998	1	0.3416472990091031	-0.8400265098643117
0	0	0	3.000000000000001	0	0	0	0	0	0	0	0
1.5	7.5	0.9225483172955394	2.074050355339626	0.1666666666666667	0.3078651558249086	1.625931099627677	3.616112781780496	1.990181682152818	0.3121923728794452	0.8905860736256599	1.671805372454717
0	0	0.7836141051133959	2.216385894886605	0	0.2612047017044652	0	0	0	0	0	0
0	0	1	2	0	0.3333333333333333	0	0	0	0	0	0
0	0	0	1.292752613356066	0	0	0	0	0	0	0	0
3	0	0.7836141051133959	2.000000000000001	1	0.2815096042493554	3.828415007366251	0	-3.828415007366251	0.9999999999999998	0.02230897663988463	-3.215970096950026
1	0	1	2	1	0.3333333333333333	0.9999999999999998	0	-0.9999999999999998	1	0.3333333333333333	-0.8400265098643117
0	0	0.7836141051133959	2.216385894886605	0	0.2612047017044652	0	0	0	0	0	0
0	0	0.9353620905371814	2.064637909462819	0	0.3117873635123938	0	0	0	0	0	0
1	0	0.7836141051133961	2.216385894886606	1	0.2612047017044652	1.27613833578875	0	-1.27613833578875	1	0.2612047017044652	-1.071990032316675
0	1	0.8114038238152265	1.407602248968335	0	0.3656609298042104	0	0.7104279641020208	0.7104279641020208	0.6343390701957896	0.3656609298042104	0.5967783231946292
0	0	0.7836141051133959	2.216385894886605	0	0.2612047017044652	0	0	0	0	0	0
0	0	1	2	0	0.3333333333333333	0	0	0	0	0	0
2	0	0.8533956160863322	2.073416230574652	1	0.2915785710857764	2.343578947794447	0	-2.343578947794447	1	0.08501806311642301	-1.968668444107246
1	0	1	1.928464295312053	1	0.3414759065360029	0.9999999999999998	0	-0.9999999999999998	1	0.3414759065360029	-0.8400265098643117
1	2	0.8007597396429011	2.118397102716382	0.3333333333333333	0.2743119958555298	1.248814033090562	0.9441100525654216	-0.3047039805251408	0.8155411352843907	0.6178359486034184	-0.2559594213022973
1	0	1	1.927056441048263	1	0.3416401494608254	0.9999999999999998	0	-0.9999999999999998	1	0.3416401494608254	-0.8400265098643117
2	0	0.8100418745163971	1.406344020370208	1	0.3654787175758672	2.469008162317559	0	-2.469008162317559	1	0.1335746930009004	-2.074032309418117
0	0	1	2	0	0.3333333333333333	0	0	0	0	0	0
0	0	1	2	0	0.3333333333333333	0	0	0	0	0	0
0	0	0.7836141051133959	2.216385894886605	0	0.2612047017044652	0	0	0	0	0	0
0	0	1	2	0	0.3333333333333333	0	0	0	0	0	0
0	0	0.8081421289396583	2.081738397215214	0	0.2796455153164865	0	0	0	0	0	0
0	0	0.7836141051133959	2.216385894886605	0	0.2612047017044652	0	0	0	0	0	0
1	0	1	2	1	0.3333333333333333	0.9999999999999998	0	-0.9999999999999998	1	0.3333333333333333	-0.8400265098643117
0	0	0.8081421289396583	1.408243765946946	0	0.3646215809278125	0	0	0	0	0	0
0	0	1	2	0	0.3333333333333333	0	0	0	0	0	0
0	0	1	2	0	0.3333333333333333	0	0	0	0	0	0
2	0	0.9140078460240113	2.08599215397599	1	0.3046692820080036	2.18816502363751	0	-2.18816502363751	1	0.09282337139927233	-1.838116627813377
1	1	0.783614105113396	2.216385894886605	0.5	0.2612047017044652	1.27613833578875	0.4511849684240848	-0.8249533673646653	0.9317721038074815	0.4541815072164117	-0.6929826979881514
0	0	0.8081421289396583	1.408243765946946	0	0.3646215809278125	0	0	0	0	0	0
0	0	0.9164302836110267	2.083569716388974	0	0.3054767612036755	0	0	0	0	0	0
1	0	0.7836141051133958	2.216385894886605	1	0.2612047017044652	1.276138335788751	0	-1.276138335788751	1	0.2612047017044652	-1.071990032316676
3	0	1	1.997923498253265	1	0.3335642155587521	2.999999999999999	0	-2.999999999999999	0.9999999999999999	0.03711405109775301	-2.520079529592935
0	0	0.8536236933219674	2.036256832832905	0	0.2953837314713337	0	0	0	0	0	0
0	0	1.783614105113396	1.216385894886604	0	0.5945380350377986	0	0	0	0	0	0
0	0	0.7836141051133959	2.216385894886605	0	0.2612047017044652	0	0	0	0	0	0
6	0	1.036106601808226	1.557961042898319	1	0.3994138718481398	5.790909921362074	0	-5.790909921362074	1	0.004060119950634156	-4.8645178501804
0	0	1.637237798435363	1.229946023067007	0	0.5710264497717034	0	0	0	0	0	0
1	0	0.9152213971167319	2.084778602883269	1	0.3050737990389105	1.092631797235456	0	-1.092631797235456	1	0.3050737990389105	-0.9178396751984709
1	0	1	1.99969338609296	1	0.3333674050275118	0.9999999999999996	0	-0.9999999999999996	1	0.3333674050275118	-0.8400265098643116
0	1	0.8084843606000595	2.081396165554813	0	0.2797639394718465	0	0.4804467388520637	0.4804467388520637	0.7202360605281535	0.2797639394718465	0.4035879972135896
0	0	1	2	0	0.3333333333333333	0	0	0	0	0	0
1	0	0.7836141051133959	2.216385894886605	1	0.2612047017044652	1.27613833578875	0	-1.27613833578875	1	0.2612047017044652	-1.071990032316675
0	0	0.8536236933219674	2.073188153339017	0	0.2916564979384695	0	0	0	0	0	0
0	0	0.8081421289396583	2.081738397215214	0	0.2796455153164865	0	0	0	0	0	0
2	0	0.7836141051133959	2.216385894886605	1	0.2612047017044652	2.552276671577501	0	-2.552276671577501	1	0.06822789619251846	-2.143980064633351
1	0	0.783614105113396	2.216385894886605	1	0.2612047017044652	1.27613833578875	0	-1.27613833578875	1	0.2612047017044652	-1.071990032316675
0	0	0.8536236933219674	1.362762201564637	0	0.3851421791175226	0	0	0	0	0	0
0	0	0.9164302836110267	2.083569716388974	0	0.3054767612036755	0	0	0	0	0	0
1	0	0.8082939434876281	2.118517903173357	1	0.2761687412225557	1.237173689172034	0	-1.237173689172034	1	0.2761687412225557	-1.039258696211138
1	0	0.8086736300094755	2.081206896145397	1	0.2798294333245172	1.236592814320263	0	-1.236592814320263	1	0.2798294333245172	-1.038770745936737
0	0	0.8081421289396583	2.118669717721326	0	0.2761168709432473	0	0	0	0	0	0
1	0	0.7836141051133961	2.216385894886606	1	0.2612047017044652	1.27613833578875	0	-1.27613833578875	1	0.2612047017044652	-1.071990032316675
0	0	1	1.783614105113396	0	0.3592451978753223	0	0	0	0	0	0
0	0	0.8081421289396583	2.118669717721326	0	0.2761168709432473	0	0	0	0	0	0
2	0	1	2.000000000000001	1	0.3333333333333333	1.999999999999999	0	-1.999999999999999	1	0.1111111111111109	-1.680053019728623
1	0	0.8081800615337211	2.118631785127264	1	0.276129831323364	1.237348021308832	0	-1.237348021308832	1	0.276129831323364	-1.039405139827571
3	0	1	1.981905654750174	1	0.3353560158440964	3	0	-3	0.9999999999999996	0.03771536406045328	-2.520079529592935
1	0	0.8905264440537085	2.000917971561278	1	0.3079867070051563	1.122931280342405	0	-1.122931280342405	1	0.3079867070051563	-0.9432920442434937
1	3	0.9174081000987478	2.082591899901254	0.25	0.3058027000329158	1.090027436963291	1.44051266123826	0.3504852242749699	0.6414507514753418	0.7677628566849661	0.2944168797067135
3	0	0.853243773572411	1.363142121314194	1	0.3849707650373154	3.515994013574133	0	-3.515994013574133	1	0.05705362593010188	-2.953528179926493
1	0	0.7836141051133959	2.216385894886605	1	0.2612047017044652	1.27613833578875	0	-1.27613833578875	1	0.2612047017044652	-1.071990032316675
1	0	1	2.000000000000001	1	0.3333333333333333	0.9999999999999996	0	-0.9999999999999996	1	0.3333333333333333	-0.8400265098643116
1	0	0.8535477854341953	2.073264061226789	1	0.2916305625891034	1.171580568850407	0	-1.171580568850407	1	0.2916305625891034	-0.9841587362762528
1	0	0.8083323848696361	2.081548141285237	1	0.2797113505398653	1.237114853639416	0	-1.237114853639416	1	0.2797113505398654	-1.039209272804018
0	0	0.7836141051133959	2	0	0.2815096042493554	0	0	0	0	0	0
0	1	0.9999303627757111	2.000069637224289	0	0.333310120925237	0	0.4999825913000744	0.4999825913000744	0.6666898790747631	0.3333101209252369	0.4199986311627162
2	0	0.8533579539340476	2.073453892726937	1	0.2915657031071505	2.343682379451486	0	-2.343682379451486	1	0.08501055922836709	-1.968755329441118
0	0	0.7836141051133959	2.216385894886605	0	0.2612047017044652	0	0	0	0	0	0
5	1	1	2.000000000000001	0.8333333333333334	0.3333333333333333	4.999999999999998	0.4999999999999998	-4.499999999999998	0.9986282578875173	0.01783264746227697	-3.780119294389402
0	0	0.8081421289396583	2.081738397215214	0	0.2796455153164865	0	0	0	0	0	0
1	1	0.1937410236275711	2.80625897637243	0.5	0.06458034120919033	5.16152945450677	0.3563462989052675	-4.805183155601502	0.9958293795293046	0.1249900619476851	-4.036481235458711
0	0	0.7836141051133959	2.216385894886605	0	0.2612047017044652	0	0	0	0	0	0
0	0	1	2	0	0.3333333333333333	0	0	0	0	0	0
0	0	0	1.292752613356066	0	0	0	0	0	0	0	0
0	0	1	1.783614105113396	0	0.3592451978753223	0	0	0	0	0	0
1	0	0.7836141051133959	2.000000000000001	1	0.2815096042493554	1.27613833578875	0	-1.27613833578875	1	0.2815096042493554	-1.071990032316675
1	0	0.7836141051133959	2.216385894886605	1	0.2612047017044652	1.27613833578875	0	-1.27613833578875	1	0.2612047017044652	-1.071990032316675
3	0	1	2.000000000000001	1	0.3333333333333333	2.999999999999999	0	-2.999999999999999	1	0.03703703703703698	-2.520079529592935
0	0	0.8536236933219674	2.073188153339017	0	0.2916564979384695	0	0	0	0	0	0
0	0	1	2	0	0.3333333333333333	0	0	0	0	0	0
0	0	1	2	0	0.3333333333333333	0	0	0	0	0	0
0	0	1	2	0	0.3333333333333333	0	0	0	0	0	0
1	0	1	2.000000000000001	1	0.3333333333333333	0.9999999999999996	0	-0.9999999999999996	1	0.3333333333333333	-0.8400265098643116
0	1	1.779144957974748	1.220855042025253	0	0.5930483193249159	0	0.8190980628962462	0.8190980628962462	0.4069516806750841	0.5930483193249159	0.6880640870113524
3	0	0.8526561941121867	2.074155652548798	1	0.2913259337408137	3.518416943095918	0	-3.518416943095918	1	0.02472506496117977	-2.955563504956326
3	0	0.7836141051133958	2.216385894886605	1	0.2612047017044652	3.828415007366252	0	-3.828415007366252	1	0.01782144727288992	-3.215970096950027
0	0	0.8081421289396583	1.408243765946946	0	0.3646215809278125	0	0	0	0	0	0
2	0	0.7836141051133959	2.216385894886605	1	0.2612047017044652	2.552276671577501	0	-2.552276671577501	1	0.06822789619251846	-2.143980064633351
0	0	1	2	0	0.3333333333333333	0	0	0	0	0	0
0	0	0.9164302836110267	2.083569716388974	0	0.3054767612036755	0	0	0	0	0	0
0	0	0.7836141051133959	2.216385894886605	0	0.2612047017044652	0	0	0	0	0	0
2	0	1.783614105113396	1.216385894886605	1	0.5945380350377987	1.121318784296588	0	-1.121318784296588	0.9999999999999998	0.3534754751066068	-0.9419375048179558
1	0	1	2.000000000000001	1	0.3333333333333333	0.9999999999999996	0	-0.9999999999999996	1	0.3333333333333333	-0.8400265098643116
3	0	0.7836141051133959	2.216385894886605	1	0.2612047017044652	3.828415007366251	0	-3.828415007366251	1	0.01782144727288992	-3.215970096950026
0	1	1	1.786142807373038	0	0.3589191470565241	0	0.5598656478485872	0.5598656478485872	0.6410808529434759	0.3589191470565241	0.4703019861551706
0	0	0.8081421289396583	2.118669717721326	0	0.2761168709432473	0	0	0	0	0	0
0	0	0	3.000000000000001	0	0	0	0	0	0	0	0
0	0	0.7836141051133959	2.216385894886605	0	0.2612047017044652	0	0	0	0	0	0
1	1	0.8080979888241944	2.08215086317621	0.5	0.2795946059332892	1.237473689861583	0.4802725958456984	-0.7572010940158846	0.9218268563330088	0.4810160681995871	-0.6360689922716023
1	0	1.783003643296526	1.216442447348365	1	0.594444303852507	0.5608513497769074	0	-0.5608513497769074	1	0.594444303852507	-0.471130001905784
0	0	0.7836141051133959	2.216385894886605	0	0.2612047017044652	0	0	0	0	0	0
0	0	0.8081421289396583	2.118669717721326	0	0.2761168709432473	0	0	0	0	0	0
1	2	0.8122400528213423	2.077640473333531	0.3333333333333333	0.2810635406793329	1.231163122929567	0.9626304578053591	-0.2685326651242077	0.8074160505234755	0.6284035764509319	-0.2255745574688502
0	0	1	2	0	0.3333333333333333	0	0	0	0	0	0
1	0	0.8535096909717574	2.036370835183116	1	0.2953442826604993	1.171632859682539	0	-1.171632859682539	1	0.2953442826604993	-0.9842026619614661
2	0	0.8527882063088916	2.037092319845981	1	0.2950946236672172	2.345248193166936	0	-2.345248193166936	0.9999999999999999	0.08708083691729662	-1.970070654471604
1	0	0.8082179691348145	1.40816792575179	1	0.3646557988838693	1.237289986351684	0	-1.237289986351684	1	0.3646557988838693	-1.039356388925067
1	0	1.783491972493296	1.216397209108292	1	0.5945192853894427	0.5606977858173448	0	-0.5606977858173448	1	0.5945192853894427	-0.4710010041087916
2	0	0.9344504404879442	2.063342282231332	1	0.3117128257087471	2.140295422147434	0	-2.140295422147434	0.9999999999999999	0.09716488571133186	-1.797904893545073
0	0	0.8081421289396583	2.118669717721326	0	0.2761168709432473	0	0	0	0	0	0
0	0	0.7836141051133959	2.216385894886605	0	0.2612047017044652	0	0	0	0	0	0
0	0	1	2	0	0.3333333333333333	0	0	0	0	0	0
1	0	0.8533572205427107	2.073454626118274	1	0.2915654525302855	1.171842196828227	0	-1.171842196828227	1	0.2915654525302855	-0.9843785107133437
0	0	0.7836141051133959	2.216385894886605	0	0.2612047017044652	0	0	0	0	0	0
0	2	0.004470003799664615	2.995529996200337	0	0.001490001266554871	0	0.6676614831221482	0.6676614831221482	0.9970222175706647	0.002977782429335329	0.5608533454379284
2	0	1	1.983984247313629	1	0.335122412559739	1.999999999999999	0	-1.999999999999999	1	0.1123070313998598	-1.680053019728623
2	0	0.7836141051133959	2.216385894886605	1	0.2612047017044652	2.552276671577501	0	-2.552276671577501	1	0.06822789619251846	-2.143980064633351
1	0	1	2	1	0.3333333333333333	0.9999999999999998	0	-0.9999999999999998	1	0.3333333333333333	-0.8400265098643117
0	0	0.7836141051133959	2.083569716388974	0	0.2733044526956041	0	0	0	0	0	0
1	0	0.7836141051133959	2.216385894886605	1	0.2612047017044652	1.27613833578875	0	-1.27613833578875	1	0.2612047017044652	-1.071990032316675
0	1	0.8091027838759729	2.081329123442201	0	0.2799245267904207	0	0.4804622146189703	0.4804622146189703	0.7200754732095793	0.2799245267904207	0.4036009972680517
1	0	0.2064400829159956	2.793559917084006	1	0.0688133609719985	4.844020530678235	0	-4.844020530678235	1	0.06881336097199853	-4.06910566009671
0	0	0.7836141051133959	2	0	0.2815096042493554	0	0	0	0	0	0
0	0	0.7836141051133959	2.216385894886605	0	0.2612047017044652	0	0	0	0	0	0
0	0	0.8081421289396583	2.081738397215214	0	0.2796455153164865	0	0	0	0	0	0
0	0	0.7836141051133959	2.083569716388974	0	0.2733044526956041	0	0	0	0	0	0
1	2	0.7836141051133959	2.216385894886605	0.3333333333333333	0.2612047017044652	1.27613833578875	0.9023699368481699	-0.3737683989405804	0.8309592059682243	0.5967518638087297	-0.3139753636596276
1	0	0.783614105113396	2.216385894886605	1	0.2612047017044652	1.27613833578875	0	-1.27613833578875	1	0.2612047017044652	-1.071990032316675
2	0	1	2.000000000000001	1	0.3333333333333333	1.999999999999999	0	-1.999999999999999	1	0.1111111111111109	-1.680053019728623
0	0	0.7836141051133959	2.083569716388974	0	0.2733044526956041	0	0	0	0	0	0
0	1	0.1913772448915373	2.808622755108464	0	0.06379241496384574	0	0.3560463925534855	0.3560463925534855	0.9362075850361542	0.0637924149638458	0.2990884084864832
4	0	1	1.928581144362384	1	0.3414622818032663	3.999999999999999	0	-3.999999999999999	1	0.01359474145566997	-3.360106039457247
1	0	1	1.78375356161356	1	0.3592272009237648	0.9999999999999998	0	-0.9999999999999998	1	0.3592272009237648	-0.8400265098643117
1	0	0.7209362306157411	2.27906376938426	1	0.2403120768719136	1.387085233802045	0	-1.387085233802045	1	0.2403120768719136	-1.165188367835055
0	0	0.8898805261548723	2	0	0.307929867031182	0	0	0	0	0	0
1	0	0.7836141051133959	2.216385894886605	1	0.2612047017044652	1.27613833578875	0	-1.27613833578875	1	0.2612047017044652	-1.071990032316675
1	1	0.9991979610544153	1.927981001866506	0.5	0.341351852316318	1.000802682728394	0.5186773101145113	-0.4821253726138824	0.8834789129202185	0.5661826175528547	-0.4049980940738706
0	0	1	2	0	0.3333333333333333	0	0	0	0	0	0
0	0	0.7836141051133959	2	0	0.2815096042493554	0	0	0	0	0	0
2	3	0.7837946488038068	2.216205351196194	0.4	0.2612648829346022	2.551688765740252	1.353665172941106	-1.198023592799146	0.8842484508571603	0.3909388015960489	-1.006371577394171
1	0	0.783614105113396	2.216385894886605	1	0.2612047017044652	1.27613833578875	0	-1.27613833578875	1	0.2612047017044652	-1.071990032316675
1	3	0.7836141051133958	2.215119569748905	0.25	0.2613150049576773	1.276138335788751	1.354328696730383	0.07819036094163212	0.7190503402179698	0.7022600514193007	0.06568197600683004
5	0	1	2	1	0.3333333333333333	5	0	-5	1	0.004115226337448097	-4.20013254932156
0	0	0.7836141051133959	2	0	0.2815096042493554	0	0	0	0	0	0
1	0	0.9123642674572556	2.031953650988624	1	0.3098728781091804	1.09605344670828	0	-1.09605344670828	1	0.3098728781091804	-0.920713951463106
1	1	0.7836141051133959	2.216385894886605	0.5	0.2612047017044652	1.27613833578875	0.451184968424085	-0.8249533673646654	0.9317721038074815	0.4541815072164117	-0.6929826979881515
0	0	0.8081421289396583	2.118669717721326	0	0.2761168709432473	0	0	0	0	0	0
2	0	1	2.000000000000001	1	0.3333333333333333	1.999999999999999	0	-1.999999999999999	1	0.1111111111111109	-1.680053019728623
2	0	1.592515191177017	1.19249345329452	1	0.5718169652141962	1.255874990129177	0	-1.255874990129177	0.9999999999999999	0.3269746417067734	-1.05496828478409
1	1	0.783614105113396	2.216385894886605	0.5	0.2612047017044652	1.27613833578875	0.4511849684240848	-0.8249533673646653	0.9317721038074815	0.4541815072164117	-0.6929826979881514
1	1	0.7836960813787958	2.215935883133407	0.5	0.2612640786104704	1.276004849023425	0.4512765949644565	-0.8247282540589682	0.9317410812278222	0.4542692384487625	-0.6927935968436426
2	0	1.132651199430664	1.768541605028206	1	0.3904087993358739	1.765768668240774	0	-1.765768668240774	1	0.1524190305988786	-1.483292491610052
3	0	0.783614105113396	2.216385894886605	1	0.2612047017044652	3.828415007366251	0	-3.828415007366251	1	0.01782144727288992	-3.215970096950026
3	1	0.8532814387682122	1.365916969878388	0.75	0.3844998425754073	3.515838812022874	0.7321089217370462	-2.783729890285828	0.9781432962748522	0.1618079140403784	-2.338406904141768
0	0	0.9164302836110267	2.083569716388974	0	0.3054767612036755	0	0	0	0	0	0
4	0	0.8511501015034619	2.038730424651411	1	0.2945277819619619	4.699523612738159	0	-4.699523612738159	1	0.007524975100742015	-3.947724418433358
3	0	1	1.940707345681537	1	0.340054239490547	2.999999999999999	0	-2.999999999999999	1	0.0393228132562421	-2.520079529592935
0	2	0.9995110972235904	2.000488902776411	0	0.3331703657411967	0	0.9997556083536718	0.9997556083536718	0.4446617611257295	0.5553382388742705	0.8398212144026069
1	0	0.8535477779679695	2.073264068693015	1	0.2916305600381277	1.171580579098557	0	-1.171580579098557	1	0.2916305600381277	-0.98415874488497
6	0	1.778787276038683	1.22099119939302	1	0.5929728780331671	3.373084618280977	0	-3.373084618280977	1	0.04347193561220453	-2.833480499371564
1	1	0.8535845106064113	2.036755420743833	0.5	0.2953232252538728	1.171530162010052	0.4909769674921475	-0.6805531945179045	0.9127841926256504	0.5034306431333959	-0.5716827247678835
0	0	1	1.783614105113396	0	0.3592451978753223	0	0	0	0	0	0
2	0	1	1.98940352762616	1	0.3345148926060461	2	0	-2	0.9999999999999999	0.1119002133752347	-1.680053019728623
0	0	0.7836141051133959	2	0	0.2815096042493554	0	0	0	0	0	0
1	0	0.8085219216515448	2.081358604503328	1	0.2797769369127944	1.236824844473392	0	-1.236824844473392	1	0.2797769369127944	-1.038965657416454
0	1	0.7836141051133959	2.216385894886605	0	0.2612047017044652	0	0.451184968424085	0.451184968424085	0.7387952982955348	0.2612047017044652	0.3790073343285238
0	0	0	1.292752613356066	0	0	0	0	0	0	0	0
0	1	0.9166396009409055	2.083360399059096	0	0.3055465336469684	0	0.4799937641377978	0.4799937641377978	0.6944534663530316	0.3055465336469684	0.403207486445308
0	0	1.783614105113396	1.216385894886604	0	0.5945380350377986	0	0	0	0	0	0
0	0	0	1.292752613356066	0	0	0	0	0	0	0	0
0	0	0.9164302836110267	2.083569716388974	0	0.3054767612036755	0	0	0	0	0	0
0	0	1	2	0	0.3333333333333333	0	0	0	0	0	0
0	0	0.7836141051133959	2.216385894886605	0	0.2612047017044652	0	0	0	0	0	0
0	0	1	2	0	0.3333333333333333	0	0	0	0	0	0
0	1	0.1965872490692308	2.80341275093077	0	0.06552908302307693	0	0.3567080871940768	0.3567080871940768	0.9344709169769231	0.06552908302307692	0.299644249526015
0	0	1	1.783614105113396	0	0.3592451978753223	0	0	0	0	0	0
1	0	0.7836141051133959	2.083569716388975	1	0.273304452695604	1.27613833578875	0	-1.27613833578875	1	0.2733044526956041	-1.071990032316675
0	0	0.7836141051133959	2.216385894886605	0	0.2612047017044652	0	0	0	0	0	0
0	0	1.637237798435363	1.229946023067007	0	0.5710264497717034	0	0	0	0	0	0
0	0	1	2	0	0.3333333333333333	0	0	0	0	0	0
1	0	0.7836141051133961	2.083569716388975	1	0.273304452695604	1.27613833578875	0	-1.27613833578875	1	0.2733044526956041	-1.071990032316675
0	2	0.9982489244137308	2.001751075586271	0	0.3327496414712435	0	0.9991252281027211	0.9991252281027211	0.4452230409567542	0.5547769590432459	0.8392916782805133
0	3	1	2.000000000000001	0	0.3333333333333333	0	1.499999999999999	1.499999999999999	0.2962962962962963	0.7037037037037037	1.260039764796467
0	0	1.637237798435363	1.229946023067007	0	0.5710264497717034	0	0	0	0	0	0
0	0	1.637237798435363	1.229946023067007	0	0.5710264497717034	0	0	0	0	0	0
1	0	1	1.999450364465887	1	0.3333944151391452	0.9999999999999996	0	-0.9999999999999996	1	0.3333944151391453	-0.8400265098643116
0	0	0.7836141051133959	2.216385894886605	0	0.2612047017044652	0	0	0	0	0	0
0	0	0.9164302836110267	2.083569716388974	0	0.3054767612036755	0	0	0	0	0	0
0	1	0.0003202387252209993	2.99967976127478	0	0.0001067462417403331	0	0.3333689192125722	0.3333689192125722	0.9998932537582597	0.0001067462417403409	0.2800387297033748
0	0	0	1.292752613356066	0	0	0	0	0	0	0	0
2	0	1	2.000000000000001	1	0.3333333333333333	1.999999999999999	0	-1.999999999999999	1	0.1111111111111109	-1.680053019728623
0	0	0.7836141051133959	2.083569716388974	0	0.2733044526956041	0	0	0	0	0	0
0	0	0.8081421289396583	1.408243765946946	0	0.3646215809278125	0	0	0	0	0	0
4	1	0.8333205430769932	2.056651897218285	0.8	0.2883489584391504	4.800073673007275	0.4862271546062537	-4.313846518401022	0.9980066115615077	0.02659200266910366	-3.623745434942724
0	0	1	2	0	0.3333333333333333	0	0	0	0	0	0
0	0	0.7836141051133959	2.216385894886605	0	0.2612047017044652	0	0	0	0	0	0
0	0	0.9164302836110267	2.083569716388974	0	0.3054767612036755	0	0	0	0	0	0
1	0	0.9343739919872932	2.063233634445559	1	0.3117065701821678	1.070235268292441	0	-1.070235268292441	1	0.3117065701821677	-0.8990259971573948
0	0	0.7836141051133959	2.083569716388974	0	0.2733044526956041	0	0	0	0	0	0
0	0	0.7836141051133959	2.216385894886605	0	0.2612047017044652	0	0	0	0	0	0
1	0	0.9164302836110267	2.083569716388974	1	0.3054767612036755	1.091190478843281	0	-1.091190478843281	1	0.3054767612036755	-0.9166289295398886
0	0	0.7836141051133959	2.083569716388974	0	0.2733044526956041	0	0	0	0	0	0
0	0	0.9164302836110267	2.083569716388974	0	0.3054767612036755	0	0	0	0	0	0