Observed S Changes	Observed NS Changes	E[S Sites]	E[NS Sites]	Observed S. Prop.	P{S}	dS	dN	dN-dS	P{S leq. observed}	P{S geq. observed}	Scaled dN-dS
0	0	0	2.999999999999996	0	0	0	0	0	0	0	0
1	4	0.8665227663942262	2.032399077007641	0.2	0.2989120829064391	1.15403776886463	1.968117406296658	0.8140796374320274	0.5304600860475984	0.8306198895917858	0.6849611529745931
10	2	0.9997146860344102	2.000285313965587	0.8333333333333334	0.333238228678137	10.00285395392881	0.9998573633653184	-9.002996590563493	0.9999530996307924	0.0005423887697806329	-7.575061015346423
0	4	0.923431063874531	2.076568936125465	0	0.3078103546248441	0	1.926254375866442	1.926254375866442	0.2295622079512282	0.7704377920487717	1.620737526831949
1	0	0.9231447639410556	2.076855236058941	1	0.3077149213136856	1.083253720392495	0	-1.083253720392495	1	0.3077149213136856	-0.911442423034459
7	0	0.9999999999999991	1.999999999999998	1	0.3333333333333333	7.000000000000006	0	-7.000000000000006	1	0.0004572473708274183	-5.889753103206071
1	1	1.665213972865104	1.212715618173998	0.5	0.5786152580139613	0.6005234259951819	0.8245956306769706	0.2240722046817887	0.6652043831934369	0.8224348992213596	0.1885328518381128
0	3	0.8015930811873853	2.198406918812612	0	0.2671976937291287	0	1.364624526209342	1.364624526209342	0.3935142669372845	0.6064857330627156	1.148185933993226
0	4	0.8009990227348835	2.000602367717826	0	0.2859075618196528	0	1.999397813650982	1.999397813650982	0.2600265756542018	0.7399734243457983	1.682279925356328
0	4	0.9233366897437026	2.076663310256294	0	0.3077788965812346	0	1.92616683708171	1.92616683708171	0.2296039425845742	0.7703960574154258	1.620663872284945
1	1	1.800116708860966	1.199485609253241	0.5	0.6001184550332876	0.5555195366375748	0.8336907023191099	0.2781711656815351	0.63985783992846	0.8400947499950352	0.2340513551850386
2	1	0.8013457235226729	2.076721338370329	0.6666666666666666	0.2784319149935306	2.49580167622048	0.4815282539470281	-2.014273422273452	0.9784147519811778	0.1894024978232489	-1.694796162791509
11	2	1.797691397059635	1.202065913619069	0.8461538461538461	0.599278945220039	6.118959025999664	1.663802273519747	-4.455156752479917	0.9875369699091849	0.05730638978053149	-3.748539044026864
0	7	0.9997511937190556	2.000248806280941	0	0.3332503979063522	0	3.499564643168111	3.499564643168111	0.0585786496672871	0.9414213503327129	2.944510245281373
4	7	0.8032240286335528	2.196627962748097	0.3636363636363636	0.2677545528716602	4.979930701033449	3.186702581734703	-1.793228119298747	0.8548564330820539	0.3365947953607789	-1.508810125770882
5	6	0.9999999999999991	1.999999999999998	0.4545454545454545	0.3333333333333333	5.000000000000004	3.000000000000003	-2.000000000000002	0.8779149519890264	0.2889972734508626	-1.68278660091602
1	1	0.8240245404457999	1.375324198654548	0.5	0.3746675212512547	1.213556090767633	0.7271012907198751	-0.4864548000477578	0.8596242485194405	0.60895929102195	-0.4092998097358239
2	5	0.8244631094211776	2.075725505872427	0.2857142857142857	0.2842791344926757	2.425821091502953	2.408796339330282	-0.01702475217267096	0.6824287421865816	0.6363047169256144	-0.01432451242004329
2	8	0.9767820869792632	2.023217913020735	0.2	0.3255940289930879	2.0475395962523	3.954097059201952	1.906557462949651	0.3175728410030736	0.8865711643787477	1.604164676264056
4	1	0.9998024634747875	2.00019753652521	0.8	0.3332674878249294	4.000790302214403	0.4999506207458005	-3.500839681468602	0.9958888365946353	0.04523498143979943	-2.945583053965234
3	5	0.9967236955967854	1.936606341237085	0.375	0.3397925508145727	3.009861221573305	2.581836015679908	-0.4280252058933973	0.7279932122779986	0.5475766309668789	-0.3601375406658646
0	1	0.8016375656227667	2.19836243437723	0	0.2672125218742558	0	0.4548840465804667	0.4548840465804667	0.7327874781257442	0.2672125218742558	0.3827363892780337
0	4	0.8011966301138964	2.198605866218633	0	0.2670831266703111	0	1.819334725454714	1.819334725454714	0.2885485397458615	0.7114514602541384	1.530776049288209
1	2	0.8009990227348838	2.199000977265114	0.3333333333333333	0.2669996742449614	1.248440973854948	0.9095039159497733	-0.3389370579051747	0.8242017085229177	0.6061666379259698	-0.2851793697983624
2	2	0.8009990227348835	2.199000977265114	0.5	0.2669996742449614	2.496881947709897	0.9095039159497736	-1.587378031760123	0.9391099168301135	0.2907064997842779	-1.335609241217189
2	3	0.998014093590476	2.00198590640952	0.4	0.3326713645301591	2.003979716162884	1.498512047659905	-0.5054676685029793	0.7911031765636138	0.5377864096097831	-0.4252971098765367
3	0	0.9999999999999989	1.999999999999998	1	0.3333333333333334	3.000000000000004	0	-3.000000000000004	0.9999999999999999	0.0370370370370372	-2.524179901374031
5	1	0.9998328253338398	2.000040819762288	0.8333333333333334	0.3332916461225823	5.000836013091011	0.4999897952677054	-4.500846217823305	0.9986292868795971	0.0178223565763399	-3.7869818540683
2	0	1.800665771490883	1.199029712979809	1	0.6002828556474683	1.110700293005557	0	-1.110700293005557	1	0.3603395067842792	-0.9345357853516233
2	0	0.8009990227348833	2.076855236058941	1	0.2783320316820355	2.496881947709897	0	-2.496881947709897	1	0.0774687198602495	-2.100859742837653
1	0	1.001393538951475	1.998606461048521	1	0.3337978463171588	0.9986084002969159	0	-0.9986084002969159	1	0.3337978463171588	-0.840222417790915
7	0	0.9999999999999988	1.999767767895398	1	0.3333591388981379	7.000000000000009	0	-7.000000000000009	1.000000000000001	0.0004574952184435155	-5.889753103206073
2	0	0.8009990227348833	2.199000977265113	1	0.2669996742449614	2.496881947709897	0	-2.496881947709897	1	0.07128882604691544	-2.100859742837653
1	0	0.8009990227348833	2.199000977265113	1	0.2669996742449614	1.248440973854949	0	-1.248440973854949	1	0.2669996742449614	-1.050429871418827
1	1	0.9999999999999989	1.999999999999998	0.5	0.3333333333333334	1.000000000000001	0.5000000000000006	-0.5000000000000006	0.888888888888889	0.5555555555555556	-0.4206966502290052
2	0	0.9999999999999989	1.999999999999998	1	0.3333333333333334	2.000000000000002	0	-2.000000000000002	1	0.111111111111111	-1.682786600916021
1	0	0.9999999999999988	1.999999999999998	1	0.3333333333333333	1.000000000000001	0	-1.000000000000001	1	0.3333333333333333	-0.8413933004580105
4	0	0.8009990227348833	2.199000977265113	1	0.2669996742449614	4.993763895419795	0	-4.993763895419795	1	0.005082096719147389	-4.201719485675307
5	0	0.9999999999999988	1.933645554943192	1	0.3408728086850845	5.000000000000006	0	-5.000000000000006	1	0.004602160868869554	-4.206966502290052
12	0	0.9999999999999991	1.999999999999998	1	0.3333333333333333	12.00000000000001	0	-12.00000000000001	0.9999999999999999	1.881676423232115e-06	-10.09671960549612
0	4	0.1771796156997922	2.822820384300204	0	0.05905987189993082	0	1.417022500704247	1.417022500704247	0.7838770703271469	0.2161229296728531	1.192273238690809
0	0	0.9999999999999988	1.999999999999998	0	0.3333333333333333	0	0	0	0	0	0
1	2	0.8240989337119311	2.074868286911181	0.3333333333333333	0.284273284585397	1.213446540327106	0.9639166074379422	-0.249529932889164	0.8035110865653562	0.6333584465454141	-0.2099528137966793
2	0	0.9999999999999988	1.999999999999998	1	0.3333333333333333	2.000000000000003	0	-2.000000000000003	1	0.1111111111111109	-1.682786600916021
1	0	0.9231447639410556	2.076855236058941	1	0.3077149213136856	1.083253720392495	0	-1.083253720392495	1	0.3077149213136856	-0.911442423034459
6	2	0.9997521380423335	2.000247861957665	0.75	0.333250712680778	6.001487540450687	0.999876084378152	-5.001611456072535	0.9974131598268454	0.01963626266055751	-4.20832237063346
2	5	0.8009990227348833	2.198803206592053	0.2857142857142857	0.2670172769738234	2.496881947709897	2.273964302494151	-0.222917645215746	0.7203269349608612	0.596459597829516	-0.1875614132384041
1	3	0.8011584528575136	2.198808345314068	0.25	0.2670557731991578	1.248192534739255	1.364375392877406	0.1161828581381505	0.709196924605592	0.7114083817206129	0.09775547846550318
5	5	0.988200633080498	1.21373066065134	0.5	0.4487881324424494	5.059701271809147	4.119530108365876	-0.9401711634432717	0.741009621115993	0.4924437544963289	-0.7910537182049809
2	2	0.9233738995911657	2.07662610040883	0.5	0.3077912998637223	2.165969820985326	0.9631006754688556	-1.202869145516471	0.9102894045516916	0.3620672787935441	-1.012086040365209
2	0	0.8240982624217795	2.109065704126619	1	0.2809588116519574	2.426895057541555	0	-2.426895057541555	1	0.07893785384488006	-2.041973242330119
5	0	0.9999999999999987	1.999999999999997	1	0.3333333333333333	5.000000000000007	0	-5.000000000000007	1	0.004115226337448097	-4.206966502290053
2	0	0.9999999999999988	1.999999999999998	1	0.3333333333333333	2.000000000000003	0	-2.000000000000003	1	0.1111111111111109	-1.682786600916021
0	1	0.8010483676225064	2.19895163237749	0	0.2670161225408357	0	0.4547621626942323	0.4547621626942323	0.7329838774591643	0.2670161225408357	0.3826338369927224
2	0	0.9999999999999988	1.999999999999998	1	0.3333333333333333	2.000000000000003	0	-2.000000000000003	1	0.1111111111111109	-1.682786600916021
3	0	0.9999999999999987	1.999999999999997	1	0.3333333333333333	3.000000000000004	0	-3.000000000000004	1	0.03703703703703698	-2.524179901374032
8	0	0.8658023993578536	2.067361567190544	1	0.2951769519985911	9.239983633602103	0	-9.239983633602103	0.9999999999999994	5.763145062354091e-05	-7.774460325654464
7	0	1.789353240190749	1.200186780894564	1	0.5985379782743795	3.91202801256491	0	-3.91202801256491	1	0.02751959172399265	-3.291554160976177
0	2	0.9998852217961094	2.000114778203887	0	0.3332950739320368	0	0.9999426141913765	0.9999426141913765	0.4444954584432882	0.5555045415567117	0.8413450164230922
3	0	0.8661597283448342	1.332841248920279	1	0.3938878323838095	3.4635644002207	0	-3.4635644002207	1	0.06111076151380845	-2.91421988205056
4	11	0.801394541778279	2.19860545822172	0.2666666666666667	0.2671315139260931	4.991299280781321	5.003171423442676	0.01187214266135506	0.6288175112153616	0.5988597566032348	0.009989141297345867
3	0	0.999999999999999	1.999999999999998	1	0.3333333333333334	3.000000000000003	0	-3.000000000000003	0.9999999999999999	0.0370370370370372	-2.524179901374031
0	2	0.9999999999999989	1.801441287785936	0	0.3569591139960422	0	1.110222139106239	1.110222139106239	0.4135015810727551	0.5864984189272449	0.9341334698641498
0	6	0.5309500404697117	2.468974394854667	0	0.1769878048319243	0	2.430158859688451	2.430158859688451	0.3107689519051117	0.6892310480948883	2.044719383590538
2	1	0.9998518586505304	1.999634184782306	0.6666666666666666	0.3333410604925586	2.000296326597161	0.5000914705350803	-1.500204856062081	0.9629603871835117	0.2592695621979344	-1.262262315205207
2	5	0.834335054651404	2.09877810363955	0.2857142857142857	0.284453756000859	2.397118506348299	2.382338557529907	-0.01477994881839173	0.6820398703440423	0.6366961692236959	-0.01243574991690707
1	2	0.1804246474326713	2.819575352567324	0.3333333333333333	0.06014154914422384	5.542480000539661	0.7093266715425528	-4.833153328997108	0.9895840468798038	0.1697911619723729	-4.066582831104492
3	0	0.8009990227348834	2.076855236058941	1	0.2783320316820355	3.745322921564846	0	-3.745322921564846	0.9999999999999999	0.02156202619050984	-3.15128961425648
0	17	0.8010883621310319	2.198795400961131	0	0.2670398006705771	0	7.73150607490311	7.73150607490311	0.005085886607931004	0.994914113392069	6.505237413873878
5	2	0.8013944305257853	2.198605569474211	0.7142857142857143	0.2671314768419287	6.239124967114583	0.9096674855045931	-5.32945748160999	0.9980388094182896	0.01730371272131614	-4.48416982010246
3	0	0.999999999999999	1.999999999999998	1	0.3333333333333334	3.000000000000003	0	-3.000000000000003	0.9999999999999999	0.0370370370370372	-2.524179901374031
3	0	0.8009990227348834	2.199000977265113	1	0.2669996742449615	3.745322921564846	0	-3.745322921564846	1	0.01903409333183204	-3.15128961425648
0	7	0.8676025035125682	1.343897395652129	0	0.3923140597204048	0	5.208730980986265	5.208730980986265	0.03060231765750497	0.969397682342495	4.382591351289919
6	4	0.9221679072146081	2.077832092785389	0.6	0.3073893024048696	6.506407296392362	1.925083366403247	-4.581323929989114	0.9877632842587425	0.05300369863692778	-3.854695261920799
1	2	1.000445132559664	1.999554867440332	0.3333333333333333	0.3334817108532218	0.9995550654951708	1.00022261582661	0.0006675503314395037	0.740542882038201	0.7039014963683782	0.000561672376591722
1	0	0.8009990227348834	2.199000977265114	1	0.2669996742449614	1.248440973854949	0	-1.248440973854949	1	0.2669996742449614	-1.050429871418827
0	0	0.9999999999999988	1.933163966548399	0	0.3409287756854416	0	0	0	0	0	0
6	5	0.8245734513145669	2.106330996059602	0.5454545454545454	0.2813375414040917	7.276489426666075	2.373795955789332	-4.902693470876742	0.9849769448727885	0.05894007852056604	-4.125093440594916
4	0	0.8009990227348834	2.199000977265114	1	0.2669996742449614	4.993763895419795	0	-4.993763895419795	1	0.005082096719147389	-4.201719485675307
1	0	0.8009990227348833	2.076855236058941	1	0.2783320316820355	1.248440973854949	0	-1.248440973854949	1	0.2783320316820355	-1.050429871418827
2	1	0.9999999999999987	1.999901195648467	0.6666666666666666	0.3333443119561931	2.000000000000003	0.5000247023082312	-1.499975297691772	0.9629593033014782	0.2592738975435998	-1.262069166330365
3	1	1.799166592412792	1.200585999611065	0.75	0.5997716602351328	1.6674386978122	0.8329265877862593	-0.8345121100259409	0.8705971729650714	0.4748054664645134	-0.7021528985269039
0	1	0.1758655156854169	2.824134484314579	0	0.05862183856180574	0	0.3540907862405502	0.3540907862405502	0.9413781614381943	0.05862183856180569	0.2979296152967081
1	0	0.8009990227348833	2.199000977265113	1	0.2669996742449614	1.248440973854949	0	-1.248440973854949	1	0.2669996742449614	-1.050429871418827
1	0	0.9999999999999989	1.999999999999998	1	0.3333333333333334	1.000000000000001	0	-1.000000000000001	1	0.3333333333333334	-0.8413933004580103
0	0	1.800999022734882	1.199000977265114	0	0.6003330075782948	0	0	0	0	0	0
3	0	1.667361758979027	1.210495868343144	1	0.5793760411040545	1.799249613255485	0	-1.799249613255485	1	0.1944829778642738	-1.51387657044483
2	0	0.9999999999999988	1.933313042525786	1	0.340911449102933	2.000000000000003	0	-2.000000000000003	0.9999999999999999	0.1162206161294618	-1.682786600916021
6	0	0.8009990227348834	2.199000977265113	1	0.2669996742449615	7.490645843129692	0	-7.490645843129692	1	0.0003622967089645934	-6.30257922851296
1	0	0.9999999999999988	1.999999999999998	1	0.3333333333333333	1.000000000000001	0	-1.000000000000001	1	0.3333333333333333	-0.8413933004580105
7	2	0.8656270167795562	1.338361316053013	0.7777777777777778	0.392754809036149	8.086623758628187	1.494364769820334	-6.592258988807854	0.9966832051808509	0.02245412054741891	-5.546682548067019
1	0	0.8009990227348833	2.076855236058941	1	0.2783320316820355	1.248440973854949	0	-1.248440973854949	1	0.2783320316820355	-1.050429871418827
0	0	0.8009990227348833	2.199000977265113	0	0.2669996742449614	0	0	0	0	0	0
2	7	0.9980669779141148	2.001866662936243	0.2222222222222222	0.3326963517870362	2.003873531794279	3.496736385895319	1.492862854101039	0.3787455731097692	0.856035494031786	1.256084803943237
4	1	0.8011470746168265	2.198852925383172	0.8	0.2670490248722756	4.992841048459328	0.4547825770683321	-4.538058471390996	0.9986418273445423	0.01999658507215873	-3.818291994915099
0	0	0.824003548467203	1.37499742879791	0	0.3747172270437153	0	0	0	0	0	0
2	1	0.8009990227348835	2.199000977265114	0.6666666666666666	0.2669996742449614	2.496881947709897	0.4547519579748868	-2.04212998973501	0.9809659066681677	0.1757982914770823	-1.718234492027421
5	1	0.8660690706482943	2.032973407042082	0.8333333333333334	0.2987431461639978	5.773211594148328	0.4918903496406141	-5.281321244507714	0.9992891340663875	0.01072280323504649	-4.443668312695347
2	4	0.826227433377784	2.073719752549747	0.3333333333333333	0.284911200240883	2.420640999323391	1.928900949649435	-0.4917400496739559	0.7717316588061603	0.5466515878252275	-0.4137467833625552
0	0	0	1.267344133806394	0	0	0	0	0	0	0	0
0	0	0.8009990227348833	2.199000977265113	0	0.2669996742449614	0	0	0	0	0	0
6	0	0.9999999999999989	1.999999999999998	1	0.3333333333333334	6.000000000000007	0	-6.000000000000007	0.9999999999999999	0.001371742112482921	-5.048359802748062
0	0	0.8009990227348833	2.199000977265113	0	0.2669996742449614	0	0	0	0	0	0
2	4	0.9996943153042471	2.000305684695749	0.3333333333333333	0.3332314384347494	2.000611556334918	1.999694362018677	-0.0009171943162404883	0.6805853462758191	0.6486327145706082	-0.0007717211529029116
1	0	0.8240245234752859	2.109139443073111	1	0.280933671923209	1.213556115760421	0	-1.213556115760421	1	0.2809336719232089	-1.021077985530663
8	0	1.095022422407328	1.294965119959213	1	0.4581707657451	7.305786471853771	0	-7.305786471853771	0.9999999999999998	0.001941864845408592	-6.14703979199452
0	2	0.8009990227348833	2.199000977265113	0	0.2669996742449614	0	0.9095039159497739	0.9095039159497739	0.5372894775569927	0.4627105224430073	0.7652505016204642
0	4	0.8253989650635178	2.073568255559595	0	0.2847217309639342	0	1.929041877100167	1.929041877100167	0.2617580963343311	0.7382419036656689	1.623082911695024
1	0	0.9999999999999989	1.999999999999998	1	0.3333333333333334	1.000000000000001	0	-1.000000000000001	1	0.3333333333333334	-0.8413933004580103
0	9	0.8010047366235556	2.026474492794252	0	0.2832928809130408	0	4.441210600973386	4.441210600973386	0.0498971183716617	0.9501028816283383	3.736804845582097
0	0	0.8009990227348833	2.199000977265113	0	0.2669996742449614	0	0	0	0	0	0
0	2	0.801016145075685	2.198908655909094	0	0.2670120747069184	0	0.9095421015445233	0.9095421015445233	0.5372712986254561	0.4627287013745439	0.7652826307240603
0	0	0.8009990227348833	2.076855236058941	0	0.2783320316820355	0	0	0	0	0	0
0	0	0.8009990227348833	1.999999999999998	0	0.2859690475553227	0	0	0	0	0	0
2	0	0.999999999999999	1.999999999999998	1	0.3333333333333334	2.000000000000002	0	-2.000000000000002	1	0.111111111111111	-1.682786600916021
0	0	0.8009990227348833	1.999999999999998	0	0.2859690475553227	0	0	0	0	0	0
1	1	0.8009990227348833	2.198951560316206	0.5	0.2670040724204963	1.248440973854949	0.4547621775971278	-0.7936787962578209	0.9287088253108704	0.462716970151863	-0.6677960218869079
4	0	0.9999999999999987	1.999999999999997	1	0.3333333333333333	4.000000000000005	0	-4.000000000000005	1	0.01234567901234551	-3.365573201832042
5	1	0.9999999999999989	1.999909032868743	0.8333333333333334	0.3333434410988531	5.000000000000005	0.5000227428172386	-4.499977257182767	0.9986280082941392	0.01783514333929159	-3.786250716406989
1	4	0.8011470489592982	2.198852951040698	0.2	0.2670490163197664	1.248210302090003	1.819130287046632	0.5709199849566295	0.5968860592263407	0.7884686894054537	0.4803682504400956
0	0	0.8009990227348833	1.999999999999998	0	0.2859690475553227	0	0	0	0	0	0
4	2	0.9999999999999989	1.999999999999998	0.6666666666666666	0.3333333333333334	4.000000000000004	1.000000000000001	-3.000000000000004	0.9821673525377228	0.1001371742112485	-2.524179901374031
1	0	0.9999999999999988	1.999851522127252	1	0.3333498316912965	1.000000000000001	0	-1.000000000000001	1	0.3333498316912965	-0.8413933004580105
1	0	0.9999999999999988	1.999999999999998	1	0.3333333333333333	1.000000000000001	0	-1.000000000000001	1	0.3333333333333333	-0.8413933004580105
5	0	0.9410065919855488	2.058313051222664	1	0.3137400157120313	5.313459058187751	0	-5.313459058187751	0.9999999999999999	0.003039831911473057	-4.470708853817098
5	0	0.9999999999999988	1.801299730516312	1	0.3569771521077781	5.000000000000006	0	-5.000000000000006	1	0.005796984011207207	-4.206966502290052
3	0	1.80091171741815	1.198989565572504	1	0.6003236598581635	1.665822911242371	0	-1.665822911242371	0.9999999999999999	0.2163497412409887	-1.401612237268788
1	3	0.9989823428320068	2.001017657167989	0.25	0.332994114277336	1.001018693849091	1.499237145286292	0.4982184514372012	0.5931956485359684	0.8020667914464841	0.4191976672038252
2	1	0.9999999999999989	1.999999999999998	0.6666666666666666	0.3333333333333334	2.000000000000002	0.5000000000000006	-1.500000000000002	0.9629629629629628	0.2592592592592594	-1.262089950687016
1	2	0.999999999999999	1.804704670503783	0.3333333333333333	0.3565437782154721	1.000000000000001	1.108214564237649	0.1082145642376482	0.7092797642285706	0.7335860180844561	0.09105100936154008
7	0	0.9999999999999987	1.999999999999997	1	0.3333333333333333	7.00000000000001	0	-7.00000000000001	1	0.0004572473708274183	-5.889753103206074
2	0	0.999999999999999	1.999550935691634	1	0.3333832368375569	2.000000000000002	0	-2.000000000000002	1	0.1111443826042865	-1.682786600916021
1	0	0.9999999999999988	1.999999999999998	1	0.3333333333333333	1.000000000000001	0	-1.000000000000001	1	0.3333333333333333	-0.8413933004580105
3	0	1.800334405893728	1.199058286098233	1	0.6002329773958631	1.666357089093529	0	-1.666357089093529	1	0.2162517133014185	-1.402061690934005
6	0	0.8659069872694606	2.067256979278938	1	0.2952126090272467	6.929150691947087	0	-6.929150691947087	0.9999999999999998	0.000661925966100485	-5.830140970068259
1	0	0.8009990227348834	2.199000977265114	1	0.2669996742449614	1.248440973854949	0	-1.248440973854949	1	0.2669996742449614	-1.050429871418827
3	4	0.8011679333006471	2.198756900366189	0.4285714285714285	0.2670626691407371	3.744533293588795	1.81920975408142	-1.925323539507375	0.9126155068814631	0.279771159373817	-1.619954327355607
0	6	0.8009990227348838	2.199000977265114	0	0.2669996742449615	0	2.72851174784932	2.72851174784932	0.1551047170825341	0.8448952829174659	2.295751504861391
1	0	0.8240351122974494	2.109128854250948	1	0.2809372819573852	1.213540521607085	0	-1.213540521607085	1	0.2809372819573852	-1.02106486471452
3	7	0.8015922190807373	2.197980563387139	0.3	0.2672354622518054	3.742551298015826	3.18474153802927	-0.5578097599865561	0.7343130703675662	0.5254722554897258	-0.4693373949827785
0	0	0.8009990227348833	2.199000977265113	0	0.2669996742449614	0	0	0	0	0	0
0	1	0.8010314263749733	2.198918460592338	0	0.2670149357677259	0	0.4547690230089854	0.4547690230089854	0.7329850642322742	0.2670149357677258	0.3826396092155946
0	0	0	1.267344133806394	0	0	0	0	0	0	0	0
1	5	0.9999618653934181	2.000038134606582	0.1666666666666667	0.333320621797806	1.000038136060886	2.49995233265066	1.499914196589775	0.3511910904803492	0.9121984606399284	1.262017756272494
3	0	0.999999999999999	1.933561584991065	1	0.340882565791795	3.000000000000003	0	-3.000000000000003	0.9999999999999998	0.03961086900486932	-2.524179901374031
2	0	0.9999999999999988	1.999999999999998	1	0.3333333333333333	2.000000000000003	0	-2.000000000000003	1	0.1111111111111109	-1.682786600916021
5.5	2.5	0.9995423010516267	2.000323613297385	0.6875	0.3331956592695021	5.50251849692945	1.249797774410579	-4.252720722518871	0.9888983026750702	0.05371117102346612	-3.578210724646323
2	0	0.824056050467374	1.374944926797739	1	0.3747411024310905	2.427019374307942	0	-2.427019374307942	1	0.1404308938512691	-2.042077841624492
6	1	0.8009990227348841	2.199000977265114	0.8571428571428571	0.2669996742449615	7.490645843129686	0.4547519579748867	-7.035893885154799	0.999903266896727	0.001955678343111722	-5.919953977702723
5	0	0.9999999999999989	1.933446202522751	1	0.3408959738685522	5.000000000000005	0	-5.000000000000005	1	0.004603724859737035	-4.206966502290052
1	6	0.9991256110509691	2.000372435955046	0.1428571428571428	0.3330976034634389	1.00087515417417	2.999441450079468	1.998566295905298	0.2638093127358894	0.9413273172281718	1.681580291895898
2	0	0.800999022734884	2.199000977265115	1	0.2669996742449614	2.496881947709896	0	-2.496881947709896	1	0.07128882604691544	-2.100859742837652
0	0	0.9999999999999988	1.999999999999998	0	0.3333333333333333	0	0	0	0	0	0
1	9	0.9999999999999993	1.999999999999999	0.1	0.3333333333333333	1.000000000000001	4.500000000000003	3.500000000000002	0.1040491794949958	0.9826584700841674	2.944876551603034
0	0	0.8009990227348833	2.076855236058941	0	0.2783320316820355	0	0	0	0	0	0
0	8	0.2228588068244492	2.769792993539088	0	0.07446867249887779	0	2.888302489991515	2.888302489991515	0.5384296744618293	0.4615703255381707	2.430198364775047
1	0	0.9412811163508613	2.058693845531844	1	0.3137629907951425	1.062381877878076	0	-1.062381877878076	1	0.3137629907951425	-0.8938809945746125
0	16	0.9148501798058877	1.990941254667876	0	0.3148368354838813	0	8.036399849813289	8.036399849813289	0.002358870530291653	0.9976411294697084	6.761772993434654
3	1	0.9997527508424776	1.999407253008911	0.75	0.3333442529103613	3.000741930914361	0.5001482306794168	-2.500593700234944	0.9876527031930458	0.1111208176402771	-2.103982786545186
2	8	0.8019821074216658	2.194023435348191	0.2	0.267683786285729	2.493821223056839	3.646269165183461	1.152447942126622	0.4732208762299384	0.7934931431461477	0.9696619776319595
2	9	0.8010275919870329	2.198846935704479	0.1818181818181818	0.2670203652162233	2.496792894535369	4.093054343101207	1.596261448565839	0.4037744631513397	0.8357107125165234	1.343083688602694
3	1	0.8010483769656368	2.198951623034359	0.75	0.2670161256552126	3.745092164550623	0.4547621646264724	-3.29032999992415	0.99491665061437	0.06090039965829708	-2.768461618232183
0	0	0.8009990227348833	2.199000977265113	0	0.2669996742449614	0	0	0	0	0	0
3	0	0.8009990227348834	2.199000977265114	1	0.2669996742449614	3.745322921564846	0	-3.745322921564846	0.9999999999999999	0.01903409333183226	-3.15128961425648
2	0	0.8009990227348834	2.199000977265114	1	0.2669996742449614	2.496881947709897	0	-2.496881947709897	1	0.07128882604691544	-2.100859742837653
6	1	0.8991846679760542	2.000434950116792	0.8571428571428571	0.3101043538143361	6.672711639429092	0.4998912861133608	-6.172820353315731	0.9997242249030591	0.004570433506476235	-5.193769690210699
6	0	1.645059647956685	1.191130395408918	1	0.5800244774869009	3.647284162281016	0	-3.647284162281016	0.9999999999999994	0.03807833313960973	-3.06880045900985
0	0	0.8009990227348833	2.199000977265113	0	0.2669996742449614	0	0	0	0	0	0
0	0	0	1.267344133806394	0	0	0	0	0	0	0	0
4	0	1.667158401655017	1.210389786037009	1	0.5793676744618419	2.399292110473204	0	-2.399292110473204	0.9999999999999999	0.1126722692401458	-2.018748307593912
3	0	0.9999999999999988	1.999999999999998	1	0.3333333333333333	3.000000000000004	0	-3.000000000000004	1	0.03703703703703698	-2.524179901374031
7	2	0.8013539307349302	2.198248127078524	0.7777777777777778	0.2671534141162289	8.73521640254541	0.9098154004379861	-7.825401002107424	0.999821932179329	0.002055886865372059	-6.584239976570579
2	9	1.573780388888117	1.227393797352559	0.1818181818181818	0.5618288204348382	1.270825341401674	7.332609973598244	6.06178463219657	0.01206286566885486	0.9982734317018839	5.100344978349512
2	8	0.8055073648259743	2.174692603773907	0.2	0.2702863476655922	2.482907155581488	3.678680833381693	1.195773677800205	0.4656588334269732	0.79863102982596	1.006115961365127
0	5	0.8062326357526224	2.139029686922765	0	0.273738821002628	0	2.337508464968087	2.337508464968087	0.2020524643426176	0.7979475356573824	1.966763962188034
1	17	0.8702482105402602	2.055784147205814	0.05555555555555555	0.2974157849746452	1.14909745046093	8.2693506626686	7.12025321220767	0.01499903671219184	0.9982599128948038	5.990933350316155
2	0	0.8009990227348833	1.999999999999998	1	0.2859690475553226	2.496881947709897	0	-2.496881947709897	0.9999999999999999	0.08177829615969845	-2.100859742837653
0	1	0.9999999999999989	1.998462135701301	0	0.3335042947828029	0	0.500384761930493	0.500384761930493	0.6664957052171971	0.3335042947828029	0.4210203863395928
4	0	0.9999999999999988	1.999999999999998	1	0.3333333333333333	4.000000000000005	0	-4.000000000000005	1	0.01234567901234551	-3.365573201832042
8	0	1.665470731621526	1.208773049477831	1	0.5794465808966655	4.803446766195095	0	-4.803446766195095	1	0.01270887876332516	-4.041587928183243
1	0	0.8009990227348834	2.199000977265114	1	0.2669996742449614	1.248440973854949	0	-1.248440973854949	1	0.2669996742449614	-1.050429871418827
3	0	0.9999999999999989	1.999999999999998	1	0.3333333333333334	3.000000000000004	0	-3.000000000000004	0.9999999999999999	0.0370370370370372	-2.524179901374031
3	0	0.9999999999999989	1.999999999999998	1	0.3333333333333334	3.000000000000004	0	-3.000000000000004	0.9999999999999999	0.0370370370370372	-2.524179901374031
0	0	0	2.999999999999996	0	0	0	0	0	0	0	0
2	1	0.9999999999999989	1.999901251656999	0.6666666666666666	0.3333443057326131	2.000000000000002	0.5000246883047148	-1.499975311695287	0.9629593053761415	0.2592738892453565	-1.262069178112829
1	0	0.8009990227348833	2.199000977265113	1	0.2669996742449614	1.248440973854949	0	-1.248440973854949	1	0.2669996742449614	-1.050429871418827
1	2	0.8011450131648333	2.198629209016146	0.3333333333333333	0.2670684370980302	1.248213473924792	0.9096577048091571	-0.3385557691156352	0.8241209560955619	0.6062774642008948	-0.2848585559653041
2	2	0.8250845455965448	2.108079420951853	0.5	0.2812950639672093	2.423994014521238	0.9487308590569836	-1.475263155464254	0.9297511648592668	0.3154806027038555	-1.241276535420166
1	8	0.8239559060557298	1.464372410666389	0.1111111111111111	0.3600689201958541	1.213657178315514	5.463091179353384	4.249434001037869	0.1091337458454249	0.9820030533512289	3.575445299211737
2	1	0.8009990227348832	2.198803282581662	0.6666666666666666	0.2670172702098647	2.496881947709898	0.4547928447814024	-2.042089102928495	0.980962143233115	0.1758189542372146	-1.718200090142342
0	0	0.8009990227348833	2.199000977265113	0	0.2669996742449614	0	0	0	0	0	0
1	0	0.8240456380793691	2.074921582543742	1	0.2842549002338311	1.213525020690278	0	-1.213525020690278	1	0.284254900233831	-1.021051822346967
4	0	1.667790259643108	1.210392561614634	1	0.5794594586991169	2.39838311614553	0	-2.39838311614553	1	0.1127436850024757	-2.017983485856452
2	0	0.8009990227348834	1.999999999999998	1	0.2859690475553227	2.496881947709897	0	-2.496881947709897	1	0.08177829615969845	-2.100859742837653
1	0	0.9231447639410556	2.076855236058941	1	0.3077149213136856	1.083253720392495	0	-1.083253720392495	1	0.3077149213136856	-0.911442423034459
0	0	0	1.267344133806394	0	0	0	0	0	0	0	0
4	0	0.999999999999999	1.997857643691048	1	0.3335715430332345	4.000000000000004	0	-4.000000000000004	1	0.01238100718552348	-3.365573201832041
7	1	0.9999618600330243	2.000038139966972	0.875	0.3333206200110085	7.000266989951817	0.4999904651900856	-6.500276524761731	0.9998476307085823	0.002590417432054348	-5.469289119058993
4	1	0.80109771869284	2.198902281307157	0.8	0.2670325728976136	4.993148659225799	0.4547723691502749	-4.538376290075524	0.9986422456547972	0.01999199245034022	-3.818559405427021
4	0	0.8009990227348835	2.199000977265114	1	0.2669996742449614	4.993763895419794	0	-4.993763895419794	1	0.005082096719147389	-4.201719485675306
4	0	0.999999999999999	1.999999999999998	1	0.3333333333333334	4.000000000000004	0	-4.000000000000004	1	0.01234567901234573	-3.365573201832041
4	4	0.9995578391018105	2.000442160898186	0.5	0.3331859463672705	4.001769425963731	1.999557936833337	-2.002211489130394	0.9122069643412388	0.2583477453595082	-1.684647333054368
10	0	0.9999999999999992	1.999999999999998	1	0.3333333333333333	10.00000000000001	0	-10.00000000000001	1.000000000000001	1.693508780764574e-05	-8.4139330045801
1	2	0.8009990227348834	2.198703252524564	0.3333333333333333	0.2670261743444536	1.248440973854949	0.9096270711855217	-0.338813902669427	0.8241705893995072	0.6062093510555624	-0.285075747808088
2	3	0.8521708530493755	2.066345655651558	0.4	0.2919876761049013	2.346947202950297	1.451838414253129	-0.8951087886971678	0.8473572147953743	0.4552306417312101	-0.7531385379908809
2	0	0.8009990227348833	2.199000977265113	1	0.2669996742449614	2.496881947709897	0	-2.496881947709897	1	0.07128882604691544	-2.100859742837653
1	0	0.8240245174727275	1.374976459792385	1	0.3747267627400342	1.2135561246005	0	-1.2135561246005	1	0.3747267627400342	-1.021077992968646
2	6	0.9237932740675646	2.076206725932433	0.25	0.3079310913558552	2.164986535563068	2.889885638582244	0.7248991030191769	0.5316639673884063	0.7600526352877061	0.6099252487883559
1	4	0.8016338342626174	2.198274877523124	0.2	0.267219409415106	1.247452337038456	1.819608658088721	0.5721563210502654	0.5965277278529066	0.7887144542725898	0.4814084953463952
4	4	1.7980483380262	1.201799837672425	0.5	0.599379779480826	2.224634296756996	3.328341271660483	1.103706974903487	0.4073543895278866	0.8253678315651279	0.92865165435257
2	0	0.8009990227348834	1.999999999999998	1	0.2859690475553227	2.496881947709897	0	-2.496881947709897	1	0.08177829615969845	-2.100859742837653
4	2	0.9999999999999991	1.999999999999998	0.6666666666666666	0.3333333333333333	4.000000000000004	1.000000000000001	-3.000000000000003	0.982167352537723	0.1001371742112481	-2.52417990137403
1	6	0.8375521663824974	1.367986189480504	0.1428571428571428	0.3797495355979756	1.193955481387072	4.386009190837309	3.192053709450237	0.1866712379422144	0.9646841481077695	2.685772605833566
3	4	1.000154952712215	1.8817056921978	0.4285714285714285	0.3470518099057646	2.999535213883225	2.125730934749987	-0.8738042791332385	0.8049857178170294	0.4609433889502692	-0.7352130663742473
0	5	0.9999999999999993	1.812711490169848	0	0.3555288210308458	0	2.75829883967443	2.75829883967443	0.1111776529340144	0.8888223470659856	2.320814164363167
2	0	0.9999999999999989	1.933263582698654	1	0.3409171974514413	2.000000000000002	0	-2.000000000000002	1	0.116224535518145	-1.682786600916021
1	0	0.8989777121211679	2.000014552816645	1	0.3101000727024886	1.112374630112316	0	-1.112374630112316	1	0.3101000727024886	-0.9359445613759586
5	4	0.9190516804458536	2.080948319554142	0.5555555555555556	0.3063505601486184	5.440390465935912	1.922200547900694	-3.518189918035218	0.9719309033246427	0.1067780429949936	-2.960181426773745
2	1	0.9987714006094076	2.001228599390589	0.6666666666666666	0.3329238002031363	2.002460221407707	0.4996930387185745	-1.502767182689132	0.9630993063576634	0.2587133829404193	-1.264418239662793
3	0	0.9999999999999997	1.999999999999999	1	0.3333333333333333	3.000000000000001	0	-3.000000000000001	1	0.03703703703703698	-2.524179901374029
4	0	0.999999999999999	1.999999999999998	1	0.3333333333333334	4.000000000000004	0	-4.000000000000004	1	0.01234567901234573	-3.365573201832041
0	0	0.9999999999999988	1.999999999999998	0	0.3333333333333333	0	0	0	0	0	0
0	5	0.8241523975261201	2.074641196109099	0	0.284308754971614	0	2.410055295044408	2.410055295044408	0.1877710015900477	0.8122289984099523	2.027804378983716
4	2	0.8993608576253463	2.001118633040504	0.6666666666666666	0.3100731656678199	4.447602946120556	0.9994409961398419	-3.448161949980714	0.9872460349467483	0.07875550454508129	-2.901260363607998
0	1	0.8009990227348834	2.199000977265113	0	0.2669996742449615	0	0.4547519579748869	0.4547519579748869	0.7330003257550386	0.2669996742449614	0.3826252508102321
2	0	0.8240560653056338	1.374944911959479	1	0.3747411091788183	2.427019330606129	0	-2.427019330606129	1	0.1404308989085709	-2.04207780485408
2	0	0.8241510671105565	1.374849910154556	1	0.374784311435618	2.426739562459012	0	-2.426739562459012	1	0.1404632800982701	-2.041842409809414
0	4	0.9999999999999994	1.999999999999999	0	0.3333333333333334	0	2.000000000000001	2.000000000000001	0.1975308641975308	0.8024691358024691	1.68278660091602
5	1	0.9999999999999993	1.999999999999999	0.8333333333333334	0.3333333333333333	5.000000000000004	0.5000000000000003	-4.500000000000004	0.9986282578875173	0.01783264746227697	-3.786269852061045
2	8	0.9240418885282796	2.075958111471717	0.2	0.3080139628427602	2.16440404361473	3.853642304144822	1.689238260530092	0.3616905203424561	0.8627658695191727	1.421313755287361
4	0	0.9999999999999999	2	1	0.3333333333333334	4.000000000000001	0	-4.000000000000001	1	0.01234567901234573	-3.365573201832038
1	1	0.8009990227348833	2.199000977265113	0.5	0.2669996742449614	1.248440973854949	0.4547519579748869	-0.7936890158800618	0.9287111739530846	0.4627105224430073	-0.6678046206085946
2	1	0.9232019340782405	2.076798065921755	0.6666666666666666	0.3077339780260806	2.166373277799591	0.4815104638284441	-1.684862813971147	0.9708575303550813	0.2258156644054314	-1.417632283866153
9	1	0.9997228786322908	1.93406325901966	0.9	0.3407620159499481	9.002494783667245	0.51704616968262	-8.485448613984625	0.9999788888549997	0.0004295272248396875	-7.139599615187365
3	4	0.9990608850989363	2.000198018320877	0.4285714285714285	0.3331025820944593	3.002819993000639	1.99980200128281	-1.003017991717829	0.8270575772880858	0.4288235089322283	-0.843932618470228
1	1	0.8989907244960479	2.000076932304349	0.5	0.3100964968469324	1.112358529127845	0.4999807676637066	-0.6123777614641388	0.9038401626432604	0.5240331563371252	-0.5152505458453993
2	8	0.9998517892460121	2.000148210753985	0.2	0.333283929748671	2.000296465447343	3.99970360045683	1.999407135009487	0.299257062958999	0.8958929781197547	1.682287768284925
7	0	0.9033679180272589	1.991173654920404	1	0.3120936062795298	7.748780823749351	0	-7.748780823749351	0.9999999999999998	0.0002883992329301144	-6.5197722718202
0	6	0.4901837178360792	2.50981628216392	0	0.1633945726120265	0	2.390613226409905	2.390613226409905	0.3428657199952364	0.6571342800047636	2.0114459526876
2	0	0.9411860947453857	2.058562040522212	1	0.3137550395248184	2.124978270679881	0	-2.124978270679881	1	0.09844222482722031	-1.787942480568898
4	25	0.8009990227348838	2.199000977265114	0.1379310344827586	0.2669996742449615	4.993763895419792	11.36879894937217	6.375035053952376	0.08084794980888957	0.9703590129002153	5.363911784580494
5	3	0.9226006510989929	2.077399348901003	0.625	0.3075335503663314	5.419462899840845	1.444113285963566	-3.975349613877278	0.9871205247335054	0.06402960582524275	-3.344832532094677
5	0	0.9999999999999991	1.999999999999998	1	0.3333333333333333	5.000000000000004	0	-5.000000000000004	1	0.004115226337448097	-4.206966502290051
2	0	0.8009990227348833	2.199000977265114	1	0.2669996742449614	2.496881947709897	0	-2.496881947709897	1	0.07128882604691544	-2.100859742837653
3	0	0.8991143736566294	2.000204116810094	1	0.3101123166057871	3.336616661792681	0	-3.336616661792681	1	0.02982339261083378	-2.807406905428929
0	1	0.2719340478495682	2.728065952150429	0	0.09064468261652281	0	0.3665600529971567	0.3665600529971567	0.9093553173834772	0.09064468261652281	0.3084211728073405
2	0	0.8009990227348834	2.199000977265113	1	0.2669996742449615	2.496881947709897	0	-2.496881947709897	1	0.07128882604691533	-2.100859742837653
3	0	0.9227739891228193	2.077226010877177	1	0.3075913297076069	3.251066930106876	0	-3.251066930106876	1	0.02910196195443537	-2.735425934332513
2	0	0.8009990227348833	1.999999999999997	1	0.2859690475553227	2.496881947709897	0	-2.496881947709897	1	0.08177829615969845	-2.100859742837653
0	0	0	1.267344133806394	0	0	0	0	0	0	0	0
0	0	0.9999999999999988	1.999999999999998	0	0.3333333333333333	0	0	0	0	0	0
0	0	0.1759964515327956	2.8240035484672	0	0.05866548384426528	0	0	0	0	0	0
3	0	0.9999999999999987	1.999999999999997	1	0.3333333333333333	3.000000000000004	0	-3.000000000000004	1	0.03703703703703698	-2.524179901374032
3	1	0.8242896739607438	2.074677546662368	0.75	0.2843390805169466	3.639497248078923	0.4820026136633847	-3.157494634415539	0.9934634856532617	0.07234425149066115	-2.656694831629346
12	1	0.999999999999999	1.999939392811391	0.9230769230769231	0.3333400676014491	12.00000000000001	0.50001515225632	-11.49998484774369	0.9999993726097735	1.693904180233297e-05	-9.676010206260163
2	0	0.9999999999999989	1.933346338155245	1	0.3409075795082862	2.000000000000002	0	-2.000000000000002	1	0.1162179777661982	-1.682786600916021
0	0	0.8009990227348833	2.199000977265113	0	0.2669996742449614	0	0	0	0	0	0
0	4	0.1760402102157586	2.823959789784237	0	0.05868007007191963	0	1.416450763382016	1.416450763382016	0.7851434558942003	0.2148565441057997	1.191792182738261
1	1	1.000559588382139	1.999440411617857	0.5	0.3335198627940468	0.9994407245818872	0.5001399362488852	-0.499300788333002	0.8887645011218401	0.5558042267099338	-0.4201083382167904
3	0	1.66740005262308	1.210407218587114	1	0.5793994856097137	1.799208291543791	0	-1.799208291543791	1	0.1945065881352743	-1.513841802633447
2	0	0.9231447639410557	2.076855236058941	1	0.3077149213136856	2.16650744078499	0	-2.16650744078499	1	0.09468847279908776	-1.822884846068918
1	3	0.8009990227348835	2.199000977265114	0.25	0.2669996742449614	1.248440973854948	1.36425587392466	0.115814900069712	0.7092935002157221	0.7113200173065338	0.09744588101186949
0	1	0.8009990227348833	2.198910010133859	0	0.2670077705552648	0	0.4547707706961255	0.4547707706961255	0.7329922294447353	0.2670077705552647	0.3826410797078456
2	0	0.9999999999999989	1.999999999999998	1	0.3333333333333334	2.000000000000002	0	-2.000000000000002	1	0.111111111111111	-1.682786600916021
6	0	0.9999999999999988	1.999302701102997	1	0.3334108290011035	6.000000000000007	0	-6.000000000000007	1	0.001373656698249737	-5.048359802748062
2	0	0.8009990227348835	2.199000977265114	1	0.2669996742449614	2.496881947709897	0	-2.496881947709897	1	0.07128882604691544	-2.100859742837653
3	0	1.800955416415313	1.198995277475761	1	0.6003283387565916	1.665782491146454	0	-1.665782491146454	1	0.2163547999439261	-1.40157822807088
0	0	0.9231447639410556	2.076855236058941	0	0.3077149213136856	0	0	0	0	0	0
1	0	0.9999999999999988	1.999999999999998	1	0.3333333333333333	1.000000000000001	0	-1.000000000000001	1	0.3333333333333333	-0.8413933004580105
1	0	0.9999999999999988	1.999999999999998	1	0.3333333333333333	1.000000000000001	0	-1.000000000000001	1	0.3333333333333333	-0.8413933004580105
2	0	0.9479104621271811	2.052064479080853	1	0.3159727933412255	2.109903920157028	0	-2.109903920157028	0.9999999999999999	0.09983880613185692	-1.775259023030215
4	0	0.9999999999999988	1.999999999999998	1	0.3333333333333333	4.000000000000005	0	-4.000000000000005	1	0.01234567901234551	-3.365573201832042
2	0	0.8009990227348834	1.999999999999998	1	0.2859690475553227	2.496881947709897	0	-2.496881947709897	1	0.08177829615969845	-2.100859742837653
1	0	0.8009990227348834	2.199000977265114	1	0.2669996742449614	1.248440973854949	0	-1.248440973854949	1	0.2669996742449614	-1.050429871418827
2	0	0.8240350305387222	2.07493219008439	1	0.2842512411580845	2.427081284023177	0	-2.427081284023177	1	0.08079876809991138	-2.042129932044124
0	3	0.1743743120588958	2.825625687941101	0	0.05812477068629868	0	1.061711752127352	1.061711752127352	0.8355647809466157	0.1644352190533843	0.8933171552574884
1	9	1.124570783811778	1.087257265935571	0.1	0.5084349951797721	0.8892281521048058	8.277709684704307	7.388481532599501	0.009344256622801316	0.99917622316919	6.216618862086945
1	3	0.8011737321794463	2.198826267820551	0.25	0.2670579107264824	1.248168730244916	1.364364271932026	0.1161955416871101	0.709193244695396	0.7114117482510998	0.09776615031862379
4	0	0.9999999999999989	1.999336182040498	1	0.33340710720853	4.000000000000004	0	-4.000000000000004	1	0.01235661210426287	-3.365573201832041
2	3	0.8240765930386326	2.075117178383605	0.4	0.2842433648836003	2.426958873598586	1.445701491583634	-0.9812573820149519	0.8571305886094196	0.4391320042206698	-0.8256233872523462
2	1	0.801097665914287	2.19890233408571	0.6666666666666666	0.2670325553047626	2.496574494094193	0.4547723582347252	-2.041802135859468	0.9809588736456638	0.1758369040691006	-1.717958637973011
1	0	0.9999999999999988	1.801094482686844	1	0.3570033093067204	1.000000000000001	0	-1.000000000000001	1	0.3570033093067204	-0.8413933004580105
0	1	0.1770194735601129	2.822980526439884	0	0.05900649118670435	0	0.3542355289503608	0.3542355289503608	0.9409935088132957	0.05900649118670431	0.2980514008430328
0	1	4.364995245872487e-05	2.999956350047538	0	1.454998415290831e-05	0	0.3333381833986198	0.3333381833986198	0.999985450015847	1.454998415295616e-05	0.2804685142984419
2	4	0.8977464228369187	2.001572248741044	0.3333333333333333	0.3096404792055223	2.227800578341388	1.998428986271135	-0.2293715920702533	0.7262552834779604	0.600413770871428	-0.1929917208832986
0	0	0.9999999999999988	1.800999022734882	0	0.3570154762223387	0	0	0	0	0	0
1	0	0.8009990227348834	2.199000977265113	1	0.2669996742449615	1.248440973854949	0	-1.248440973854949	1	0.2669996742449614	-1.050429871418827
0	2	0.9999999999999987	1.999999999999997	0	0.3333333333333333	0	1.000000000000001	1.000000000000001	0.4444444444444445	0.5555555555555555	0.8413933004580105
1	2	0.9999999999999988	1.999999999999998	0.3333333333333333	0.3333333333333333	1.000000000000001	1.000000000000001	0	0.7407407407407408	0.7037037037037037	0
3	0	0.9225872538382733	2.077412746161723	1	0.3075290846127581	3.251724958825294	0	-3.251724958825294	1	0.02908429805112589	-2.735979595287699
3	2	0.9989050120942182	2.000567812551052	0.6	0.333026858548836	3.003288564655871	0.99971617430437	-2.003572390351501	0.9548836819861344	0.2094227153142206	-1.685792386224393
1	2	0.8240907447238975	2.074529000364712	0.3333333333333333	0.2843045370543094	1.213458598342879	0.9640742547577741	-0.2493843435851049	0.8034729331651671	0.6334064730610138	-0.2098303159316256
3	0	0.8009990227348835	2.076855236058941	1	0.2783320316820355	3.745322921564845	0	-3.745322921564845	0.9999999999999999	0.02156202619050984	-3.151289614256479
2	2	0.8372149006562962	2.106175706704244	0.5	0.2844389387404689	2.388872914746491	0.9495883907661302	-1.43928452398036	0.9275863951180797	0.320968744884135	-1.21100435592997
1	1	0.9998518398233895	1.99901084649918	0.5	0.3334103439892684	1.000148182131301	0.5002474107388042	-0.499900771392497	0.8888375425209578	0.5556582304994945	-0.4206131599434379
1	4	0.8452347444237526	2.09563393450195	0.2	0.2874098903091846	1.183103281777372	1.908730305491376	0.7256270237140034	0.5542743832447181	0.8162620140243758	0.6105377163842476
2	0	0.8009990227348834	2.076855236058941	1	0.2783320316820355	2.496881947709897	0	-2.496881947709897	1	0.0774687198602495	-2.100859742837653
2	0	0.9216530339744051	2.078346966025592	1	0.3072176779914687	2.170014014249468	0	-2.170014014249468	1	0.09438270167046969	-1.825835253489494
4	0	0.9999999999999988	1.999999999999998	1	0.3333333333333333	4.000000000000005	0	-4.000000000000005	1	0.01234567901234551	-3.365573201832042
1	0	0.9999999999999988	1.999999999999998	1	0.3333333333333333	1.000000000000001	0	-1.000000000000001	1	0.3333333333333333	-0.8413933004580105
2	0	0.8009990227348832	2.199000977265113	1	0.2669996742449614	2.496881947709898	0	-2.496881947709898	1	0.07128882604691544	-2.100859742837654
4	0	0.9999999999999988	1.933496087298979	1	0.3408901768540454	4.000000000000005	0	-4.000000000000005	1	0.01350386062316977	-3.365573201832042
1	0	0.8009990227348833	2.199000977265114	1	0.2669996742449614	1.248440973854949	0	-1.248440973854949	1	0.2669996742449614	-1.050429871418827
6	1	0.9231638203668266	2.076836179633169	0.8571428571428571	0.3077212734556093	6.499388155848494	0.4815016272379411	-6.017886528610553	0.9997387221178097	0.004375845011987178	-5.063409408089425
2	0	0.9999999999999988	1.999999999999998	1	0.3333333333333333	2.000000000000003	0	-2.000000000000003	1	0.1111111111111109	-1.682786600916021
1	2	0.8011203682899812	2.198879631710015	0.3333333333333333	0.2670401227633274	1.248251872729855	0.9095541070816364	-0.3386977656482184	0.8241542089527769	0.6062318320181912	-0.2849780308965079
0	3	0.8010654699936891	2.198884797914987	0	0.267026249922512	0	1.364327955172841	1.364327955172841	0.3937905271313717	0.6062094728686283	1.147936401110004
1	1	0.8247649541325531	2.074202266490559	0.5	0.2845030286183353	1.212466648818451	0.4821130591530725	-0.7303535896653783	0.9190580267069948	0.4880640839436652	-0.6145146173099074
0	0	0.9999999999999988	1.999999999999998	0	0.3333333333333333	0	0	0	0	0	0
4	0	0.8009990227348838	2.199000977265114	1	0.2669996742449614	4.993763895419792	0	-4.993763895419792	1	0.005082096719147389	-4.201719485675304
0	0	0.824003548467203	1.37499742879791	0	0.3747172270437153	0	0	0	0	0	0
2	0	0.8009990227348833	2.199000977265113	1	0.2669996742449615	2.496881947709897	0	-2.496881947709897	1	0.07128882604691533	-2.100859742837653
4	0	0.9999999999999988	1.999999999999998	1	0.3333333333333333	4.000000000000005	0	-4.000000000000005	1	0.01234567901234551	-3.365573201832042
2	0	0.8009990227348833	2.199000977265113	1	0.2669996742449615	2.496881947709897	0	-2.496881947709897	1	0.07128882604691533	-2.100859742837653
6	1	0.9404829343866902	2.057606016462852	0.8571428571428571	0.3136941397686663	6.379701088263482	0.4860016893414124	-5.893699398922069	0.9997010869754721	0.004876685258620284	-4.958919189166426
2	2	0.9217344298043531	2.078265570195643	0.5	0.3072448099347847	2.169822386285949	0.9623409196023608	-1.207481466683588	0.9107188550533605	0.3611002244981869	-1.015966816494782
0	0	0.9999999999999988	1.999999999999998	0	0.3333333333333333	0	0	0	0	0	0
4	0	0.8009990227348839	1.999999999999999	1	0.2859690475553226	4.993763895419792	0	-4.993763895419792	0.9999999999999999	0.006687689722783441	-4.201719485675304
2	0	0.9999999999999987	1.999767172177187	1	0.3333592050993123	2.000000000000003	0	-2.000000000000003	0.9999999999999998	0.1111283596244456	-1.682786600916021
1	3	0.9999506413721198	2.000049358627877	0.25	0.3333168804573736	1.000049361064275	1.499962981942673	0.4999136208783979	0.5926218421498366	0.8024496353757571	0.4206239714147892
3	0	0.8009990227348834	2.076855236058941	1	0.2783320316820355	3.745322921564846	0	-3.745322921564846	1	0.02156202619050962	-3.15128961425648
1	0	0.9999999999999989	1.999999999999998	1	0.3333333333333334	1.000000000000001	0	-1.000000000000001	1	0.3333333333333334	-0.8413933004580103
2	0	0.8990407438487619	2.000101984484644	1	0.3101057202401284	2.224593283100909	0	-2.224593283100909	0.9999999999999999	0.09616555772564894	-1.871757884644992
0	1	0.8009990227348833	2.000148246049406	0	0.2859539131202197	0	0.4999629412345564	0.4999629412345564	0.7140460868797802	0.2859539131202198	0.4206654692320372
4	2	0.999847363720228	2.00015263627977	0.6666666666666666	0.3332824545734095	4.00061063832465	0.9999236876841292	-3.000686950640521	0.9821799118392295	0.1000869312541341	-2.524757897040708
3	0	0.8661597605505507	2.032807460072561	1	0.2987821850446367	3.463564271437792	0	-3.463564271437792	1	0.02667252292188205	-2.914219773693484
2	1	0.8177568987592133	1.600577087780408	0.6666666666666666	0.338148867489282	2.445714616452163	0.6247746563626904	-1.820939960089473	0.9613344838725736	0.2657029374979989	-1.532126682955558
5	6	0.8010720260062161	2.198852687078587	0.4545454545454545	0.2670307099748776	6.241636004851831	2.728695758137234	-3.512940246714597	0.9534443452637176	0.1438220232123369	-2.955764388494968
0	1	0.9999999999999989	1.999999999999998	0	0.3333333333333334	0	0.5000000000000006	0.5000000000000006	0.6666666666666666	0.3333333333333334	0.4206966502290052
6	0	1.799404781310595	1.200595218689402	1	0.5998015937701989	3.334435954777172	0	-3.334435954777172	1	0.04656350808131404	-2.805572073155818
3	1	0.8240820165640202	2.07491027584484	0.75	0.2842649905354752	3.640414351605912	0.4819485505670025	-3.158465801038909	0.9934702958458276	0.07229281984117075	-2.657511964719878
2	0	1.668424231002122	1.210432686702462	1	0.5795439921802077	1.198735886734707	0	-1.198735886734707	1	0.3358712388721726	-1.008608344117173
0	0	0.9999999999999988	1.999999999999998	0	0.3333333333333333	0	0	0	0	0	0
2	0	0.9999999999999989	1.999999999999998	1	0.3333333333333334	2.000000000000002	0	-2.000000000000002	1	0.111111111111111	-1.682786600916021
4	0	0.9999999999999996	1.947676367540251	1	0.3392502687920486	4.000000000000002	0	-4.000000000000002	0.9999999999999997	0.01324587955599255	-3.365573201832039
0	0	0	2.999999999999996	0	0	0	0	0	0	0	0
6	0	1.094993101170064	1.195335356980396	1	0.4780943524817916	5.479486577210987	0	-5.479486577210987	0.9999999999999997	0.01194212689416518	-4.610403296014914
3	0	0.8009990227348834	2.199000977265113	1	0.2669996742449615	3.745322921564846	0	-3.745322921564846	1	0.01903409333183204	-3.15128961425648
2	1	0.999795667581718	2.000204332418279	0.6666666666666666	0.3332652225272397	2.000408748357104	0.4999489221138643	-1.50045982624324	0.9629856619262283	0.2591684494908482	-1.262476845407451
4	1	0.9999563411010551	1.999844957532618	0.8	0.3333408587950501	4.00017464322051	0.5000387636218493	-3.500135879598661	0.9958843091069021	0.04527120609420121	-2.944990879787015
2	0	0.8662439214222232	2.066920045126175	1	0.2953274795754347	2.308818510052394	0	-2.308818510052394	1	0.08721832019237885	-1.942624426331527
2	1	0.8254928723789789	2.073474348244133	0.6666666666666666	0.284754124333129	2.422794995474912	0.4822823107731348	-1.940512684701777	0.9769107370790977	0.1970762081323774	-1.63273437236186
2	0	0.8240455576555156	1.374955419609597	1	0.3747363308043534	2.427050278251826	0	-2.427050278251826	0.9999999999999998	0.1404273176247099	-2.042103843995834
2	0	0.9999999999999988	1.999999999999998	1	0.3333333333333333	2.000000000000003	0	-2.000000000000003	1	0.1111111111111109	-1.682786600916021
0	0	0.8989672206231141	1.999999999999997	0	0.3100991326248552	0	0	0	0	0	0
3	0	0.999999999999999	1.999900569391255	1	0.333344381544926	3.000000000000003	0	-3.000000000000003	1	0.03704071989629876	-2.524179901374031
0	2	0.1784590994680413	2.821343348741137	0	0.05949028396005803	0	0.7088821716408197	0.7088821716408197	0.8845585259655322	0.1154414740344678	0.5964487100327104
2	0	0.8009990227348832	2.199000977265113	1	0.2669996742449614	2.496881947709898	0	-2.496881947709898	1	0.07128882604691544	-2.100859742837654
8	0	0.9999999999999989	1.999983415572932	1	0.3333351760576386	8.000000000000009	0	-8.000000000000009	0.9999999999999994	0.0001524225310536309	-6.731146403664082
1	0	0.9999999999999988	1.999999999999998	1	0.3333333333333333	1.000000000000001	0	-1.000000000000001	1	0.3333333333333333	-0.8413933004580105
2	0	0.3467628329871137	2.653237167012885	1	0.1155876109957047	5.767630812020512	0	-5.767630812020512	0.9999999999999999	0.01336049581569443	-4.852845924749247
9	0	0.9999999999999996	1.999999999999999	1	0.3333333333333333	9.000000000000004	0	-9.000000000000004	1.000000000000001	5.080526342449154e-05	-7.572539704122088
2	0	0.9999999999999989	1.999999999999998	1	0.3333333333333334	2.000000000000002	0	-2.000000000000002	1	0.111111111111111	-1.682786600916021
1	0	0.8009990227348835	2.199000977265114	1	0.2669996742449614	1.248440973854948	0	-1.248440973854948	1	0.2669996742449614	-1.050429871418826
1	0	0.1767389806733638	2.823261019326632	1	0.05891299355778801	5.658061374972664	0	-5.658061374972664	1	0.05891299355778801	-4.760654934482233
0	0	0.824003548467203	2.109160418081194	0	0.2809265209393834	0	0	0	0	0	0
1	0	0.8009990227348833	2.199000977265113	1	0.2669996742449614	1.248440973854949	0	-1.248440973854949	1	0.2669996742449614	-1.050429871418827
5	0	0.9999999999999989	1.99998341046907	1	0.3333351766247406	5.000000000000005	0	-5.000000000000005	1	0.004115340122126776	-4.206966502290052
0	0	0	1.267344133806394	0	0	0	0	0	0	0	0
6	0	0.865601955269376	2.067562011279021	1	0.2951086148409132	6.931592475588616	0	-6.931592475588616	0.9999999999999994	0.0006605281425061671	-5.832195470465409
3	0	0.9999999999999988	1.933527998759413	1	0.3408864685876183	3.000000000000004	0	-3.000000000000004	1	0.0396122295458845	-2.524179901374031
0	0	0	2.999999999999996	0	0	0	0	0	0	0	0
1.5	11.5	0.9318932166222996	2.0641962336764	0.1153846153846154	0.3110365134556958	1.609626482137981	5.571175749855008	3.961549267717026	0.1167692897966782	0.968994691357956	3.333221013291439
2	0	0.8009990227348833	2.199000977265113	1	0.2669996742449615	2.496881947709897	0	-2.496881947709897	1	0.07128882604691533	-2.100859742837653
2	0	0.9999999999999988	1.999999999999998	1	0.3333333333333333	2.000000000000003	0	-2.000000000000003	1	0.1111111111111109	-1.682786600916021
0	0	0	1.267344133806394	0	0	0	0	0	0	0	0
5	0	0.8009990227348834	1.999999999999998	1	0.2859690475553227	6.242204869274743	0	-6.242204869274743	0.9999999999999997	0.001912472260370168	-5.252149357094133
3	0	0.9999999999999992	1.999999999999998	1	0.3333333333333333	3.000000000000002	0	-3.000000000000002	1	0.03703703703703698	-2.52417990137403
1	1	0.8009990227348833	2.198951651211786	0.5	0.2670040643305333	1.248440973854949	0.4547621587991375	-0.7936788150558112	0.9287088296309762	0.4627169582920432	-0.667796037703411
4	0	0.9410707720641405	2.058402075774866	1	0.3137453878744534	4.250477348506338	0	-4.250477348506338	1	0.009689679251732253	-3.576323164781756
3	0	0.8009990227348833	2.199000977265113	1	0.2669996742449614	3.745322921564846	0	-3.745322921564846	0.9999999999999999	0.01903409333183226	-3.151289614256481
0	0	0.824003548467203	1.37499742879791	0	0.3747172270437153	0	0	0	0	0	0
4	0	0.8009990227348833	2.199000977265113	1	0.2669996742449615	4.993763895419795	0	-4.993763895419795	1	0.005082096719147056	-4.201719485675307
1	0	0.9999999999999988	1.999999999999998	1	0.3333333333333333	1.000000000000001	0	-1.000000000000001	1	0.3333333333333333	-0.8413933004580105
10	0	0.8658234521342656	2.067340514414133	1	0.295184129495878	11.54969870052593	0	-11.54969870052593	0.9999999999999999	5.022616747174524e-06	-9.717839108931093
3	0	0.9999999999999988	1.935603223144578	1	0.3406454905471908	3.000000000000004	0	-3.000000000000004	0.9999999999999999	0.03952828138192221	-2.524179901374031
3	3	0.8234412140408256	2.098694723491362	0.5	0.2817942873445651	3.643247324576181	1.429459924028035	-2.213787400548146	0.9430537129142506	0.2227419308019118	-1.862665887459562
2	0	0.999999999999999	1.933230314808896	1	0.3409210640403295	2.000000000000002	0	-2.000000000000002	0.9999999999999999	0.1162271719063905	-1.682786600916021
2	0	0.82471836687841	1.374282610386703	1	0.3750422921158081	2.425070278924519	0	-2.425070278924519	1	0.1406567208754792	-2.040437885826927
0	0	0.9999999999999988	1.999999999999998	0	0.3333333333333333	0	0	0	0	0	0
3	0	0.9999999999999989	1.999999999999998	1	0.3333333333333334	3.000000000000004	0	-3.000000000000004	0.9999999999999999	0.0370370370370372	-2.524179901374031
2	0	0.8009990227348833	2.199000977265113	1	0.2669996742449614	2.496881947709897	0	-2.496881947709897	1	0.07128882604691544	-2.100859742837653
2	0	1.000198665300675	1.999801334699321	1	0.3333995551002253	1.999602748318775	0	-1.999602748318775	1	0.1111552633410282	-1.68245235601284
2	0	0.8240455817096708	2.07492163891344	1	0.2842548807890793	2.427050207405449	0	-2.427050207405449	1	0.0808008372524136	-2.042103784386167
1	0	0.8009990227348834	2.199000977265113	1	0.2669996742449615	1.248440973854949	0	-1.248440973854949	1	0.2669996742449614	-1.050429871418827
2	0	0.9999999999999989	1.999999999999998	1	0.3333333333333334	2.000000000000002	0	-2.000000000000002	1	0.111111111111111	-1.682786600916021
0	0	0.824003548467203	1.37499742879791	0	0.3747172270437153	0	0	0	0	0	0
4	1	0.9999999999999987	1.999159419032586	0.8	0.3334267573954308	4.000000000000005	0.5002102336010354	-3.49978976639897	0.995879003511619	0.04531364121611881	-2.944699662459595
1	0	0.9999999999999988	1.999999999999998	1	0.3333333333333333	1.000000000000001	0	-1.000000000000001	1	0.3333333333333333	-0.8413933004580105
5	3	0.9222029414845637	2.077797058515433	0.625	0.3074009804948549	5.421800099608219	1.443836869296308	-3.977963230311911	0.9871498761587885	0.06391942162199549	-3.347031611452743
1	2	0.800999022734884	2.199000977265114	0.3333333333333333	0.2669996742449615	1.248440973854948	0.9095039159497733	-0.3389370579051745	0.8242017085229175	0.60616663792597	-0.2851793697983622
1	0	0.8240561716300144	1.374944805635099	1	0.3747411575300385	1.213509508729195	0	-1.213509508729195	1	0.3747411575300386	-1.021038770686835
1	0	0.9231447639410556	2.076855236058941	1	0.3077149213136856	1.083253720392495	0	-1.083253720392495	1	0.3077149213136856	-0.911442423034459
2	0	0.8009990227348832	2.199000977265113	1	0.2669996742449614	2.496881947709898	0	-2.496881947709898	1	0.07128882604691544	-2.100859742837654
6	0	0.9999999999999991	1.997942667220446	1	0.3335620827356092	6.000000000000005	0	-6.000000000000005	1	0.001377399944796687	-5.048359802748061
2	0	0.8662754072809148	2.032691813342197	1	0.2988220774344304	2.308734593167831	0	-2.308734593167831	1	0.08929463396222859	-1.942553819227061
1	0	1.800999022734882	1.199000977265114	1	0.6003330075782948	0.555247386243144	0	-0.555247386243144	1	0.6003330075782948	-0.467181430881802
0	0	0.8009990227348833	2.199000977265113	0	0.2669996742449614	0	0	0	0	0	0
6	3	1.038025623924349	1.525595082536708	0.6666666666666666	0.4049060850960626	5.780204131489994	1.966445772105991	-3.813758359384003	0.9730893439110768	0.1049226962774041	-3.20887073315143
3	0	1.667373926756973	1.210475891968949	1	0.579381841230044	1.799236483105486	0	-1.799236483105486	1	0.19448881882241	-1.513865522824586
3	1	0.9220885574450212	2.077911442554975	0.75	0.3073628524816741	3.253483600656082	0.481252463180246	-2.772231137475836	0.9910750557484953	0.08937380628164981	-2.332536706393255
5	1	0.9999270749930597	1.999693177690646	0.8333333333333334	0.3333512214082576	5.000364651626924	0.5000767173466353	-4.500287934280289	0.998627816147394	0.01783706468571078	-3.78651211803545
0	1	0.8240969023800735	2.074870318243037	0	0.2842725838765918	0	0.481957831873937	0.481957831873937	0.7157274161234082	0.2842725838765918	0.4055160908419982
1	0	0.9999999999999987	1.999999999999997	1	0.3333333333333333	1.000000000000001	0	-1.000000000000001	1	0.3333333333333333	-0.8413933004580105
3	0	0.8009990227348833	2.199000977265113	1	0.2669996742449614	3.745322921564846	0	-3.745322921564846	0.9999999999999999	0.01903409333183226	-3.151289614256481
0	0	0.8663279330968012	2.066836033451596	0	0.295356121572792	0	0	0	0	0	0
1	1	0.8240907639492338	2.074876456673878	0.5	0.2842704664222114	1.213458570033923	0.4819564060228656	-0.7315021640110571	0.9191903019200982	0.4877312347645213	-0.6154810200694394
1	0	0.8009990227348834	2.199000977265114	1	0.2669996742449614	1.248440973854949	0	-1.248440973854949	1	0.2669996742449614	-1.050429871418827
2	0	0.8009990227348833	2.199000977265113	1	0.2669996742449614	2.496881947709897	0	-2.496881947709897	1	0.07128882604691544	-2.100859742837653
4	0	0.8661491071704555	1.332851870094657	1	0.3938830023839648	4.618142496350588	0	-4.618142496350588	0.9999999999999999	0.02406960474983999	-3.885674156989812
0	0	0.9231447639410556	2.076855236058941	0	0.3077149213136856	0	0	0	0	0	0
3	0	0.8244653565216783	2.108698610026719	1	0.2810839645939973	3.638721719802327	0	-3.638721719802327	0.9999999999999998	0.02220793672870669	-3.061596077272724
3	0	0.8242453371254402	2.074721883497671	1	0.2843237865063803	3.639693019632377	0	-3.639693019632377	0.9999999999999998	0.02298473932904299	-3.062413322442464
1	0	0.8240561018728252	2.109107864675572	1	0.2809444379076202	1.213509611454012	0	-1.213509611454012	1	0.2809444379076202	-1.021038857118808
3	0	0.8009990227348834	2.199000977265114	1	0.2669996742449614	3.745322921564846	0	-3.745322921564846	0.9999999999999999	0.01903409333183226	-3.15128961425648
1	1	1.000154936078635	1.800992153111782	0.5	0.3570519163160756	0.9998450879228343	0.5552495041536881	-0.4445955837691462	0.8725139290550183	0.5866177616871693	-0.3740797455965773
3	0	0.8240769750409652	2.109086991507432	1	0.2809515541712789	3.640436622866291	0	-3.640436622866291	1	0.02217656698516091	-3.063038985221678
2	1	0.9993869108667317	2.000613089133267	0.6666666666666666	0.3331289702889106	2.001226930484284	0.4998467746870703	-1.501380155797214	0.9630310422220517	0.2589868169813531	-1.263251204528378
3	0	0.8242030825046444	2.108960884043753	1	0.2809945478344758	3.639879616663646	0	-3.639879616663646	1	0.02218674949973298	-3.062570323934459
6	1	0.9999708332391034	1.981429154354573	0.8571428571428571	0.3354031117596508	6.000175005669728	0.5046862249918483	-5.49548878067788	0.9995225041375725	0.007100558595996564	-4.623867442804523
2	0	0.8998085335145807	2.001166989898858	1	0.3101744658830555	2.222695079572272	0	-2.222695079572272	1	0.09620819928583879	-1.870160748913092
5	3	0.9222323295299019	2.077767670470095	0.625	0.3074107765099676	5.421627327409674	1.443857290994065	-3.97777003641561	0.9871477090676728	0.06392755915108395	-3.346869059402706
3	0	0.8658544367991299	1.333146540465983	1	0.3937490004556473	3.464785618111895	0	-3.464785618111895	0.9999999999999998	0.06104616595529722	-2.915247406602612
1	1	0.8009990227348834	2.199000977265113	0.5	0.2669996742449615	1.248440973854949	0.4547519579748869	-0.7936890158800618	0.9287111739530847	0.4627105224430073	-0.6678046206085946
2	1	0.999942740392309	2.00005725960769	0.6666666666666666	0.3333142467974365	2.000114525773083	0.4999856855078987	-1.500128840265184	0.9629693247773066	0.2592338109090397	-1.262198356022969
1	0	0.8662964066052942	2.066867559943104	1	0.2953453732846407	1.154339314321575	0	-1.154339314321575	1	0.2953453732846407	-0.9712533655254658
3	1	0.8241880098898513	2.074779210733261	0.75	0.2843040114516018	3.639946182183523	0.4819789955609705	-3.157967186622553	0.9934667097903542	0.07231990463259463	-2.657092433890444
0	0	0.8009990227348833	1.999999999999998	0	0.2859690475553227	0	0	0	0	0	0
2	1	0.9999618687649144	2.000038131235082	0.6666666666666666	0.3333206229216386	2.000076265378264	0.4999904673729749	-1.500085798005289	0.9629671996053087	0.2592423122052249	-1.262162140553857
4	0	0.8661284587836999	2.067035507764698	1	0.2952881150394456	4.618252592250785	0	-4.618252592250785	1	0.007602980386386626	-3.885766790942646
2	0	0.8009990227348833	2.199000977265113	1	0.2669996742449614	2.496881947709897	0	-2.496881947709897	1	0.07128882604691544	-2.100859742837653
5	1	0.9999999999999998	2	0.8333333333333334	0.3333333333333334	5.000000000000001	0.5000000000000001	-4.500000000000001	0.9986282578875171	0.0178326474622772	-3.786269852061043
2	0	0.8240665953034545	2.074900625319657	1	0.2842621294373682	2.42698831793263	0	-2.42698831793263	1	0.08080495823226697	-2.042051710998368
1	3	0.1778174705353331	2.822182529464663	0.25	0.05927249017844443	5.623744376688204	1.063007076501557	-4.560737300186648	0.9805495053539989	0.2168312005007286	-3.837373809525995
2	0	0.8009990227348833	2.199000977265113	1	0.2669996742449614	2.496881947709897	0	-2.496881947709897	1	0.07128882604691544	-2.100859742837653
1	0	0.9999999999999988	1.999999999999998	1	0.3333333333333333	1.000000000000001	0	-1.000000000000001	1	0.3333333333333333	-0.8413933004580105
0	0	0	1.267344133806394	0	0	0	0	0	0	0	0
3	0	0.9999999999999989	1.801400711533817	1	0.3569642842892267	3.000000000000004	0	-3.000000000000004	0.9999999999999999	0.04548563857126797	-2.524179901374031
2	0	0.8009990227348833	1.999999999999998	1	0.2859690475553227	2.496881947709897	0	-2.496881947709897	1	0.08177829615969845	-2.100859742837653
2	0	0.8009990227348834	2.199000977265114	1	0.2669996742449614	2.496881947709897	0	-2.496881947709897	1	0.07128882604691544	-2.100859742837653
11	0	0.9999999999999989	1.999999999999998	1	0.3333333333333334	11.00000000000001	0	-11.00000000000001	0.9999999999999998	5.645029269696344e-06	-9.255326305038114
1	1	0.8662907329940245	2.066889821443645	0.5	0.2953417687443057	1.154346874453865	0.4838187259065108	-0.6705281485473544	0.9127732396349852	0.5034567771235963	-0.5641778919562569
2	1	1.000956783765326	1.99904321623467	0.6666666666666666	0.333652261255109	1.998088261589623	0.5002393104254974	-1.497848951164126	0.9628565519082455	0.2596845981384331	-1.260280072607551
0	0	0.9999999999999988	1.999999999999998	0	0.3333333333333333	0	0	0	0	0	0
1	0	0.9999999999999987	1.999999999999997	1	0.3333333333333333	1.000000000000001	0	-1.000000000000001	1	0.3333333333333333	-0.8413933004580105
2	0	0.9999999999999988	1.999999999999998	1	0.3333333333333333	2.000000000000003	0	-2.000000000000003	1	0.1111111111111109	-1.682786600916021
6	1	1.80015286162686	1.199482147427531	0.8571428571428571	0.6001239671470372	3.333050280284306	0.8336931084340437	-2.499357171850262	0.9719658882177816	0.15879240527491	-2.102942379846488
6	0	0.8656472409860528	2.067516725562345	1	0.2951240540448558	6.931229854282723	0	-6.931229854282723	0.9999999999999998	0.0006607355108192436	-5.831890363328028
3	0	0.8009990227348834	2.199000977265114	1	0.2669996742449614	3.745322921564846	0	-3.745322921564846	0.9999999999999999	0.01903409333183226	-3.15128961425648
0	0	0.824003548467203	1.37499742879791	0	0.3747172270437153	0	0	0	0	0	0
4	0	0.8009990227348838	2.199000977265114	1	0.2669996742449615	4.993763895419792	0	-4.993763895419792	1	0.005082096719147056	-4.201719485675304
0	0	0.9999999999999988	1.999999999999998	0	0.3333333333333333	0	0	0	0	0	0
0	0	0.9231447639410556	2.076855236058941	0	0.3077149213136856	0	0	0	0	0	0
3	3	0.8009990227348833	2.199000977265114	0.5	0.2669996742449614	3.745322921564846	1.36425587392466	-2.381067047640186	0.95271161816699	0.1972136012511367	-2.003413861825784
7	0	1.800911679149844	1.198989560570448	1	0.6003236557606675	3.886920208826947	0	-3.886920208826947	1	0.02809947459360163	-3.27042862312184
2	1	0.9999999999999989	1.999999999999998	0.6666666666666666	0.3333333333333334	2.000000000000002	0.5000000000000006	-1.500000000000002	0.9629629629629628	0.2592592592592594	-1.262089950687016
6	0	0.8009990227348837	2.199000977265114	1	0.2669996742449615	7.490645843129689	0	-7.490645843129689	1	0.0003622967089645934	-6.302579228512958
0	1	0.9999999999999988	1.801690981243497	0	0.3569273009388641	0	0.5550341376021191	0.5550341376021191	0.643072699061136	0.356927300938864	0.4670020049039119
1	0	0.8240350561772561	2.109128910371141	1	0.2809372628243964	1.213540604254211	0	-1.213540604254211	1	0.2809372628243965	-1.021064934253258
0	0	0	2.999999999999996	0	0	0	0	0	0	0	0
0	1	0.8009990227348833	2.199000977265113	0	0.2669996742449614	0	0.4547519579748869	0.4547519579748869	0.7330003257550386	0.2669996742449614	0.3826252508102321
1	1	0.8240812722626174	2.07496121182491	0.5	0.2842598122607357	1.213472546529757	0.4819367197329482	-0.7315358267968085	0.9191963591334913	0.4877159836549627	-0.6155093437118454
9	0	1.797575879321623	1.199296149374014	1	0.5998173636076153	5.006742749238748	0	-5.006742749238748	0.9999999999999988	0.01005012128073701	-4.212639806326197
1	0	0.8009990227348833	2.199000977265113	1	0.2669996742449615	1.248440973854949	0	-1.248440973854949	1	0.2669996742449614	-1.050429871418827
0	0	0.824003548467203	2.109160418081194	0	0.2809265209393834	0	0	0	0	0	0
1	2	0.8288553285454772	2.070111892077636	0.3333333333333333	0.2859140050460178	1.206483164866488	0.9661313514762384	-0.2403518133902496	0.8015046655848763	0.6358741205083103	-0.2022304055394897
0	0	0.9999999999999988	1.999999999999998	0	0.3333333333333333	0	0	0	0	0	0
3	3	0.8662147441404006	2.032927901500301	0.5	0.2987830714169532	3.46334441926071	1.475704080693663	-1.987640338567047	0.9304918027750325	0.2534392829017034	-1.672387264590403
5	0	0.8655398872803087	2.033427333342803	1	0.2985683594912354	5.776741284230069	0	-5.776741284230069	0.9999999999999999	0.00237256931536356	-4.860511415030378
2	0	0.8243080390092699	1.374692938255843	1	0.374855694713905	2.426277441627024	0	-2.426277441627024	0.9999999999999999	0.1405167918594444	-2.041453584437376
5	0	1.800932734209957	1.19900669321719	1	0.6003230324401917	2.776339118625342	0	-2.776339118625342	1	0.07796955053853516	-2.335993134210857
6	0	0.9403867489447258	2.057453263413805	1	0.3136881037907299	6.380353622308079	0	-6.380353622308079	0.9999999999999997	0.0009527704821479244	-5.36838679236301
0	0	0.824003548467203	2.109160418081194	0	0.2809265209393834	0	0	0	0	0	0
0	0	0.8009990227348833	2.199000977265113	0	0.2669996742449614	0	0	0	0	0	0
0	0	0.9999999999999988	1.999999999999998	0	0.3333333333333333	0	0	0	0	0	0
2	0	0.8661803195237028	2.066983647024696	1	0.2953057958580409	2.308988042004654	0	-2.308988042004654	0.9999999999999999	0.08720551306735103	-1.942767069380372
0	0	0.8009990227348833	2.199000977265113	0	0.2669996742449614	0	0	0	0	0	0
0	3	0.005093864902050427	2.994906135097946	0	0.001697954967350144	0	1.00170084292204	1.00170084292204	0.9949147793558721	0.005085220644127864	0.8428243782977449
4	0	0.9999999999999991	1.983242011578403	1	0.335205791591447	4.000000000000004	0	-4.000000000000004	0.9999999999999999	0.01262542640138276	-3.36557320183204
2	0	0.8009990227348833	2.199000977265113	1	0.2669996742449614	2.496881947709897	0	-2.496881947709897	1	0.07128882604691544	-2.100859742837653
3	0	0.9999999999999989	1.999999999999998	1	0.3333333333333334	3.000000000000004	0	-3.000000000000004	0.9999999999999999	0.0370370370370372	-2.524179901374031
4	0	0.8009990227348833	2.076855236058941	1	0.2783320316820355	4.993763895419795	0	-4.993763895419795	0.9999999999999997	0.006001402556786162	-4.201719485675307
1	1	0.8011471745920672	2.19885282540793	0.5	0.267049058197356	1.248210106350542	0.4547825977459317	-0.7934275086046099	0.9286848005159054	0.462782916910617	-0.6675845901390083
0	2	0.8253695019929589	2.07434974453334	0	0.2846377293186936	0	0.9641575656519454	0.9641575656519454	0.5117431783143147	0.4882568216856853	0.8112357163254502
1	0	0.1819467002662988	2.818053299733698	1	0.06064890008876633	5.496115063017858	0	-5.496115063017858	1	0.06064890008876633	-4.624394392569576
4	0	0.8009990227348835	1.999999999999998	1	0.2859690475553227	4.993763895419794	0	-4.993763895419794	0.9999999999999999	0.006687689722783441	-4.201719485675306
1	0	0.8009990227348834	2.199000977265113	1	0.2669996742449615	1.248440973854949	0	-1.248440973854949	1	0.2669996742449614	-1.050429871418827
1	0	0.8240666492879599	2.074900571335152	1	0.2842621480593467	1.213494079470461	0	-1.213494079470461	1	0.2842621480593468	-1.021025788611905
0	0	0.8009990227348833	2.076855236058941	0	0.2783320316820355	0	0	0	0	0	0
2	4	0.8009990227348833	2.199000977265113	0.3333333333333333	0.2669996742449614	2.496881947709897	1.819007831899548	-0.6778741158103496	0.8027863987488633	0.5059084572930531	-0.5703587395967249
1	0	0.8009990227348834	2.199000977265114	1	0.2669996742449614	1.248440973854949	0	-1.248440973854949	1	0.2669996742449614	-1.050429871418827
7	4	0.9999489372924824	2.000051062707514	0.6363636363636364	0.3333163124308278	7.000357457205356	1.999948938596152	-5.000408518609204	0.9911798627494552	0.0386182826413195	-4.207310227110943
1	0	0.8009990227348833	2.076855236058941	1	0.2783320316820355	1.248440973854949	0	-1.248440973854949	1	0.2783320316820355	-1.050429871418827
0	3	0.1765021207372229	2.823448563777825	0	0.05883500740471506	0	1.062530424137051	1.062530424137051	0.8336759912785651	0.1663240087214349	0.8940059804017219
7	1	0.9998252852088676	1.936551359407739	0.875	0.3404962667312768	7.001223217252074	0.5163818636371375	-6.484841353614936	0.9998193246782998	0.002980260769490095	-5.456302069464656
1	0	0.9999999999999988	1.801037149244205	1	0.357010616681691	1.000000000000001	0	-1.000000000000001	1	0.357010616681691	-0.8413933004580105
2	0	0.6927528982877529	2.307247101712246	1	0.2309176327625844	2.88703230970713	0	-2.88703230970713	0.9999999999999999	0.05332295312067592	-2.429129643593392
4	0	0.8991880746102344	2.000306347822201	1	0.3101189185443889	4.448457572943075	0	-4.448457572943075	1	0.009249388965567262	-3.742902399246
1	0	0.8009990227348834	2.199000977265114	1	0.2669996742449614	1.248440973854949	0	-1.248440973854949	1	0.2669996742449614	-1.050429871418827
1	2	0.9994756880412498	1.933737995711994	0.3333333333333333	0.3407442470274971	1.000524587005991	1.034266278283273	0.03374169127728255	0.7308054148791678	0.7134754856985712	0.02839003298682799
1	0	0.9999999999999988	1.999999999999998	1	0.3333333333333333	1.000000000000001	0	-1.000000000000001	1	0.3333333333333333	-0.8413933004580105
2	0	0.8009990227348834	1.999999999999998	1	0.2859690475553227	2.496881947709897	0	-2.496881947709897	1	0.08177829615969845	-2.100859742837653
5	3	0.8009990227348837	2.199000977265114	0.625	0.2669996742449614	6.242204869274741	1.36425587392466	-4.877948995350081	0.9939564992577997	0.03596988082620478	-4.104273604663436
2	0	0.800999022734884	2.199000977265114	1	0.2669996742449615	2.496881947709896	0	-2.496881947709896	1	0.07128882604691555	-2.100859742837652
2	14	0.8011129591588069	2.196842405805272	0.125	0.2672197753579316	2.49652683449293	6.372783028497748	3.876256194004818	0.1575322306770448	0.9527614941372033	3.261455992494516
8	0	0.9999999999999991	1.999999999999998	1	0.3333333333333333	8.000000000000007	0	-8.000000000000007	1	0.000152415790275473	-6.731146403664081
0	0	0.8009990227348833	1.999999999999998	0	0.2859690475553227	0	0	0	0	0	0
4	0	0.9220098490374511	2.031533378070343	1	0.3121707651254907	4.338348450589625	0	-4.338348450589625	0.9999999999999999	0.009496616828496007	-3.650257321378496
2	2	0.8009990227348833	2.199000977265113	0.5	0.2669996742449615	2.496881947709897	0.909503915949774	-1.587378031760123	0.9391099168301138	0.2907064997842778	-1.335609241217189
2	0	0.8241505903457097	2.109013376202688	1	0.2809766517469971	2.426740966309388	0	-2.426740966309388	0.9999999999999999	0.07894787882695342	-2.041843590999715
3	0	0.9999999999999989	1.999999999999998	1	0.3333333333333334	3.000000000000004	0	-3.000000000000004	0.9999999999999999	0.0370370370370372	-2.524179901374031
6	0	1.626301331592538	1.176936328310419	1	0.5801510713325811	3.689353186549115	0	-3.689353186549115	1	0.03812822531310134	-3.104197054185834
2	3	0.8009990227348835	2.199000977265114	0.4	0.2669996742449614	2.496881947709897	1.36425587392466	-1.132626073785236	0.8777490084579265	0.4030101719457477	-0.952983990406957
2	1	0.8010962882185003	2.198476534874588	0.6666666666666666	0.2670701248027806	2.496578787610731	0.4548604381884134	-2.041718349422317	0.9809508356795508	0.1758810260456207	-1.717888140626123
6	0	1.122040248740217	1.780321733572886	1	0.3865955575417169	5.347401759194082	0	-5.347401759194082	1	0.003338421394066371	-4.499268015043274
6	0	0.8009990227348837	2.199000977265114	1	0.2669996742449614	7.490645843129689	0	-7.490645843129689	1	0.0003622967089649265	-6.302579228512958
5	0	0.8659409128876253	1.333060064377487	1	0.3937883256262087	5.77406601950087	0	-5.77406601950087	1	0.00946921950063162	-4.858260465210278
3	0	0.9231447639410557	2.076855236058941	1	0.3077149213136856	3.249761161177485	0	-3.249761161177485	1	0.02913705595668425	-2.734327269103377
12	0	0.8632829147689489	2.035684305854164	1	0.2977898158446208	13.90042568282694	0	-13.90042568282694	0.9999999999999997	4.863154805523351e-07	-11.69572504304504
9	0	0.999999999999999	1.944845105064042	1	0.3395764341833701	9.000000000000009	0	-9.000000000000009	1	6.003961411471526e-05	-7.572539704122092
0	6	0.999293283342632	2.000706716657365	0	0.333097761114211	0	2.998940299467961	2.998940299467961	0.08797779083995684	0.9120222091600432	2.523288276445879
1	0	0.8663069125542487	2.066857053994149	1	0.2953489550649552	1.154325315322218	0	-1.154325315322218	1	0.2953489550649553	-0.9712415868611931
9	2	1.787201914716139	1.211157016244188	0.8181818181818182	0.5960600301257882	5.035804810800838	1.651313556521369	-3.384491254279469	0.9714715083885667	0.1137612121116541	-2.84768826680947
4	4	0.8663433621565998	2.032353131905878	0.5	0.2988734294643014	4.617106997902942	1.968161899231027	-2.648945098671915	0.942904275670178	0.1920643952607426	-2.22880465930363
1	2	0.9999999999999989	1.802139255092367	0.3333333333333333	0.3568702012873505	1.000000000000001	1.109792150827707	0.1097921508277062	0.7088303440860191	0.7339912650547502	0.0923783801493073
6	3	0.9984739828929547	1.990956004524008	0.6666666666666666	0.3340014608456152	6.0091700963662	1.506813808634225	-4.502356287731974	0.9916155785766525	0.04283442835790108	-3.788252416772677
0	2	0.8009990227348833	2.000494778455346	0	0.2859185418845385	0	0.9997526719586203	0.9997526719586203	0.5099123288243036	0.4900876711756964	0.8411852003009771
1	0	0.8240980603903119	2.0748691602328	1	0.2842729833327257	1.213447826253076	0	-1.213447826253076	1	0.2842729833327257	-1.020986871464673
2	1	0.8009990227348834	2.199000977265113	0.6666666666666666	0.2669996742449615	2.496881947709897	0.4547519579748869	-2.04212998973501	0.980965906668168	0.1757982914770821	-1.718234492027421
0	1	0.002742885719042619	1.269353725118749	0	0.002156192930375138	0	0.7878024700376163	0.7878024700376163	0.9978438070696248	0.002156192930375167	0.662851720373922
1	2	0.9234318039968674	2.076568196003129	0.3333333333333333	0.3078106013322895	1.082917001203255	0.9631275312072566	-0.1197894699959988	0.7740863887086815	0.6683539489123906	-0.1007900575200491
3	0	1.800387587555556	1.198921056470155	1	0.6002675286992312	1.666307866559554	0	-1.666307866559554	0.9999999999999998	0.2162890598432061	-1.402020275423687
0	1	0.002742885719042619	1.269353725118749	0	0.002156192930375138	0	0.7878024700376163	0.7878024700376163	0.9978438070696248	0.002156192930375167	0.662851720373922
1	0	0.9231447639410556	2.076855236058941	1	0.3077149213136856	1.083253720392495	0	-1.083253720392495	1	0.3077149213136856	-0.911442423034459
1	0	0.9999999999999987	1.999999999999997	1	0.3333333333333333	1.000000000000001	0	-1.000000000000001	1	0.3333333333333333	-0.8413933004580105
1	0	0.8009990227348834	2.199000977265113	1	0.2669996742449615	1.248440973854949	0	-1.248440973854949	1	0.2669996742449614	-1.050429871418827
0	0	0.9999999999999988	1.999999999999998	0	0.3333333333333333	0	0	0	0	0	0
0	9	0.1798551891073941	2.820144810892602	0	0.05995172970246479	0	3.191325482733426	3.191325482733426	0.5732596732962247	0.4267403267037753	2.685159880752827
0	0	0.9999999999999988	1.800999022734882	0	0.3570154762223387	0	0	0	0	0	0
2	0	0.8009990227348833	2.076855236058941	1	0.2783320316820355	2.496881947709897	0	-2.496881947709897	1	0.0774687198602495	-2.100859742837653
1	0	0.8009990227348833	2.199000977265113	1	0.2669996742449614	1.248440973854949	0	-1.248440973854949	1	0.2669996742449614	-1.050429871418827
4	0	1.667695168091047	1.210438704638436	1	0.5794362742791688	2.398519871337555	0	-2.398519871337555	1	0.112725642393766	-2.018098550758826
0	1	0.9999809218461754	2.000019078153821	0	0.3333269739487255	0	0.4999952305070413	0.4999952305070413	0.6666730260512745	0.3333269739487255	0.4206926372095826
1	1	0.8009990227348835	2.076885529372699	0.5	0.278329101891277	1.248440973854948	0.4814901860778236	-0.7669507877771249	0.9225329110403951	0.4791911148229492	-0.6453072546166654
0	6	0.9986445241382892	2.001355475861708	0	0.3328815080460967	0	2.997968163260266	2.997968163260266	0.08814909838089909	0.9118509016191009	2.522470327553592
0	5	0.999999999999999	1.999999999999998	0	0.3333333333333334	0	2.500000000000003	2.500000000000003	0.1316872427983539	0.8683127572016461	2.103483251145026
3	0	1.667907562618107	1.210401071831058	1	0.5794748841926404	1.798660829435244	0	-1.798660829435244	1	0.194582532781517	-1.51338117168306
0	1	1.666663547377302	1.211312139925704	0	0.5791096689003503	0	0.8255510425754797	0.8255510425754797	0.4208903310996497	0.5791096689003503	0.6946131164091335
1	0	0.9999999999999988	1.999585295997095	1	0.3333794179263666	1.000000000000001	0	-1.000000000000001	1	0.3333794179263665	-0.8413933004580105
0	0	0.8009990227348833	2.199000977265113	0	0.2669996742449614	0	0	0	0	0	0
1	1	0.9230932904858996	2.076906709514097	0.5	0.3076977634953003	1.083314124700893	0.4814852758764285	-0.601828848824465	0.9053220863399905	0.5207176133305906	-0.506374761423261
0	0	0	2.999999999999996	0	0	0	0	0	0	0	0
0	0	0	1.267344133806394	0	0	0	0	0	0	0	0
3	0	0.9999999999999989	1.999999999999998	1	0.3333333333333334	3.000000000000004	0	-3.000000000000004	0.9999999999999999	0.0370370370370372	-2.524179901374031
0	0	0.8009990227348833	2.076855236058941	0	0.2783320316820355	0	0	0	0	0	0
1	0	0.8240350398784563	1.374965937386657	1	0.374731547824642	1.213540628257141	0	-1.213540628257141	1	0.374731547824642	-1.021064954449162
9	0	0.8485201754129246	2.050447045210189	1	0.2926974025013435	10.60670124386875	0	-10.60670124386875	0.999999999999999	1.576775326173063e-05	-8.924407366550804
0	0	0.9999999999999988	1.999999999999998	0	0.3333333333333333	0	0	0	0	0	0
0	0	0.8009990227348833	2.199000977265113	0	0.2669996742449614	0	0	0	0	0	0
0	0	0.9231447639410556	2.076855236058941	0	0.3077149213136856	0	0	0	0	0	0
2	1	0.9407391847347404	2.057980798694121	0.6666666666666666	0.3137135811057156	2.125987768399313	0.4859131827831162	-1.640074585616197	0.9691254980176914	0.2334996289459006	-1.379947768588914
0	0	0.8009990227348833	2.076855236058941	0	0.2783320316820355	0	0	0	0	0	0
2	2	0.8009990227348833	2.199000977265113	0.5	0.2669996742449614	2.496881947709897	0.9095039159497739	-1.587378031760124	0.9391099168301135	0.2907064997842779	-1.335609241217189
1	1	0.9232019815496338	2.076798018450363	0.5	0.3077339938498783	1.083186583201931	0.4815104748347971	-0.6016761083671338	0.9052997890292031	0.5207677767289597	-0.5062462466257537
0	0	0.8009990227348833	2.076855236058941	0	0.2783320316820355	0	0	0	0	0	0
4	0	0.9231447639410556	2.076855236058941	1	0.3077149213136856	4.33301488156998	0	-4.33301488156998	0.9999999999999999	0.008965906881023722	-3.645769692137836