Observed S Changes	Observed NS Changes	E[S Sites]	E[NS Sites]	Observed S. Prop.	P{S}	dS	dN	dN-dS	P{S leq. observed}	P{S geq. observed}	Scaled dN-dS
0	0	0	2.999999999999998	0	0	0	0	0	0	0	0
0	0	0.8684010908507778	2.032106505346357	0	0.2993962477427542	0	0	0	0	0	0
3	0	0.9999999999999994	1.999999999999999	1	0.3333333333333334	3.000000000000002	0	-3.000000000000002	0.9999999999999999	0.0370370370370372	-2.48055401365331
0	0	0.9242080125264995	2.075791987473499	0	0.3080693375088334	0	0	0	0	0	0
0	0	0.9242080125264995	2.075791987473499	0	0.3080693375088334	0	0	0	0	0	0
4	0	0.9999999999999992	1.999999999999998	1	0.3333333333333333	4.000000000000004	0	-4.000000000000004	1	0.01234567901234551	-3.307405351537748
0	0	1.672223973063218	1.207390896622721	0	0.5807109800226851	0	0	0	0	0	0
0	0	0.8038228822124406	2.196177117787558	0	0.2679409607374804	0	0	0	0	0	0
0	0	0.8038228822124406	1.999999999999999	0	0.286688181094435	0	0	0	0	0	0
1	0	0.9242080125264996	2.075791987473499	1	0.3080693375088334	1.082007498794896	0	-1.082007498794896	1	0.3080693375088335	-0.8946593479795524
1	0	1.80254222962476	1.197457770375238	1	0.6008474098749205	0.5547720234039524	0	-0.5547720234039524	1	0.6008474098749205	-0.4587139897724137
1	0	0.8038228822124406	2.075791987473499	1	0.2791424959894405	1.244055154597742	0	-1.244055154597742	1	0.2791424959894404	-1.028648668981172
3	0	1.80382288221244	1.196177117787558	1	0.6012742940708138	1.663134462692043	0	-1.663134462692043	1	0.2173791625513919	-1.375164955558629
0	1	0.9992129412666469	2.000787058733352	0	0.3330709804222158	0	0.4998033127188832	0.4998033127188832	0.6669290195777842	0.3330709804222158	0.4132630378006818
2	3	0.8050750683690614	2.194924931630937	0.4	0.2683583561230206	2.484240387733834	1.366789340613509	-1.117451047120325	0.8761827250723013	0.4058668802218466	-0.9239658933318049
3	0	0.9999999999999994	1.999999999999999	1	0.3333333333333334	3.000000000000002	0	-3.000000000000002	0.9999999999999999	0.0370370370370372	-2.48055401365331
0	0	0.8266819188992602	1.369495198888298	0	0.3764186013066489	0	0	0	0	0	0
1	2	0.8267483570926746	2.075371252751609	0.3333333333333333	0.284877423483257	1.209557891976439	0.9636830024258651	-0.2458748895505742	0.8027730987922594	0.634286100230212	-0.2033019813770803
1	4	0.9815599243354204	2.018440075664579	0.2	0.3271866414451402	1.018786500148796	1.981728389277539	0.9629418891287431	0.4731018923906805	0.8621289673470865	0.7962097893310676
1	0	0.9999999999999993	1.999999999999999	1	0.3333333333333333	1.000000000000001	0	-1.000000000000001	1	0.3333333333333333	-0.8268513378844367
0	1	0.9982015683063823	1.935998977119005	0	0.3401954136579534	0	0.516529198526808	0.516529198526808	0.6598045863420465	0.3401954136579535	0.4270928588582667
0	1	0.8044023915434569	2.195597608456541	0	0.2681341305144859	0	0.4554568633835319	0.4554568633835319	0.7318658694855141	0.2681341305144859	0.3765951168373222
0	0	0.8038228822124406	2.196177117787558	0	0.2679409607374804	0	0	0	0	0	0
1	1	0.8038228822124407	2.196177117787558	0.5	0.2679409607374803	1.244055154597741	0.455336681135903	-0.7887184734618384	0.9282076415590759	0.4640895630340367	-0.6521529249960912
1	0	0.8038228822124405	2.196177117787558	1	0.2679409607374803	1.244055154597742	0	-1.244055154597742	1	0.2679409607374803	-1.028648668981172
0	0	0.9999999999999994	1.999999999999999	0	0.3333333333333334	0	0	0	0	0	0
0	0	0.9999999999999994	1.999999999999999	0	0.3333333333333334	0	0	0	0	0	0
0	1	0.9996829828827064	2.000077343435724	0	0.3332542850547014	0	0.4999806648887909	0.4999806648887909	0.6667457149452986	0.3332542850547014	0.4134096816796467
0	0	1.80382288221244	1.196177117787558	0	0.6012742940708137	0	0	0	0	0	0
1	0	0.8038228822124406	2.075791987473499	1	0.2791424959894405	1.244055154597742	0	-1.244055154597742	1	0.2791424959894404	-1.028648668981172
1	0	1.003207166796613	1.996792833203385	1	0.3344023889322046	0.9968030862390526	0	-0.9968030862390526	1	0.3344023889322045	-0.8242079654640956
1	0	0.9999999999999994	1.999895192003543	1	0.3333449790731285	1.000000000000001	0	-1.000000000000001	1	0.3333449790731284	-0.8268513378844367
1	0	0.8038228822124406	2.196177117787558	1	0.2679409607374804	1.244055154597742	0	-1.244055154597742	1	0.2679409607374803	-1.028648668981172
0	0	0.8038228822124406	2.196177117787558	0	0.2679409607374804	0	0	0	0	0	0
0	0	0.9999999999999994	1.999999999999999	0	0.3333333333333334	0	0	0	0	0	0
1	0	0.9999999999999996	1.999999999999999	1	0.3333333333333333	1	0	-1	1	0.3333333333333333	-0.8268513378844364
0	0	0.9999999999999994	1.999999999999999	0	0.3333333333333334	0	0	0	0	0	0
1	0	0.8038228822124406	2.196177117787558	1	0.2679409607374804	1.244055154597742	0	-1.244055154597742	1	0.2679409607374803	-1.028648668981172
2	0	0.9999999999999994	1.934462659117865	1	0.3407778922975328	2.000000000000001	0	-2.000000000000001	0.9999999999999998	0.1161295718787491	-1.653702675768873
2	0	0.9999999999999994	1.999999999999999	1	0.3333333333333334	2.000000000000001	0	-2.000000000000001	1	0.111111111111111	-1.653702675768873
0	1	0.1746354252555831	2.825364574744415	0	0.05821180841852776	0	0.3539366242993476	0.3539366242993476	0.9417881915814722	0.0582118084185278	0.2926529713282166
0	0	0.9999999999999994	1.999999999999999	0	0.3333333333333334	0	0	0	0	0	0
0	0	0.8266819188992602	2.073825677297874	0	0.2850128439529432	0	0	0	0	0	0
1	0	0.9999999999999994	1.999999999999999	1	0.3333333333333334	1.000000000000001	0	-1.000000000000001	1	0.3333333333333334	-0.8268513378844367
0	0	0.9242080125264995	2.075791987473499	0	0.3080693375088334	0	0	0	0	0	0
4	0	0.9999999999999998	2	1	0.3333333333333334	4.000000000000001	0	-4.000000000000001	1	0.01234567901234573	-3.307405351537745
1	2	0.8038228822124406	2.196177117787558	0.3333333333333333	0.2679409607374804	1.244055154597742	0.9106733622718064	-0.3333817923259352	0.8230951516657696	0.6076819203839398	-0.2756571810110108
0	0	0.8038228822124406	2.196177117787558	0	0.2679409607374804	0	0	0	0	0	0
0	2	0.9695767937461455	1.226600324041413	0	0.4414838793707599	0	1.630522967261564	1.630522967261564	0.3119402570027358	0.6880597429972641	1.348200096931525
1	0	0.9230104229309164	2.076989577069082	1	0.3076701409769723	1.083411384266509	0	-1.083411384266509	1	0.3076701409769723	-0.8958201525599918
1	0	0.8267817925410293	2.107418752884358	1	0.2817741254359852	1.209508976880831	0	-1.209508976880831	1	0.2817741254359851	-1.000084115717151
2	0	0.9999999999999994	1.999999999999999	1	0.3333333333333334	2.000000000000001	0	-2.000000000000001	1	0.111111111111111	-1.653702675768873
0	0	0.9999999999999994	1.999999999999999	0	0.3333333333333334	0	0	0	0	0	0
0	0	0.8038228822124406	2.196177117787558	0	0.2679409607374804	0	0	0	0	0	0
1	0	0.9999999999999994	1.999999999999999	1	0.3333333333333334	1.000000000000001	0	-1.000000000000001	1	0.3333333333333334	-0.8268513378844367
0	0	0.9999999999999994	1.999999999999999	0	0.3333333333333334	0	0	0	0	0	0
5	0	0.867701637378778	2.066498908046609	1	0.2957199495895338	5.762349389018554	0	-5.762349389018554	1	0.002261533979848185	-4.764606301667554
3	0	1.795009803235593	1.196928096037622	1	0.5999488838560542	1.671300064541348	0	-1.671300064541348	1	0.2159447992675533	-1.381916694372358
1	0	0.9999999999999994	1.999999999999999	1	0.3333333333333334	1.000000000000001	0	-1.000000000000001	1	0.3333333333333334	-0.8268513378844367
0	0	0.8684010908507778	1.32777602693678	0	0.395414870602791	0	0	0	0	0	0
2	2	0.8038228822124407	2.196177117787558	0.5	0.2679409607374804	2.488110309195483	0.9106733622718062	-1.577436946923677	0.9385179742144475	0.2923276708829083	-1.304305849992182
0	0	0.9999999999999994	1.999999999999999	0	0.3333333333333334	0	0	0	0	0	0
1	0	0.9999999999999994	1.80388312447672	1	0.3566482465943108	1.000000000000001	0	-1.000000000000001	1	0.3566482465943108	-0.8268513378844367
0	4	0.5816247981882133	2.418375201811785	0	0.1938749327294045	0	1.654003066605753	1.654003066605753	0.4222889376725675	0.5777110623274324	1.367614648487927
1	0	0.9999999999999994	1.999580468345374	1	0.3333799544813075	1.000000000000001	0	-1.000000000000001	1	0.3333799544813074	-0.8268513378844367
0	2	0.8391658661235245	2.095034679301863	0	0.285994720923844	0	0.9546381354729977	0.9546381354729977	0.5098035385486194	0.4901964614513806	0.7893438195113517
0	0	0.1733180811007393	2.826681918899259	0	0.05777269370024649	0	0	0	0	0	0
2	0	0.8038228822124406	2.075791987473499	1	0.2791424959894405	2.488110309195483	0	-2.488110309195483	1	0.0779205330672148	-2.057297337962343
0	5	0.8038959725256842	2.19589363791101	0	0.2679841178624047	0	2.27697731514746	2.27697731514746	0.2101853871527055	0.7898146128472945	1.882721739362188
1	0	0.8038228822124406	2.196177117787558	1	0.2679409607374803	1.244055154597742	0	-1.244055154597742	1	0.2679409607374803	-1.028648668981172
2	0	0.9999999999999993	1.999999999999999	1	0.3333333333333333	2.000000000000001	0	-2.000000000000001	1	0.1111111111111109	-1.653702675768873
2	0	0.8038228822124405	2.196177117787558	1	0.2679409607374803	2.488110309195484	0	-2.488110309195484	0.9999999999999998	0.07179235844092413	-2.057297337962344
0	3	0.8704321419461786	1.335988312768541	0	0.3944996703081787	0	2.245528625758082	2.245528625758082	0.221994979000182	0.7780050209998179	1.856718348465869
1	0	0.9242080125264995	2.075791987473499	1	0.3080693375088334	1.082007498794896	0	-1.082007498794896	1	0.3080693375088334	-0.8946593479795525
0	0	0.9999999999999994	1.999999999999999	0	0.3333333333333334	0	0	0	0	0	0
1	0	0.8038228822124406	2.196177117787558	1	0.2679409607374804	1.244055154597742	0	-1.244055154597742	1	0.2679409607374803	-1.028648668981172
0	0	0.9999999999999994	1.934200545425388	0	0.3408083341675693	0	0	0	0	0	0
1	3	0.8269864451258947	2.105037340520888	0.25	0.2820531160675654	1.209209662254823	1.425152866531885	0.2159432042770619	0.6831972796567687	0.7343136395467638	0.1785529273635408
3	0	0.8038228822124406	2.196177117787558	1	0.2679409607374804	3.732165463793225	0	-3.732165463793225	1	0.01923611349427057	-3.085946006943515
1	0	0.8038228822124407	2.075791987473499	1	0.2791424959894405	1.244055154597741	0	-1.244055154597741	1	0.2791424959894405	-1.028648668981172
1	0	0.9999999999999994	1.999999999999999	1	0.3333333333333334	1.000000000000001	0	-1.000000000000001	1	0.3333333333333334	-0.8268513378844367
0	0	1.80382288221244	1.196177117787558	0	0.6012742940708137	0	0	0	0	0	0
0	0	0.1733180811007393	2.826681918899259	0	0.05777269370024649	0	0	0	0	0	0
0	0	0.8038228822124406	2.196177117787558	0	0.2679409607374804	0	0	0	0	0	0
1	0	0.9999999999999994	1.999999999999999	1	0.3333333333333334	1.000000000000001	0	-1.000000000000001	1	0.3333333333333334	-0.8268513378844367
0	0	1.80382288221244	1.196177117787558	0	0.6012742940708137	0	0	0	0	0	0
0	0	1.672223973063218	1.207390896622721	0	0.5807109800226851	0	0	0	0	0	0
1	0	0.9999999999999994	1.934357551005291	1	0.3407900988948692	1.000000000000001	0	-1.000000000000001	1	0.3407900988948692	-0.8268513378844367
2	0	0.8038228822124405	2.196177117787558	1	0.2679409607374803	2.488110309195484	0	-2.488110309195484	0.9999999999999998	0.07179235844092413	-2.057297337962344
0	0	0.9999999999999994	1.999999999999999	0	0.3333333333333334	0	0	0	0	0	0
2	0	0.8679685235917107	1.328208594195847	1	0.3952179068626794	2.304231024097358	0	-2.304231024097358	1	0.1561971939049175	-1.905256505069725
1	0	0.8038228822124406	2.075791987473499	1	0.2791424959894405	1.244055154597742	0	-1.244055154597742	1	0.2791424959894404	-1.028648668981172
0	0	0.8038228822124406	2.196177117787558	0	0.2679409607374804	0	0	0	0	0	0
0	1	0.9979628069010241	2.002037193098974	0	0.3326542689670082	0	0.4994912199668426	0.4994912199668426	0.6673457310329918	0.3326542689670082	0.413004983491113
2	0	0.8038228822124407	2.196177117787558	1	0.2679409607374804	2.488110309195483	0	-2.488110309195483	1	0.07179235844092391	-2.057297337962343
0	0	0.8266819188992602	1.369495198888298	0	0.3764186013066489	0	0	0	0	0	0
2	0	0.8038228822124407	2.196177117787558	1	0.2679409607374804	2.488110309195483	0	-2.488110309195483	1	0.07179235844092402	-2.057297337962343
1	0	0.8683678542537172	2.032139741943418	1	0.2993847888529019	1.151585696201765	0	-1.151585696201765	1	0.2993847888529019	-0.9521901735930094
1	3	0.8284476564142786	2.073097724924942	0.25	0.2855194551642357	1.207076865095184	1.447109783552832	0.2400329184576473	0.6771421209618407	0.7394076693152249	0.1984715397630114
0	0	0	1.263197818298443	0	0	0	0	0	0	0	0
0	0	0.8038228822124406	2.196177117787558	0	0.2679409607374804	0	0	0	0	0	0
0	0	0.9999999999999994	1.999999999999999	0	0.3333333333333334	0	0	0	0	0	0
0	0	0.8038228822124406	2.196177117787558	0	0.2679409607374804	0	0	0	0	0	0
0	1	0.9997582199232681	2.00024178007673	0	0.3332527399744229	0	0.4999395622871349	0.4999395622871349	0.666747260025577	0.333252739974423	0.4133756959384768
0	0	0.8266819188992602	2.107518626526127	0	0.2817400876665067	0	0	0	0	0	0
3	0	1.092218872738214	1.30233341096636	1	0.4561265503246641	2.746702217733102	0	-2.746702217733102	0.9999999999999998	0.09489778101545399	-2.271114403502763
0	0	0.8038228822124406	2.196177117787558	0	0.2679409607374804	0	0	0	0	0	0
0	1	0.8285069096863285	2.072000686510806	0	0.2856420409905447	0	0.4826253227183883	0.4826253227183883	0.7143579590094553	0.2856420409905447	0.3990593937866071
0	0	0.9999999999999994	1.999999999999999	0	0.3333333333333334	0	0	0	0	0	0
0	4	0.8038228822124407	2.026117006613849	0	0.284042387397078	0	1.974219646221225	1.974219646221225	0.2627539447028479	0.7372460552971521	1.632386155755758
0	0	0.8038228822124406	2.196177117787558	0	0.2679409607374804	0	0	0	0	0	0
0	0	0.8038228822124406	2.196177117787558	0	0.2679409607374804	0	0	0	0	0	0
0	0	0.8038228822124406	2.075791987473499	0	0.2791424959894405	0	0	0	0	0	0
0	0	0.8038228822124406	1.999999999999999	0	0.286688181094435	0	0	0	0	0	0
1	0	0.9999999999999996	1.999999999999999	1	0.3333333333333333	1	0	-1	1	0.3333333333333333	-0.8268513378844364
0	0	0.8038228822124406	1.999999999999999	0	0.286688181094435	0	0	0	0	0	0
0	0	0.8038228822124406	2.196177117787558	0	0.2679409607374804	0	0	0	0	0	0
0	0	0.9999999999999994	1.999999999999999	0	0.3333333333333334	0	0	0	0	0	0
0	0	0.9999999999999994	1.999999999999999	0	0.3333333333333334	0	0	0	0	0	0
0	0	0.8038228822124406	2.196177117787558	0	0.2679409607374804	0	0	0	0	0	0
0	0	0.8038228822124406	1.999999999999999	0	0.286688181094435	0	0	0	0	0	0
0	0	0.9999999999999994	1.999999999999999	0	0.3333333333333334	0	0	0	0	0	0
1	0	0.9999999999999996	1.999999999999999	1	0.3333333333333333	1	0	-1	1	0.3333333333333333	-0.8268513378844364
0	0	0.9999999999999994	1.999999999999999	0	0.3333333333333334	0	0	0	0	0	0
1	0	0.9421269289871274	2.057634973329978	1	0.3140672358894219	1.061428104040176	0	-1.061428104040176	1	0.3140672358894219	-0.8776432478937598
0	0	0.9999999999999994	1.80382288221244	0	0.3566559094527825	0	0	0	0	0	0
1	0	1.803546565361542	1.196140674174799	1	0.6012448703286529	0.5544630891188208	0	-0.5544630891188208	1	0.6012448703286529	-0.4584585470454343
0	1	0.9998187510775425	2.000181248922456	0	0.3332729170258477	0	0.4999546918754104	0.4999546918754104	0.6667270829741523	0.3332729170258477	0.4133882058587841
0	0	0.9999999999999994	1.999999999999999	0	0.3333333333333334	0	0	0	0	0	0
1	1	0.9999999999999993	1.80601243307077	0.5	0.3563776083863057	1.000000000000001	0.5537060441492621	-0.4462939558507386	0.8729950002408569	0.5857502170134683	-0.3690187544849207
3	0	0.9999999999999996	1.999999999999999	1	0.3333333333333333	3.000000000000001	0	-3.000000000000001	1	0.03703703703703698	-2.480554013653309
2	0	0.9999999999999996	1.999894922793534	1	0.3333450089874445	2.000000000000001	0	-2.000000000000001	1	0.1111188950168395	-1.653702675768873
0	0	0.9999999999999994	1.999999999999999	0	0.3333333333333334	0	0	0	0	0	0
1	0	1.803297602365697	1.196221877824446	1	0.6011954962370786	0.5545396382095374	0	-0.5545396382095374	1	0.6011954962370786	-0.4585218417635072
2	0	0.8681014817276904	2.066099063697698	1	0.2958562198760128	2.3038781088354	0	-2.3038781088354	1	0.08753090283932363	-1.904964696613215
1	0	0.8038228822124406	2.196177117787558	1	0.2679409607374804	1.244055154597742	0	-1.244055154597742	1	0.2679409607374803	-1.028648668981172
0	0	0.8038228822124406	2.196177117787558	0	0.2679409607374804	0	0	0	0	0	0
0	2	0.8038228822124407	2.196177117787558	0	0.2679409607374804	0	0.9106733622718062	0.9106733622718062	0.5359104369659633	0.4640895630340367	0.7529914879701607
0	0	0.8266819188992602	2.107518626526127	0	0.2817400876665067	0	0	0	0	0	0
0	0	0.8038228822124406	2.196177117787558	0	0.2679409607374804	0	0	0	0	0	0
0	0	0.8038228822124406	2.196177117787558	0	0.2679409607374804	0	0	0	0	0	0
0	0	0.8038228822124406	2.196177117787558	0	0.2679409607374804	0	0	0	0	0	0
0	0	0	1.263197818298443	0	0	0	0	0	0	0	0
2	4	0.9992178233701627	2.000782176629836	0.3333333333333333	0.3330726077900543	2.001565577818056	1.999218129150717	-0.002347448667339158	0.680899000371175	0.6483188044224126	-0.00194099107120442
1	0	0.9999999999999994	1.934305310064712	1	0.340796166155575	1.000000000000001	0	-1.000000000000001	1	0.340796166155575	-0.8268513378844367
0	0	0.9999999999999994	1.999999999999999	0	0.3333333333333334	0	0	0	0	0	0
0	1	0.9995303616474462	2.000469638352552	0	0.3331767872158156	0	0.4998826179754123	0.4998826179754123	0.6668232127841844	0.3331767872158156	0.4133286114581441
0	0	0.8266819188992602	1.369495198888298	0	0.3764186013066489	0	0	0	0	0	0
2	1	0.8038228822124405	2.196177117787557	0.6666666666666666	0.2679409607374804	2.488110309195484	0.4553366811359033	-2.032773628059581	0.9807638865057293	0.1769048483342306	-1.680801593977263
1	0	0.9999999999999994	1.934305438797223	1	0.3407961512043209	1.000000000000001	0	-1.000000000000001	1	0.3407961512043209	-0.8268513378844367
0	1	0.9997233717011036	2.000117831165657	0	0.3332587640791554	0	0.4999705439440064	0.4999705439440064	0.6667412359208447	0.3332587640791553	0.413401313162911
1	0	0.8038228822124407	2.196177117787558	1	0.2679409607374804	1.244055154597741	0	-1.244055154597741	1	0.2679409607374803	-1.028648668981172
0	0	0.9999999999999994	1.999999999999999	0	0.3333333333333334	0	0	0	0	0	0
0	2	0.9999999999999994	1.999999999999999	0	0.3333333333333334	0	1.000000000000001	1.000000000000001	0.4444444444444444	0.5555555555555556	0.8268513378844367
0	0	0.8038228822124406	2.075791987473499	0	0.2791424959894405	0	0	0	0	0	0
0	3	0.2296061359385385	2.761717346767218	0	0.07675737420777097	0	1.086280608517634	1.086280608517634	0.786950729863411	0.213049270136589	0.8981925744707252
0	0	0.9422267681486531	2.057773231851345	0	0.3140755893828845	0	0	0	0	0	0
0	9	0.9183917671795283	1.9888904473727	0	0.3158935732425882	0	4.525136118929471	4.525136118929471	0.03281806972295685	0.9671819302770431	3.741614854046018
0	0	0.9999999999999994	1.999999999999999	0	0.3333333333333334	0	0	0	0	0	0
1	5	0.8046431774129827	2.191786543469482	0.1666666666666667	0.2685339728829051	1.242786899921418	2.281244044908344	1.038457144986927	0.4905484318135008	0.8468330864806605	0.8586496796680921
1	4	0.8038228822124408	2.196177117787558	0.2	0.2679409607374804	1.244055154597741	1.821346724543612	0.5772915699458712	0.5950105683384871	0.7897526465233096	0.4773343069591501
0	0	0.8038228822124406	2.196177117787558	0	0.2679409607374804	0	0	0	0	0	0
0	0	0.8038228822124406	2.196177117787558	0	0.2679409607374804	0	0	0	0	0	0
1	0	0.8038228822124406	2.196177117787558	1	0.2679409607374803	1.244055154597742	0	-1.244055154597742	1	0.2679409607374803	-1.028648668981172
0	0	0.8038228822124406	2.196177117787558	0	0.2679409607374804	0	0	0	0	0	0
1	0	0.9006740512036128	2.000230508977818	1	0.3104804148218106	1.11027957190912	0	-1.11027957190912	1	0.3104804148218105	-0.918036149458815
3	0	1.651867112693894	1.190005831596212	1	0.5812600158683473	1.816126719241688	0	-1.816126719241688	1	0.1963863725083674	-1.501666807572661
0	0	0.8038228822124406	2.196177117787558	0	0.2679409607374804	0	0	0	0	0	0
0	0	0	1.263197818298443	0	0	0	0	0	0	0	0
0	0	1.672223973063218	1.207390896622721	0	0.5807109800226851	0	0	0	0	0	0
0	0	0.9999999999999994	1.999999999999999	0	0.3333333333333334	0	0	0	0	0	0
2	1	0.8038410996074331	2.195518297765701	0.6666666666666666	0.2680042612804068	2.48805392132441	0.4554733162632548	-2.032580605061156	0.9807502497987887	0.176979351790947	-1.680641992652773
0	7	1.576119335565084	1.227703546647356	0	0.5621322750320805	0	5.701702189519431	5.701702189519431	0.0030860328382907	0.9969139671617093	4.71446008362276
1	3	0.8088101505552967	2.169483102890208	0.25	0.2715683385508149	1.236384087555578	1.382817868460634	0.1464337809050562	0.7014108543251072	0.7184501780908814	0.1210789676528221
0	4	0.8111702594714998	2.148156076946538	0	0.2741063901905926	0	1.862062092660295	1.862062092660295	0.2776463016883947	0.7223536983116053	1.539648532540058
1	7	0.8604120483464545	2.060328575984068	0.125	0.2945869418116077	1.162233841241306	3.397516338701759	2.235282497460453	0.2661491305914632	0.9386876505315862	1.848246323574839
1	1	0.8038228822124406	2.000156322553165	0.5	0.2866721981554906	1.244055154597742	0.4999609224160625	-0.744094232181679	0.9178190508046993	0.4911634471156802	-0.6152553113915136
0	1	0.9999999999999994	1.999532016498045	0	0.3333853396129107	0	0.5001170232579659	0.5001170232579659	0.6666146603870893	0.3333853396129107	0.4135224297796308
0	0	0.9999999999999994	1.999999999999999	0	0.3333333333333334	0	0	0	0	0	0
2	0	1.670295723982766	1.205816060111704	1	0.5807478461789519	1.197392755835514	0	-1.197392755835514	1	0.3372680608414915	-0.9900658021357268
0	0	0.8038228822124406	2.196177117787558	0	0.2679409607374804	0	0	0	0	0	0
0	0	0.9999999999999994	1.999999999999999	0	0.3333333333333334	0	0	0	0	0	0
1	0	0.9999999999999996	1.999999999999999	1	0.3333333333333333	1	0	-1	1	0.3333333333333333	-0.8268513378844364
0	0	0	2.999999999999998	0	0	0	0	0	0	0	0
1	0	0.9999999999999994	1.999999999999999	1	0.3333333333333334	1.000000000000001	0	-1.000000000000001	1	0.3333333333333334	-0.8268513378844367
0	0	0.8038228822124406	2.196177117787558	0	0.2679409607374804	0	0	0	0	0	0
0	1	0.8040807192800949	2.195522044094867	0	0.2680624011612106	0	0.4554725390663355	0.4554725390663355	0.7319375988387894	0.2680624011612106	0.3766080782966206
2	0	0.8272799979413298	2.106920547484058	1	0.2819439179885349	2.417561170313511	0	-2.417561170313511	1	0.07949237289072553	-1.99896368809119
0	5	0.8264982057151599	1.465978872362935	0	0.3605262681221909	0	3.410690354589326	3.410690354589326	0.1069334421343778	0.8930665578656223	2.820133882801726
0	0	0.8038228822124406	2.196177117787558	0	0.2679409607374804	0	0	0	0	0	0
0	0	0.8038228822124406	2.196177117787558	0	0.2679409607374804	0	0	0	0	0	0
0	0	0.8266819188992602	2.073825677297874	0	0.2850128439529432	0	0	0	0	0	0
0	0	1.672223973063218	1.207390896622721	0	0.5807109800226851	0	0	0	0	0	0
2	0	0.8038228822124407	1.999999999999999	1	0.286688181094435	2.488110309195483	0	-2.488110309195483	0.9999999999999998	0.08219011317923575	-2.057297337962343
0	0	0.9242080125264995	2.075791987473499	0	0.3080693375088334	0	0	0	0	0	0
0	0	0	1.263197818298443	0	0	0	0	0	0	0	0
4	0	0.9999999999999993	1.998319002296242	1	0.3335202155721778	4.000000000000003	0	-4.000000000000003	1	0.01237338856196968	-3.307405351537747
2	0	0.9999999999999996	1.999999999999999	1	0.3333333333333333	2.000000000000001	0	-2.000000000000001	1	0.1111111111111109	-1.653702675768873
0	0	0.8038228822124406	2.196177117787558	0	0.2679409607374804	0	0	0	0	0	0
1	0	0.8038228822124406	2.196177117787558	1	0.2679409607374803	1.244055154597742	0	-1.244055154597742	1	0.2679409607374803	-1.028648668981172
2	0	0.9999999999999994	1.999999999999999	1	0.3333333333333334	2.000000000000001	0	-2.000000000000001	1	0.111111111111111	-1.653702675768873
0	1	0.9999999999999994	1.999999999999999	0	0.3333333333333334	0	0.5000000000000003	0.5000000000000003	0.6666666666666666	0.3333333333333334	0.4134256689422183
4	0	0.9999999999999993	1.999999999999999	1	0.3333333333333333	4.000000000000003	0	-4.000000000000003	1	0.01234567901234551	-3.307405351537747
0	0	0.8038228822124406	2.196177117787558	0	0.2679409607374804	0	0	0	0	0	0
0	2	0.8529690616365668	2.06900739569642	0	0.2919151040714093	0	0.9666471005178826	0.9666471005178826	0.501384219842203	0.498615780157797	0.7992734483253222
0	0	0.8038228822124406	2.196177117787558	0	0.2679409607374804	0	0	0	0	0	0
0	0	0.8266819188992602	1.369495198888298	0	0.3764186013066489	0	0	0	0	0	0
0	2	0.9245700722242793	2.075429927775719	0	0.30819002407476	0	0.9636557578908198	0.9636557578908198	0.4786010427896812	0.5213989572103188	0.7968000526720646
0	2	0.8041119467563576	2.195598988699723	0	0.2680631447690139	0	0.9109131541294975	0.9109131541294975	0.5357315600454257	0.4642684399545743	0.7531897601885066
2	0	1.80382288221244	1.196177117787558	1	0.6012742940708138	1.108756308461362	0	-1.108756308461362	1	0.3615307767103554	-0.9167766370390857
1	0	0.8038228822124405	1.999999999999999	1	0.286688181094435	1.244055154597742	0	-1.244055154597742	1	0.2866881810944351	-1.028648668981172
1	0	0.9999999999999994	1.999999999999999	1	0.3333333333333334	1.000000000000001	0	-1.000000000000001	1	0.3333333333333334	-0.8268513378844367
1	4	0.8345225952960309	1.371763788447742	0.2	0.3782476297931721	1.198289903277297	2.915953922742278	1.71766401946498	0.3755438448177073	0.9070846969574463	1.420252792530577
2	3	0.9999999999999997	1.894774569039063	0.4	0.345450043224594	2.000000000000001	1.583301807518692	-0.4166981924813085	0.7718525565806584	0.5628036610754372	-0.3445474579471962
0	1	0.9999999999999994	1.812890895782264	0	0.3555061454745474	0	0.5516051750971472	0.5516051750971472	0.6444938545254526	0.3555061454745474	0.4560954770130548
0	0	0.9999999999999994	1.934200545425388	0	0.3408083341675693	0	0	0	0	0	0
0	0	0.9005075961971356	1.999999999999999	0	0.3104655189932253	0	0	0	0	0	0
2	0	0.9236092129713583	2.07639078702864	1	0.3078697376571196	2.165417984047352	0	-2.165417984047352	1	0.09478377536506355	-1.790478757188571
0	0	0.9999999999999994	1.999999999999999	0	0.3333333333333334	0	0	0	0	0	0
1	0	0.9999999999999997	1.999999999999999	1	0.3333333333333333	1	0	-1	1	0.3333333333333333	-0.8268513378844364
1	0	0.9999999999999996	1.999999999999999	1	0.3333333333333333	1	0	-1	1	0.3333333333333333	-0.8268513378844364
0	0	0.9999999999999994	1.999999999999999	0	0.3333333333333334	0	0	0	0	0	0
0	0	0.8266819188992602	2.073825677297874	0	0.2850128439529432	0	0	0	0	0	0
1	1	0.9013202773189134	1.999666169855025	0.5	0.3106944116188323	1.109483526737711	0.50008347146889	-0.6094000552688212	0.9034689825888276	0.5248578058264921	-0.5038832510058742
1	0	0.8038228822124406	2.196177117787558	1	0.2679409607374804	1.244055154597742	0	-1.244055154597742	1	0.2679409607374803	-1.028648668981172
0	0	0.8266819188992602	1.369495198888298	0	0.3764186013066489	0	0	0	0	0	0
1	0	0.8271151499006792	1.369061967886879	1	0.3766158672730003	1.209021500960393	0	-1.209021500960393	1	0.3766158672730002	-0.9996810456001503
0	3	0.9999999999999993	1.999999999999999	0	0.3333333333333333	0	1.500000000000001	1.500000000000001	0.2962962962962963	0.7037037037037037	1.240277006826655
2	1	0.9999999999999996	1.999999999999999	0.6666666666666666	0.3333333333333333	2.000000000000001	0.5000000000000002	-1.500000000000001	0.962962962962963	0.2592592592592592	-1.240277006826655
1	0	0.9242080125264995	2.075791987473499	1	0.3080693375088333	1.082007498794896	0	-1.082007498794896	1	0.3080693375088333	-0.8946593479795525
1	0	0.9999999999999996	1.999999999999999	1	0.3333333333333333	1	0	-1	1	0.3333333333333333	-0.8268513378844364
0	0	0.8038228822124406	2.196177117787558	0	0.2679409607374804	0	0	0	0	0	0
0	0	0.9242080125264995	2.075791987473499	0	0.3080693375088334	0	0	0	0	0	0
1	0	0.9999999999999994	1.93435795238815	1	0.3407900522791167	1.000000000000001	0	-1.000000000000001	1	0.3407900522791167	-0.8268513378844367
1	2	0.9987478984110001	1.999999999999999	0.3333333333333333	0.3330549723570376	1.001253671312843	1	-0.001253671312842375	0.7411118111811643	0.7033324007440744	-0.001036599802291055
0	0	0.9005075961971356	1.999999999999999	0	0.3104655189932253	0	0	0	0	0	0
1	0	0.9999999999999996	1.999999999999999	1	0.3333333333333333	1	0	-1	1	0.3333333333333333	-0.8268513378844364
3	0	0.903658602022154	1.994577134424673	1	0.3117961008685993	3.319837816280149	0	-3.319837816280149	0.9999999999999999	0.03031182183444681	-2.745012339950586
0	3	0.5202160390568493	2.47978396094315	0	0.1734053463522831	0	1.20978280658731	1.20978280658731	0.564778006199643	0.435221993800357	1.000310532176305
1	0	0.9421905077527235	2.0577230180009	1	0.3140725556467602	1.061356479153204	0	-1.061356479153204	1	0.3140725556467602	-0.8775840247601412
1	3	0.8038228822124408	2.196177117787558	0.25	0.2679409607374804	1.244055154597741	1.366010043407709	0.1219548888099682	0.7076723291170917	0.7128000035509503	0.1008385629740698
1	0	0.9242080125264996	2.075791987473499	1	0.3080693375088334	1.082007498794896	0	-1.082007498794896	1	0.3080693375088335	-0.8946593479795524
1	0	0.9999999999999996	1.999999999999999	1	0.3333333333333333	1	0	-1	1	0.3333333333333333	-0.8268513378844364
1	0	0.8038228822124405	2.196177117787558	1	0.2679409607374803	1.244055154597742	0	-1.244055154597742	1	0.2679409607374803	-1.028648668981172
1	0	0.900740584599275	2.000322645257463	1	0.310486367663126	1.110197560871407	0	-1.110197560871407	1	0.310486367663126	-0.9179683385225603
0	2	0.2794241286045628	2.720575871395436	0	0.09314137620152096	0	0.7351384760220494	0.7351384760220494	0.8223925635576713	0.1776074364423287	0.607850232429157
0	0	0.8038228822124406	2.196177117787558	0	0.2679409607374804	0	0	0	0	0	0
1	0	0.9242080125264995	2.075791987473499	1	0.3080693375088333	1.082007498794896	0	-1.082007498794896	1	0.3080693375088333	-0.8946593479795525
0	0	0.8038228822124406	1.999999999999999	0	0.286688181094435	0	0	0	0	0	0
0	0	0	1.263197818298443	0	0	0	0	0	0	0	0
0	0	0.9999999999999994	1.999999999999999	0	0.3333333333333334	0	0	0	0	0	0
0	0	0.1733180811007393	2.826681918899259	0	0.05777269370024649	0	0	0	0	0	0
1	0	0.9999999999999994	1.999999999999999	1	0.3333333333333334	1.000000000000001	0	-1.000000000000001	1	0.3333333333333334	-0.8268513378844367
0	0	0.8266819188992602	2.073825677297874	0	0.2850128439529432	0	0	0	0	0	0
4	0	0.9999999999999994	1.999999999999999	1	0.3333333333333334	4.000000000000003	0	-4.000000000000003	1	0.01234567901234573	-3.307405351537747
1	0	0.9999999999999994	1.934305425795068	1	0.3407961527144174	1.000000000000001	0	-1.000000000000001	1	0.3407961527144174	-0.8268513378844367
1	0	0.8038228822124406	2.196177117787558	1	0.2679409607374804	1.244055154597742	0	-1.244055154597742	1	0.2679409607374803	-1.028648668981172
0	0	0.1733180811007393	2.826681918899259	0	0.05777269370024649	0	0	0	0	0	0
0	0	0.9999999999999994	1.999999999999999	0	0.3333333333333334	0	0	0	0	0	0
0	0	1.672223973063218	1.207390896622721	0	0.5807109800226851	0	0	0	0	0	0
0	0	0.9242080125264995	2.075791987473499	0	0.3080693375088334	0	0	0	0	0	0
1	0	0.8038228822124405	2.196177117787558	1	0.2679409607374803	1.244055154597742	0	-1.244055154597742	1	0.2679409607374803	-1.028648668981172
0	0	0.8038228822124406	2.196177117787558	0	0.2679409607374804	0	0	0	0	0	0
0	0	0.9999999999999994	1.999999999999999	0	0.3333333333333334	0	0	0	0	0	0
0	0	0.9999999999999994	1.999999999999999	0	0.3333333333333334	0	0	0	0	0	0
1	0	0.8038228822124406	2.196177117787558	1	0.2679409607374804	1.244055154597742	0	-1.244055154597742	1	0.2679409607374803	-1.028648668981172
0	0	1.80382288221244	1.196177117787558	0	0.6012742940708137	0	0	0	0	0	0
0	0	0.9242080125264995	2.075791987473499	0	0.3080693375088334	0	0	0	0	0	0
0	0	0.9999999999999994	1.999999999999999	0	0.3333333333333334	0	0	0	0	0	0
0	0	0.9999999999999994	1.999999999999999	0	0.3333333333333334	0	0	0	0	0	0
1	0	0.9460725734927392	2.05392742650726	1	0.3153575244975799	1.057001363339569	0	-1.057001363339569	1	0.3153575244975799	-0.8739829914229957
0	0	0.9999999999999994	1.999999999999999	0	0.3333333333333334	0	0	0	0	0	0
0	0	0.8038228822124406	1.999999999999999	0	0.286688181094435	0	0	0	0	0	0
1	0	0.8038228822124406	2.196177117787558	1	0.2679409607374804	1.244055154597742	0	-1.244055154597742	1	0.2679409607374803	-1.028648668981172
1	0	0.8267151134777341	2.073792482719401	1	0.2850242883561633	1.209606530347934	0	-1.209606530347934	1	0.2850242883561633	-1.00016477793194
0	1	0.1719376244624508	2.828062375537547	0	0.05731254148748364	0	0.3535989901247931	0.3535989901247931	0.9426874585125163	0.05731254148748366	0.2923737980592707
1	4	1.114245442093413	1.087863210690873	0.2	0.5059902201849085	0.8974683334770731	3.676932872341282	2.779464538864209	0.1801019252065206	0.9705776245379916	2.298203972562218
0	0	0.8038228822124406	2.196177117787558	0	0.2679409607374804	0	0	0	0	0	0
4	0	0.9999999999999996	1.999264131162765	1	0.3334151165980557	4.000000000000002	0	-4.000000000000002	0.9999999999999999	0.0123577995112949	-3.307405351537746
0	0	0.8266819188992602	2.073825677297874	0	0.2850128439529432	0	0	0	0	0	0
0	0	0.8038228822124406	2.196177117787558	0	0.2679409607374804	0	0	0	0	0	0
0	0	0.9999999999999994	1.80382288221244	0	0.3566559094527825	0	0	0	0	0	0
0	0	0.1733180811007393	2.826681918899259	0	0.05777269370024649	0	0	0	0	0	0
0	0	0	2.999999999999998	0	0	0	0	0	0	0	0
0	0	0.9005075961971356	1.999999999999999	0	0.3104655189932253	0	0	0	0	0	0
0	0	0.9999999999999994	1.80382288221244	0	0.3566559094527825	0	0	0	0	0	0
1	0	0.8038228822124405	2.196177117787558	1	0.2679409607374803	1.244055154597742	0	-1.244055154597742	1	0.2679409607374803	-1.028648668981172
0	0	0.9999999999999994	1.999999999999999	0	0.3333333333333334	0	0	0	0	0	0
0	0	0.9999999999999994	1.999999999999999	0	0.3333333333333334	0	0	0	0	0	0
1	0	0.9236086805787221	2.076391319421276	1	0.3078695601929076	1.082709616125968	0	-1.082709616125968	1	0.3078695601929076	-0.8952398946341008
1	0	0.9999999999999994	1.999011415586589	1	0.3334432122541305	1.000000000000001	0	-1.000000000000001	1	0.3334432122541305	-0.8268513378844367
0	0	0.8266819188992602	2.073825677297874	0	0.2850128439529432	0	0	0	0	0	0
1	0	0.8038228822124407	2.075791987473499	1	0.2791424959894405	1.244055154597741	0	-1.244055154597741	1	0.2791424959894405	-1.028648668981172
3	1	0.835375240232381	2.115655263583592	0.75	0.2830791613818151	3.591200523450364	0.4726667984207195	-3.118533725029644	0.9935785722370722	0.0714725654652163	-2.578563782778495
0	0	0.9999999999999994	1.999999999999999	0	0.3333333333333334	0	0	0	0	0	0
1	2	0.8489504202550505	2.093590744903649	0.3333333333333333	0.2885092756924147	1.17792508978271	0.95529654249214	-0.2226285472905702	0.7983168341377487	0.6398298409052759	-0.1840807121784765
1	0	0.8038228822124407	2.075791987473499	1	0.2791424959894405	1.244055154597741	0	-1.244055154597741	1	0.2791424959894405	-1.028648668981172
1	0	0.9224112719832501	2.077588728016748	1	0.3074704239944169	1.084115112611242	0	-1.084115112611242	1	0.3074704239944168	-0.8964020312833414
0	0	0.9999999999999994	1.999999999999999	0	0.3333333333333334	0	0	0	0	0	0
0	0	0.9999999999999994	1.999999999999999	0	0.3333333333333334	0	0	0	0	0	0
1	0	0.8038228822124406	2.196177117787558	1	0.2679409607374804	1.244055154597742	0	-1.244055154597742	1	0.2679409607374803	-1.028648668981172
2	0	0.9999999999999996	1.934463570070244	1	0.3407777865090559	2.000000000000001	0	-2.000000000000001	0.9999999999999999	0.1161294997780118	-1.653702675768873
1	0	0.8038228822124405	2.196177117787558	1	0.2679409607374803	1.244055154597742	0	-1.244055154597742	1	0.2679409607374803	-1.028648668981172
0	0	0.9242080125264995	2.075791987473499	0	0.3080693375088334	0	0	0	0	0	0
1	1	0.9999999999999994	1.999999999999999	0.5	0.3333333333333334	1.000000000000001	0.5000000000000003	-0.5000000000000003	0.888888888888889	0.5555555555555556	-0.4134256689422183
0	0	0.8038228822124406	2.196177117787558	0	0.2679409607374804	0	0	0	0	0	0
0	1	0.803979094063592	2.196020905936406	0	0.2679930313545308	0	0.4553690710761196	0.4553690710761196	0.7320069686454691	0.2679930313545309	0.3765225256504824
1	0	0.8269480870419719	2.073559509155163	1	0.2851046100090157	1.209265751586707	0	-1.209265751586707	1	0.2851046100090158	-0.9998830045572972
0	0	0.9999999999999994	1.999999999999999	0	0.3333333333333334	0	0	0	0	0	0
2	0	0.8038228822124405	2.196177117787557	1	0.2679409607374804	2.488110309195484	0	-2.488110309195484	1	0.07179235844092402	-2.057297337962344
0	0	0.8266819188992602	1.369495198888298	0	0.3764186013066489	0	0	0	0	0	0
1	0	0.8038228822124407	2.196177117787558	1	0.2679409607374804	1.244055154597741	0	-1.244055154597741	1	0.2679409607374804	-1.028648668981172
1	0	0.9999999999999994	1.999999999999999	1	0.3333333333333334	1.000000000000001	0	-1.000000000000001	1	0.3333333333333334	-0.8268513378844367
0	0	0.8038228822124406	2.196177117787558	0	0.2679409607374804	0	0	0	0	0	0
3	0	0.9415934618045796	2.056896221293907	1	0.314022578470767	3.186088393445776	0	-3.186088393445776	0.9999999999999998	0.03096582292094263	-2.634421450738714
2	1	0.9244499544452922	2.075550045554706	0.6666666666666666	0.3081499848150976	2.163448643577555	0.4817999942433297	-1.681648649334225	0.9707391827323368	0.2263476048893083	-1.390473435553559
1	0	0.9999999999999994	1.999999999999999	1	0.3333333333333334	1.000000000000001	0	-1.000000000000001	1	0.3333333333333334	-0.8268513378844367
3	0	0.8038228822124405	1.999999999999999	1	0.286688181094435	3.732165463793225	0	-3.732165463793225	0.9999999999999999	0.02356293405130094	-3.085946006943515
1	0	0.9999999999999996	1.999473683160043	1	0.3333918232436256	1	0	-1	1	0.3333918232436256	-0.8268513378844364
0	1	0.9999999999999994	1.999999999999999	0	0.3333333333333334	0	0.5000000000000003	0.5000000000000003	0.6666666666666666	0.3333333333333334	0.4134256689422183
1	0	0.8038228822124406	2.075791987473499	1	0.2791424959894405	1.244055154597742	0	-1.244055154597742	1	0.2791424959894405	-1.028648668981172
1	0	0.9999999999999994	1.999999999999999	1	0.3333333333333334	1.000000000000001	0	-1.000000000000001	1	0.3333333333333334	-0.8268513378844367
1	0	0.9005407831406442	2.000045957695036	1	0.3104684891723637	1.110443878524292	0	-1.110443878524292	1	0.3104684891723637	-0.9181720066033927
0	0	0.8038228822124406	1.999999999999999	0	0.286688181094435	0	0	0	0	0	0
1	0	0.9999999999999996	1.999999999999999	1	0.3333333333333333	1	0	-1	1	0.3333333333333333	-0.8268513378844364
1	0	0.8683345775529244	2.03217301864421	1	0.2993733161365965	1.151629827776898	0	-1.151629827776898	1	0.2993733161365966	-0.952226663844951
1	1	0.822009078032965	1.540824515946173	0.5	0.347891226926674	1.216531576990561	0.6490031730744696	-0.5675284039160913	0.8789716942274534	0.5747541480808014	-0.4692616200654387
0	5	0.8038228822124409	2.196177117787558	0	0.2679409607374804	0	2.276683405679515	2.276683405679515	0.2102473534766904	0.7897526465233096	1.882478719925401
2	0	0.9999999999999994	1.999999999999999	1	0.3333333333333334	2.000000000000001	0	-2.000000000000001	1	0.111111111111111	-1.653702675768873
0	0	1.80382288221244	1.196177117787558	0	0.6012742940708137	0	0	0	0	0	0
0	0	0.8266819188992602	2.073825677297874	0	0.2850128439529432	0	0	0	0	0	0
0	0	1.672223973063218	1.207390896622721	0	0.5807109800226851	0	0	0	0	0	0
0	0	0.9999999999999994	1.999999999999999	0	0.3333333333333334	0	0	0	0	0	0
1	0	0.9999999999999994	1.999999999999999	1	0.3333333333333334	1.000000000000001	0	-1.000000000000001	1	0.3333333333333334	-0.8268513378844367
1	0	0.9999999999999997	1.949657177609055	1	0.339022448978489	1	0	-1	1	0.339022448978489	-0.8268513378844364
0	0	0	2.999999999999998	0	0	0	0	0	0	0	0
4	0	1.092164795566199	1.20017745682298	1	0.476440546531783	3.662450956337888	0	-3.662450956337888	1	0.05152699986770415	-3.028302473184115
1	0	0.8038228822124406	2.196177117787558	1	0.2679409607374803	1.244055154597742	0	-1.244055154597742	1	0.2679409607374803	-1.028648668981172
0	0	0.9999999999999994	1.999999999999999	0	0.3333333333333334	0	0	0	0	0	0
0	0	0.9999999999999994	1.999999999999999	0	0.3333333333333334	0	0	0	0	0	0
0	0	0.8684010908507778	2.06579945457461	0	0.2959583291621538	0	0	0	0	0	0
0	1	0.8285044511270393	2.072003145070096	0	0.285641193359843	0	0.4826247500537313	0.4826247500537313	0.7143588066401569	0.2856411933598431	0.3990589202780693
0	0	0.8266819188992602	1.369495198888298	0	0.3764186013066489	0	0	0	0	0	0
1	0	0.9999999999999994	1.999999999999999	1	0.3333333333333334	1.000000000000001	0	-1.000000000000001	1	0.3333333333333334	-0.8268513378844367
0	0	0.9005075961971356	1.999999999999999	0	0.3104655189932253	0	0	0	0	0	0
1	0	0.9999999999999994	1.999999999999999	1	0.3333333333333334	1.000000000000001	0	-1.000000000000001	1	0.3333333333333334	-0.8268513378844367
0	0	0.1733180811007393	2.826681918899259	0	0.05777269370024649	0	0	0	0	0	0
1	0	0.8038228822124406	2.196177117787558	1	0.2679409607374804	1.244055154597742	0	-1.244055154597742	1	0.2679409607374803	-1.028648668981172
4	0	0.9999999999999994	1.999999999999999	1	0.3333333333333334	4.000000000000003	0	-4.000000000000003	1	0.01234567901234573	-3.307405351537747
0	0	0.9999999999999994	1.999999999999999	0	0.3333333333333334	0	0	0	0	0	0
1	0	0.3622936972199258	2.637706302780073	1	0.1207645657399753	2.760191545349912	0	-2.760191545349912	1	0.1207645657399753	-2.282268072089884
3	0	0.9999999999999994	1.999999999999999	1	0.3333333333333334	3.000000000000002	0	-3.000000000000002	0.9999999999999999	0.0370370370370372	-2.48055401365331
0	0	0.9999999999999994	1.999999999999999	0	0.3333333333333334	0	0	0	0	0	0
0	0	0.8038228822124406	2.196177117787558	0	0.2679409607374804	0	0	0	0	0	0
0	0	0.1733180811007393	2.826681918899259	0	0.05777269370024649	0	0	0	0	0	0
0	0	0.8266819188992602	2.107518626526127	0	0.2817400876665067	0	0	0	0	0	0
0	0	0.8038228822124406	2.196177117787558	0	0.2679409607374804	0	0	0	0	0	0
1	0	0.9999999999999994	1.999999999999999	1	0.3333333333333334	1.000000000000001	0	-1.000000000000001	1	0.3333333333333334	-0.8268513378844367
0	0	0	1.263197818298443	0	0	0	0	0	0	0	0
3	0	0.8681688683915152	2.066031677033872	1	0.2958791858126562	3.455548925128124	0	-3.455548925128124	1	0.02590259319202981	-2.857225251867314
1	0	0.9999999999999994	1.934620404614	1	0.3407595743653029	1.000000000000001	0	-1.000000000000001	1	0.3407595743653029	-0.8268513378844367
0	0	0	2.999999999999998	0	0	0	0	0	0	0	0
0	6	0.9147148937841932	2.08234836335793	0	0.3052037328889841	0	2.881362266553992	2.881362266553992	0.1124980148316903	0.8875019851683097	2.382458245029899
1	0	0.8038228822124406	2.196177117787558	1	0.2679409607374803	1.244055154597742	0	-1.244055154597742	1	0.2679409607374803	-1.028648668981172
0	0	0.9999999999999994	1.999999999999999	0	0.3333333333333334	0	0	0	0	0	0
0	0	0	1.263197818298443	0	0	0	0	0	0	0	0
2	0	0.8038228822124405	1.999999999999999	1	0.286688181094435	2.488110309195484	0	-2.488110309195484	0.9999999999999998	0.08219011317923575	-2.057297337962344
1	0	0.9999999999999994	1.999999999999999	1	0.3333333333333334	1.000000000000001	0	-1.000000000000001	1	0.3333333333333334	-0.8268513378844367
0	0	0.8038228822124406	2.196177117787558	0	0.2679409607374804	0	0	0	0	0	0
0	0	0.9422267681486531	2.057773231851345	0	0.3140755893828845	0	0	0	0	0	0
1	0	0.8038228822124406	2.196177117787558	1	0.2679409607374804	1.244055154597742	0	-1.244055154597742	1	0.2679409607374803	-1.028648668981172
0	0	0.8266819188992602	1.369495198888298	0	0.3764186013066489	0	0	0	0	0	0
1	0	0.8038228822124406	2.196177117787558	1	0.2679409607374804	1.244055154597742	0	-1.244055154597742	1	0.2679409607374803	-1.028648668981172
0	0	0.9999999999999994	1.999999999999999	0	0.3333333333333334	0	0	0	0	0	0
3	0	0.8681350258054356	2.066065519619952	1	0.2958676519772704	3.455683633103813	0	-3.455683633103813	0.9999999999999997	0.02589956413881089	-2.857336635337237
1	0	0.9999999999999996	1.935723506949268	1	0.340631533464531	1	0	-1	1	0.340631533464531	-0.8268513378844364
1	2	0.8121418279498023	2.114425538146444	0.3333333333333333	0.2775066234108665	1.231312026526737	0.9458833919274584	-0.285428634599279	0.81171175097654	0.6228608566655189	-0.2360070483889417
0	0	0.9999999999999994	1.934200545425388	0	0.3408083341675693	0	0	0	0	0	0
2	0	0.8282796463633065	1.367897471424252	1	0.3771461052274875	2.41464342240126	0	-2.41464342240126	1	0.142239184688263	-1.996551144326336
0	0	0.9999999999999994	1.999999999999999	0	0.3333333333333334	0	0	0	0	0	0
1	0	0.9999999999999994	1.999999999999999	1	0.3333333333333334	1.000000000000001	0	-1.000000000000001	1	0.3333333333333334	-0.8268513378844367
0	0	0.8038228822124406	2.196177117787558	0	0.2679409607374804	0	0	0	0	0	0
1	0	1.000640416070527	1.999359583929471	1	0.3335468053568426	0.9993599937997287	0	-0.9993599937997287	1	0.3335468053568426	-0.8263221479014875
0	0	0.8266819188992602	2.073825677297874	0	0.2850128439529432	0	0	0	0	0	0
0	0	0.8038228822124406	2.196177117787558	0	0.2679409607374804	0	0	0	0	0	0
1	0	0.9999999999999994	1.999999999999999	1	0.3333333333333334	1.000000000000001	0	-1.000000000000001	1	0.3333333333333334	-0.8268513378844367
0	0	0.8266819188992602	1.369495198888298	0	0.3764186013066489	0	0	0	0	0	0
0	0	0.9999999999999994	1.999999999999999	0	0.3333333333333334	0	0	0	0	0	0
0	0	0.9999999999999994	1.999999999999999	0	0.3333333333333334	0	0	0	0	0	0
4	0	0.9224097199575479	2.07759028004245	1	0.3074699066525162	4.3364677468751	0	-4.3364677468751	1	0.008937384945487015	-3.585614158196383
1	1	0.8038228822124405	2.196177117787557	0.5	0.2679409607374804	1.244055154597742	0.4553366811359033	-0.7887184734618385	0.928207641559076	0.4640895630340368	-0.6521529249960913
0	0	0.8266819188992602	1.369495198888298	0	0.3764186013066489	0	0	0	0	0	0
1	0	0.9242080125264995	2.075791987473499	1	0.3080693375088333	1.082007498794896	0	-1.082007498794896	1	0.3080693375088333	-0.8946593479795525
0	0	0.8038228822124406	2.196177117787558	0	0.2679409607374804	0	0	0	0	0	0
3	0	0.9999999999999994	1.998006006507676	1	0.3335550355233883	3.000000000000002	0	-3.000000000000002	0.9999999999999999	0.03711098692981363	-2.48055401365331
1	0	0.8682014789238727	2.032306117273262	1	0.2993274280895435	1.151806377062949	0	-1.151806377062949	1	0.2993274280895435	-0.9523726438583247
0	0	1.80382288221244	1.196177117787558	0	0.6012742940708137	0	0	0	0	0	0
0	0	0.8038228822124406	2.196177117787558	0	0.2679409607374804	0	0	0	0	0	0
7	1	1.024658077962653	1.566737854187579	0.875	0.3954077666211488	6.831547177101488	0.638268870141357	-6.19327830696013	0.9994024674555719	0.007906716957047921	-5.12092045400064
0	0	1.672223973063218	1.207390896622721	0	0.5807109800226851	0	0	0	0	0	0
0	0	0.9242080125264995	2.075791987473499	0	0.3080693375088334	0	0	0	0	0	0
2	0	0.9999999999999994	1.999737717252754	1	0.3333624784088886	2.000000000000001	0	-2.000000000000001	0.9999999999999999	0.1111305420109168	-1.653702675768873
0	0	0.8266819188992602	2.073825677297874	0	0.2850128439529432	0	0	0	0	0	0
0	0	0.9999999999999994	1.999999999999999	0	0.3333333333333334	0	0	0	0	0	0
1	0	0.8038228822124406	2.196177117787558	1	0.2679409607374803	1.244055154597742	0	-1.244055154597742	1	0.2679409607374803	-1.028648668981172
0	0	0.8684010908507778	2.06579945457461	0	0.2959583291621538	0	0	0	0	0	0
0	0	0.8266819188992602	2.073825677297874	0	0.2850128439529432	0	0	0	0	0	0
0	0	0.8038228822124406	2.196177117787558	0	0.2679409607374804	0	0	0	0	0	0
1	0	0.8038228822124405	2.196177117787558	1	0.2679409607374803	1.244055154597742	0	-1.244055154597742	1	0.2679409607374803	-1.028648668981172
0	0	0.8684010908507778	1.32777602693678	0	0.395414870602791	0	0	0	0	0	0
0	0	0.9242080125264995	2.075791987473499	0	0.3080693375088334	0	0	0	0	0	0
1	0	0.8268149288021768	2.107385616623211	1	0.2817854185499474	1.209460503390668	0	-1.209460503390668	1	0.2817854185499473	-1.000044035346958
3	0	0.8271144144694059	2.073393181727729	1	0.2851619542571922	3.62706772789651	0	-3.62706772789651	1	0.02318861163381902	-2.999045803408691
0	0	0.8266819188992602	2.107518626526127	0	0.2817400876665067	0	0	0	0	0	0
1	0	0.8038228822124406	2.196177117787558	1	0.2679409607374804	1.244055154597742	0	-1.244055154597742	1	0.2679409607374803	-1.028648668981172
0	1	0.9999999999999994	1.804449115537135	0	0.3565762682089064	0	0.5541857575198664	0.5541857575198664	0.6434237317910936	0.3565762682089064	0.4582292350418012
0	0	0.8266819188992602	2.107518626526127	0	0.2817400876665067	0	0	0	0	0	0
3	0	0.9999999999999998	2	1	0.3333333333333334	3.000000000000001	0	-3.000000000000001	0.9999999999999999	0.0370370370370372	-2.480554013653309
1	0	0.826748345645743	2.107452199779645	1	0.2817627264553196	1.209557908723647	0	-1.209557908723647	1	0.2817627264553195	-1.000124575076849
3	0	0.9999999999999998	1.986462816641407	1	0.3348442828176932	3.000000000000001	0	-3.000000000000001	1	0.03754297328295098	-2.480554013653309
1	0	0.9008065071307838	2.000413935604776	1	0.3104922652073324	1.110116314751282	0	-1.110116314751282	1	0.3104922652073323	-0.9179011600594371
1	1	0.9245106220942457	2.075489377905753	0.5	0.3081702073647486	1.081653337562258	0.4818140775112217	-0.599839260051036	0.9050311232927677	0.5213715380222652	-0.4959778946888094
3	0	0.868035096467086	1.328142021320472	1	0.3952482199348064	3.456081455934257	0	-3.456081455934257	1	0.06174613357284431	-2.857665575676831
0	0	0.8038228822124406	2.196177117787558	0	0.2679409607374804	0	0	0	0	0	0
2	0	0.9999999999999992	1.999999999999998	1	0.3333333333333333	2.000000000000002	0	-2.000000000000002	1	0.1111111111111109	-1.653702675768874
0	0	0.8684010908507778	2.06579945457461	0	0.2959583291621538	0	0	0	0	0	0
1	0	0.8268483739057374	2.073659222291398	1	0.2850702321861942	1.209411582049023	0	-1.209411582049023	1	0.2850702321861942	-1.000003584670167
0	0	0.8038228822124406	1.999999999999999	0	0.286688181094435	0	0	0	0	0	0
0	1	0.999939636410513	2.000060363589485	0	0.3333132121368378	0	0.4999849095580853	0.4999849095580853	0.6666867878631622	0.3333132121368378	0.4134131913901317
2	0	0.8680351781162664	2.066165367309121	1	0.2958336230526541	2.304054087232068	0	-2.304054087232068	1	0.08751753252845984	-1.905110204585939
0	0	0.8038228822124406	2.196177117787558	0	0.2679409607374804	0	0	0	0	0	0
3	0	0.9999999999999996	1.999999999999999	1	0.3333333333333333	3.000000000000001	0	-3.000000000000001	1	0.03703703703703698	-2.480554013653309
0	0	0.8266819188992602	2.073825677297874	0	0.2850128439529432	0	0	0	0	0	0
0	1	0.1739767867827968	2.826023213217201	0	0.05799226226093232	0	0.3538541351405178	0.3538541351405178	0.9420077377390677	0.05799226226093235	0.2925847650568772
0	0	0.8038228822124406	2.196177117787558	0	0.2679409607374804	0	0	0	0	0	0
1	0	0.9999999999999994	1.999999999999999	1	0.3333333333333334	1.000000000000001	0	-1.000000000000001	1	0.3333333333333334	-0.8268513378844367
0	0	0	1.263197818298443	0	0	0	0	0	0	0	0
1	0	0.9999999999999996	1.804429127349257	1	0.3565788096578495	1	0	-1	1	0.3565788096578495	-0.8268513378844364
1	0	0.8038228822124407	1.999999999999999	1	0.2866881810944351	1.244055154597741	0	-1.244055154597741	1	0.2866881810944351	-1.028648668981172
1	0	0.8038228822124405	2.196177117787558	1	0.2679409607374803	1.244055154597742	0	-1.244055154597742	1	0.2679409607374803	-1.028648668981172
4	0	0.9999999999999992	1.999999999999998	1	0.3333333333333333	4.000000000000004	0	-4.000000000000004	1	0.01234567901234551	-3.307405351537748
0	0	0.8684010908507778	2.06579945457461	0	0.2959583291621538	0	0	0	0	0	0
0	0	0.9999999999999994	1.999999999999999	0	0.3333333333333334	0	0	0	0	0	0
0	0	0.9999999999999994	1.999999999999999	0	0.3333333333333334	0	0	0	0	0	0
0	0	0.9999999999999994	1.999999999999999	0	0.3333333333333334	0	0	0	0	0	0
1	0	0.9999999999999994	1.999999999999999	1	0.3333333333333334	1.000000000000001	0	-1.000000000000001	1	0.3333333333333334	-0.8268513378844367
0	0	1.80382288221244	1.196177117787558	0	0.6012742940708137	0	0	0	0	0	0
2	0	0.867741049214769	2.066459496210618	1	0.2957333814717044	2.30483506780027	0	-2.30483506780027	1	0.08745823291668864	-1.905755959413619
2	0	0.8038228822124407	2.196177117787558	1	0.2679409607374804	2.488110309195483	0	-2.488110309195483	1	0.07179235844092391	-2.057297337962343
0	0	0.8266819188992602	1.369495198888298	0	0.3764186013066489	0	0	0	0	0	0
1	0	0.8038228822124407	2.196177117787558	1	0.2679409607374804	1.244055154597741	0	-1.244055154597741	1	0.2679409607374803	-1.028648668981172
0	0	0.9999999999999994	1.999999999999999	0	0.3333333333333334	0	0	0	0	0	0
0	0	0.9242080125264995	2.075791987473499	0	0.3080693375088334	0	0	0	0	0	0
0	0	0.8038228822124406	2.196177117787558	0	0.2679409607374804	0	0	0	0	0	0
2	0	1.80382288221244	1.196177117787558	1	0.6012742940708137	1.108756308461363	0	-1.108756308461363	0.9999999999999999	0.3615307767103554	-0.9167766370390862
1	0	0.9999999999999994	1.999999999999999	1	0.3333333333333334	1.000000000000001	0	-1.000000000000001	1	0.3333333333333334	-0.8268513378844367
3	0	0.8038228822124407	2.196177117787558	1	0.2679409607374804	3.732165463793224	0	-3.732165463793224	1	0.01923611349427057	-3.085946006943515
0	1	0.9999999999999994	1.804448729899999	0	0.3565763172413772	0	0.5541858759574837	0.5541858759574837	0.6434236827586228	0.3565763172413772	0.4582293329721036
0	0	0.8266819188992602	2.107518626526127	0	0.2817400876665067	0	0	0	0	0	0
0	0	0	2.999999999999998	0	0	0	0	0	0	0	0
0	0	0.8038228822124406	2.196177117787558	0	0.2679409607374804	0	0	0	0	0	0
1	1	0.8269277223806553	2.073818053728288	0.5	0.285074179609733	1.209295532046119	0.4822023794238894	-0.7270931526222297	0.9187327121198379	0.4888810713393036	-0.6011979460123031
2	0	1.802878747206877	1.196257569222994	1	0.6011326451986677	1.109336944094834	0	-1.109336944094834	0.9999999999999999	0.3613604571235474	-0.9172567363894457
0	0	0.8038228822124406	2.196177117787558	0	0.2679409607374804	0	0	0	0	0	0
0	0	0.8266819188992602	2.107518626526127	0	0.2817400876665067	0	0	0	0	0	0
0	1	0.8314042671478031	2.069103329049331	0	0.2866409549272894	0	0.4833011411080467	0.4833011411080467	0.7133590450727106	0.2866409549272894	0.3996181951262631
0	0	0.9999999999999994	1.999999999999999	0	0.3333333333333334	0	0	0	0	0	0
1	0	0.8683013004428095	2.032206295754325	1	0.2993618432791703	1.151673963277526	0	-1.151673963277526	1	0.2993618432791703	-0.9522631573426931
2	0	0.8678013284163283	2.032706267780807	1	0.2991894693032714	2.304674969384811	0	-2.304674969384811	1	0.08951433854197322	-1.905623581824603
1	0	0.8268482605086539	1.369328857278904	1	0.3764943427430051	1.209411747912281	0	-1.209411747912281	1	0.3764943427430052	-1.000003721814424
1	0	1.80382288221244	1.196177117787558	1	0.6012742940708138	0.5543781542306812	0	-0.5543781542306812	1	0.6012742940708138	-0.458388318519543
4	0	0.9414268013710585	2.056665427838143	1	0.3140086192809939	4.248869900638637	0	-4.248869900638637	0.9999999999999999	0.009722238642196124	-3.513183761839969
0	0	0.8266819188992602	2.107518626526127	0	0.2817400876665067	0	0	0	0	0	0
0	0	0.8038228822124406	2.196177117787558	0	0.2679409607374804	0	0	0	0	0	0
0	0	0.9999999999999994	1.999999999999999	0	0.3333333333333334	0	0	0	0	0	0
1	0	0.8682001425783501	2.066000402847038	1	0.2958898443161737	1.151808149939063	0	-1.151808149939063	1	0.2958898443161737	-0.9523741097633114
0	0	0.8038228822124406	2.196177117787558	0	0.2679409607374804	0	0	0	0	0	0
0	1	0.008651328420528046	2.99134867157947	0	0.002883776140176017	0	0.3342973721187732	0.3342973721187732	0.997116223859824	0.002883776140175986	0.2764142293876588
4	0	0.9999999999999999	1.987616785795793	1	0.3347149489701491	4.000000000000001	0	-4.000000000000001	0.9999999999999998	0.01255163890496602	-3.307405351537745
0	0	0.8038228822124406	2.196177117787558	0	0.2679409607374804	0	0	0	0	0	0
3	0	0.9999999999999994	1.999999999999999	1	0.3333333333333334	3.000000000000002	0	-3.000000000000002	0.9999999999999999	0.0370370370370372	-2.48055401365331
0	0	0.8038228822124406	2.075791987473499	0	0.2791424959894405	0	0	0	0	0	0
1	0	0.8038228822124406	2.196177117787558	1	0.2679409607374804	1.244055154597742	0	-1.244055154597742	1	0.2679409607374803	-1.028648668981172
0	1	0.8272345218434631	2.073590293393475	0	0.2851721749959916	0	0.4822553438767687	0.4822553438767687	0.7148278250040084	0.2851721749959916	0.398753476286425
1	0	0.179352822726167	2.820647177273831	1	0.05978427424205569	5.575602239206371	0	-5.575602239206371	1	0.05978427424205568	-4.610194170999246
0	0	0.8038228822124406	1.999999999999999	0	0.286688181094435	0	0	0	0	0	0
0	0	0.8038228822124406	2.196177117787558	0	0.2679409607374804	0	0	0	0	0	0
0	0	0.8266819188992602	2.073825677297874	0	0.2850128439529432	0	0	0	0	0	0
0	0	0.8038228822124406	2.075791987473499	0	0.2791424959894405	0	0	0	0	0	0
1	0	0.8038228822124406	2.196177117787558	1	0.2679409607374803	1.244055154597742	0	-1.244055154597742	1	0.2679409607374803	-1.028648668981172
0	0	0.8038228822124406	2.196177117787558	0	0.2679409607374804	0	0	0	0	0	0
1	0	0.9999999999999994	1.999999999999999	1	0.3333333333333334	1.000000000000001	0	-1.000000000000001	1	0.3333333333333334	-0.8268513378844367
1	0	0.8038228822124406	2.075791987473499	1	0.2791424959894405	1.244055154597742	0	-1.244055154597742	1	0.2791424959894405	-1.028648668981172
0	0	0.1733180811007393	2.826681918899259	0	0.05777269370024649	0	0	0	0	0	0
2	1	0.999030536813273	1.937009916447601	0.6666666666666666	0.3402645681205492	2.00194080791528	0.5162596182439583	-1.485681189671322	0.9606041763610588	0.2685482816769085	-1.228437479349473
0	0	0.9999999999999994	1.80382288221244	0	0.3566559094527825	0	0	0	0	0	0
2	0	0.7481473311726504	2.251852668827349	1	0.2493824437242169	2.673270245935635	0	-2.673270245935635	1	0.06219160323786221	-2.210397079378535
0	0	0.9005075961971356	1.999999999999999	0	0.3104655189932253	0	0	0	0	0	0
1	0	0.8038228822124406	2.196177117787558	1	0.2679409607374804	1.244055154597742	0	-1.244055154597742	1	0.2679409607374803	-1.028648668981172
0	1	0.9993080045615265	1.934892540863861	0	0.3405724963549317	0	0.5168245671945871	0.5168245671945871	0.6594275036450683	0.3405724963549317	0.427337084836389
0	0	0.9999999999999994	1.999999999999999	0	0.3333333333333334	0	0	0	0	0	0
0	0	0.8038228822124406	1.999999999999999	0	0.286688181094435	0	0	0	0	0	0
2	2	0.8038228822124405	2.196177117787558	0.5	0.2679409607374803	2.488110309195484	0.9106733622718064	-1.577436946923677	0.9385179742144474	0.2923276708829083	-1.304305849992183
1	0	0.8038228822124405	2.196177117787558	1	0.2679409607374803	1.244055154597742	0	-1.244055154597742	1	0.2679409607374803	-1.028648668981172
1	8	0.8038228822124404	2.194142787008261	0.1111111111111111	0.2681227775438096	1.244055154597742	3.64607082427306	2.402015669675318	0.2588952272906848	0.9397517993486287	1.986109870090417
5	0	0.9999999999999996	1.999999999999999	1	0.3333333333333333	5.000000000000003	0	-5.000000000000003	1	0.004115226337448097	-4.134256689422183
0	0	0.8038228822124406	1.999999999999999	0	0.286688181094435	0	0	0	0	0	0
1	0	0.9200063614590979	2.027002134356919	1	0.3121831385166574	1.086949005889519	0	-1.086949005889519	1	0.3121831385166574	-0.8987452397319067
1	0	0.8038228822124405	2.196177117787558	1	0.2679409607374803	1.244055154597742	0	-1.244055154597742	1	0.2679409607374803	-1.028648668981172
2	0	0.827015094692292	2.107185450733096	1	0.2818536367535147	2.418335545307237	0	-2.418335545307237	0.9999999999999998	0.07944147255118239	-1.999603981090776
1	0	0.9999999999999996	1.999999999999999	1	0.3333333333333333	1	0	-1	1	0.3333333333333333	-0.8268513378844364
4	0	1.631336302738456	1.173997183782058	1	0.5815124335758813	2.451977555630538	0	-2.451977555630538	1	0.1143499607908108	-2.02742092233572
2	1	0.8038228822124407	2.196177117787558	0.6666666666666666	0.2679409607374803	2.488110309195483	0.455336681135903	-2.03277362805958	0.9807638865057291	0.1769048483342306	-1.680801593977262
0	0	0.8038228822124406	2.196177117787558	0	0.2679409607374804	0	0	0	0	0	0
3	0	1.120192986865437	1.772829583674099	1	0.3872050630619608	2.678109964243486	0	-2.678109964243486	1	0.05805278809885106	-2.214398806936366
3	0	0.8038228822124405	2.196177117787558	1	0.2679409607374803	3.732165463793225	0	-3.732165463793225	0.9999999999999998	0.0192361134942709	-3.085946006943515
3	1	0.8677009233935439	1.331283831207611	0.75	0.3945916048658212	3.457412478330804	0.7511546197424309	-2.706257858588374	0.9757567207096116	0.1730258142150687	-2.237672931034066
0	0	0.9242080125264995	2.075791987473499	0	0.3080693375088334	0	0	0	0	0	0
6	0	0.8654002487973602	2.035107347399775	1	0.2983616557088109	6.933208083009164	0	-6.933208083009164	1	0.0007054367021367414	-5.732732379267314
4	0	0.9999999999999994	1.945139637135042	1	0.3395424744521705	4.000000000000003	0	-4.000000000000003	0.9999999999999999	0.01329157472429343	-3.307405351537747
0	2	0.999576064210757	2.000423935789242	0	0.3331920214035858	0	0.9997880770262457	0.9997880770262457	0.4446328803198361	0.5553671196801639	0.826676109090059
0	0	0.8684010908507778	2.06579945457461	0	0.2959583291621538	0	0	0	0	0	0
3	0	1.80115095841763	1.198753222162989	1	0.6004028295560508	1.665601645425433	0	-1.665601645425433	1	0.2164353480748749	-1.377204948902538
0	1	0.8684599083179234	2.032126954218595	0	0.2994083437165087	0	0.4920952393865203	0.4920952393865203	0.7005916562834913	0.2994083437165087	0.4068896070533062
0	1	0.9999999999999996	1.805392064227294	0	0.3564564157542934	0	0.5538963086270122	0.5538963086270122	0.6435435842457067	0.3564564157542933	0.4579899038374956
2	0	0.9999999999999994	1.99142220024421	1	0.3342891551444537	2.000000000000001	0	-2.000000000000001	1	0.1117492392471925	-1.653702675768873
0	0	0.8038228822124406	1.999999999999999	0	0.286688181094435	0	0	0	0	0	0
1	0	0.8267483997379833	2.073759196459152	1	0.2850357643682561	1.209557829585064	0	-1.209557829585064	1	0.2850357643682561	-1.000124509641005
1	1	0.8038228822124407	2.196177117787558	0.5	0.2679409607374804	1.244055154597741	0.4553366811359032	-0.7887184734618382	0.928207641559076	0.4640895630340368	-0.652152924996091
0	0	0	1.263197818298443	0	0	0	0	0	0	0	0
0	1	0.9243893238554011	2.075610676144597	0	0.3081297746184672	0	0.4817859204007751	0.4817859204007751	0.6918702253815328	0.3081297746184672	0.3983653328572653
0	0	1.80382288221244	1.196177117787558	0	0.6012742940708137	0	0	0	0	0	0
0	0	0	1.263197818298443	0	0	0	0	0	0	0	0
0	0	0.9242080125264995	2.075791987473499	0	0.3080693375088334	0	0	0	0	0	0
0	0	0.9999999999999994	1.999999999999999	0	0.3333333333333334	0	0	0	0	0	0
0	0	0.8038228822124406	2.196177117787558	0	0.2679409607374804	0	0	0	0	0	0
0	0	0.9999999999999994	1.999999999999999	0	0.3333333333333334	0	0	0	0	0	0
0	1	0.1785924335152604	2.821407566484738	0	0.05953081117175349	0	0.3544330184263045	0.3544330184263045	0.9404691888282465	0.05953081117175352	0.2930634154762088
0	0	0.9999999999999994	1.80382288221244	0	0.3566559094527825	0	0	0	0	0	0
0	0	0.8038228822124406	2.075791987473499	0	0.2791424959894405	0	0	0	0	0	0
0	0	0.8038228822124406	2.196177117787558	0	0.2679409607374804	0	0	0	0	0	0
0	0	1.672223973063218	1.207390896622721	0	0.5807109800226851	0	0	0	0	0	0
0	0	0.9999999999999994	1.999999999999999	0	0.3333333333333334	0	0	0	0	0	0
1	0	0.8038228822124407	2.075791987473499	1	0.2791424959894405	1.244055154597741	0	-1.244055154597741	1	0.2791424959894405	-1.028648668981172
0	2	0.9991488963669005	2.000851103633098	0	0.3330496321223003	0	0.9995746292007673	0.9995746292007673	0.4448227932121989	0.5551772067878011	0.8264996194699936
0	1	0.9999999999999996	1.999999999999999	0	0.3333333333333333	0	0.5000000000000002	0.5000000000000002	0.6666666666666667	0.3333333333333333	0.4134256689422182
0	0	1.672223973063218	1.207390896622721	0	0.5807109800226851	0	0	0	0	0	0
0	0	1.672223973063218	1.207390896622721	0	0.5807109800226851	0	0	0	0	0	0
1	0	0.9999999999999994	1.999842647424547	1	0.3333508178699069	1.000000000000001	0	-1.000000000000001	1	0.3333508178699069	-0.8268513378844367
0	0	0.8038228822124406	2.196177117787558	0	0.2679409607374804	0	0	0	0	0	0
0	0	0.9242080125264995	2.075791987473499	0	0.3080693375088334	0	0	0	0	0	0
0	0	0	2.999999999999998	0	0	0	0	0	0	0	0
0	0	0	1.263197818298443	0	0	0	0	0	0	0	0
3	0	0.9999999999999993	1.999999999999999	1	0.3333333333333333	3.000000000000002	0	-3.000000000000002	1	0.03703703703703698	-2.48055401365331
0	0	0.8038228822124406	2.075791987473499	0	0.2791424959894405	0	0	0	0	0	0
0	0	0.8266819188992602	1.369495198888298	0	0.3764186013066489	0	0	0	0	0	0
5	0	0.849178165776309	2.051329430420826	1	0.2927688129104262	5.88804587954644	0	-5.88804587954644	1	0.002150919015162733	-4.868538613027916
0	0	0.9999999999999994	1.999999999999999	0	0.3333333333333334	0	0	0	0	0	0
0	0	0.8038228822124406	2.196177117787558	0	0.2679409607374804	0	0	0	0	0	0
0	0	0.9242080125264995	2.075791987473499	0	0.3080693375088334	0	0	0	0	0	0
2	0	0.9414609266847747	2.056712684999997	1	0.314011477859595	2.124357945520613	0	-2.124357945520613	0.9999999999999998	0.09860320822756707	-1.756528209399151
0	0	0.8038228822124406	2.075791987473499	0	0.2791424959894405	0	0	0	0	0	0
0	1	0.8038228822124407	2.196177117787558	0	0.2679409607374804	0	0.4553366811359032	0.4553366811359032	0.7320590392625196	0.2679409607374804	0.3764957439850805
1	0	0.9242080125264995	2.075791987473499	1	0.3080693375088334	1.082007498794896	0	-1.082007498794896	1	0.3080693375088334	-0.8946593479795525
0	0	0.8038228822124406	2.075791987473499	0	0.2791424959894405	0	0	0	0	0	0
0	0	0.9242080125264995	2.075791987473499	0	0.3080693375088334	0	0	0	0	0	0