Observed S Changes	Observed NS Changes	E[S Sites]	E[NS Sites]	Observed S. Prop.	P{S}	dS	dN	dN-dS	P{S leq. observed}	P{S geq. observed}	Scaled dN-dS
0	0	0	3.000000000000002	0	0	0	0	0	0	0	0
0	0	0.8680671124379498	2.032149026933321	0	0.2993111791406469	0	0	0	0	0	0
4	0	1.000000000000001	2.000000000000001	1	0.3333333333333334	3.999999999999997	0	-3.999999999999997	1	0.01234567901234573	-3.269687410597843
0	1	0.9243881900673953	2.075611809932607	0	0.3081293966891315	0	0.4817856572286843	0.4817856572286843	0.6918706033108685	0.3081293966891315	0.3938221245118094
0	0	0.9240844820944878	2.075915517905514	0	0.3080281606981624	0	0	0	0	0	0
2	0	1	2.000000000000001	1	0.3333333333333333	1.999999999999999	0	-1.999999999999999	1	0.1111111111111109	-1.634843705298922
0	0	1.671498106783418	1.207848405467564	0	0.5805130086537217	0	0	0	0	0	0
0	0	0.8034309943454681	2.196569005654534	0	0.2678103314484892	0	0	0	0	0	0
0	0	0.8034309943454681	2.000000000000001	0	0.2865884681898685	0	0	0	0	0	0
0	1	0.9245704949050129	2.075429505094989	0	0.3081901649683375	0	0.4818279770741872	0.4818279770741872	0.6918098350316626	0.3081901649683374	0.3938567176783243
0	0	1.803430994345468	1.196569005654534	0	0.6011436647818225	0	0	0	0	0	0
0	0	0.8034309943454679	2.075915517905514	0	0.2790324092383626	0	0	0	0	0	0
4	0	1.803220472860965	1.196587003865873	1	0.6011120669745453	2.218253430571168	0	-2.218253430571168	1	0.1305635004250061	-1.813248828863508
0	1	0.9986052702553755	2.001394729744626	0	0.3328684234184583	0	0.4996515605532737	0.4996515605532737	0.6671315765815418	0.3328684234184582	0.4084261043066515
2	2	0.8062598816559685	2.193740118344034	0.5	0.2687532938853227	2.480589752143219	0.9116850183282966	-1.568904733814922	0.9380043866580406	0.2937279749086441	-1.282457014145504
3	0	1.000000000000001	2.000000000000001	1	0.3333333333333334	2.999999999999998	0	-2.999999999999998	0.9999999999999999	0.0370370370370372	-2.452265557948382
0	0	0.8261924311744382	1.370376574480096	0	0.3761286028563666	0	0	0	0	0	0
1	2	0.8266295133496152	2.075045018956024	0.3333333333333333	0.284880162866779	1.209731788970205	0.9638345104465348	-0.2458972785236703	0.80276975034188	0.6342903029787732	-0.2010018089722791
1	5	0.9803786460683735	2.019621353931627	0.1666666666666667	0.3267928820227912	1.020014056824181	2.475711593297638	1.455697536473457	0.3642112853928335	0.9069123224168864	1.18991897716139
1	0	1.000000000000001	2.000000000000001	1	0.3333333333333334	0.9999999999999993	0	-0.9999999999999993	1	0.3333333333333334	-0.8174218526494608
0	2	0.9972220033722491	1.936811552846727	0	0.3398809128336442	0	1.032624984635391	1.032624984635391	0.4357572092413429	0.5642427907586571	0.844090228032783
0	1	0.8041091124630998	2.195890887536903	0	0.268036370821033	0	0.455396033416617	0.455396033416617	0.731963629178967	0.268036370821033	0.372250669324627
0	0	0.8034309943454681	2.196569005654534	0	0.2678103314484892	0	0	0	0	0	0
1	1	0.8034309943454675	2.196569005654533	0.5	0.2678103314484891	1.244661964795958	0.4552554449351435	-0.7894065198608147	0.9282776263694503	0.4638982892664287	-0.6452781399581908
0	0	0.8034309943454681	2.196569005654534	0	0.2678103314484892	0	0	0	0	0	0
1	0	1.000000000000001	2.000000000000001	1	0.3333333333333334	0.9999999999999993	0	-0.9999999999999993	1	0.3333333333333334	-0.8174218526494608
0	0	1.000000000000001	2.000000000000001	0	0.3333333333333334	0	0	0	0	0	0
1	1	0.9990455556722601	2.000232576251199	0.5	0.3330953355204723	1.00095535616201	0.4999418626978781	-0.5010134934641316	0.8890474974545038	0.5552381684954486	-0.4095393780298292
1	0	1.803430994345468	1.196569005654533	1	0.6011436647818225	0.5544986213142782	0	-0.5544986213142782	1	0.6011436647818225	-0.4532592903262893
1	0	0.8034309943454679	2.075915517905514	1	0.2790324092383626	1.244661964795958	0	-1.244661964795958	1	0.2790324092383626	-1.01741388918583
1	0	1.000000000000001	2.000000000000001	1	0.3333333333333334	0.9999999999999993	0	-0.9999999999999993	1	0.3333333333333334	-0.8174218526494608
0	0	1.000000000000001	2.000000000000001	0	0.3333333333333334	0	0	0	0	0	0
0	0	0.8034309943454681	2.196569005654534	0	0.2678103314484892	0	0	0	0	0	0
0	0	0.8034309943454679	2.196569005654534	0	0.2678103314484891	0	0	0	0	0	0
1	0	1.000000000000001	2.000000000000001	1	0.3333333333333334	0.9999999999999993	0	-0.9999999999999993	1	0.3333333333333334	-0.8174218526494608
1	0	1	2	1	0.3333333333333333	0.9999999999999998	0	-0.9999999999999998	1	0.3333333333333333	-0.8174218526494611
0	0	1.000000000000001	2.000000000000001	0	0.3333333333333334	0	0	0	0	0	0
1	0	0.8034309943454678	2.196569005654534	1	0.2678103314484891	1.244661964795958	0	-1.244661964795958	1	0.2678103314484891	-1.01741388918583
1	0	1	1.934244440234878	1	0.3408032358476423	0.9999999999999996	0	-0.9999999999999996	1	0.3408032358476423	-0.8174218526494609
5	0	1	2.000000000000001	1	0.3333333333333333	4.999999999999998	0	-4.999999999999998	1	0.004115226337448097	-4.087109263247305
0	0	0.1738075688255626	2.82619243117444	0	0.05793585627518751	0	0	0	0	0	0
0	0	1.000000000000001	2.000000000000001	0	0.3333333333333334	0	0	0	0	0	0
0	1	0.8264292782272241	2.073786861144046	0	0.284954375299209	0	0.4822096324056802	0.4822096324056802	0.715045624700791	0.284954375299209	0.3941686910864668
0	0	1.000000000000001	2.000000000000001	0	0.3333333333333334	0	0	0	0	0	0
1	0	0.9240844820944879	2.075915517905514	1	0.3080281606981624	1.082152140173857	0	-1.082152140173857	1	0.3080281606981624	-0.8845748072694934
4	0	1	2	1	0.3333333333333333	4	0	-4	1	0.01234567901234551	-3.269687410597845
1	1	0.8034309943454678	2.196569005654534	0.5	0.2678103314484891	1.244661964795958	0.4552554449351432	-0.7894065198608146	0.9282776263694503	0.4638982892664286	-0.6452781399581907
0	1	0.8035039265988924	2.196284703555194	0	0.2678535142516423	0	0.4553143763107164	0.4553143763107164	0.7321464857483577	0.2678535142516423	0.3721839210218398
0	2	0.9686180483113993	1.227950957343133	0	0.4409686405562165	0	1.62872954171339	1.62872954171339	0.3125160608415646	0.6874839391584354	1.331359119452267
1	0	0.9210831020334683	2.078916897966534	1	0.3070277006778226	1.085678369076913	0	-1.085678369076913	1	0.3070277006778226	-0.887457223832296
0	0	0.8261924311744382	2.107841125044538	0	0.2815892917868104	0	0	0	0	0	0
1	0	1	2.000000000000001	1	0.3333333333333333	0.9999999999999996	0	-0.9999999999999996	1	0.3333333333333333	-0.8174218526494609
0	0	1.000000000000001	2.000000000000001	0	0.3333333333333334	0	0	0	0	0	0
0	0	0.8034309943454679	2.196569005654534	0	0.2678103314484891	0	0	0	0	0	0
1	0	1	2.000000000000001	1	0.3333333333333333	0.9999999999999996	0	-0.9999999999999996	1	0.3333333333333333	-0.8174218526494609
0	0	1.000000000000001	2.000000000000001	0	0.3333333333333334	0	0	0	0	0	0
2	0	0.8678664453449809	2.066167110873995	1	0.2957929514832752	2.304502047207265	0	-2.304502047207265	1	0.08749347014718711	-1.883750332862638
3	0	1.792049261796699	1.197542069417139	1	0.5994295083365422	1.674061123181522	0	-1.674061123181522	0.9999999999999999	0.2153844546471215	-1.368414144759478
0	0	1.000000000000001	2.000000000000001	0	0.3333333333333334	0	0	0	0	0	0
0	0	0.8680671124379498	1.328501893216584	0	0.3951922795065038	0	0	0	0	0	0
1	3	0.8034309943454674	2.196569005654532	0.25	0.2678103314484891	1.244661964795958	1.365766334805431	0.1211043700094723	0.7078974028132605	0.7125949557485383	0.09899335849708868
0	0	1.000000000000001	2.000000000000001	0	0.3333333333333334	0	0	0	0	0	0
0	0	1.000000000000001	1.803430994345468	0	0.3567057659050658	0	0	0	0	0	0
0	2	0.5864988002748195	2.413501199725181	0	0.1954996000916065	0	0.828671641111152	0.828671641111152	0.6472208934527651	0.3527791065472349	0.6773743081151473
2	0	1.000000000000001	1.999631263020897	1	0.3333743091452218	1.999999999999998	0	-1.999999999999998	1	0.1111384299980538	-1.634843705298921
0	2	0.8405395627232839	2.093493993495692	0	0.2864791920807029	0	0.9553406917879056	0.9553406917879056	0.5091119433338066	0.4908880566661934	0.7809163581926878
0	0	0.1738075688255626	2.82619243117444	0	0.05793585627518751	0	0	0	0	0	0
2	0	0.8034309943454679	2.075915517905514	1	0.2790324092383626	2.489323929591915	0	-2.489323929591915	1	0.0778590854053649	-2.03482777837166
1	6	0.8034309943454681	2.196569005654534	0.1428571428571428	0.2678103314484892	1.244661964795957	2.731532669610859	1.486870704814902	0.4016609571297736	0.8871854343088514	1.215400606180007
1	0	0.8034309943454679	2.196569005654534	1	0.2678103314484891	1.244661964795958	0	-1.244661964795958	1	0.2678103314484892	-1.01741388918583
1	0	1.000000000000001	2.000000000000001	1	0.3333333333333334	0.9999999999999993	0	-0.9999999999999993	1	0.3333333333333334	-0.8174218526494608
1	0	0.8034309943454678	2.196569005654534	1	0.2678103314484891	1.244661964795958	0	-1.244661964795958	1	0.2678103314484892	-1.01741388918583
0	1	0.8678606688493816	1.331274443535174	0	0.3946372662425216	0	0.7511599166168312	0.7511599166168312	0.6053627337574784	0.3946372662425216	0.614014530676945
1	1	0.9245092985245462	2.075490701475456	0.5	0.3081697661748485	1.081654886106534	0.4818137702515868	-0.5998411158549475	0.9050313952157389	0.5213709275654363	-0.4903232362174713
0	0	1.000000000000001	2.000000000000001	0	0.3333333333333334	0	0	0	0	0	0
0	0	0.8034309943454679	2.196569005654534	0	0.2678103314484891	0	0	0	0	0	0
0	0	1.000000000000001	1.934033556218976	0	0.3408277311213435	0	0	0	0	0	0
1	2	0.8263599249578989	2.105511109794055	0.3333333333333333	0.2818541181255648	1.210126447081697	0.9498881248817657	-0.2602383221999314	0.8064567336280102	0.6296281053341894	-0.2127244914630553
3	0	0.8034309943454679	2.196569005654534	1	0.2678103314484891	3.733985894387873	0	-3.733985894387873	0.9999999999999998	0.01920799265427009	-3.052241667557491
1	0	0.8034309943454678	2.075915517905514	1	0.2790324092383626	1.244661964795958	0	-1.244661964795958	1	0.2790324092383626	-1.01741388918583
1	0	1.000000000000001	2.000000000000001	1	0.3333333333333334	0.9999999999999993	0	-0.9999999999999993	1	0.3333333333333334	-0.8174218526494608
0	0	1.803430994345468	1.196569005654534	0	0.6011436647818225	0	0	0	0	0	0
0	0	0.1738075688255626	2.82619243117444	0	0.05793585627518751	0	0	0	0	0	0
0	0	0.8034309943454679	2.196569005654534	0	0.2678103314484891	0	0	0	0	0	0
1	0	1.000000000000001	2.000000000000001	1	0.3333333333333334	0.9999999999999993	0	-0.9999999999999993	1	0.3333333333333334	-0.8174218526494608
0	0	1.803430994345468	1.196569005654534	0	0.6011436647818225	0	0	0	0	0	0
0	0	1.671498106783418	1.207848405467564	0	0.5805130086537217	0	0	0	0	0	0
0	0	1.000000000000001	1.934033556218976	0	0.3408277311213435	0	0	0	0	0	0
2	0	0.8034309943454679	2.196569005654534	1	0.2678103314484891	2.489323929591915	0	-2.489323929591915	1	0.07172237363054967	-2.03482777837166
0	0	1.000000000000001	2.000000000000001	0	0.3333333333333334	0	0	0	0	0	0
1	0	0.8678664908708035	1.32870251478373	1	0.3951009454456891	1.152250963159801	0	-1.152250963159801	1	0.3951009454456891	-0.9418751170232107
1	0	0.8034309943454678	2.075915517905514	1	0.2790324092383625	1.244661964795958	0	-1.244661964795958	1	0.2790324092383625	-1.01741388918583
0	0	0.8034309943454679	2.196569005654534	0	0.2678103314484891	0	0	0	0	0	0
0	1	0.9963886087242541	2.003611391275748	0	0.3321295362414178	0	0.4990987795109689	0.4990987795109689	0.6678704637585822	0.3321295362414178	0.4079742490029412
3	0	0.8034309943454674	2.196569005654532	1	0.2678103314484891	3.733985894387875	0	-3.733985894387875	0.9999999999999998	0.01920799265427009	-3.052241667557493
0	0	0.8261924311744382	1.370376574480096	0	0.3761286028563666	0	0	0	0	0	0
1	0	0.8034309943454676	2.196569005654534	1	0.2678103314484891	1.244661964795958	0	-1.244661964795958	1	0.2678103314484892	-1.017413889185831
2	0	0.8680002714047119	2.032215867966559	1	0.2992881322262013	2.30414674498124	0	-2.30414674498124	0.9999999999999999	0.08957338609144827	-1.883459901058791
1	3	0.8273273809388925	2.074118837565328	0.25	0.2851431040363739	1.208711355431208	1.44639735470582	0.2376859992746119	0.6778002838050011	0.7388581694802869	0.1942897298758917
0	0	0	1.263865775124103	0	0	0	0	0	0	0	0
0	0	0.8034309943454681	2.196569005654534	0	0.2678103314484892	0	0	0	0	0	0
1	0	1	2.000000000000001	1	0.3333333333333333	0.9999999999999996	0	-0.9999999999999996	1	0.3333333333333333	-0.8174218526494609
0	0	0.8034309943454679	2.196569005654534	0	0.2678103314484891	0	0	0	0	0	0
1	1	0.9999394504159191	2.000060549584082	0.5	0.3333131501386395	1.000060553250555	0.4999848630622471	-0.500075690188308	0.8889023439446568	0.5555286442219358	-0.4087727971386848
0	0	0.8261924311744382	2.107841125044538	0	0.2815892917868104	0	0	0	0	0	0
3	0	1.092614100939957	1.302983872204402	1	0.4560924300273299	2.745708660925346	0	-2.745708660925346	0.9999999999999999	0.09487648627852641	-2.244402260449268
1	0	0.8034309943454678	2.196569005654534	1	0.2678103314484891	1.244661964795958	0	-1.244661964795958	1	0.2678103314484892	-1.01741388918583
0	2	0.8280848551414155	2.072131284229855	0	0.2855252213446869	0	0.9651898097486308	0.9651898097486308	0.5104742093345586	0.4895257906654414	0.7889672424431068
0	0	1.000000000000001	2.000000000000001	0	0.3333333333333334	0	0	0	0	0	0
0	5	0.8034309943454677	2.028421879410859	0	0.2837121242389095	0	2.464970453509511	2.464970453509511	0.1885549771710087	0.8114450228289913	2.014920714833927
0	0	0.8034309943454681	2.196569005654534	0	0.2678103314484892	0	0	0	0	0	0
0	0	0.8034309943454681	2.196569005654534	0	0.2678103314484892	0	0	0	0	0	0
0	0	0.8034309943454679	2.075915517905514	0	0.2790324092383626	0	0	0	0	0	0
0	0	0.8034309943454681	2.000000000000001	0	0.2865884681898685	0	0	0	0	0	0
1	0	1.000000000000001	2.000000000000001	1	0.3333333333333334	0.9999999999999993	0	-0.9999999999999993	1	0.3333333333333334	-0.8174218526494608
0	0	0.8034309943454679	2.000000000000001	0	0.2865884681898685	0	0	0	0	0	0
0	0	0.8034309943454679	2.196569005654534	0	0.2678103314484891	0	0	0	0	0	0
0	0	1.000000000000001	2.000000000000001	0	0.3333333333333334	0	0	0	0	0	0
1	0	1	2.000000000000001	1	0.3333333333333333	0.9999999999999996	0	-0.9999999999999996	1	0.3333333333333333	-0.8174218526494609
0	0	0.8034309943454679	2.196569005654534	0	0.2678103314484891	0	0	0	0	0	0
0	0	0.8034309943454679	2.000000000000001	0	0.2865884681898685	0	0	0	0	0	0
0	0	1.000000000000001	2.000000000000001	0	0.3333333333333334	0	0	0	0	0	0
0	0	1.000000000000001	2.000000000000001	0	0.3333333333333334	0	0	0	0	0	0
0	0	1.000000000000001	2.000000000000001	0	0.3333333333333334	0	0	0	0	0	0
0	0	0.9420908206347812	2.057909179365221	0	0.3140302735449269	0	0	0	0	0	0
0	0	1.000000000000001	1.803430994345468	0	0.3567057659050658	0	0	0	0	0	0
1	0	1.802876029356452	1.196496328724379	1	0.6010844317142519	0.5546693082146953	0	-0.5546693082146953	1	0.6010844317142519	-0.4533988135286512
0	1	0.999879443194852	2.00012055680515	0	0.3332931477316171	0	0.4999698626153459	0.4999698626153459	0.6667068522683829	0.3332931477316171	0.4086862913679327
0	1	1.000000000000001	2.000000000000001	0	0.3333333333333334	0	0.4999999999999997	0.4999999999999997	0.6666666666666666	0.3333333333333334	0.4087109263247304
1	1	1	1.806255396125783	0.5	0.3563467535351789	0.9999999999999996	0.5536315640329096	-0.44636843596709	0.8730169912449386	0.5857104983152962	-0.3648713138924611
4	0	1.000000000000001	2.000000000000001	1	0.3333333333333334	3.999999999999997	0	-3.999999999999997	1	0.01234567901234573	-3.269687410597843
1	0	1	2.000000000000001	1	0.3333333333333333	0.9999999999999996	0	-0.9999999999999996	1	0.3333333333333333	-0.8174218526494609
0	0	1.000000000000001	2.000000000000001	0	0.3333333333333334	0	0	0	0	0	0
2	0	1.802482804516232	1.196650069689288	1	0.6010013160866423	1.109580626782612	0	-1.109580626782612	1	0.3612025819378761	-0.9069954516085929
2	0	0.8672975812251564	2.06673597499382	1	0.2955990668159991	2.306013579762061	0	-2.306013579762061	0.9999999999999999	0.08737880830248956	-1.88498589260392
1	0	0.8034309943454677	2.196569005654534	1	0.2678103314484891	1.244661964795958	0	-1.244661964795958	1	0.2678103314484892	-1.01741388918583
0	1	0.8039136812479544	2.196086318752048	0	0.2679712270826512	0	0.4553555074138715	0.4553555074138715	0.7320287729173488	0.2679712270826512	0.3722175424843823
0	2	0.8034309943454679	2.196569005654534	0	0.2678103314484891	0	0.9105108898702865	0.9105108898702865	0.5361017107335713	0.4638982892664287	0.7442714984552792
1	0	0.8263264138549227	2.107707142364054	1	0.2816349567998094	1.21017552293272	0	-1.21017552293272	1	0.2816349567998094	-0.9892239179866944
0	1	0.8034309943454679	2.196569005654534	0	0.2678103314484891	0	0.4552554449351432	0.4552554449351432	0.7321896685515108	0.2678103314484892	0.3721357492276396
0	0	0.8034309943454681	2.196569005654534	0	0.2678103314484892	0	0	0	0	0	0
0	0	0.8034309943454679	2.196569005654534	0	0.2678103314484891	0	0	0	0	0	0
0	0	0	1.263865775124103	0	0	0	0	0	0	0	0
1	1	1.000000000000001	2.000000000000001	0.5	0.3333333333333334	0.9999999999999993	0.4999999999999997	-0.4999999999999997	0.888888888888889	0.5555555555555556	-0.4087109263247304
1	0	1	1.934138785767633	1	0.3408155077226107	0.9999999999999996	0	-0.9999999999999996	1	0.3408155077226107	-0.8174218526494609
0	0	1.000000000000001	2.000000000000001	0	0.3333333333333334	0	0	0	0	0	0
1	0	1	2.000000000000001	1	0.3333333333333333	0.9999999999999996	0	-0.9999999999999996	1	0.3333333333333333	-0.8174218526494609
0	0	0.8261924311744382	1.370376574480096	0	0.3761286028563666	0	0	0	0	0	0
2	2	0.8034309943454679	2.196569005654534	0.5	0.2678103314484891	2.489323929591915	0.9105108898702865	-1.578813039721629	0.9386003260205207	0.2921025971867395	-1.290556279916381
0	0	1.000000000000001	1.934033556218976	0	0.3408277311213435	0	0	0	0	0	0
0	1	0.999861010810443	2.000059194747847	0	0.3332958686560689	0	0.4999852017510276	0.4999852017510276	0.666704131343931	0.333295868656069	0.4086988299126396
1	0	0.8034309943454674	2.196569005654532	1	0.2678103314484891	1.244661964795958	0	-1.244661964795958	1	0.2678103314484892	-1.017413889185831
0	0	1.000000000000001	2.000000000000001	0	0.3333333333333334	0	0	0	0	0	0
0	2	1.000000000000001	2.000000000000001	0	0.3333333333333334	0	0.9999999999999993	0.9999999999999993	0.4444444444444444	0.5555555555555556	0.8174218526494608
0	0	0.8034309943454681	2.075915517905514	0	0.2790324092383626	0	0	0	0	0	0
0	4	0.2417735221632469	2.747674778032884	0	0.08087563251968086	0	1.455776364793682	1.455776364793682	0.7136694731613448	0.2863305268386552	1.18998341315295
0	0	0.9420908206347812	2.057909179365221	0	0.3140302735449269	0	0	0	0	0	0
0	9	0.9186698968586872	1.988221198497482	0	0.3160317558254195	0	4.526659310745398	4.526659310745398	0.03275845763827995	0.96724154236172	3.700190240102437
2	1	1.000000000000001	1.999529218742455	0.6666666666666666	0.3333856505719414	1.999999999999999	0.5001177230252831	-1.499882276974716	0.9629455211461901	0.2593290183142105	-1.226036549600764
0	4	0.8042314549930772	2.19225940565425	0	0.2683910922455944	0	1.824601591254779	1.824601591254779	0.2864942687784794	0.7135057312215205	1.491469213070636
1	3	0.8034309943454675	2.196569005654533	0.25	0.2678103314484891	1.244661964795958	1.36576633480543	0.1211043700094721	0.7078974028132605	0.7125949557485383	0.0989933584970885
0	0	0.8034309943454679	2.196569005654534	0	0.2678103314484891	0	0	0	0	0	0
0	0	0.8034309943454681	2.196569005654534	0	0.2678103314484892	0	0	0	0	0	0
1	0	0.8034309943454677	2.196569005654534	1	0.2678103314484891	1.244661964795958	0	-1.244661964795958	1	0.2678103314484891	-1.01741388918583
0	0	0.8034309943454679	2.196569005654534	0	0.2678103314484891	0	0	0	0	0	0
0	0	0.9002161393712695	2.000000000000002	0	0.3103962243194828	0	0	0	0	0	0
5	0	1.653147890258642	1.190939491771116	1	0.5812577703146482	3.024532789512092	0	-3.024532789512092	0.9999999999999998	0.06635044778244192	-2.472319196202017
0	0	0.8034309943454679	2.196569005654534	0	0.2678103314484891	0	0	0	0	0	0
0	0	0	1.263865775124103	0	0	0	0	0	0	0	0
0	0	1.671498106783418	1.207848405467564	0	0.5805130086537217	0	0	0	0	0	0
0	0	1.000000000000001	2.000000000000001	0	0.3333333333333334	0	0	0	0	0	0
3	1	0.8034855592735599	2.194588413175433	0.75	0.2680005785905371	3.733732318365912	0.4556663080860169	-3.278066010279895	0.9948412684750876	0.06151963210658007	-2.679562791230219
0	6	1.570178749568008	1.233252244777461	0	0.5600918134725145	0	4.865184738490131	4.865184738490131	0.007247233675268427	0.9927527663247315	3.976908322418487
0	2	0.808278879701577	2.170468476172622	0	0.2713485848699526	0	0.9214600543412527	0.9214600543412527	0.5309328847710206	0.4690671152289794	0.7532215847621
0	4	0.8081433943692979	2.153851052122886	0	0.272837579194776	0	1.857138633638342	1.857138633638342	0.2795926221702358	0.7204073778297642	1.518065702535542
1	2	0.8602068853333482	2.059460350927714	0.3333333333333333	0.2946249746032471	1.162511038972304	0.9711281885563229	-0.1913828504159808	0.7907375523436686	0.6490378864916296	-0.1564405241523658
1	0	0.8034309943454678	2.000000000000001	1	0.2865884681898685	1.244661964795958	0	-1.244661964795958	1	0.2865884681898685	-1.01741388918583
0	0	1.000000000000001	2.000000000000001	0	0.3333333333333334	0	0	0	0	0	0
0	0	1.000000000000001	2.000000000000001	0	0.3333333333333334	0	0	0	0	0	0
4	0	1.66978920161536	1.20645919939107	1	0.5805441564195508	2.395511958114465	0	-2.395511958114465	1	0.1135902438240026	-1.958143822845865
0	0	0.8034309943454681	2.196569005654534	0	0.2678103314484892	0	0	0	0	0	0
0	0	1.000000000000001	2.000000000000001	0	0.3333333333333334	0	0	0	0	0	0
0	0	1.000000000000001	2.000000000000001	0	0.3333333333333334	0	0	0	0	0	0
0	1	0.0007982326308492	2.999201767369152	0	0.0002660775436163998	0	0.3334220494532392	0.3334220494532392	0.9997339224563836	0.0002660775436164053	0.2725464693782471
0	0	1.000000000000001	2.000000000000001	0	0.3333333333333334	0	0	0	0	0	0
0	0	0.8034309943454681	2.196569005654534	0	0.2678103314484892	0	0	0	0	0	0
0	2	0.8036895311901878	2.195911345142702	0	0.2679321564183314	0	0.9107835816887359	0.9107835816887359	0.5359233276063143	0.4640766723936857	0.7444944027067184
2	0	0.8269279252843537	2.107105630934623	1	0.281839968575546	2.418590470641398	0	-2.418590470641398	1	0.07943376788666479	-1.977008703312024
1	6	0.8260485534442494	1.495708389218702	0.1428571428571428	0.3557859732280195	1.210582593275482	4.011477132340054	2.800894539064572	0.2240676908087241	0.9539519507469985	2.289512403197921
0	0	0.8034309943454679	2.196569005654534	0	0.2678103314484891	0	0	0	0	0	0
0	0	0.8034309943454681	2.196569005654534	0	0.2678103314484892	0	0	0	0	0	0
0	0	0.8261924311744382	2.074023708196833	0	0.284872709988279	0	0	0	0	0	0
0	0	1.671498106783418	1.207848405467564	0	0.5805130086537217	0	0	0	0	0	0
0	0	0.8034309943454681	2.000000000000001	0	0.2865884681898685	0	0	0	0	0	0
0	0	0.9240844820944878	2.075915517905514	0	0.3080281606981624	0	0	0	0	0	0
0	0	0	1.263865775124103	0	0	0	0	0	0	0	0
4	0	1.000000000000001	1.997997865253552	1	0.3335559413133293	3.999999999999997	0	-3.999999999999997	1	0.01237869102326428	-3.269687410597843
3	0	1.000000000000001	2.000000000000001	1	0.3333333333333334	2.999999999999998	0	-2.999999999999998	0.9999999999999999	0.0370370370370372	-2.452265557948382
0	1	0.8042173417376801	2.195782658262322	0	0.2680724472458932	0	0.4554184797102691	0.4554184797102691	0.7319275527541068	0.2680724472458932	0.3722690174155693
1	0	0.8034309943454679	2.196569005654534	1	0.2678103314484891	1.244661964795958	0	-1.244661964795958	1	0.2678103314484892	-1.01741388918583
3	0	1.000000000000001	2.000000000000001	1	0.3333333333333334	2.999999999999998	0	-2.999999999999998	0.9999999999999999	0.0370370370370372	-2.452265557948382
1	2	1	2.000000000000001	0.3333333333333333	0.3333333333333333	0.9999999999999996	0.9999999999999996	0	0.7407407407407408	0.7037037037037037	0
2	0	1.000000000000001	2.000000000000002	1	0.3333333333333333	1.999999999999998	0	-1.999999999999998	1	0.1111111111111109	-1.634843705298921
0	1	0.8034309943454681	2.195782658262322	0	0.2678805471717201	0	0.4554184797102691	0.4554184797102691	0.7321194528282799	0.2678805471717201	0.3722690174155693
0	2	0.8528278493165002	2.068640934180574	0	0.2919174951086225	0	0.9668183428808714	0.9668183428808714	0.5013808337332476	0.4986191662667524	0.790298441013164
0	0	0.8034309943454681	2.196569005654534	0	0.2678103314484892	0	0	0	0	0	0
0	0	0.8261924311744382	1.370376574480096	0	0.3761286028563666	0	0	0	0	0	0
1	2	0.9243267218270473	2.075673278172955	0.3333333333333333	0.3081089072756822	1.081868538889988	0.9635427796037516	-0.1183257592862365	0.7737049379722893	0.6687825426992687	-0.0967220613719096
0	2	0.8036892297322143	2.196052534881042	0	0.2679194720068948	0	0.9107250251225608	0.9107250251225608	0.5359418994666638	0.4640581005333362	0.7444465372899108
2	2	1.798293090312861	1.201706909687141	0.5	0.5994310301042867	1.11216575917113	1.664299326131603	0.5521335669604737	0.5257829463074422	0.8201439252724602	0.4513260432147858
1	0	0.8034309943454679	2.000000000000001	1	0.2865884681898685	1.244661964795958	0	-1.244661964795958	1	0.2865884681898685	-1.01741388918583
1	0	1.000000000000001	2.000000000000001	1	0.3333333333333334	0.9999999999999993	0	-0.9999999999999993	1	0.3333333333333334	-0.8174218526494608
1	4	0.830639597650623	1.367697074666488	0.2	0.3778491293488292	1.203891558779999	2.924624227170622	1.720732668390623	0.3762687412608091	0.9067865534762213	1.406564485710314
2	2	0.9999999999999999	1.89777721933978	0.5	0.3450920910434366	2	1.053864478727267	-0.9461355212727334	0.878160180401909	0.4283054194554858	-0.7733918506562215
0	1	1.000000000000001	1.814102904389004	0	0.355353032200903	0	0.5512366457165249	0.5512366457165249	0.6446469677990969	0.3553530322009031	0.4505928801898765
1	0	1.000000000000001	1.934138770796497	1	0.3408155094615862	0.9999999999999993	0	-0.9999999999999993	1	0.3408155094615862	-0.8174218526494608
0	0	0.9002161393712695	2.000000000000002	0	0.3103962243194828	0	0	0	0	0	0
1	0	0.9222878227871384	2.077712177212863	1	0.3074292742623793	1.084260222560476	0	-1.084260222560476	1	0.3074292742623792	-0.8862979998795019
0	1	0.99603539098423	2.003964609015771	0	0.3320117969947432	0	0.4990108086245798	0.4990108086245798	0.6679882030052569	0.3320117969947431	0.4079023396780098
2	0	1.000000000000001	2.000000000000002	1	0.3333333333333333	1.999999999999998	0	-1.999999999999998	1	0.1111111111111109	-1.634843705298921
2	0	1	2.000000000000001	1	0.3333333333333333	1.999999999999999	0	-1.999999999999999	1	0.1111111111111109	-1.634843705298922
0	0	1.000000000000001	2.000000000000001	0	0.3333333333333334	0	0	0	0	0	0
0	1	0.8263106387183061	2.073905500652965	0	0.2849134681725616	0	0.4821820471979809	0.4821820471979809	0.7150865318274384	0.2849134681725616	0.3941461423348835
1	1	0.9007482040905188	1.999922117456104	0.5	0.3105310511848325	1.110188169633594	0.5000194713942149	-0.6101686982393791	0.903570466250043	0.524632568619708	-0.4987652277435434
0	0	0.8034309943454681	2.196569005654534	0	0.2678103314484892	0	0	0	0	0	0
0	0	0.8261924311744382	1.370376574480096	0	0.3761286028563666	0	0	0	0	0	0
2	0	0.8270620434230734	1.369506962231461	1	0.3765244985675401	2.418198266870439	0	-2.418198266870439	1	0.1417706980215374	-1.976688107378951
0	3	1.000000000000001	2.000000000000001	0	0.3333333333333334	0	1.499999999999999	1.499999999999999	0.2962962962962962	0.7037037037037037	1.226132778974191
3	1	1	2.000000000000001	0.75	0.3333333333333333	2.999999999999999	0.4999999999999998	-2.499999999999999	0.9876543209876545	0.1111111111111109	-2.043554631623652
1	1	0.9245100861745077	2.075489913825494	0.5	0.3081700287248358	1.08165396457475	0.4818139531002701	-0.59984001147448	0.9050312333957339	0.5213712908454055	-0.4903223334727435
1	0	1	2	1	0.3333333333333333	1	0	-1	1	0.3333333333333333	-0.8174218526494612
1	0	0.8034309943454678	2.196569005654534	1	0.2678103314484891	1.244661964795958	0	-1.244661964795958	1	0.2678103314484891	-1.01741388918583
0	0	0.9240844820944879	2.075915517905514	0	0.3080281606981624	0	0	0	0	0	0
3	0	1	1.934719617309623	1	0.3407480544655032	2.999999999999999	0	-2.999999999999999	0.9999999999999999	0.0395639964844301	-2.452265557948383
2	1	0.9998430585147713	2.000000000000001	0.6666666666666666	0.3332984556231403	2.000313932239449	0.4999999999999998	-1.50031393223945	0.9629745876499485	0.259212756862208	-1.226389394046969
0	0	0.9002161393712695	2.000000000000002	0	0.3103962243194828	0	0	0	0	0	0
1	0	1.000000000000001	2.000000000000001	1	0.3333333333333334	0.9999999999999993	0	-0.9999999999999993	1	0.3333333333333334	-0.8174218526494608
3	0	0.9018590766314645	2.002272044720479	1	0.3105435116206555	3.326462057914088	0	-3.326462057914088	0.9999999999999999	0.02994796928733112	-2.719122778148273
0	3	0.519589673801086	2.480410326198915	0	0.1731965579336953	0	1.209477306360567	1.209477306360567	0.565206083832791	0.434793916167209	0.9886531805027351
1	0	0.9419787391983849	2.057754180119664	1	0.3140208693687743	1.061595085310514	0	-1.061595085310514	1	0.3140208693687743	-0.8677710213980833
1	5	0.8034309943454676	2.196569005654533	0.1666666666666667	0.2678103314484891	1.244661964795958	2.276277224675717	1.031615259879759	0.4922183450597283	0.8459216641033337	0.8432648569523681
1	1	0.9238915275152245	2.076108472484778	0.5	0.3079638425050746	1.082378147453594	0.4816704007778342	-0.6007077466757599	0.9051582717095097	0.5210859567196588	-0.4910316391885829
3	0	1.000000000000001	2.000000000000002	1	0.3333333333333333	2.999999999999997	0	-2.999999999999997	1	0.03703703703703698	-2.452265557948381
0	0	0.8034309943454681	2.196569005654534	0	0.2678103314484892	0	0	0	0	0	0
2	0	0.9004169519657352	2.000277707010559	1	0.3104142482489033	2.221193187926685	0	-2.221193187926685	0.9999999999999998	0.09635700551593196	-1.815651850767394
0	1	0.2800453644617678	2.719954635538234	0	0.09334845482058921	0	0.3676531905842307	0.3676531905842307	0.9066515451794108	0.09334845482058918	0.3005277521798473
0	0	0.8034309943454681	2.196569005654534	0	0.2678103314484892	0	0	0	0	0	0
1	0	0.9240844820944879	2.075915517905514	1	0.3080281606981624	1.082152140173857	0	-1.082152140173857	1	0.3080281606981624	-0.8845748072694934
2	0	0.8034309943454677	2.000000000000001	1	0.2865884681898685	2.489323929591916	0	-2.489323929591916	1	0.08213295009941524	-2.034827778371661
0	0	0	1.263865775124103	0	0	0	0	0	0	0	0
0	0	1.000000000000001	2.000000000000001	0	0.3333333333333334	0	0	0	0	0	0
0	0	0.1738075688255626	2.82619243117444	0	0.05793585627518751	0	0	0	0	0	0
0	0	1.000000000000001	2.000000000000001	0	0.3333333333333334	0	0	0	0	0	0
0	0	0.8261924311744382	2.074023708196833	0	0.284872709988279	0	0	0	0	0	0
3	0	1	2.000000000000001	1	0.3333333333333333	2.999999999999999	0	-2.999999999999999	1	0.03703703703703698	-2.452265557948383
0	0	1.000000000000001	1.934033556218976	0	0.3408277311213435	0	0	0	0	0	0
0	0	0.8034309943454681	2.196569005654534	0	0.2678103314484892	0	0	0	0	0	0
0	0	0.1738075688255626	2.82619243117444	0	0.05793585627518751	0	0	0	0	0	0
0	0	1.000000000000001	2.000000000000001	0	0.3333333333333334	0	0	0	0	0	0
1	0	1.671397394065772	1.207766533914977	1	0.5805148424591361	0.5983017584869157	0	-0.5983017584869157	1	0.5805148424591361	-0.4890649318658052
0	0	0.9240844820944878	2.075915517905514	0	0.3080281606981624	0	0	0	0	0	0
0	0	0.8034309943454681	2.196569005654534	0	0.2678103314484892	0	0	0	0	0	0
0	0	0.8034309943454681	2.196569005654534	0	0.2678103314484892	0	0	0	0	0	0
0	0	1.000000000000001	2.000000000000001	0	0.3333333333333334	0	0	0	0	0	0
1	0	1.000000000000001	1.999841924438202	1	0.3333508982101703	0.9999999999999993	0	-0.9999999999999993	1	0.3333508982101703	-0.8174218526494608
2	0	0.8034309943454678	2.196569005654534	1	0.2678103314484891	2.489323929591916	0	-2.489323929591916	0.9999999999999999	0.07172237363054967	-2.034827778371661
0	0	1.803430994345468	1.196569005654534	0	0.6011436647818225	0	0	0	0	0	0
0	0	0.9240844820944878	2.075915517905514	0	0.3080281606981624	0	0	0	0	0	0
0	0	1.000000000000001	2.000000000000001	0	0.3333333333333334	0	0	0	0	0	0
0	0	1.000000000000001	2.000000000000001	0	0.3333333333333334	0	0	0	0	0	0
1	0	0.9478130878333291	2.052186912166674	1	0.3159376959444428	1.055060341365373	0	-1.055060341365373	1	0.3159376959444428	-0.8624293788958558
0	0	1.000000000000001	2.000000000000001	0	0.3333333333333334	0	0	0	0	0	0
0	0	0.8034309943454681	2.000000000000001	0	0.2865884681898685	0	0	0	0	0	0
1	0	0.8034309943454679	2.196569005654534	1	0.2678103314484892	1.244661964795958	0	-1.244661964795958	1	0.2678103314484892	-1.01741388918583
0	0	0.8261924311744382	2.074023708196833	0	0.284872709988279	0	0	0	0	0	0
0	0	0.1738075688255626	2.82619243117444	0	0.05793585627518751	0	0	0	0	0	0
1	6	1.124825016044684	1.085554002457026	0.1428571428571428	0.5088833211994288	0.8890271693248643	5.527131756153719	4.638104586828855	0.05687440176809851	0.9931088328505616	3.791288044147607
0	0	0.8034309943454679	2.196569005654534	0	0.2678103314484891	0	0	0	0	0	0
3	0	1	1.99978942241886	1	0.3333567324847945	2.999999999999999	0	-2.999999999999999	0.9999999999999999	0.03704483730172403	-2.452265557948383
0	0	0.8261924311744382	2.074023708196833	0	0.284872709988279	0	0	0	0	0	0
0	0	0.8034309943454681	2.196569005654534	0	0.2678103314484892	0	0	0	0	0	0
0	0	1.000000000000001	1.803430994345468	0	0.3567057659050658	0	0	0	0	0	0
0	0	0.1738075688255626	2.82619243117444	0	0.05793585627518751	0	0	0	0	0	0
0	0	0	3.000000000000002	0	0	0	0	0	0	0	0
1	0	0.9002495038744878	2.000046140315414	1	0.3103992193616322	1.11080316700671	0	-1.11080316700671	1	0.3103992193616322	-0.9079947827035134
0	0	1.000000000000001	1.803430994345468	0	0.3567057659050658	0	0	0	0	0	0
0	0	0.8034309943454679	2.196569005654534	0	0.2678103314484891	0	0	0	0	0	0
0	0	1.000000000000001	2.000000000000001	0	0.3333333333333334	0	0	0	0	0	0
1	0	1.000000000000001	2.000000000000001	1	0.3333333333333334	0.9999999999999993	0	-0.9999999999999993	1	0.3333333333333334	-0.8174218526494608
2	0	0.9216848393743089	2.078315160625693	1	0.3072282797914361	2.16993913164256	0	-2.16993913164256	1	0.09438921590360494	-1.773755665123824
1	1	0.9993720440492334	1.998418700760202	0.5	0.3333695141262309	1.000628350527219	0.5003956376206838	-0.5002327129065355	0.8888647670512407	0.5556037953037025	-0.4089011509399263
0	0	0.8261924311744382	2.074023708196833	0	0.284872709988279	0	0	0	0	0	0
1	0	0.8034309943454682	2.075915517905514	1	0.2790324092383626	1.244661964795957	0	-1.244661964795957	1	0.2790324092383626	-1.01741388918583
1	2	0.8344583562004408	2.117038880639373	0.3333333333333333	0.2827237463701306	1.198382151211624	0.9447157623274139	-0.2536663888842102	0.8053996039960568	0.6309719659660773	-0.2073524495566298
1	0	1	1.999529807700587	1	0.3333855851116184	0.9999999999999996	0	-0.9999999999999996	1	0.3333855851116183	-0.8174218526494609
1	2	0.8487090062665589	2.093806992188415	0.3333333333333333	0.2884296998596407	1.178260148786408	0.955197879967738	-0.22306226881867	0.7984148340875853	0.6397089789810311	-0.1823359730339494
1	0	0.8034309943454679	2.075915517905514	1	0.2790324092383626	1.244661964795958	0	-1.244661964795958	1	0.2790324092383626	-1.01741388918583
2	0	0.9228842174403689	2.077115782559633	1	0.3076280724801227	2.167119084067799	0	-2.167119084067799	0.9999999999999999	0.09463503097783577	-1.771450496610704
0	0	1.000000000000001	2.000000000000001	0	0.3333333333333334	0	0	0	0	0	0
1	0	1	2.000000000000001	1	0.3333333333333333	0.9999999999999996	0	-0.9999999999999996	1	0.3333333333333333	-0.8174218526494609
2	0	0.8034309943454679	2.196569005654534	1	0.2678103314484892	2.489323929591915	0	-2.489323929591915	1	0.07172237363054956	-2.03482777837166
2	0	1.000000000000001	1.934614453255044	1	0.3407602654211734	1.999999999999999	0	-1.999999999999999	1	0.1161175584899086	-1.634843705298922
1	0	0.8034309943454678	2.196569005654534	1	0.2678103314484891	1.244661964795958	0	-1.244661964795958	1	0.2678103314484892	-1.01741388918583
1	0	0.9240844820944877	2.075915517905514	1	0.3080281606981624	1.082152140173857	0	-1.082152140173857	1	0.3080281606981623	-0.8845748072694937
1	0	1	2.000000000000001	1	0.3333333333333333	0.9999999999999996	0	-0.9999999999999996	1	0.3333333333333333	-0.8174218526494609
0	0	0.8034309943454679	2.196569005654534	0	0.2678103314484891	0	0	0	0	0	0
0	1	0.8034309943454681	2.196097780053282	0	0.2678524044185955	0	0.4553531309410722	0.4553531309410722	0.7321475955814045	0.2678524044185955	0.3722155999035839
1	0	0.8268963404720143	2.073319798899256	1	0.2851154192429516	1.209341426555563	0	-1.209341426555563	1	0.2851154192429516	-0.9885421093807905
0	0	1.000000000000001	2.000000000000001	0	0.3333333333333334	0	0	0	0	0	0
1	0	0.8034309943454681	2.196569005654534	1	0.2678103314484892	1.244661964795957	0	-1.244661964795957	1	0.2678103314484892	-1.01741388918583
0	0	0.8261924311744382	1.370376574480096	0	0.3761286028563666	0	0	0	0	0	0
1	0	0.8034309943454679	2.196569005654534	1	0.2678103314484892	1.244661964795958	0	-1.244661964795958	1	0.2678103314484892	-1.01741388918583
1	0	1.000000000000001	2.000000000000001	1	0.3333333333333334	0.9999999999999993	0	-0.9999999999999993	1	0.3333333333333334	-0.8174218526494608
0	0	0.8034309943454681	2.196569005654534	0	0.2678103314484892	0	0	0	0	0	0
2	0	0.9416545590872278	2.057305866159123	1	0.3139936596562041	2.123921113851619	0	-2.123921113851619	1	0.09859201830429598	-1.736139531765898
0	1	0.9242664479341716	2.07573355206583	0	0.308088815978057	0	0.4817574004162389	0.4817574004162389	0.691911184021943	0.308088815978057	0.3937990267758304
0	0	1.000000000000001	2.000000000000001	0	0.3333333333333334	0	0	0	0	0	0
2	0	0.8034309943454679	2.000000000000001	1	0.2865884681898686	2.489323929591915	0	-2.489323929591915	1	0.08213295009941524	-2.03482777837166
0	0	1.000000000000001	2.000000000000001	0	0.3333333333333334	0	0	0	0	0	0
1	3	1	2.000000000000001	0.25	0.3333333333333333	0.9999999999999996	1.499999999999999	0.4999999999999998	0.5925925925925928	0.802469135802469	0.4087109263247304
0	0	0.8034309943454679	2.075915517905514	0	0.2790324092383626	0	0	0	0	0	0
1	0	1.000000000000001	2.000000000000001	1	0.3333333333333334	0.9999999999999993	0	-0.9999999999999993	1	0.3333333333333334	-0.8174218526494608
0	0	0.9002161393712695	2.000000000000002	0	0.3103962243194828	0	0	0	0	0	0
1	0	0.8034309943454678	2.000000000000001	1	0.2865884681898685	1.244661964795958	0	-1.244661964795958	1	0.2865884681898685	-1.01741388918583
1	0	1.000000000000001	2.000000000000001	1	0.3333333333333334	0.9999999999999993	0	-0.9999999999999993	1	0.3333333333333334	-0.8174218526494608
0	0	0.8680671124379498	2.032149026933321	0	0.2993111791406469	0	0	0	0	0	0
1	1	0.8219726985596285	1.531852640081159	0.5	0.3492071756837638	1.216585419141457	0.652804306259523	-0.5637811128819339	0.8780543484509689	0.5764686998184965	-0.4608470017807255
1	4	0.8034309943454676	2.196569005654533	0.2	0.2678103314484891	1.244661964795958	1.821021779740574	0.5763598149446156	0.5952852048952683	0.7895649959094899	0.4711291077247284
2	0	1.000000000000001	2.000000000000001	1	0.3333333333333334	1.999999999999999	0	-1.999999999999999	1	0.111111111111111	-1.634843705298922
1	0	1.803430994345468	1.196569005654533	1	0.6011436647818224	0.5544986213142782	0	-0.5544986213142782	1	0.6011436647818224	-0.4532592903262893
0	0	0.8261924311744382	2.074023708196833	0	0.284872709988279	0	0	0	0	0	0
1	0	1.671920592600792	1.207812285690778	1	0.5805818328513425	0.5981145303344991	0	-0.5981145303344991	1	0.5805818328513425	-0.4889118874825887
0	0	1.000000000000001	2.000000000000001	0	0.3333333333333334	0	0	0	0	0	0
1	0	1	2.000000000000001	1	0.3333333333333333	0.9999999999999996	0	-0.9999999999999996	1	0.3333333333333333	-0.8174218526494609
1	0	1.000000000000001	1.949137355795176	1	0.3390822058643553	0.9999999999999993	0	-0.9999999999999993	1	0.3390822058643553	-0.8174218526494608
0	0	0	3.000000000000002	0	0	0	0	0	0	0	0
3	0	1.092837958586999	1.195087067728206	1	0.4776546198050284	2.745146228155266	0	-2.745146228155266	1	0.1089787814716416	-2.243942515612358
2	0	0.8034309943454677	2.196569005654534	1	0.2678103314484891	2.489323929591916	0	-2.489323929591916	1	0.07172237363054967	-2.034827778371661
1	0	1	2.000000000000001	1	0.3333333333333333	0.9999999999999996	0	-0.9999999999999996	1	0.3333333333333333	-0.8174218526494609
0	0	1.000000000000001	2.000000000000001	0	0.3333333333333334	0	0	0	0	0	0
0	0	0.8680671124379498	2.065966443781027	0	0.2958613443932824	0	0	0	0	0	0
0	1	0.8273155052647412	2.07290063410653	0	0.2852599480547999	0	0.4824157914501407	0.4824157914501407	0.7147400519452001	0.2852599480547999	0.3943372099945301
0	0	0.8261924311744382	1.370376574480096	0	0.3761286028563666	0	0	0	0	0	0
1	0	1	2.000000000000001	1	0.3333333333333333	0.9999999999999996	0	-0.9999999999999996	1	0.3333333333333333	-0.8174218526494609
0	0	0.9002161393712695	2.000000000000002	0	0.3103962243194828	0	0	0	0	0	0
1	0	1.000000000000001	2.000000000000001	1	0.3333333333333334	0.9999999999999993	0	-0.9999999999999993	1	0.3333333333333334	-0.8174218526494608
0	0	0.1738075688255626	2.82619243117444	0	0.05793585627518751	0	0	0	0	0	0
1	0	0.8034309943454678	2.196569005654534	1	0.2678103314484891	1.244661964795958	0	-1.244661964795958	1	0.2678103314484891	-1.01741388918583
3	0	1	2.000000000000001	1	0.3333333333333333	2.999999999999999	0	-2.999999999999999	1	0.03703703703703698	-2.452265557948383
0	0	1.000000000000001	2.000000000000001	0	0.3333333333333334	0	0	0	0	0	0
1	0	0.3569892149347347	2.643010785065267	1	0.1189964049782448	2.801205073332038	0	-2.801205073332038	1	0.1189964049782448	-2.289766240694144
4	0	1	2.000000000000001	1	0.3333333333333333	3.999999999999998	0	-3.999999999999998	1	0.01234567901234551	-3.269687410597844
1	0	1.000000000000001	2.000000000000001	1	0.3333333333333334	0.9999999999999993	0	-0.9999999999999993	1	0.3333333333333334	-0.8174218526494608
0	0	0.8034309943454681	2.196569005654534	0	0.2678103314484892	0	0	0	0	0	0
0	0	0.1738075688255626	2.82619243117444	0	0.05793585627518751	0	0	0	0	0	0
0	0	0.8261924311744382	2.107841125044538	0	0.2815892917868104	0	0	0	0	0	0
0	0	0.8034309943454679	2.196569005654534	0	0.2678103314484891	0	0	0	0	0	0
1	0	1.000000000000001	2.000000000000001	1	0.3333333333333334	0.9999999999999993	0	-0.9999999999999993	1	0.3333333333333334	-0.8174218526494608
0	0	0	1.263865775124103	0	0	0	0	0	0	0	0
3	0	0.8672628124235823	2.066770743795394	1	0.2955872166442447	3.459159042708684	0	-3.459159042708684	1	0.02582598795657987	-2.827592193300069
2	0	1.000000000000001	1.934455577048611	1	0.3407787147371884	1.999999999999999	0	-1.999999999999999	1	0.11613013241793	-1.634843705298922
0	1	0.01304659145139338	2.986953408548608	0	0.004348863817131125	0	0.3347892863470912	0.3347892863470912	0.9956511361828688	0.004348863817131177	0.2736640786930302
0	7	0.9354263243529507	2.061062898301814	0	0.3121740993695956	0	3.396305860324573	3.396305860324573	0.072836602293975	0.927163397706025	2.776214628510735
0	0	0.8034309943454679	2.196569005654534	0	0.2678103314484891	0	0	0	0	0	0
0	0	1.000000000000001	2.000000000000001	0	0.3333333333333334	0	0	0	0	0	0
0	0	0	1.263865775124103	0	0	0	0	0	0	0	0
2	0	0.8034309943454681	2.000000000000001	1	0.2865884681898685	2.489323929591915	0	-2.489323929591915	1	0.08213295009941524	-2.03482777837166
1	0	1.000000000000001	2.000000000000001	1	0.3333333333333334	0.9999999999999993	0	-0.9999999999999993	1	0.3333333333333334	-0.8174218526494608
0	0	0.8034309943454681	2.196569005654534	0	0.2678103314484892	0	0	0	0	0	0
1	0	0.9418898786597574	2.057631293432181	1	0.3140134123483651	1.061695239174806	0	-1.061695239174806	1	0.3140134123483651	-0.8678528893553826
1	0	0.8034309943454678	2.196569005654534	1	0.2678103314484891	1.244661964795958	0	-1.244661964795958	1	0.2678103314484891	-1.01741388918583
0	0	0.8261924311744382	1.370376574480096	0	0.3761286028563666	0	0	0	0	0	0
0	0	0.8034309943454679	2.196569005654534	0	0.2678103314484891	0	0	0	0	0	0
1	0	1.000000000000001	2.000000000000001	1	0.3333333333333334	0.9999999999999993	0	-0.9999999999999993	1	0.3333333333333334	-0.8174218526494608
1	0	0.8680001891140475	2.066033367104928	1	0.2958385350686378	1.152073481712812	0	-1.152073481712812	1	0.2958385350686379	-0.941730039810002
1	0	1	1.934718130596976	1	0.3407482270866612	0.9999999999999996	0	-0.9999999999999996	1	0.3407482270866612	-0.8174218526494609
1	2	0.7841690514362734	2.146379628105836	0.3333333333333333	0.2675843799867531	1.27523522914914	0.9318016131959773	-0.3434336159531629	0.8235146314326502	0.6071083550572418	-0.280730142614538
0	0	1.000000000000001	1.934033556218976	0	0.3408277311213435	0	0	0	0	0	0
2	0	0.8281321553337525	1.368436850320782	1	0.3770116728415667	2.415073472414512	0	-2.415073472414512	1	0.1421378014587964	-1.974133832105638
0	0	1.000000000000001	2.000000000000001	0	0.3333333333333334	0	0	0	0	0	0
0	0	1.000000000000001	2.000000000000001	0	0.3333333333333334	0	0	0	0	0	0
0	0	0.8034309943454679	2.196569005654534	0	0.2678103314484891	0	0	0	0	0	0
0	0	1.000000000000001	2.000000000000001	0	0.3333333333333334	0	0	0	0	0	0
0	0	0.8261924311744382	2.074023708196833	0	0.284872709988279	0	0	0	0	0	0
1	0	0.8034309943454679	2.196569005654534	1	0.2678103314484891	1.244661964795958	0	-1.244661964795958	1	0.2678103314484892	-1.01741388918583
1	0	1.000000000000001	2.000000000000001	1	0.3333333333333334	0.9999999999999993	0	-0.9999999999999993	1	0.3333333333333334	-0.8174218526494608
0	0	0.8261924311744382	1.370376574480096	0	0.3761286028563666	0	0	0	0	0	0
1	0	1	2.000000000000001	1	0.3333333333333333	0.9999999999999996	0	-0.9999999999999996	1	0.3333333333333333	-0.8174218526494609
1	0	1.000000000000001	2.000000000000001	1	0.3333333333333334	0.9999999999999993	0	-0.9999999999999993	1	0.3333333333333334	-0.8174218526494608
4	0	0.921686481811298	2.078313518188704	1	0.3072288272704324	4.339870529661237	0	-4.339870529661237	0.9999999999999999	0.008909387584520645	-3.547505008614487
1	2	0.8034309943454678	2.196569005654534	0.3333333333333333	0.2678103314484891	1.244661964795958	0.9105108898702865	-0.3341510749256713	0.8232488644168909	0.6074718661080883	-0.2731423907305512
0	0	0.8261924311744382	1.370376574480096	0	0.3761286028563666	0	0	0	0	0	0
0	0	0.9240844820944879	2.075915517905514	0	0.3080281606981624	0	0	0	0	0	0
1	0	0.8034309943454678	2.196569005654534	1	0.2678103314484891	1.244661964795958	0	-1.244661964795958	1	0.2678103314484892	-1.01741388918583
3	0	1.000000000000001	1.998155687486953	1	0.3335383830044523	2.999999999999998	0	-2.999999999999998	1	0.03710542898139879	-2.452265557948382
1	0	0.8680336980084845	2.032182441362786	1	0.2992996577822862	1.152029007968566	0	-1.152029007968566	1	0.2992996577822862	-0.941693685999586
0	0	1.803430994345468	1.196569005654534	0	0.6011436647818225	0	0	0	0	0	0
0	0	0.8034309943454679	2.196569005654534	0	0.2678103314484891	0	0	0	0	0	0
4	0	1.023935179653054	1.591620819888711	1	0.3914789741960958	3.906497285653709	0	-3.906497285653709	1	0.02348733632182465	-3.193256248609146
1	0	1.671431248051215	1.207794054554021	1	0.5805142260103223	0.5982896401906675	0	-0.5982896401906675	1	0.5805142260103223	-0.4890550261056351
0	0	0.9240844820944879	2.075915517905514	0	0.3080281606981624	0	0	0	0	0	0
0	0	1.000000000000001	2.000000000000001	0	0.3333333333333334	0	0	0	0	0	0
0	0	0.8261924311744382	2.074023708196833	0	0.284872709988279	0	0	0	0	0	0
0	0	1.000000000000001	2.000000000000001	0	0.3333333333333334	0	0	0	0	0	0
1	0	0.8034309943454681	2.196569005654534	1	0.2678103314484892	1.244661964795957	0	-1.244661964795957	1	0.2678103314484892	-1.01741388918583
0	0	0.8680671124379498	2.065966443781027	0	0.2958613443932824	0	0	0	0	0	0
0	0	0.8261924311744382	2.074023708196833	0	0.284872709988279	0	0	0	0	0	0
1	0	0.8034309943454679	2.196569005654534	1	0.2678103314484892	1.244661964795958	0	-1.244661964795958	1	0.2678103314484892	-1.01741388918583
1	0	0.8034309943454679	2.196569005654534	1	0.2678103314484891	1.244661964795958	0	-1.244661964795958	1	0.2678103314484891	-1.01741388918583
0	0	0.8680671124379498	1.328501893216584	0	0.3951922795065038	0	0	0	0	0	0
0	0	0.9240844820944878	2.075915517905514	0	0.3080281606981624	0	0	0	0	0	0
1	0	0.8263261771696876	2.107707379049289	1	0.2816348761309178	1.210175869564215	0	-1.210175869564215	1	0.2816348761309178	-0.9892242013308531
2	0	0.8265603931563741	2.073655746214897	1	0.284999583974304	2.419665902890204	0	-2.419665902890204	0.9999999999999999	0.08122476286552649	-1.977887785133242
1	0	0.8262927755826932	2.107740780636283	1	0.2816234919438066	1.210224789022039	0	-1.210224789022039	1	0.2816234919438065	-0.9892641891646987
1	0	0.8034309943454679	2.196569005654534	1	0.2678103314484891	1.244661964795958	0	-1.244661964795958	1	0.2678103314484892	-1.01741388918583
2	0	1.000000000000001	1.804022935615514	1	0.3566304637877326	1.999999999999999	0	-1.999999999999999	0.9999999999999998	0.1271852877014534	-1.634843705298922
0	0	0.8261924311744382	2.107841125044538	0	0.2815892917868104	0	0	0	0	0	0
2	0	1.000000000000001	2.000000000000002	1	0.3333333333333333	1.999999999999998	0	-1.999999999999998	1	0.1111111111111109	-1.634843705298921
1	0	0.8262258359494982	2.107807720269478	1	0.2816006770605027	1.210322839700117	0	-1.210322839700117	1	0.2816006770605026	-0.9893443379316268
3	0	1	1.987034400308818	1	0.3347802087236136	3	0	-3	1	0.03752142531115088	-2.452265557948384
1	0	0.9007165592707992	2.000692038836965	1	0.3104411284430008	1.110227173806573	0	-1.110227173806573	1	0.3104411284430009	-0.9075239532747443
2	1	0.9243881352073879	2.075611864792614	0.6666666666666666	0.3081293784024624	2.163593326034304	0.4817856444947213	-1.681807681539582	0.9707450524728967	0.2263212464498561	-1.374746350844181
3	0	0.8676989974534325	1.328870008201101	1	0.3950246931554401	3.457420152385279	0	-3.457420152385279	0.9999999999999999	0.06164143397130384	-2.826170786350357
1	0	0.8034309943454678	2.196569005654534	1	0.2678103314484891	1.244661964795958	0	-1.244661964795958	1	0.2678103314484892	-1.01741388918583
2	0	1.000000000000001	2.000000000000001	1	0.3333333333333334	1.999999999999999	0	-1.999999999999999	1	0.111111111111111	-1.634843705298922
0	0	0.8680671124379498	2.065966443781027	0	0.2958613443932824	0	0	0	0	0	0
0	0	0.8261924311744382	2.074023708196833	0	0.284872709988279	0	0	0	0	0	0
0	0	0.8034309943454679	2.000000000000001	0	0.2865884681898685	0	0	0	0	0	0
0	1	0.9999394207375997	2.000060579262402	0	0.3333131402458663	0	0.4999848556431165	0.4999848556431165	0.6666868597541337	0.3333131402458663	0.4086985469964697
2	0	0.8678329198301621	2.066200636388813	1	0.2957815250581248	2.304591073119705	0	-2.304591073119705	0.9999999999999999	0.08748671056571022	-1.883823104588919
0	0	0.8034309943454681	2.196569005654534	0	0.2678103314484892	0	0	0	0	0	0
3	1	1.000000000000001	2.000000000000002	0.75	0.3333333333333333	2.999999999999997	0.4999999999999996	-2.499999999999998	0.9876543209876545	0.1111111111111109	-2.043554631623651
0	0	0.8261924311744382	2.074023708196833	0	0.284872709988279	0	0	0	0	0	0
1	0	0.1744064690490545	2.825593530950948	1	0.05813548968301814	5.733732271815756	0	-5.733732271815756	1	0.05813548968301818	-4.68687805622364
1	0	0.8034309943454678	2.196569005654534	1	0.2678103314484891	1.244661964795958	0	-1.244661964795958	1	0.2678103314484891	-1.01741388918583
1	0	1.000000000000001	2.000000000000001	1	0.3333333333333334	0.9999999999999993	0	-0.9999999999999993	1	0.3333333333333334	-0.8174218526494608
0	0	0	1.263865775124103	0	0	0	0	0	0	0	0
0	0	1.000000000000001	1.803430994345468	0	0.3567057659050658	0	0	0	0	0	0
1	0	0.8034309943454678	2.000000000000001	1	0.2865884681898685	1.244661964795958	0	-1.244661964795958	1	0.2865884681898685	-1.01741388918583
1	0	0.8034309943454678	2.196569005654534	1	0.2678103314484891	1.244661964795958	0	-1.244661964795958	1	0.2678103314484892	-1.01741388918583
4	0	1	2.000000000000001	1	0.3333333333333333	3.999999999999998	0	-3.999999999999998	1	0.01234567901234551	-3.269687410597844
0	0	0.8680671124379498	2.065966443781027	0	0.2958613443932824	0	0	0	0	0	0
0	0	1.000000000000001	2.000000000000001	0	0.3333333333333334	0	0	0	0	0	0
0	0	1.000000000000001	2.000000000000001	0	0.3333333333333334	0	0	0	0	0	0
0	0	1.000000000000001	2.000000000000001	0	0.3333333333333334	0	0	0	0	0	0
0	0	1.000000000000001	2.000000000000001	0	0.3333333333333334	0	0	0	0	0	0
0	0	1.803430994345468	1.196569005654534	0	0.6011436647818225	0	0	0	0	0	0
3	0	0.8664302455353809	2.067603310683596	1	0.2953034547607322	3.462483004787364	0	-3.462483004787364	1	0.02575168097464253	-2.830309272540561
2	0	0.8034309943454679	2.196569005654534	1	0.2678103314484892	2.489323929591915	0	-2.489323929591915	1	0.07172237363054956	-2.03482777837166
0	0	0.8261924311744382	1.370376574480096	0	0.3761286028563666	0	0	0	0	0	0
2	0	0.8034309943454679	2.196569005654534	1	0.2678103314484891	2.489323929591915	0	-2.489323929591915	1	0.07172237363054967	-2.03482777837166
0	0	1.000000000000001	2.000000000000001	0	0.3333333333333334	0	0	0	0	0	0
0	0	0.9240844820944878	2.075915517905514	0	0.3080281606981624	0	0	0	0	0	0
0	0	0.8034309943454679	2.196569005654534	0	0.2678103314484891	0	0	0	0	0	0
2	0	1.803430994345468	1.196569005654533	1	0.6011436647818224	1.108997242628556	0	-1.108997242628556	1	0.36137370570732	-0.9065185806525786
1	0	1.000000000000001	2.000000000000001	1	0.3333333333333334	0.9999999999999993	0	-0.9999999999999993	1	0.3333333333333334	-0.8174218526494608
3	0	0.8034309943454681	2.196569005654534	1	0.2678103314484891	3.733985894387872	0	-3.733985894387872	1	0.01920799265426987	-3.05224166755749
0	1	1	1.804843895242129	0	0.3565260803627273	0	0.5540645385654502	0.5540645385654502	0.6434739196372727	0.3565260803627273	0.4529044616015392
0	0	0.8261924311744382	2.107841125044538	0	0.2815892917868104	0	0	0	0	0	0
0	0	0	3.000000000000002	0	0	0	0	0	0	0	0
0	0	0.8034309943454681	2.196569005654534	0	0.2678103314484892	0	0	0	0	0	0
1	0	0.826225814106566	2.073990325264704	1	0.2848842204862984	1.210322871697423	0	-1.210322871697423	1	0.2848842204862984	-0.9893443640869236
2	0	1.801850208291701	1.196704152532986	1	0.6009063006602091	1.109970179983031	0	-1.109970179983031	1	0.3610883821731374	-0.9073138809073849
0	0	0.8034309943454679	2.196569005654534	0	0.2678103314484891	0	0	0	0	0	0
0	0	0.8261924311744382	2.107841125044538	0	0.2815892917868104	0	0	0	0	0	0
1	1	0.832651947375409	2.067564191995862	0.5	0.2870999633689085	1.20098199872358	0.4836609203580178	-0.7173210783655624	0.9175736110335715	0.4917735377713883	-0.5863539248220874
0	0	1.000000000000001	2.000000000000001	0	0.3333333333333334	0	0	0	0	0	0
0	0	0.8680671124379498	2.032149026933321	0	0.2993111791406469	0	0	0	0	0	0
1	0	0.8672981368559731	2.032918002515297	1	0.2990460349082783	1.153006051212196	0	-1.153006051212196	1	0.2990460349082783	-0.9424923424979125
1	0	0.826259416055676	1.370309589598858	1	0.3761590980882784	1.210273650827135	0	-1.210273650827135	1	0.3761590980882784	-0.9893041298719443
1	0	1.803430994345468	1.196569005654533	1	0.6011436647818224	0.5544986213142782	0	-0.5544986213142782	1	0.6011436647818224	-0.4532592903262893
2	0	0.9413538710477191	2.056890039767435	1	0.3139684091918281	2.124599538507253	0	-2.124599538507253	1	0.09857616197044705	-1.736694090904789
0	0	0.8261924311744382	2.107841125044538	0	0.2815892917868104	0	0	0	0	0	0
0	0	0.8034309943454679	2.196569005654534	0	0.2678103314484891	0	0	0	0	0	0
0	0	1.000000000000001	2.000000000000001	0	0.3333333333333334	0	0	0	0	0	0
1	0	0.8678316588017289	2.066201897417248	1	0.295781095264665	1.152297210936928	0	-1.152297210936928	1	0.2957810952646649	-0.9419129209668707
0	0	0.8034309943454679	2.196569005654534	0	0.2678103314484891	0	0	0	0	0	0
0	1	0.00143941590083183	2.99856058409917	0	0.0004798053002772763	0	0.3334933452079711	0.3334933452079711	0.9995201946997228	0.0004798053002772473	0.2726047480861661
2	0	1	1.988617497785842	1	0.3346028726462532	2	0	-2	1	0.1119590823831246	-1.634843705298922
0	0	0.8034309943454679	2.196569005654534	0	0.2678103314484891	0	0	0	0	0	0
1	0	1.000000000000001	2.000000000000001	1	0.3333333333333334	0.9999999999999993	0	-0.9999999999999993	1	0.3333333333333334	-0.8174218526494608
0	0	0.8034309943454679	2.075915517905514	0	0.2790324092383626	0	0	0	0	0	0
0	0	0.8034309943454681	2.196569005654534	0	0.2678103314484892	0	0	0	0	0	0
0	1	0.8267473886984203	2.073787354773938	0	0.2850327480334486	0	0.4822095176238594	0.4822095176238594	0.7149672519665513	0.2850327480334487	0.3941685972612982
1	0	0.1822446571724622	2.817755342827541	1	0.06074821905748735	5.487129310208955	0	-5.487129310208955	1	0.0607482190574874	-4.485299406478164
0	0	0.8034309943454681	2.000000000000001	0	0.2865884681898685	0	0	0	0	0	0
0	0	0.8034309943454681	2.196569005654534	0	0.2678103314484892	0	0	0	0	0	0
0	0	0.8261924311744382	2.074023708196833	0	0.284872709988279	0	0	0	0	0	0
0	0	0.8034309943454679	2.075915517905514	0	0.2790324092383626	0	0	0	0	0	0
1	0	0.8034309943454681	2.196569005654534	1	0.2678103314484892	1.244661964795957	0	-1.244661964795957	1	0.2678103314484892	-1.01741388918583
0	0	0.8034309943454679	2.196569005654534	0	0.2678103314484891	0	0	0	0	0	0
1	0	1	2.000000000000001	1	0.3333333333333333	0.9999999999999996	0	-0.9999999999999996	1	0.3333333333333333	-0.8174218526494609
0	0	0.8034309943454681	2.075915517905514	0	0.2790324092383626	0	0	0	0	0	0
0	0	0.1738075688255626	2.82619243117444	0	0.05793585627518751	0	0	0	0	0	0
3	0	1.000000000000001	1.936621659146246	1	0.3405273528802915	2.999999999999997	0	-2.999999999999997	0.9999999999999999	0.0394871697886241	-2.452265557948381
1	0	1.000000000000001	1.803552222896857	1	0.3566903415719931	0.9999999999999993	0	-0.9999999999999993	1	0.3566903415719931	-0.8174218526494608
1	0	0.748416607676556	2.251583392323444	1	0.249472202558852	1.336154208422071	0	-1.336154208422071	1	0.2494722025588521	-1.092201648473743
0	0	0.9002161393712695	2.000000000000002	0	0.3103962243194828	0	0	0	0	0	0
1	0	0.8034309943454677	2.196569005654534	1	0.2678103314484891	1.244661964795958	0	-1.244661964795958	1	0.2678103314484892	-1.01741388918583
0	1	0.9993047902355726	1.934728765983403	0	0.3405907843546802	0	0.5168683164183533	0.5168683164183533	0.6594092156453198	0.3405907843546802	0.4224994567824983
0	0	1.000000000000001	2.000000000000001	0	0.3333333333333334	0	0	0	0	0	0
0	0	0.8034309943454679	2.000000000000001	0	0.2865884681898685	0	0	0	0	0	0
3	2	0.8034309943454678	2.196569005654534	0.6	0.2678103314484891	3.733985894387873	0.9105108898702866	-2.823475004517586	0.9797900769073684	0.123184300309751	-2.307970169102211
1	0	0.8034309943454681	2.196569005654534	1	0.2678103314484892	1.244661964795957	0	-1.244661964795957	1	0.2678103314484892	-1.01741388918583
0	6	0.8037926922657141	2.195681280236095	0	0.2679778853341023	0	2.732637042546922	2.732637042546922	0.1538669016745689	0.8461330983254312	2.233717233937249
5	0	1	2	1	0.3333333333333333	5	0	-5	1	0.004115226337448097	-4.087109263247307
0	0	0.8034309943454681	2.000000000000001	0	0.2865884681898685	0	0	0	0	0	0
1	0	0.9197553141805807	2.027021043373691	1	0.3121225375053395	1.087245688698097	0	-1.087245688698097	1	0.3121225375053395	-0.8887383851407379
1	1	0.8034309943454678	2.196569005654534	0.5	0.2678103314484891	1.244661964795958	0.4552554449351433	-0.7894065198608144	0.9282776263694503	0.4638982892664287	-0.6452781399581907
0	0	0.8261924311744382	2.107841125044538	0	0.2815892917868104	0	0	0	0	0	0
1	0	1.000000000000001	2.000000000000001	1	0.3333333333333334	0.9999999999999993	0	-0.9999999999999993	1	0.3333333333333334	-0.8174218526494608
4	1	1.627732510751704	1.178592917867068	0.8	0.580022720869136	2.457406222200942	0.8484693780527103	-1.608936844148232	0.9343514661614838	0.3033193321403211	-1.315180135939625
1	0	0.8034309943454679	2.196569005654534	1	0.2678103314484892	1.244661964795958	0	-1.244661964795958	1	0.2678103314484892	-1.01741388918583
1	1	0.8037221321158059	2.195001549042049	0.5	0.2680214042947351	1.244211102371277	0.4555805440941141	-0.7886305582771629	0.9281645268398783	0.4642073354293483	-0.6446438520028974
1	0	1.12065348774902	1.776035546712681	1	0.3868739358683954	0.8923364902103963	0	-0.8923364902103963	1	0.3868739358683954	-0.7294153470144999
3	0	0.8034309943454681	2.196569005654534	1	0.2678103314484892	3.733985894387872	0	-3.733985894387872	1	0.01920799265426987	-3.05224166755749
1	1	0.8680337648832199	1.329096116872044	0.5	0.3950762183388799	1.152028919214374	0.7523910327519775	-0.3996378864623967	0.8439147817030497	0.6340672183808095	-0.3266727415410074
0	0	0.9240844820944879	2.075915517905514	0	0.3080281606981624	0	0	0	0	0	0
4	0	0.8644123879194459	2.035803751451824	1	0.2980510232271307	4.627420957753277	0	-4.627420957753277	1	0.007891552834757398	-3.782555012275628
4	0	1.000000000000001	1.948290609043761	1	0.3391795900080343	3.999999999999996	0	-3.999999999999996	0.9999999999999998	0.01323484451529466	-3.269687410597842
0	2	0.9987258588800895	2.001274141119912	0	0.3329086196266963	0	0.9993633350405461	0.9993633350405461	0.4450109097683598	0.5549890902316402	0.8169014287987875
0	0	0.8680671124379498	2.065966443781027	0	0.2958613443932824	0	0	0	0	0	0
2	0	1.800755577945837	1.199148202672375	1	0.6002711118870426	1.110644900670776	0	-1.110644900670776	1	0.3603254077661064	-0.9078654123419826
1	1	0.8680945272183761	2.032519942267889	0.5	0.2992795272693122	1.151948282872243	0.4920000926948832	-0.6599481901773597	0.9104317645574571	0.5089908190960813	-0.5394560722674364
1	0	1.000000000000001	1.804345512060058	1	0.3565894415290524	0.9999999999999993	0	-0.9999999999999993	1	0.3565894415290524	-0.8174218526494608
2	0	1.000000000000001	1.988800612599457	1	0.3345823725358072	1.999999999999998	0	-1.999999999999998	1	0.1119453640116896	-1.634843705298921
0	0	0.8034309943454681	2.000000000000001	0	0.2865884681898685	0	0	0	0	0	0
1	0	0.8263930683044436	2.073823071066827	1	0.2849418900494757	1.210077913712122	0	-1.210077913712122	1	0.2849418900494758	-0.9891441300767575
0	1	0.8034309943454679	2.196569005654534	0	0.2678103314484891	0	0.4552554449351432	0.4552554449351432	0.7321896685515108	0.2678103314484892	0.3721357492276396
0	0	0	1.263865775124103	0	0	0	0	0	0	0	0
0	1	0.9242664222746197	2.075733577725382	0	0.308088807424873	0	0.4817573944609087	0.4817573944609087	0.6919111925751269	0.3080888074248731	0.3937990219078132
2	0	1.802737065830543	1.196478130382743	1	0.6010695958418129	1.109424129513072	0	-1.109424129513072	1	0.3612846590454403	-0.9068675273205915
0	0	0	1.263865775124103	0	0	0	0	0	0	0	0
0	0	0.9240844820944878	2.075915517905514	0	0.3080281606981624	0	0	0	0	0	0
0	0	1.000000000000001	2.000000000000001	0	0.3333333333333334	0	0	0	0	0	0
0	0	0.8034309943454679	2.196569005654534	0	0.2678103314484891	0	0	0	0	0	0
0	0	1.000000000000001	2.000000000000001	0	0.3333333333333334	0	0	0	0	0	0
0	1	0.1790873254269415	2.820912674573061	0	0.05969577514231378	0	0.3544951990232551	0.3544951990232551	0.9403042248576863	0.05969577514231372	0.2897721223409287
0	0	1.000000000000001	1.803430994345468	0	0.3567057659050658	0	0	0	0	0	0
0	0	0.8034309943454679	2.075915517905514	0	0.2790324092383626	0	0	0	0	0	0
0	0	0.8034309943454679	2.196569005654534	0	0.2678103314484891	0	0	0	0	0	0
0	0	1.671498106783418	1.207848405467564	0	0.5805130086537217	0	0	0	0	0	0
0	0	1.000000000000001	2.000000000000001	0	0.3333333333333334	0	0	0	0	0	0
1	0	0.8034309943454681	2.075915517905514	1	0.2790324092383626	1.244661964795957	0	-1.244661964795957	1	0.2790324092383626	-1.01741388918583
0	2	0.998903503444115	2.001096496555888	0	0.3329678344813714	0	0.9994520521335304	0.9994520521335304	0.4449319098364712	0.5550680901635288	0.8169739480892964
0	3	1.000000000000001	2.000000000000001	0	0.3333333333333334	0	1.499999999999999	1.499999999999999	0.2962962962962962	0.7037037037037037	1.226132778974191
0	0	1.671498106783418	1.207848405467564	0	0.5805130086537217	0	0	0	0	0	0
0	0	1.671498106783418	1.207848405467564	0	0.5805130086537217	0	0	0	0	0	0
1	0	1.000000000000001	1.999736691002307	1	0.3333625924566962	0.9999999999999993	0	-0.9999999999999993	1	0.3333625924566963	-0.8174218526494608
0	0	0.8034309943454681	2.196569005654534	0	0.2678103314484892	0	0	0	0	0	0
0	0	0.9240844820944879	2.075915517905514	0	0.3080281606981624	0	0	0	0	0	0
0	0	0	3.000000000000002	0	0	0	0	0	0	0	0
0	0	0	1.263865775124103	0	0	0	0	0	0	0	0
1	0	1	2.000000000000001	1	0.3333333333333333	0.9999999999999996	0	-0.9999999999999996	1	0.3333333333333333	-0.8174218526494609
0	0	0.8034309943454681	2.075915517905514	0	0.2790324092383626	0	0	0	0	0	0
1	0	0.8262927163458663	1.370276289308668	1	0.3761742582267055	1.210224875782911	0	-1.210224875782911	1	0.3761742582267055	-0.9892642600849311
4	1	0.8476815023746531	2.052693866236988	0.8	0.2922661361520331	4.718753433683049	0.487164704122786	-4.231588729560263	0.9978674830562783	0.02795238229267971	-3.45899309896773
0	0	1.000000000000001	2.000000000000001	0	0.3333333333333334	0	0	0	0	0	0
0	0	0.8034309943454681	2.196569005654534	0	0.2678103314484892	0	0	0	0	0	0
0	0	0.9240844820944878	2.075915517905514	0	0.3080281606981624	0	0	0	0	0	0
1	0	0.9413542254357811	2.056890529856463	1	0.3139684389588887	1.062299369333653	0	-1.062299369333653	1	0.3139684389588886	-0.8683467185490692
0	0	0.8034309943454681	2.075915517905514	0	0.2790324092383626	0	0	0	0	0	0
0	0	0.8034309943454681	2.196569005654534	0	0.2678103314484892	0	0	0	0	0	0
2	0	0.9240844820944876	2.075915517905514	1	0.3080281606981624	2.164304280347714	0	-2.164304280347714	1	0.09488134778309276	-1.769149614538987
0	0	0.8034309943454681	2.075915517905514	0	0.2790324092383626	0	0	0	0	0	0
0	0	0.9240844820944878	2.075915517905514	0	0.3080281606981624	0	0	0	0	0	0