Observed S Changes	Observed NS Changes	E[S Sites]	E[NS Sites]	Observed S. Prop.	P{S}	dS	dN	dN-dS	P{S leq. observed}	P{S geq. observed}	Scaled dN-dS
0	0	0	3.000000000000007	0	0	0	0	0	0	0	0
3	1	0.8699573961485578	2.03174536472712	0.75	0.2998092733268177	3.448444732215032	0.4921876615844072	-2.956257070630625	0.9919205788456295	0.08355588265808955	-2.429728875954325
7	3	0.9998588525506631	2.000141147449344	0.7	0.3332862841835536	7.000988171623263	1.499894146883441	-5.501094024739822	0.9965994879893079	0.01964557893152585	-4.521314175968766
0	3	0.925251314593494	2.074748685406513	0	0.3084171048644972	0	1.445958260439721	1.445958260439721	0.3307750395910833	0.6692249604089167	1.18842389375347
0	1	0.9249541605939695	2.075045839406038	0	0.3083180535313225	0	0.4819170646785521	0.4819170646785521	0.6916819464686775	0.3083180535313225	0.3960845690645047
13	0	1.000000000000002	2.000000000000005	1	0.3333333333333334	12.99999999999997	0	-12.99999999999997	0.9999999999999994	6.272254748918016e-07	-10.68461728217302
3	0	1.675910829601318	1.204834168203862	1	0.5817629921697973	1.790071373137239	0	-1.790071373137239	1	0.1968966253434081	-1.471248271518875
0	2	0.8062786967641921	2.193721303235816	0	0.2687595655880634	0	0.9116928376680894	0.9116928376680894	0.5347125729189578	0.4652874270810422	0.7493145422601423
0	7	0.8059964204742329	2.000903620346534	0	0.2871482449508787	0	3.498419378534424	3.498419378534424	0.09353939621153681	0.9064606037884632	2.875328627090614
0	5	0.9246677739554454	2.075332226044562	0	0.308222591318481	0	2.409252811309951	2.409252811309951	0.1584279767466857	0.8415720232533143	1.980149555757407
0	1	1.803613700951744	1.196386299048264	0	0.601204566983913	0	0.8358504279056932	0.8358504279056932	0.398795433016087	0.601204566983913	0.6869801482548387
3	0	0.8059964204742329	2.07493031638789	1	0.2797698428638682	3.722100897464107	0	-3.722100897464107	1	0.02189791152612774	-3.059171044233599
8	1	1.805057870530147	1.194884479412073	0.8888888888888888	0.6016975194756369	4.431990868885769	0.8369009868569359	-3.595089882028833	0.9896627745085402	0.07192312504309373	-2.954781498806978
1	5	0.9994905625045795	2.000509437495428	0.1666666666666667	0.333163520834859	1.000509697154262	2.499363365293509	1.498853668139247	0.3515014983176858	0.9120742464929299	1.231898292773004
6	7	0.8084914435166948	2.191205030594433	0.4615384615384616	0.2695244170516511	7.421228818330845	3.194589233897949	-4.226639584432896	0.9638320355901185	0.1091718375264139	-3.473848180719108
4	3	1.000000000000002	2.000000000000005	0.5714285714285714	0.3333333333333334	3.99999999999999	1.499999999999996	-2.499999999999994	0.954732510288066	0.173296753543667	-2.05473409272558
0	0	0.8286350639435687	1.365368515582206	0	0.3776817283601128	0	0	0	0	0	0
3	4	0.8292405656230258	2.073344531799366	0.4285714285714285	0.2856903545599485	3.617768020967519	1.929250029915951	-1.688517991051568	0.8917548334007073	0.3207167412517238	-1.387782192957669
1	12	0.9768158228473457	2.023184177152659	0.07692307692307693	0.3256052742824481	1.023734440628812	5.931244488521196	4.907510047892385	0.04343195126884841	0.9940312395883205	4.033451282319141
2	1	0.9998118988784315	2.000188101121575	0.6666666666666666	0.3332706329594765	2.000376273020514	0.4999529791419444	-1.50042329387857	0.9629838591564914	0.2591756626926134	-1.233188358180767
2	7	0.9960478457601638	1.93903799293269	0.2222222222222222	0.3393590172489659	2.007935671477348	3.610037567862648	1.6021018963853	0.3625020220050753	0.8652068064000309	1.316757354609276
1	3	0.8064020635382039	2.193597936461804	0.25	0.2688006878460673	1.240076191784973	1.367616166178062	0.1275399743930883	0.7061902923558088	0.71414677471695	0.1048242934283306
0	2	0.8061845897658508	2.193721324441253	0	0.2687366246880883	0	0.9116928288552811	0.9116928288552811	0.5347461240725699	0.4652538759274301	0.7493145350169512
1	2	0.806018382795971	2.193886187139207	0.3333333333333333	0.2686813410245871	1.240666492656324	0.9116243184009323	-0.329042174255392	0.8222230418895315	0.6088710494963716	-0.2704376693548426
0	2	0.8059964204742328	2.194003579525774	0	0.2686654734914103	0	0.9115755410172541	0.9115755410172541	0.5348501896635431	0.4651498103364569	0.7492181368891688
2	2	0.9990307697336082	2.0009692302664	0.5	0.3330102565778685	2.001940341170173	0.9995156196048699	-1.002424721565303	0.8891758594699324	0.4068330488659475	-0.823886500316472
0	0	1.000000000000002	2.000000000000005	0	0.3333333333333334	0	0	0	0	0	0
4	3	0.9986929249731823	2.00123509976215	0.5714285714285714	0.3329056286479712	4.005235142831728	1.499074246877119	-2.506160895954609	0.954978450548156	0.1726402815767035	-2.059797693909453
3	0	1.805870425306767	1.194014156533072	1	0.6019799682423851	1.6612487573633	0	-1.6612487573633	1	0.2181454299574277	-1.365369783300954
1	0	0.8059964204742329	2.07493031638789	1	0.2797698428638682	1.240700299154702	0	-1.240700299154702	1	0.2797698428638682	-1.0197236814112
3	0	1.002149517296222	1.997850482703787	1	0.3340498390987396	2.993565279654015	0	-2.993565279654015	1	0.03727638604052441	-2.460392255561882
4	0	1.000000000000002	1.999811095665891	1	0.3333543240255347	3.99999999999999	0	-3.99999999999999	0.9999999999999999	0.01234878903827552	-3.287574548360928
4	0	0.8059964204742327	2.194003579525775	1	0.2686654734914102	4.962801196618811	0	-4.962801196618811	0.9999999999999999	0.005210116487561089	-4.0788947256448
0	0	0.8059964204742328	2.194003579525774	0	0.2686654734914103	0	0	0	0	0	0
2	1	1.000000000000003	1.999337546097224	0.6666666666666666	0.333406955579646	1.999999999999995	0.5001656683495163	-1.499834331650479	0.962938416793558	0.2593574276737798	-1.232704293873012
3	0	1.000000000000002	2.000000000000004	1	0.3333333333333333	2.999999999999994	0	-2.999999999999994	1	0.03703703703703698	-2.465680911270697
1	0	1.000000000000002	2.000000000000005	1	0.3333333333333334	0.9999999999999976	0	-0.9999999999999976	1	0.3333333333333334	-0.821893637090232
4	0	0.8059964204742329	2.194003579525775	1	0.2686654734914102	4.962801196618809	0	-4.962801196618809	0.9999999999999999	0.005210116487561089	-4.078894725644798
7	0	1.000000000000003	1.935480297857665	1	0.340659755314934	6.999999999999981	0	-6.999999999999981	1	0.0005324095181827859	-5.753255459631623
6	0	1.000000000000003	2.000000000000005	1	0.3333333333333333	5.999999999999984	0	-5.999999999999984	1	0.001371742112482699	-4.931361822541391
1	4	0.1720594702231632	2.827940529776845	0.2	0.05735315674105427	5.811943967414219	1.414456901721213	-4.397487065693007	0.9707194674074762	0.2557050240315325	-3.614266638479686
2	0	1.000000000000003	2.000000000000005	1	0.3333333333333333	1.999999999999995	0	-1.999999999999995	1	0.1111111111111109	-1.643787274180464
1	2	0.8288244714829125	2.072806729477133	0.3333333333333333	0.2856408737294679	1.206528082129168	0.9648752927893579	-0.2416527893398105	0.8018391564334174	0.6354561362877116	-0.198612889943497
0	0	1.000000000000002	2.000000000000005	0	0.3333333333333334	0	0	0	0	0	0
3	0	0.9248870554956051	2.075112944504402	1	0.308295685165201	3.243639298630292	0	-3.243639298630292	0.9999999999999999	0.0293023424434451	-2.665926500560066
8	0	1.000000000000002	2.000000000000004	1	0.3333333333333333	7.999999999999984	0	-7.999999999999984	1	0.000152415790275473	-6.575149096721859
1	3	0.8059964204742331	2.194003579525775	0.25	0.2686654734914103	1.240700299154702	1.367363311525881	0.1266630123711787	0.7064234646930828	0.7139352746168719	0.1041035239225534
1	2	0.8060514265752143	2.193790658032845	0.3333333333333333	0.2686979527059098	1.240615631993659	0.911664015286392	-0.328951616707267	0.8222034571637235	0.6088977020170701	-0.2703632406822483
5	7	0.9914710867888367	1.204875803952741	0.4166666666666667	0.4514182577298046	5.043011406609883	5.809727423387249	0.7667160167773668	0.5229135080631779	0.6990646426617125	0.6301590156444868
2	0	0.9245211865028807	2.075478813497126	1	0.3081737288342928	2.163281955241345	0	-2.163281955241345	1	0.09497104714363225	-1.777987674244982
1	0	0.8286852142567815	2.106322172327167	1	0.2823451886508835	1.206730834333595	0	-1.206730834333595	1	0.2823451886508835	-0.9918043944193712
4	0	1.000000000000002	2.000000000000005	1	0.3333333333333334	3.99999999999999	0	-3.99999999999999	1	0.01234567901234573	-3.287574548360928
5	0	1.000000000000002	2.000000000000005	1	0.3333333333333334	4.999999999999988	0	-4.999999999999988	1	0.004115226337448541	-4.10946818545116
2	1	0.8060434026530375	2.19395659734697	0.6666666666666666	0.2686811342176785	2.481255963906081	0.4557975309125278	-2.025458432993553	0.9806040293210073	0.1777767142955085	-1.664711398268158
3	0	1.000000000000002	2.000000000000005	1	0.3333333333333334	2.999999999999993	0	-2.999999999999993	0.9999999999999999	0.0370370370370372	-2.465680911270696
2	0	1.000000000000003	2.000000000000005	1	0.3333333333333333	1.999999999999995	0	-1.999999999999995	1	0.1111111111111109	-1.643787274180464
12	0	0.8693017840781584	2.06570560250579	1	0.2961838488215655	13.8041819535954	0	-13.8041819535954	0.9999999999999989	4.557602758525903e-07	-11.3455693128959
4	0	1.794144887805629	1.194998488696242	1	0.6002204183010043	2.229474345793942	0	-2.229474345793942	1	0.1297905463797026	-1.832390778863953
3	0	1.000000000000002	2.000000000000005	1	0.3333333333333334	2.999999999999993	0	-2.999999999999993	0.9999999999999999	0.0370370370370372	-2.465680911270696
4	0	0.8698943985646646	1.32410918096111	1	0.3964872284997314	4.59825929055302	0	-4.59825929055302	0.9999999999999999	0.02471250727555696	-3.77928005259658
4	8	0.806184737922341	2.193815262077658	0.3333333333333333	0.2687282459741138	4.96164193123849	3.646615163221893	-1.315026768016597	0.8013516737490953	0.4097486303012894	-1.080812133236176
1	0	1.000000000000002	2.000000000000005	1	0.3333333333333334	0.9999999999999976	0	-0.9999999999999976	1	0.3333333333333334	-0.821893637090232
2	1	1.000000000000002	1.806326363250909	0.6666666666666666	0.3563377421439964	1.999999999999995	0.5536098129023955	-1.4463901870976	0.9547534498698901	0.2904366591686238	-1.18877889152527
1	4	0.525705698324431	2.474294301675568	0.2	0.1752352327748104	1.902204985008296	1.616622564781901	-0.2855824202263946	0.787063247141031	0.6183629754854196	-0.2347183740489031
2	1	0.9997176177745808	1.999699863594232	0.6666666666666666	0.3333039245068178	2.000564923975328	0.5000750453633647	-1.500489878611963	0.9629727650402811	0.2592200483555021	-1.23324308374947
1	4	0.8390992551517399	2.095883853642461	0.2	0.285895769770366	1.191754126654734	1.908502703071238	0.7167485764165034	0.5574253859774959	0.8143016568620765	0.5890910943502075
1	2	0.1751738431704373	2.824826156829571	0.3333333333333333	0.05839128105681228	5.708614835989177	0.7080081707557855	-5.000606665233391	0.990169549905396	0.1651443055679512	-4.109966799746338
2	0	0.8059964204742327	2.07493031638789	1	0.2797698428638682	2.481400598309405	0	-2.481400598309405	1	0.07827116497607345	-2.0394473628224
0	17	0.8063119979823751	2.193593338413188	0	0.268779147195082	0	7.749841186287309	7.749841186287309	0.004884562336131896	0.9951154376638681	6.369545159469371
3	2	0.8060903202320291	2.193909679767978	0.6	0.2686967734106757	3.721667317796925	0.911614556626376	-2.810052761170549	0.9795396516541321	0.1242089694085818	-2.309564484293917
2	0	1.000000000000002	2.000000000000005	1	0.3333333333333334	1.999999999999995	0	-1.999999999999995	1	0.111111111111111	-1.643787274180464
3	1	0.8059964204742327	2.193909547244598	0.75	0.2686738948311514	3.722100897464108	0.4558073058462837	-3.266293591617825	0.9947892302357311	0.06194530229530559	-2.684545919819298
1	6	0.8705083808186	1.332603446458222	0.1428571428571428	0.3951267339409641	1.148754017806962	4.502464717427176	3.353710699620214	0.1650875128254647	0.9703755203246432	2.756393484659291
3	3	0.9254877884575617	2.074512211542446	0.5	0.3084959294858531	3.241533856432472	1.446123085373132	-1.795410771059341	0.9225802340552907	0.2715810039427209	-1.475636688696943
0	0	1.000000000000002	2.000000000000005	0	0.3333333333333334	0	0	0	0	0	0
1	0	0.8059964204742329	2.194003579525774	1	0.2686654734914103	1.240700299154702	0	-1.240700299154702	1	0.2686654734914103	-1.0197236814112
3	0	1.000000000000002	1.935228497296326	1	0.3406889790423859	2.999999999999993	0	-2.999999999999993	0.9999999999999998	0.03954342244491582	-2.465680911270696
2	4	0.8287855267532062	2.104052204195266	0.3333333333333333	0.2825882652857098	2.413169554052258	1.90109351470672	-0.5120760393455377	0.7758550203402061	0.5414474187986509	-0.4208720384444657
4	0	0.8059964204742328	2.194003579525774	1	0.2686654734914103	4.96280119661881	0	-4.96280119661881	1	0.005210116487560978	-4.078894725644799
1	0	0.8059964204742327	2.07493031638789	1	0.2797698428638682	1.240700299154703	0	-1.240700299154703	1	0.2797698428638682	-1.0197236814112
1	0	1.000000000000002	2.000000000000005	1	0.3333333333333334	0.9999999999999976	0	-0.9999999999999976	1	0.3333333333333334	-0.821893637090232
1	2	1.803618192729731	1.196381807270277	0.3333333333333333	0.601206064243242	0.5544410696404238	1.671707132159839	1.117266062519415	0.3502641437529672	0.9365771670819357	0.918273867721567
0	1	0.1711988149168601	2.828801185083148	0	0.05706627163895322	0	0.3535066392340354	0.3535066392340354	0.9429337283610468	0.05706627163895317	0.2905448574556065
0	0	0.8059964204742328	2.194003579525774	0	0.2686654734914103	0	0	0	0	0	0
4	1	1.000000000000003	2.000000000000005	0.8	0.3333333333333333	3.999999999999989	0.4999999999999987	-3.499999999999991	0.9958847736625519	0.04526748971193373	-2.876627729815811
0	0	1.805996420474235	1.194003579525772	0	0.6019988068247437	0	0	0	0	0	0
2	0	1.675981086461189	1.204891132362148	1	0.5817616885297767	1.193330889087163	0	-1.193330889087163	1	0.3384466622410169	-0.980791064683971
8	0	1.000000000000003	1.935463901447412	1	0.3406616581137052	7.999999999999979	0	-7.999999999999979	1	0.0001813786008950657	-6.575149096721854
5	0	0.8059964204742328	2.194003579525774	1	0.2686654734914103	6.203501495773512	0	-6.203501495773512	1	0.001399778413075925	-5.098618407055999
2	0	1.000000000000002	2.000000000000005	1	0.3333333333333334	1.999999999999995	0	-1.999999999999995	1	0.111111111111111	-1.643787274180464
3	1	0.8696059276779446	1.325375013559648	0.75	0.396179261213829	3.449838489499164	0.7545034347027813	-2.695335054796383	0.9753641840335852	0.1748265811454301	-2.215278731363404
2	0	0.8059964204742328	2.07493031638789	1	0.2797698428638682	2.481400598309405	0	-2.481400598309405	1	0.07827116497607345	-2.0394473628224
0	0	0.8059964204742328	2.194003579525774	0	0.2686654734914103	0	0	0	0	0	0
0	7	0.9972673338759426	2.002732666124065	0	0.3324224446253134	0	3.495224359398533	3.495224359398533	0.05908974119914007	0.9409102588008599	2.872702661192444
4	2	0.8067032582452234	2.193296741754777	0.6666666666666666	0.2689010860817411	4.958452763288668	0.9118693161418153	-4.046583447146853	0.9934547143317507	0.04846456057055482	-3.325861187164664
1	1	0.8287354733242859	1.365268106201489	0.5	0.377727493727888	1.206657651552823	0.7324568672319209	-0.4742007843209022	0.8573219404820482	0.6127769279378243	-0.3897426073365479
5	0	0.8059964204742325	2.194003579525774	1	0.2686654734914103	6.203501495773515	0	-6.203501495773515	1	0.001399778413075925	-5.098618407056001
2	0	0.8699245076182257	2.03170669334182	1	0.2998053327143708	2.299050069845507	0	-2.299050069845507	0.9999999999999999	0.08988323752397465	-1.88957462375788
1	6	0.830173157423531	2.072097686382742	0.1428571428571428	0.286042620451913	1.204567976039519	2.89561637920372	1.691048403164201	0.3597529596898935	0.9054403168901681	1.389861922572257
0	0	0	1.25997045366424	0	0	0	0	0	0	0	0
0	0	0.8059964204742328	2.194003579525774	0	0.2686654734914103	0	0	0	0	0	0
5	0	1.000781504630347	1.999218495369661	1	0.3335938348767814	4.99609552821105	0	-4.99609552821105	0.9999999999999999	0.004131331833010399	-4.106259124931634
0	0	0.8059964204742328	2.194003579525774	0	0.2686654734914103	0	0	0	0	0	0
1	2	0.9998728146592437	2.000127185340764	0.3333333333333333	0.3332909382197471	1.000127201518925	0.9999364113733887	-0.0001907901455361349	0.7407972657613577	0.7036471732908212	-0.000156809206635669
1	0	0.8286751892041999	2.106332197379749	1	0.2823417729686513	1.20674543298482	0	-1.20674543298482	1	0.2823417729686513	-0.9918163929579231
6	0	1.091629245515186	1.297060717346811	1	0.456999134457473	5.496371615775416	0	-5.496371615775416	0.9999999999999994	0.009109452281133246	-4.517432858089183
2	1	0.8060904004995566	2.193909599500451	0.6666666666666666	0.2686968001665183	2.481111298137956	0.4558072949895922	-2.025304003148364	0.9806006363697031	0.1777951839985827	-1.66458447336102
2	5	0.8301904427319455	2.07151235027055	0.2857142857142857	0.2861045744360737	2.409085791711247	2.413695481635422	0.004609689924174543	0.6783588095562811	0.6403850989290155	0.00378867481763802
3	2	1.000000000000002	2.000000000000005	0.6	0.3333333333333334	2.999999999999993	0.9999999999999976	-1.999999999999995	0.9547325102880658	0.2098765432098766	-1.643787274180464
0	8	0.8059964204742324	2.022295699760791	0	0.2849763695580555	0	3.955900218225399	3.955900218225399	0.06832240705035242	0.9316775929496476	3.251329218323324
3	0	0.8059964204742328	2.194003579525775	1	0.2686654734914102	3.722100897464107	0	-3.722100897464107	0.9999999999999997	0.01939257925424376	-3.059171044233599
0	4	0.8060294007700496	2.193483450633508	0	0.2687201024636002	0	1.823583396010918	1.823583396010918	0.2859792615060613	0.7140207384939388	1.498791589884774
2	0	0.8059964204742328	2.07493031638789	1	0.2797698428638682	2.481400598309405	0	-2.481400598309405	1	0.07827116497607345	-2.0394473628224
1	1	0.8059964204742328	2.000188603882025	0.5	0.2872214103769332	1.240700299154702	0.4999528534755026	-0.7407474456791999	0.9175038614210855	0.4919466821749516	-0.6088156122945781
4	0	1.000000000000003	2.000000000000005	1	0.3333333333333333	3.999999999999989	0	-3.999999999999989	1	0.01234567901234551	-3.287574548360927
0	1	0.8059964204742329	2.000377084565912	0	0.2872021201121991	0	0.4999057466292677	0.4999057466292677	0.7127978798878009	0.2872021201121991	0.4108693522994378
1	0	0.8059964204742329	2.194003579525775	1	0.2686654734914102	1.240700299154702	0	-1.240700299154702	1	0.2686654734914102	-1.0197236814112
5	0	1.000000000000002	2.000000000000005	1	0.3333333333333334	4.999999999999988	0	-4.999999999999988	1	0.004115226337448541	-4.10946818545116
4	2	0.999842436054846	1.999180560797289	0.6666666666666666	0.3333893861782022	4.000630355101853	1.000409887540315	-3.000220467561538	0.9821535082557302	0.100192544355214	-2.465862112156715
2	4	0.806326314828689	2.193673685171318	0.3333333333333333	0.268775438276229	2.480385376514615	1.823425255560566	-0.656960120954049	0.7997860365174342	0.5100083184992147	-0.5399513432341634
0	0	0.8059964204742328	2.000000000000005	0	0.2872407158445385	0	0	0	0	0	0
2	5	1.000000000000003	2.000000000000005	0.2857142857142857	0.3333333333333333	1.999999999999995	2.499999999999993	0.4999999999999987	0.5706447187928672	0.736625514403292	0.4109468185451159
3	0	1.000000000000002	1.999858845979475	1	0.3333490178513697	2.999999999999993	0	-2.999999999999993	1	0.03704226545572364	-2.465680911270696
0	0	1.000000000000002	2.000000000000005	0	0.3333333333333334	0	0	0	0	0	0
8	0	0.9427092832558097	2.056166392832134	1	0.3143542397481383	8.486179294183477	0	-8.486179294183477	1	9.53574386155509e-05	-6.974736765096293
1	0	1.000000000000002	1.806050861222144	1	0.3563727278857886	0.9999999999999976	0	-0.9999999999999976	1	0.3563727278857886	-0.821893637090232
4	0	1.805663853446889	1.193959644829824	1	0.6019634979137364	2.215251743764086	0	-2.215251743764086	1	0.1313048078801051	-1.820701312752748
1	3	0.9993959523155113	2.000604047684496	0.25	0.3331319841051696	1.000604412778628	1.499547101022917	0.4989426882442887	0.5929505467433378	0.8022303915477336	0.4100778207406772
1	0	1.000000000000003	2.000000000000005	1	0.3333333333333333	0.9999999999999973	0	-0.9999999999999973	1	0.3333333333333333	-0.8218936370902318
2	2	1.000000000000003	1.809034563054435	0.5	0.3559941957113694	1.999999999999995	1.105562072082875	-0.8944379279171195	0.8677196618329706	0.4476476293180447	-0.7351328417272539
9	0	1.000000000000002	2.000000000000005	1	0.3333333333333334	8.999999999999979	0	-8.999999999999979	0.9999999999999998	5.080526342549074e-05	-7.397042733812088
2	0	1.000000000000003	1.999952711242881	1	0.3333385877225051	1.999999999999994	0	-1.999999999999994	1	0.111114614064834	-1.643787274180463
0	0	1.000000000000002	2.000000000000005	0	0.3333333333333334	0	0	0	0	0	0
4	0	1.805870445822821	1.194014154810796	1	0.6019799713100286	2.21499831798701	0	-2.21499831798701	1	0.1313191816747634	-1.820493023719094
4	0	0.8698239399897482	2.0651834465942	1	0.2963617549876545	4.598631764546679	0	-4.598631764546679	1	0.007714159809753207	-3.77958618660195
2	0	0.8059964204742328	2.194003579525775	1	0.2686654734914102	2.481400598309405	0	-2.481400598309405	0.9999999999999999	0.07218113664636372	-2.0394473628224
1	6	0.8060870500432422	2.193769974009691	0.1428571428571428	0.268708489631344	1.240560805370035	2.735017832810166	1.494457027440131	0.3995379931848295	0.8881505837516516	1.228284721757829
1	9	0.8063001971323408	2.193699802867668	0.1	0.2687667323774462	1.240232860610186	4.102657979106777	2.862425118496591	0.2043572015491855	0.9562921529140012	2.352608991539607
1	0	0.8286752381684225	2.106332148415526	1	0.2823417896514791	1.206745361681432	0	-1.206745361681432	1	0.282341789651479	-0.9918163343541223
1	6	0.8061823500539828	2.19362640498919	0.1428571428571428	0.2687445820333237	1.240414156838138	2.735196834954933	1.494782678116795	0.399452805914672	0.888189219801117	1.228552371976893
0	0	0.8059964204742328	2.194003579525774	0	0.2686654734914103	0	0	0	0	0	0
0	0	0.8059964204742328	2.194003579525774	0	0.2686654734914103	0	0	0	0	0	0
0	0	0	1.25997045366424	0	0	0	0	0	0	0	0
3	5	0.9994821478355466	2.000517852164457	0.375	0.3331607159451818	3.001554361422787	2.499352852357832	-0.502201509064955	0.7417039135319351	0.5313543159145956	-0.4127562248376
2	0	1.000000000000002	1.935337762578906	1	0.3406762972045267	1.999999999999995	0	-1.999999999999995	0.9999999999999999	0.1160603394769871	-1.643787274180464
2	1	0.9999818286503952	2.000018171349613	0.6666666666666666	0.3333272762167975	2.000036343359617	0.4999954572038712	-1.500040886155746	0.9629649819651198	0.2592511831405673	-1.232874059706604
4	1	0.9997648765431201	2.000235123456888	0.8	0.3332549588477058	4.000940715011685	0.4999412260453457	-3.50099948896634	0.9958896093192758	0.04522879763628262	-2.877449203437596
2	0	0.8287759769070479	1.365227602618727	1	0.3777459547655727	2.413197360599066	0	-2.413197360599066	1	0.1426920063417539	-1.983391555719319
8	1	0.8059964204742325	2.194003579525774	0.8888888888888888	0.2686654734914103	9.925602393237623	0.4557877705086273	-9.469814622728997	0.9999927069914114	0.0001859637556140825	-7.783180382845018
3	0	1.000000000000002	1.93511782609927	1	0.3407018250197429	2.999999999999993	0	-2.999999999999993	1	0.03954789567206207	-2.465680911270696
0	0	1.000000000000002	2.000000000000005	0	0.3333333333333334	0	0	0	0	0	0
2	0	0.8059964204742306	2.194003579525769	1	0.2686654734914103	2.481400598309412	0	-2.481400598309412	1	0.07218113664636361	-2.039447362822405
0	0	1.000000000000002	2.000000000000005	0	0.3333333333333334	0	0	0	0	0	0
1	10	1.000000000000002	2.000000000000004	0.09090909090909091	0.3333333333333333	0.9999999999999978	4.999999999999989	3.999999999999992	0.07514662963527471	0.9884389800561115	3.287574548360929
0	0	0.8059964204742328	2.07493031638789	0	0.2797698428638683	0	0	0	0	0	0
0	8	0.221990884194173	2.770299636957852	0	0.07418761066980456	0	2.887774265741534	2.887774265741534	0.5397391317919266	0.4602608682080734	2.37344329436589
2	0	0.9429406464482532	2.056892320977917	1	0.3143310499908559	2.121024273938493	0	-2.121024273938493	1	0.09880400898835395	-1.743256354863981
3	18	0.9186156471061678	1.989994388745983	0.1428571428571428	0.315826334841424	3.265783692505816	9.045251635781192	5.779467943275376	0.06436301597915263	0.9808424578602343	4.750107928345013
3	1	1.000000000000003	1.999576838320868	0.75	0.3333803579306845	2.999999999999992	0.5001058128077458	-2.499894187192246	0.9876473529062925	0.1111529151758263	-2.054647125852169
3	9	0.8068316576380009	2.18953909324976	0.25	0.2692696347402784	3.718247755402283	4.110454126051712	0.3922063706494292	0.588550112833327	0.66660202804573	0.3223519204630197
1	12	0.8062365525750215	2.193596337037956	0.07692307692307693	0.2687604884147523	1.240330764967331	5.470468653409483	4.230137888442153	0.09875417139712826	0.9829086861704178	3.476723414524924
2	0	0.8059964204742327	2.194003579525775	1	0.2686654734914102	2.481400598309405	0	-2.481400598309405	0.9999999999999999	0.07218113664636372	-2.0394473628224
1	0	0.8059964204742328	2.194003579525775	1	0.2686654734914102	1.240700299154702	0	-1.240700299154702	1	0.2686654734914102	-1.0197236814112
3	0	0.8059964204742328	2.194003579525774	1	0.2686654734914103	3.722100897464107	0	-3.722100897464107	1	0.01939257925424342	-3.059171044233599
2	0	0.8059964204742328	2.194003579525774	1	0.2686654734914103	2.481400598309405	0	-2.481400598309405	1	0.07218113664636361	-2.0394473628224
1	1	0.9016305665938145	2.000167568429416	0.5	0.310714434512722	1.109101706453682	0.4999581114022492	-0.6091435950514331	0.9034565401854395	0.5248854092108833	-0.500651244847043
3	0	1.653966293530761	1.185912161643944	1	0.5824074232884771	1.81382172764587	0	-1.81382172764587	1	0.1975516700305908	-1.490768536768156
1	0	0.805996420474233	2.194003579525775	1	0.2686654734914102	1.240700299154702	0	-1.240700299154702	1	0.2686654734914102	-1.019723681411199
0	0	0	1.25997045366424	0	0	0	0	0	0	0	0
4	0	1.676276640643946	1.204848398832921	1	0.5818132214589034	2.386240971814408	0	-2.386240971814408	0.9999999999999999	0.1145867349416763	-1.961236271298278
1	0	1.000000000000002	2.000000000000005	1	0.3333333333333334	0.9999999999999976	0	-0.9999999999999976	1	0.3333333333333334	-0.821893637090232
7	1	0.8060183972862267	2.193199169268756	0.875	0.2687428902372196	8.684665292465052	0.4559549419916177	-8.228710350473435	0.9999727920470241	0.000619476914236694	-6.763124678512665
2	9	1.587434814751586	1.218822145372392	0.1818181818181818	0.5656769274191676	1.259894252925892	7.384178269299652	6.12428401637376	0.01126865416764906	0.9984100168758958	5.033510064791016
2	7	0.8108912042691013	2.169534210066645	0.2222222222222222	0.2720723022856877	2.46642211614899	3.22649901878476	0.7600769026357699	0.5390130465278098	0.749582002646457	0.6247023699755926
0	4	0.8110257612161311	2.136243319824643	0	0.2751787295002369	0	1.872445878650353	1.872445878650353	0.2760093017412427	0.7239906982587573	1.538951353458557
4	13	0.8724571657604026	2.054980327219812	0.2352941176470588	0.2980275984892905	4.58475230301277	6.326094623780527	1.741342320767757	0.3955570107614492	0.7931392885130766	1.431198173434961
5	1	0.8059964204742329	2.00042492560185	0.8333333333333334	0.2871972241805996	6.203501495773511	0.499893791164964	-5.703607704608547	0.9994388468201126	0.008917603255438222	-4.6877588808766
0	0	1.000000000000002	2.000000000000005	0	0.3333333333333334	0	0	0	0	0	0
0	0	1.000000000000002	2.000000000000005	0	0.3333333333333334	0	0	0	0	0	0
5	0	1.673824344318907	1.203142449016488	1	0.5818017601719929	2.987171274554822	0	-2.987171274554822	1	0.06666151109435492	-2.455137063455333
3	0	0.8059964204742328	2.194003579525774	1	0.2686654734914103	3.722100897464107	0	-3.722100897464107	1	0.01939257925424342	-3.059171044233599
6	1	0.9992731366159127	2.000726863384096	0.8571428571428571	0.3330910455386367	6.004364352592619	0.4998183501712807	-5.504546002421338	0.9995450740567819	0.006830838248542248	-4.524151334460582
1	0	1.000000000000003	2.000000000000005	1	0.3333333333333333	0.9999999999999973	0	-0.9999999999999973	1	0.3333333333333333	-0.8218936370902318
0	1	8.301424227795248e-05	2.999916985757729	0	2.767141409265076e-05	0	0.3333425573932728	0.3333425573932728	0.9999723285859073	2.767141409265594e-05	0.2739721268929171
2	0	1.000000000000002	2.000000000000005	1	0.3333333333333334	1.999999999999995	0	-1.999999999999995	1	0.111111111111111	-1.643787274180464
1	0	0.8059964204742328	2.194003579525775	1	0.2686654734914102	1.240700299154702	0	-1.240700299154702	1	0.2686654734914102	-1.0197236814112
2	7	0.806253571741717	2.193364851494077	0.2222222222222222	0.2687853779988399	2.480609165773345	3.191443500716143	0.7108343349427986	0.5481477569241977	0.7425407429688337	0.5842302169147543
3	1	0.8296492343276712	2.105358152256277	0.75	0.2826736444071778	3.61598598042597	0.4749785678642452	-3.141007412561725	0.9936152885797934	0.07119332538453582	-2.581574006437742
3	9	0.8285566130058019	1.459952126989521	0.25	0.3620508842834899	3.620754397357025	6.164585696764151	2.543831299407126	0.3148102841647966	0.8679180422072825	2.090758758813699
2	0	0.8059964204742328	2.194003579525774	1	0.2686654734914103	2.481400598309405	0	-2.481400598309405	1	0.07218113664636361	-2.0394473628224
0	0	0.8059964204742328	2.194003579525774	0	0.2686654734914103	0	0	0	0	0	0
0	0	0.8286350639435687	2.072996137016476	0	0.285575597501641	0	0	0	0	0	0
3	0	1.676658410048252	1.204816315215091	1	0.581875105600664	1.789273224659795	0	-1.789273224659795	0.9999999999999998	0.1970104810416647	-1.47059227836381
3	0	0.8059964204742329	2.000000000000005	1	0.2872407158445385	3.722100897464107	0	-3.722100897464107	1	0.02369943547402964	-3.059171044233599
1	1	0.9250878330186609	2.074912166981346	0.5	0.3083626110062196	1.080978437190005	0.4819481113047953	-0.5990303258852093	0.9049125001334267	0.5216377221458661	-0.4923392132691429
0	0	0	1.25997045366424	0	0	0	0	0	0	0	0
7	0	1.000000000000002	1.998012850521796	1	0.3335542740672223	6.999999999999983	0	-6.999999999999983	0.9999999999999998	0.0004593731100180909	-5.753255459631625
3	1	0.9999090852977601	2.000090914702247	0.75	0.3333030284325859	3.000272768905424	0.4999772723575766	-2.500295496547847	0.9876588099903592	0.1110841752583317	-2.054976959458043
2	3	0.8066089524833103	2.193391047516697	0.4	0.2688696508277694	2.479516243704699	1.367745164910984	-1.111771078793716	0.8755906959274715	0.4069415369734387	-0.9137575755615003
5	0	0.8059964204742328	2.194003579525774	1	0.2686654734914103	6.203501495773512	0	-6.203501495773512	1	0.001399778413075925	-5.098618407055999
5	0	1.000000000000002	2.000000000000005	1	0.3333333333333334	4.999999999999988	0	-4.999999999999988	1	0.004115226337448541	-4.10946818545116
3	5	1.000000000000003	1.999968436505643	0.375	0.3333368404251612	2.999999999999992	2.500039454990615	-0.4999605450093774	0.7413432196978933	0.5317873132492329	-0.4109143907393728
9	0	1.000000000000003	2.000000000000005	1	0.3333333333333333	8.999999999999977	0	-8.999999999999977	1.000000000000001	5.080526342449154e-05	-7.397042733812087
0	5	0.8063839633769138	2.193584523106308	0	0.2687974780435827	0	2.279374214821484	2.279374214821484	0.2090202694061909	0.7909797305938091	1.873403163709326
2	2	0.8559299872502816	2.065013285781749	0.5	0.2930320472680044	2.336639713284379	0.968516771185258	-1.368122942099121	0.9214717809783748	0.3360304190127513	-1.124451540868438
0	0	0.8059964204742328	2.194003579525774	0	0.2686654734914103	0	0	0	0	0	0
1	0	0.8286953217077113	1.365308257818063	1	0.3777091931120872	1.206716116050079	0	-1.206716116050079	1	0.3777091931120873	-0.9917922975558001
2	3	0.9255961879073101	2.074403812092698	0.4	0.3085320626357692	2.160769486877232	1.446198653565693	-0.7145708333115388	0.825450281365455	0.4892642140814221	-0.5873012211490199
0	3	0.8060745905946491	2.193753251294023	0	0.2687069502252336	0	1.367519340760133	1.367519340760133	0.3910878624680763	0.6089121375319237	1.123955444768585
7	6	1.802970380757164	1.196943102080447	0.5384615384615384	0.6010074594057088	3.88248197236625	5.012769604145092	1.130287631778842	0.4226314399252584	0.7734628635781295	0.9289762126408198
2	1	0.8059964204742328	2.000235512593714	0.6666666666666666	0.2872166092105821	2.481400598309405	0.4999411287840279	-1.981459469525377	0.9763065309399046	0.2000932036990826	-1.628548930155098
3	1	1.000000000000002	2.000000000000005	0.75	0.3333333333333334	2.999999999999993	0.4999999999999988	-2.499999999999994	0.9876543209876543	0.1111111111111112	-2.05473409272558
1	5	0.8386302788653461	1.360511021816016	0.1666666666666667	0.3813444268476575	1.192420575790543	3.675089668385028	2.482669092594485	0.2634196484405812	0.943934773927642	2.040489930203992
2	3	1	1.88568397150112	0.4	0.3465382938242555	2	1.590934666327898	-0.4090653336721024	0.7701808861125827	0.5649102135627735	-0.3362081948992944
1	3	1.000000000000002	1.817000640869573	0.25	0.3549874946749441	0.9999999999999976	1.65107261523269	0.6510726152326929	0.5541362609329992	0.8269097764627696	0.5351124397434485
1	0	1.000000000000003	1.935023128521809	1	0.3407128176545717	0.9999999999999973	0	-0.9999999999999973	1	0.3407128176545717	-0.8218936370902318
1	0	0.9016713326655603	2.000055270310339	1	0.3107361430056301	1.109051562107177	0	-1.109051562107177	1	0.3107361430056301	-0.9115224221008734
2	3	0.9193521665767443	2.080647833423264	0.4	0.3064507221922473	2.175444919488366	1.441858613364732	-0.7335863061236341	0.828281540991861	0.4850133190432775	-0.6029299172595434
1	0	1.000000000000003	2.000000000000005	1	0.3333333333333333	0.9999999999999973	0	-0.9999999999999973	1	0.3333333333333333	-0.8218936370902318
5	0	1.000000000000002	2.000000000000004	1	0.3333333333333333	4.999999999999991	0	-4.999999999999991	1	0.004115226337448097	-4.109468185451163
4	0	1.000000000000003	1.999942273583437	1	0.3333397475030412	3.999999999999988	0	-3.999999999999988	1	0.01234662928713781	-3.287574548360927
2	0	1.000000000000002	2.000000000000005	1	0.3333333333333334	1.999999999999995	0	-1.999999999999995	1	0.111111111111111	-1.643787274180464
1	2	0.8286627470657163	2.07211013317603	0.3333333333333333	0.2856696409119271	1.206763551928679	0.9651996619187887	-0.2415638900098899	0.8018039356791448	0.6355001749672299	-0.1985398241498936
1	4	0.902214109448	1.999996536186769	0.2	0.3108713389929243	1.108384350818708	2.00000346381923	0.8916191130005224	0.5059696766449249	0.844581911422604	0.7328160756831678
2	0	0.8059964204742328	2.194003579525774	1	0.2686654734914103	2.481400598309405	0	-2.481400598309405	1	0.07218113664636361	-2.0394473628224
0	0	0.8286350639435687	1.365368515582206	0	0.3776817283601128	0	0	0	0	0	0
4	1	0.8290167813789284	1.365845601856388	0.8	0.3777078634683803	4.824992798513295	0.7321471758161032	-4.092845622697191	0.9923125884426738	0.07101433992039974	-3.363883774887438
2	5	1.000000000000001	2.000000000000003	0.2857142857142857	0.3333333333333333	1.999999999999997	2.499999999999997	0.4999999999999996	0.5706447187928672	0.736625514403292	0.4109468185451167
6	2	1.000000000000002	2.000000000000005	0.75	0.3333333333333334	5.999999999999986	0.9999999999999976	-4.999999999999988	0.9974089315653102	0.01966163694558754	-4.109468185451161
3	8	0.9258202060169269	2.074179793983079	0.2727272727272727	0.308606735338975	3.240369977348659	3.85694626049629	0.6165762831476309	0.5443153722088238	0.7089065497934143	0.5067601238997843
2	0	1.000000000000002	2.000000000000004	1	0.3333333333333333	1.999999999999996	0	-1.999999999999996	1	0.1111111111111109	-1.643787274180465
2	2	0.8059964204742328	2.193862454576876	0.5	0.268678112553045	2.481400598309405	0.9116341800861597	-1.569766418223245	0.9380520257642746	0.2935983296006557	-1.290181030855613
3	4	0.9253303872386508	2.074669612761356	0.4285714285714285	0.3084434624128829	3.242085250169433	1.928017827704169	-1.314067422465264	0.8627535818955501	0.372158588951281	-1.080023653231765
4	0	1.000000000000002	1.935576568915299	1	0.340648583514721	3.99999999999999	0	-3.99999999999999	1	0.01346561984725603	-3.287574548360928
2	6	0.998352987009633	2.000188331964292	0.25	0.3329462164460888	2.003299460234602	2.999717528652754	0.9964180684181527	0.4691731793391841	0.8042726541623844	0.8189496703146212
1	0	0.9017217321899216	2.00012468169757	1	0.3107406814759433	1.108989574390538	0	-1.108989574390538	1	0.3107406814759432	-0.9114714747909901
2	10	1.000000000000002	2.000000000000005	0.1666666666666667	0.3333333333333334	1.999999999999995	4.999999999999988	2.999999999999992	0.181122645787585	0.9460485735951875	2.465680911270696
5	2	0.9038707289405322	1.996354053633699	0.7142857142857143	0.311655404909084	5.53176448789389	1.001826302483602	-4.529938185410288	0.9952992076869708	0.03395608338772793	-3.723127371000796
1	5	0.4828161948583047	2.517183805141697	0.1666666666666667	0.1609387316194348	2.071181560704435	1.986346801448034	-0.08483475925640072	0.7505365789818459	0.6510509298345365	-0.06972514883691758
1	0	0.9429605012814195	2.056919665512033	1	0.3143327229265103	1.060489806986685	0	-1.060489806986685	1	0.3143327229265103	-0.8716098245614065
3	23	0.8060459496824973	2.193787518046835	0.1153846153846154	0.2686968987957251	3.721872185055584	10.48415118182333	6.762278996767748	0.05369238939805393	0.9840649912042654	5.557874079672343
3	3	0.9251888195222439	2.074811180477765	0.5	0.3083962731740804	3.24258133766593	1.445914706951402	-1.796666630714528	0.9226641502894805	0.271392858922062	-1.476668871756619
5	0	1.000000000000002	2.000000000000004	1	0.3333333333333333	4.99999999999999	0	-4.99999999999999	1	0.004115226337448097	-4.109468185451162
2	0	0.8059964204742329	2.194003579525775	1	0.2686654734914102	2.481400598309405	0	-2.481400598309405	0.9999999999999999	0.07218113664636372	-2.039447362822399
3	0	0.9018521783752654	2.000304335192291	1	0.3107524263970997	3.326487501981377	0	-3.326487501981377	0.9999999999999998	0.03000845147156606	-2.734018911738681
0	2	0.25614343823798	2.743856561762025	0	0.08538114607932652	0	0.7289010759059715	0.7289010759059715	0.8365276479471662	0.1634723520528338	0.5990791563553437
0	0	0.8059964204742328	2.194003579525774	0	0.2686654734914103	0	0	0	0	0	0
2	0	0.9234188458066931	2.076581154193315	1	0.3078062819355636	2.165864395211484	0	-2.165864395211484	1	0.09474470719899564	-1.780110165224607
4	0	0.8059964204742328	2.000000000000005	1	0.2872407158445385	4.96280119661881	0	-4.96280119661881	1	0.006807442810671582	-4.078894725644799
0	0	0	1.25997045366424	0	0	0	0	0	0	0	0
0	0	1.000000000000002	2.000000000000005	0	0.3333333333333334	0	0	0	0	0	0
0	1	0.1721680029003363	2.827831997099671	0	0.05738933430011196	0	0.353627797204939	0.353627797204939	0.9426106656998881	0.05738933430011195	0.290644436420975
1	0	1.000000000000002	2.000000000000005	1	0.3333333333333334	0.9999999999999976	0	-0.9999999999999976	1	0.3333333333333334	-0.821893637090232
3	0	0.8287152888864802	2.072915912073565	1	0.2856032457234015	3.620061123804063	0	-3.620061123804063	0.9999999999999999	0.02329643226029376	-2.975305203532281
10	1	1.000000000000002	1.999942223315302	0.9090909090909091	0.3333397530886044	9.999999999999979	0.5000144445884548	-9.499985555411524	0.9999943537747047	0.0001298595933624247	-7.807977680441864
6	0	1.000000000000002	1.935591142024462	1	0.3406468924382892	5.999999999999986	0	-5.999999999999986	1	0.00156252361087339	-4.931361822541392
1	0	0.8059964204742327	2.194003579525774	1	0.2686654734914103	1.240700299154703	0	-1.240700299154703	1	0.2686654734914102	-1.0197236814112
0	1	0.1719674913085206	2.828032508691487	0	0.05732249710284005	0	0.3536027244830696	0.3536027244830696	0.9426775028971599	0.0573224971028401	0.290623829310406
0	0	1.000000000000002	2.000000000000005	0	0.3333333333333334	0	0	0	0	0	0
4	0	1.676007953135627	1.204771886005573	1	0.5817896704092694	2.386623519605882	0	-2.386623519605882	1	0.1145681827745488	-1.961550684893973
2	0	0.9250696836121173	2.07493031638789	1	0.3083565612040383	2.161999290897314	0	-2.161999290897314	1	0.09508376883757985	-1.7769334605821
3	2	0.8060434258605319	2.193956574139475	0.6	0.2686811419535101	3.721883838699137	0.9115950714678346	-2.810288767231303	0.9795440865257026	0.1241908633209158	-2.309758456173566
2	3	0.8063263799240105	2.193644778995282	0.4	0.2687780439244226	2.48038517627128	1.36758696244979	-1.11279821382149	0.8756968725918426	0.4067490097964077	-0.9146017713052603
1	0	1.000000000000003	2.000000000000005	1	0.3333333333333333	0.9999999999999973	0	-0.9999999999999973	1	0.3333333333333333	-0.8218936370902318
7	0	1.000000000000002	1.999606038359988	1	0.3333771125980078	6.999999999999983	0	-6.999999999999983	0.9999999999999994	0.000457667913525639	-5.753255459631625
4	0	0.8059964204742329	2.194003579525775	1	0.2686654734914102	4.962801196618809	0	-4.962801196618809	0.9999999999999999	0.005210116487561089	-4.078894725644798
2	0	1.805996420474235	1.194003579525772	1	0.6019988068247436	1.107421907001799	0	-1.107421907001799	1	0.3624025634184149	-0.9101830189391112
0	0	0.9250696836121172	2.07493031638789	0	0.3083565612040383	0	0	0	0	0	0
2	0	1.000000000000002	2.000000000000005	1	0.3333333333333334	1.999999999999995	0	-1.999999999999995	1	0.111111111111111	-1.643787274180464
1	0	1.000000000000002	2.000000000000005	1	0.3333333333333334	0.9999999999999976	0	-0.9999999999999976	1	0.3333333333333334	-0.821893637090232
3	0	0.9484373713248467	2.05120373504176	1	0.316183615870522	3.163097628480603	0	-3.163097628480603	1	0.03160953340691008	-2.599729814343417
0	0	1.000000000000002	2.000000000000005	0	0.3333333333333334	0	0	0	0	0	0
0	0	0.8059964204742328	2.000000000000005	0	0.2872407158445385	0	0	0	0	0	0
2	0	0.805996420474233	2.194003579525775	1	0.2686654734914103	2.481400598309404	0	-2.481400598309404	1	0.07218113664636361	-2.039447362822399
1	1	0.8287615181543141	2.072869682805731	0.5	0.2856191778886672	1.206619730881136	0.4824229946990449	-0.7241967361820909	0.9184216852222018	0.4896600409995363	-0.5952126894695754
0	2	0.1715116922832127	2.828441269237065	0	0.05717146051393294	0	0.7071032450815123	0.7071032450815123	0.8889256548694303	0.1110743451305697	0.5811636578983513
2	9	1.123478794106039	1.081174738369258	0.1818181818181818	0.5095942639316401	1.780184913584787	8.324278842821238	6.544093929236451	0.02833663962431405	0.9950954825419607	5.378549160960267
1	8	0.806229451631243	2.193770548368765	0.1111111111111111	0.268743150543747	1.240341689300361	3.646689488993554	2.406347799693193	0.2575506053964731	0.9402098665025379	1.97776194519392
9	1	0.9999861994091952	1.999131694371518	0.9	0.3334267724129392	9.000124207031373	0.5002171706923879	-8.499907036338985	0.9999830173802942	0.0003564922382204294	-6.986019509025521
2	4	0.8290680843216485	2.072634750574497	0.3333333333333333	0.2857177772827732	2.412347113369367	1.929910708527526	-0.4824364048418408	0.770293557676083	0.5484527410633986	-0.3965114114401971
1	1	0.8061372259466425	2.193862774053365	0.5	0.2687124086488802	1.240483589907048	0.4558170236657088	-0.7846665662413391	0.9277936414381174	0.4652184587358775	-0.6449124580311992
0	0	1.000000000000002	1.805996420474235	0	0.3563796420777307	0	0	0	0	0	0
0	2	0.1737805307081837	2.826219469291824	0	0.05792684356939442	0	0.7076591261686932	0.7076591261686932	0.8875018320671243	0.1124981679328757	0.5816205330268841
0	1	0.0003748586876935769	2.999625141312314	0	0.0001249528958978587	0	0.3333749895036909	0.3333749895036909	0.9998750471041021	0.0001249528958978674	0.2739987826381071
0	2	0.9010822759483923	2.000620483706679	0	0.310535692517143	0	0.9996898543668167	0.9996898543668167	0.4753610312928157	0.5246389687071844	0.8216387303677494
0	0	1.000000000000002	1.805996420474235	0	0.3563796420777307	0	0	0	0	0	0
0	0	0.8059964204742328	2.194003579525774	0	0.2686654734914103	0	0	0	0	0	0
2	2	1.000000000000002	2.000000000000005	0.5	0.3333333333333334	1.999999999999995	0.9999999999999976	-0.9999999999999976	0.8888888888888888	0.4074074074074074	-0.821893637090232
1	0	1.000000000000002	2.000000000000005	1	0.3333333333333334	0.9999999999999976	0	-0.9999999999999976	1	0.3333333333333334	-0.821893637090232
1	0	0.9245213283820535	2.075478671617954	1	0.3081737761273504	1.081640811629556	0	-1.081640811629556	1	0.3081737761273504	-0.8889937006954488
5	3	0.9984331253771395	2.000213843249141	0.625	0.332961210780519	5.007846667859045	1.499839634709662	-3.508007033149383	0.9804524501914897	0.08756330212452546	-2.883208659413268
2	2	0.8287507316369238	2.072880469323121	0.5	0.2856154604908853	2.413270871024945	0.9648409686898543	-1.448429902335091	0.9267663392067368	0.3230258010949427	-1.19045532050044
5	0	0.8059964204742328	2.07493031638789	1	0.2797698428638682	6.203501495773512	0	-6.203501495773512	1	0.001713975045692706	-5.098618407055999
5	2	0.8417861050879014	2.102712268791121	0.7142857142857143	0.2858843844355565	5.93975116692843	0.9511524851423576	-4.988598681786072	0.9971148896806254	0.02333582663902178	-4.100097514556701
1	1	0.9999060034341526	1.999765132320676	0.5	0.3333385421874052	1.000094005402032	0.5000587238159941	-0.5000352815860383	0.8888854162923756	0.5555625006671858	-0.4109758162561883
3	8	0.8470555975873824	2.094423960345619	0.2727272727272727	0.2879692280379519	3.541680154814772	3.81966600433651	0.277985849521738	0.6048329445743763	0.6554899082429322	0.2284748009230397
2	0	0.8059964204742327	2.07493031638789	1	0.2797698428638682	2.481400598309405	0	-2.481400598309405	1	0.07827116497607345	-2.0394473628224
1	1	0.92508783257274	2.074912167427267	0.5	0.3083626108575792	1.08097843771107	0.4819481112012194	-0.5990303265098502	0.9049125002250973	0.5216377219402556	-0.4923392137825312
4	0	1.000000000000002	2.000000000000005	1	0.3333333333333334	3.99999999999999	0	-3.99999999999999	1	0.01234567901234573	-3.287574548360928
0	0	1.000000000000002	2.000000000000005	0	0.3333333333333334	0	0	0	0	0	0
4	0	0.8059964204742328	2.194003579525775	1	0.2686654734914102	4.96280119661881	0	-4.96280119661881	0.9999999999999999	0.005210116487561089	-4.078894725644799
4	0	1.000000000000002	1.93530702177522	1	0.3406798650300029	3.99999999999999	0	-3.99999999999999	0.9999999999999999	0.01347056668147961	-3.287574548360928
1	0	0.8059964204742328	2.194003579525774	1	0.2686654734914103	1.240700299154702	0	-1.240700299154702	1	0.2686654734914103	-1.0197236814112
3	0	0.9250696836121174	2.07493031638789	1	0.3083565612040384	3.24299893634597	0	-3.24299893634597	0.9999999999999997	0.02931970398507611	-2.66540019087315
1	3	1.000000000000002	2.000000000000005	0.25	0.3333333333333334	0.9999999999999976	1.499999999999996	0.4999999999999989	0.5925925925925926	0.8024691358024691	0.4109468185451161
0	2	0.8060541826924674	2.193945817307541	0	0.2686847275641551	0	0.911599540983398	0.911599540983398	0.5348220276979141	0.4651779723020859	0.7492378623086329
0	3	0.8060128984833104	2.193798688526931	0	0.26868784092091	0	1.36749101715181	1.36749101715181	0.391118521636539	0.6088814783634611	1.123932165775125
2	0	0.8291767745285634	2.072454426431482	1	0.2857622892441392	2.412030897919348	0	-2.412030897919348	1	0.08166008595405094	-1.982432847464956
1	0	1.000000000000002	2.000000000000005	1	0.3333333333333334	0.9999999999999976	0	-0.9999999999999976	1	0.3333333333333334	-0.821893637090232
3	0	0.8059964204742324	2.194003579525774	1	0.2686654734914103	3.722100897464109	0	-3.722100897464109	1	0.01939257925424342	-3.059171044233601
0	0	0.8286350639435687	1.365368515582206	0	0.3776817283601128	0	0	0	0	0	0
1	0	0.8059964204742328	2.194003579525774	1	0.2686654734914103	1.240700299154702	0	-1.240700299154702	1	0.2686654734914102	-1.0197236814112
1	2	0.9981914619657352	2.001808538034272	0.3333333333333333	0.3327304873219109	1.001811814770188	0.9990965479465642	-0.002715266823623552	0.741544171561147	0.7028991819560919	-0.002231660525338408
1	0	0.8059964204742328	2.194003579525774	1	0.2686654734914103	1.240700299154702	0	-1.240700299154702	1	0.2686654734914102	-1.0197236814112
7	2	0.9424068344614709	2.056303051430799	0.7777777777777778	0.3142707598674744	7.427789935330935	0.9726192832366695	-6.455170652094266	0.9993828402013879	0.005742653063969927	-5.305463685287894
2	4	0.925342405388255	2.074657594611753	0.3333333333333333	0.3084474684627508	2.161362095105585	1.928028996393765	-0.2333330987118201	0.7285104925305097	0.5978926875073545	-0.1917749891537924
3	0	1.000000000000002	2.000000000000005	1	0.3333333333333334	2.999999999999993	0	-2.999999999999993	0.9999999999999999	0.0370370370370372	-2.465680911270696
3	0	0.8059964204742327	2.000000000000004	1	0.2872407158445386	3.722100897464108	0	-3.722100897464108	1	0.02369943547402986	-3.0591710442336
1	0	1.000000000000003	2.000000000000005	1	0.3333333333333333	0.9999999999999973	0	-0.9999999999999973	1	0.3333333333333333	-0.8218936370902318
2	8	1.000000000000002	2.000000000000005	0.2	0.3333333333333334	1.999999999999995	3.99999999999999	1.999999999999995	0.2991413910481125	0.8959508205050044	1.643787274180464
4	0	0.8059964204742328	2.074930316387891	1	0.2797698428638682	4.96280119661881	0	-4.96280119661881	0.9999999999999999	0.006126375266711781	-4.078894725644799
2	0	1.000000000000002	2.000000000000005	1	0.3333333333333334	1.999999999999995	0	-1.999999999999995	1	0.111111111111111	-1.643787274180464
2	0	0.9018022788826854	2.00023561246036	1	0.3107479339166508	2.217781044507849	0	-2.217781044507849	1	0.09656427843346704	-1.822780128940334
1	0	0.8059964204742328	2.000000000000005	1	0.2872407158445385	1.240700299154702	0	-1.240700299154702	1	0.2872407158445385	-1.0197236814112
5	1	0.9999272787946324	2.000072721205374	0.8333333333333334	0.3333090929315434	5.00036363247063	0.4999818203596791	-4.500381812110951	0.9986288563071524	0.01782666293954249	-3.698835175850608
3	0	0.8699244723946304	2.031706728565414	1	0.2998053205751316	3.448575244402467	0	-3.448575244402467	0.9999999999999999	0.02694747065797787	-2.834362050401286
4	1	0.8227051236169198	1.589591907283958	0.8	0.3410463608246778	4.862009345966514	0.6290922817471063	-4.232917064219407	0.9953861114635739	0.04918757398017981	-3.479007601412604
3	5	0.8061849642670854	2.193815035732915	0.375	0.2687283214223617	3.721230403654754	2.279134712161177	-1.442095691493577	0.8586603037402721	0.3685992318849241	-1.185249272913812
5	0	1.000000000000003	2.000000000000005	1	0.3333333333333333	4.999999999999987	0	-4.999999999999987	1	0.004115226337448097	-4.109468185451159
8	0	1.805617986586289	1.194035348188616	1	0.6019422196737887	4.43061603253346	0	-4.43061603253346	1	0.01723607770219948	-3.641495125529228
4	0	0.8287956862267084	2.072835514733337	1	0.2856309533590933	4.826279946280803	0	-4.826279946280803	1	0.006656118999301852	-3.966688778664389
1	0	1.676452999827848	1.204878454597122	1	0.5818327486250343	0.5964974861225983	0	-0.5964974861225983	1	0.5818327486250343	-0.4902574883844837
0	0	1.000000000000002	2.000000000000005	0	0.3333333333333334	0	0	0	0	0	0
1	0	1.000000000000002	2.000000000000005	1	0.3333333333333334	0.9999999999999976	0	-0.9999999999999976	1	0.3333333333333334	-0.821893637090232
6	0	1.000000000000002	1.949391121435575	1	0.3390530312281083	5.999999999999989	0	-5.999999999999989	1	0.001519167947125921	-4.931361822541395
0	0	0	3.000000000000007	0	0	0	0	0	0	0	0
6	0	1.096138424997554	1.178368132944944	1	0.4819236159904119	5.473761217716084	0	-5.473761217716084	1	0.01252763965607628	-4.49884951579214
2	0	0.8059964204742327	2.194003579525774	1	0.2686654734914103	2.481400598309405	0	-2.481400598309405	1	0.07218113664636361	-2.0394473628224
4	3	0.9993976376328628	2.000602362367145	0.5714285714285714	0.3331325458776201	4.002410901705007	1.499548364248832	-2.502862537456175	0.9548480858132569	0.1729884128925034	-2.057086794046748
1	0	1.000000000000003	2.000000000000005	1	0.3333333333333333	0.9999999999999973	0	-0.9999999999999973	1	0.3333333333333333	-0.8218936370902318
2	0	0.8699445199963094	2.065062866587639	1	0.2964028383617927	2.298997182036947	0	-2.298997182036947	0.9999999999999999	0.08785464258892706	-1.889531155604545
3	1	0.8300160053864488	2.071615195573596	0.75	0.2860515165096882	3.614388132917056	0.4827151307524159	-3.131673002164641	0.9933045924433247	0.07353897657199626	-2.573902113926389
1	0	0.8286551204219539	1.365348459103821	1	0.3776908698576802	1.206774658546485	0	-1.206774658546485	1	0.3776908698576802	-0.991840413261096
2	0	1.000000000000002	2.000000000000005	1	0.3333333333333334	1.999999999999995	0	-1.999999999999995	1	0.111111111111111	-1.643787274180464
3	0	0.9017214385559132	2.000124277298042	1	0.3107406550353262	3.326969806556261	0	-3.326969806556261	0.9999999999999998	0.03000504142297544	-2.734415314799918
4	0	1.000000000000003	1.999905566779303	1	0.3333438262437044	3.999999999999989	0	-3.999999999999989	1	0.0123472335909881	-3.287574548360927
0	0	0.1713649360564337	2.828635063943574	0	0.05712164535214444	0	0	0	0	0	0
1	0	0.8059964204742328	2.194003579525775	1	0.2686654734914102	1.240700299154702	0	-1.240700299154702	1	0.2686654734914102	-1.0197236814112
10	0	1.000000000000002	1.999984264722411	1	0.3333350817066808	9.999999999999975	0	-9.999999999999975	0.9999999999999999	1.693597609520037e-05	-8.21893637090232
0	0	1.000000000000002	2.000000000000005	0	0.3333333333333334	0	0	0	0	0	0
1	0	0.3462263920944524	2.653773607905552	1	0.1154087973648173	2.888283570615826	0	-2.888283570615826	1	0.1154087973648172	-2.373861888801409
10	0	1.000000000000002	2.000000000000005	1	0.3333333333333334	9.999999999999975	0	-9.999999999999975	1	1.693508780831188e-05	-8.21893637090232
5	0	1.000000000000002	2.000000000000005	1	0.3333333333333334	4.999999999999988	0	-4.999999999999988	1	0.004115226337448541	-4.10946818545116
3	0	0.8059964204742328	2.194003579525774	1	0.2686654734914103	3.722100897464107	0	-3.722100897464107	1	0.01939257925424342	-3.059171044233599
1	0	0.1719137974662631	2.828086202533745	1	0.0573045991554209	5.816868772247573	0	-5.816868772247573	1	0.05730459915542085	-4.780847431699161
0	0	0.8286350639435687	2.10637232264038	0	0.282328101704717	0	0	0	0	0	0
0	0	0.8059964204742328	2.194003579525774	0	0.2686654734914103	0	0	0	0	0	0
3	0	1.000000000000002	1.999857646825704	1	0.33334915110327	2.999999999999993	0	-2.999999999999993	1	0.03704230987722168	-2.465680911270696
0	0	0	1.25997045366424	0	0	0	0	0	0	0	0
5	0	0.8692121837612156	2.065795202822733	1	0.2961533206813801	5.752335383018019	0	-5.752335383018019	1	0.002278153762277579	-4.727807849711524
2	0	1.000000000000002	1.935227978970805	1	0.3406890392039112	1.999999999999995	0	-1.999999999999995	1	0.1160690214336841	-1.643787274180464
0	0	0	3.000000000000007	0	0	0	0	0	0	0	0
1.5	15.5	0.9112935228077216	2.084938639851888	0.08823529411764706	0.3041464991146783	1.646011918726753	7.434271543406719	5.788259624679966	0.04504526165542165	0.9900847341013979	4.75733375535077
1	0	0.8059964204742329	2.194003579525775	1	0.2686654734914102	1.240700299154702	0	-1.240700299154702	1	0.2686654734914102	-1.0197236814112
1	0	1.000000000000003	2.000000000000005	1	0.3333333333333333	0.9999999999999973	0	-0.9999999999999973	1	0.3333333333333333	-0.8218936370902318
0	0	0	1.25997045366424	0	0	0	0	0	0	0	0
3	0	0.8059964204742329	2.000000000000005	1	0.2872407158445385	3.722100897464107	0	-3.722100897464107	1	0.02369943547402964	-3.059171044233599
2	0	1.000000000000002	2.000000000000004	1	0.3333333333333333	1.999999999999996	0	-1.999999999999996	1	0.1111111111111109	-1.643787274180464
1	0	0.8059964204742328	2.194003579525774	1	0.2686654734914103	1.240700299154702	0	-1.240700299154702	1	0.2686654734914102	-1.0197236814112
5	1	0.9428048289482855	2.056741698382778	0.8333333333333334	0.3143157875224475	5.303324555069985	0.4862059250251518	-4.817118630044834	0.9990357332925925	0.01358563319552086	-3.959159151142674
3	0	0.8059964204742328	2.194003579525775	1	0.2686654734914102	3.722100897464107	0	-3.722100897464107	0.9999999999999997	0.01939257925424376	-3.059171044233599
2	2	0.8305713883782743	1.364995963026193	0.5	0.3782946525630251	2.407980852681531	1.465205798532916	-0.9427750541486151	0.8448924909741643	0.4869873403606099	-0.7748608182121476
4	0	0.805996420474233	2.194003579525775	1	0.2686654734914102	4.962801196618808	0	-4.962801196618808	0.9999999999999999	0.005210116487561089	-4.078894725644798
2	0	1.000000000000003	2.000000000000005	1	0.3333333333333333	1.999999999999995	0	-1.999999999999995	1	0.1111111111111109	-1.643787274180464
8	1	0.8696194356153415	2.065514378801804	0.8888888888888888	0.29627931487956	9.199426406953762	0.484140904688398	-8.715285502265363	0.999982408130876	0.00039364869840397	-7.163037699736666
3	0	1.000000000000003	1.936961889180133	1	0.3404879047576462	2.999999999999992	0	-2.999999999999992	1	0.03947344829817123	-2.465680911270696
5	6	0.8219160378310916	2.101932038928107	0.4545454545454545	0.2811076417972119	6.08334643669227	2.85451664891113	-3.22882978778114	0.9412749789929751	0.1706658290706783	-2.65375465782473
1	0	1.000000000000002	1.935054631902169	1	0.3407091606168554	0.9999999999999976	0	-0.9999999999999976	1	0.3407091606168554	-0.821893637090232
2	0	0.8293983682096172	1.364605211316157	1	0.3780296331097548	2.411386465972082	0	-2.411386465972082	1	0.1429064035090958	-1.98190319294796
0	0	1.000000000000002	2.000000000000005	0	0.3333333333333334	0	0	0	0	0	0
1	0	1.000000000000002	2.000000000000005	1	0.3333333333333334	0.9999999999999976	0	-0.9999999999999976	1	0.3333333333333334	-0.821893637090232
2	0	0.8059964204742328	2.194003579525774	1	0.2686654734914103	2.481400598309405	0	-2.481400598309405	1	0.07218113664636361	-2.0394473628224
3	0	1.002344020299136	1.997655979700872	1	0.3341146734330445	2.992984383849261	0	-2.992984383849261	0.9999999999999999	0.03729809470629442	-2.459914820996142
0	1	0.8287058306707573	2.072925370289288	0	0.2855999861031852	0	0.4824100347908061	0.4824100347908061	0.7144000138968148	0.2855999861031852	0.396489738063042
3	0	0.8059964204742329	2.194003579525774	1	0.2686654734914103	3.722100897464107	0	-3.722100897464107	1	0.01939257925424331	-3.059171044233599
1	0	1.000000000000003	2.000000000000005	1	0.3333333333333333	0.9999999999999973	0	-0.9999999999999973	1	0.3333333333333333	-0.8218936370902318
0	0	0.8286350639435687	1.365368515582206	0	0.3776817283601128	0	0	0	0	0	0
0	3	1.000000000000003	1.999764399953156	0	0.3333595131723071	0	1.500176720852854	1.500176720852854	0.2962613912150813	0.7037386087849187	1.232985701379853
2	1	1.000000000000003	2.000000000000005	0.6666666666666666	0.3333333333333333	1.999999999999995	0.4999999999999987	-1.499999999999996	0.962962962962963	0.2592592592592592	-1.232840455635348
7	5	0.9238452627751473	2.07615473722486	0.5833333333333334	0.3079484209250483	7.577026458925205	2.408298336511933	-5.168728122413272	0.9887381550174327	0.04428080357597863	-4.248144755660821
5	3	0.8059964204742325	2.194003579525774	0.625	0.2686654734914103	6.203501495773515	1.367363311525882	-4.836138184247633	0.9937497334178337	0.03691191855933462	-3.974791201722248
0	0	0.8286350639435687	1.365368515582206	0	0.3776817283601128	0	0	0	0	0	0
3	0	0.9245215235513311	2.075478476448676	1	0.3081738411837763	3.244921749875772	0	-3.244921749875772	1	0.02926761373940634	-2.666980539078605
1	1	0.8059964204742329	2.194003579525775	0.5	0.2686654734914102	1.240700299154702	0.455787770508627	-0.7849125286460752	0.9278188633536363	0.4651498103364569	-0.6451146129666152
10	0	1.000000000000002	1.9978886236971	1	0.3335680959243799	9.999999999999975	0	-9.999999999999975	0.9999999999999996	1.70547382798425e-05	-8.21893637090232
3	0	0.869944569375882	2.031686631584163	1	0.2998122466728538	3.44849557731278	0	-3.44849557731278	1	0.02694933832123259	-2.834296572527187
2	0	1.805996420474235	1.194003579525772	1	0.6019988068247436	1.107421907001799	0	-1.107421907001799	1	0.3624025634184149	-0.9101830189391112
5	0	0.8059964204742329	2.194003579525775	1	0.2686654734914102	6.203501495773511	0	-6.203501495773511	0.9999999999999999	0.001399778413076147	-5.098618407055998
9	1	1.036760910227465	1.529789074972098	0.9	0.4039511859134319	8.680882845038406	0.6536848879106023	-8.027197957127804	0.9998843118504182	0.001822720750708551	-6.597502924627067
4	0	1.676120264335302	1.204834614217469	1	0.5817933063836426	2.386463599965052	0	-2.386463599965052	0.9999999999999999	0.1145710468397109	-1.96141924795873
6	1	0.9247954579353869	2.075204542064621	0.8571428571428571	0.3082651526451282	6.487921138145561	0.481880209747951	-6.00604092839761	0.9997354723745372	0.004419654552255459	-4.936326823153517
4	1	0.9998739029114638	1.999700063028437	0.8	0.3333386388417191	4.000504451964068	0.5000749954898507	-3.500429456474218	0.9958844461516083	0.04527010976820234	-2.876980697359385
0	1	0.8287592141287222	2.072871986831323	0	0.2856183838437206	0	0.4824224584792817	0.4824224584792817	0.7143816161562794	0.2856183838437206	0.3964999490135492
3	0	1.000000000000003	2.000000000000005	1	0.3333333333333333	2.999999999999992	0	-2.999999999999992	1	0.03703703703703698	-2.465680911270696
1	0	0.805996420474233	2.194003579525775	1	0.2686654734914103	1.240700299154702	0	-1.240700299154702	1	0.2686654734914102	-1.019723681411199
2	2	0.8699244430951626	2.065026219047953	0.5	0.2964017263785754	2.299050240368078	0.9685107053614397	-1.330539535006638	0.918994677801632	0.3419582888066155	-1.093561977718955
2	0	0.828665123822412	2.072966077137633	1	0.2855859571499771	2.413520181438953	0	-2.413520181438953	0.9999999999999999	0.08155933892126865	-1.983656880113543
3	0	0.8059964204742329	2.194003579525775	1	0.2686654734914102	3.722100897464107	0	-3.722100897464107	0.9999999999999997	0.01939257925424376	-3.059171044233599
3	0	0.8059964204742329	2.194003579525775	1	0.2686654734914102	3.722100897464107	0	-3.722100897464107	0.9999999999999997	0.01939257925424376	-3.059171044233599
3	0	0.8697934415242902	1.324210138001485	1	0.396441213515382	3.449094758340071	0	-3.449094758340071	1	0.06230693536898224	-2.834789035600982
0	0	0.9250696836121172	2.07493031638789	0	0.3083565612040383	0	0	0	0	0	0
3	0	0.8289664254523287	2.10604096113162	1	0.2824410014235642	3.618964421101902	0	-3.618964421101902	1	0.02253114320937766	-2.974403830559596
4	0	0.8289162223041323	2.072714978655913	1	0.2856724941577254	4.825578137295021	0	-4.825578137295021	1	0.006659991980447422	-3.966111966324521
0	0	0.8286350639435687	2.10637232264038	0	0.282328101704717	0	0	0	0	0	0
2	0	0.8059964204742328	2.194003579525774	1	0.2686654734914103	2.481400598309405	0	-2.481400598309405	1	0.07218113664636361	-2.0394473628224
2	1	1.000000000000002	1.806655258080403	0.6666666666666666	0.3562959850950652	1.999999999999995	0.5535090303074836	-1.446490969692511	0.9547693545085805	0.2903791960017499	-1.188861724098758
0	0	0.8286350639435687	2.10637232264038	0	0.282328101704717	0	0	0	0	0	0
4	1	0.9995983392361332	2.000401660763867	0.8	0.3331994464120444	4.00160728864025	0.4998996049714052	-3.501707683668845	0.9958930316508372	0.0452014059041882	-2.878031264157406
3	0	0.8289262474102934	2.106081139173655	1	0.2824273121762326	3.619139832249866	0	-3.619139832249866	0.9999999999999997	0.02252786727449263	-2.974547999865981
6	0	1.000000000000002	1.982098040400982	1	0.3353343808460228	5.999999999999989	0	-5.999999999999989	1	0.001421898171951042	-4.931361822541395
2	0	0.9024237155684479	2.001091469395161	1	0.3108038560438107	2.216253812368146	0	-2.216253812368146	1	0.09659903693170169	-1.821524906562352
5	2	0.9253969613239709	2.074603038676037	0.7142857142857143	0.3084656537746562	5.40308668492543	0.9640398489324268	-4.439046835993003	0.9955641060029835	0.03248253635349929	-3.648424349248185
6	0	0.8695631978699687	1.324440381655806	1	0.3963362712735052	6.900016024939015	0	-6.900016024939015	0.9999999999999999	0.003875992386918048	-5.671079266718026
2	1	0.8060434216187634	2.193956578381244	0.6666666666666666	0.2686811405395871	2.481255905523593	0.4557975348526838	-2.025458370670909	0.9806040279518797	0.1777767217487197	-1.664711347045573
2	1	0.9999455269638521	2.000054473036154	0.6666666666666666	0.3333151756546167	2.000108952007242	0.4999863821118654	-1.500122569895377	0.9629690151928399	0.2592350493506836	-1.23294119505246
1	0	0.869994721927437	2.065012664656512	1	0.2964199428949386	1.149432260674573	0	-1.149432260674573	1	0.2964199428949386	-0.9447110613146744
4	0	0.828805624542903	2.072825576417142	1	0.2856343784381286	4.826222073729352	0	-4.826222073729352	1	0.006656438266432252	-3.966641213582589
0	0	0.8059964204742328	2.000000000000005	0	0.2872407158445385	0	0	0	0	0	0
3	1	0.9998729075157697	2.000127092484238	0.75	0.3332909691719225	3.000381325916349	0.4999682288978747	-2.500413097018474	0.9876605959633351	0.1110734576681902	-2.05507361453657
2	0	0.8698241574291818	2.065183229154766	1	0.2963618290724539	2.299315307488265	0	-2.299315307488265	1	0.08783033373117033	-1.88979262088878
2	0	0.8059964204742328	2.194003579525774	1	0.2686654734914103	2.481400598309405	0	-2.481400598309405	1	0.07218113664636361	-2.0394473628224
6	1	1.000000000000001	2.000000000000001	0.8571428571428571	0.3333333333333334	5.999999999999996	0.4999999999999997	-5.499999999999996	0.9995427526291726	0.00685871056241405	-4.520415003996284
1	0	0.8286551074179177	2.072976093542127	1	0.2855825051590794	1.20677467748433	0	-1.20677467748433	1	0.2855825051590795	-0.9918404288259898
1	2	0.1736111376709946	2.826388862329013	0.3333333333333333	0.05787037922366472	5.759999118806945	0.7076167142662569	-5.052382404540689	0.9903406712023606	0.1637580020849381	-4.152520950438649
3	0	0.8059964204742329	2.194003579525774	1	0.2686654734914103	3.722100897464107	0	-3.722100897464107	1	0.01939257925424331	-3.059171044233599
5	0	1.000390883572786	1.999609116427222	1	0.3334636278575944	4.99804634578741	0	-4.99804634578741	0.9999999999999996	0.004123275499428147	-4.107862489484767
0	0	0	1.25997045366424	0	0	0	0	0	0	0	0
0	0	1.000000000000002	1.805996420474235	0	0.3563796420777307	0	0	0	0	0	0
1	0	0.8059964204742327	2.000000000000005	1	0.2872407158445385	1.240700299154703	0	-1.240700299154703	1	0.2872407158445385	-1.0197236814112
3	0	0.8059964204742328	2.194003579525774	1	0.2686654734914103	3.722100897464107	0	-3.722100897464107	1	0.01939257925424331	-3.059171044233599
10	0	1.000000000000002	2.000000000000005	1	0.3333333333333334	9.999999999999975	0	-9.999999999999975	1	1.693508780831188e-05	-8.21893637090232
1	1	0.8699481142460501	2.065106583626828	0.5	0.2963992851228726	1.149493841786945	0.4842365076594533	-0.6652573341274914	0.9121474637786501	0.5049460340243953	-0.546770769946997
2	2	1.000501196887069	1.999498803112939	0.5	0.3335003989623555	1.998998108370827	1.000250661258852	-0.9987474471119755	0.8887403302856894	0.407704412951464	-0.8208641718414477
0	0	1.000000000000002	2.000000000000005	0	0.3333333333333334	0	0	0	0	0	0
3	0	1.000000000000002	2.000000000000005	1	0.3333333333333334	2.999999999999993	0	-2.999999999999993	0.9999999999999999	0.0370370370370372	-2.465680911270696
4	2	1.000000000000002	2.000000000000005	0.6666666666666666	0.3333333333333334	3.99999999999999	0.9999999999999976	-2.999999999999993	0.9821673525377228	0.1001371742112485	-2.465680911270696
6	1	1.804258556878996	1.195625902971524	0.8571428571428571	0.6014426825521472	3.325465730576216	0.8363820133995682	-2.489083717176648	0.9715318190334244	0.1605230137456263	-2.045762069332395
7	0	0.8689324718035747	2.066074914780373	1	0.2960580187210106	8.055861907739104	0	-8.055861907739104	1	0.00019935989626374	-6.621061643248363
4	0	0.8059964204742329	2.194003579525775	1	0.2686654734914102	4.962801196618809	0	-4.962801196618809	0.9999999999999999	0.005210116487561089	-4.078894725644798
1	0	0.828685246424905	1.36531833310087	1	0.3777046009213997	1.206730787490398	0	-1.206730787490398	1	0.3777046009213997	-0.9918043559192453
5	0	0.8059964204742325	2.194003579525774	1	0.2686654734914103	6.203501495773515	0	-6.203501495773515	1	0.001399778413075925	-5.098618407056001
0	0	1.000000000000002	2.000000000000005	0	0.3333333333333334	0	0	0	0	0	0
1	0	0.9250696836121173	2.07493031638789	1	0.3083565612040383	1.080999645448657	0	-1.080999645448657	1	0.3083565612040383	-0.8884667302910502
3	3	0.8059964204742328	2.194003579525774	0.5	0.2686654734914103	3.722100897464107	1.367363311525881	-2.354737585938226	0.9516822132990872	0.2000276447140379	-1.935343838899846
3	1	1.805204143425738	1.194795856574269	0.75	0.6017347144752446	1.661861906823954	0.8369630631857146	-0.8248988436382394	0.8688946942098326	0.4781997365302405	-0.6779791108293608
1	0	1.000000000000002	2.000000000000005	1	0.3333333333333334	0.9999999999999976	0	-0.9999999999999976	1	0.3333333333333334	-0.821893637090232
4	0	0.8059964204742328	2.194003579525775	1	0.2686654734914102	4.96280119661881	0	-4.96280119661881	0.9999999999999999	0.005210116487561089	-4.078894725644799
0	2	1.000000000000002	1.806513748112051	0	0.3563139502426113	0	1.107104776861044	1.107104776861044	0.4143317306522716	0.5856682693477284	0.9099223716942952
2	0	0.82867517017037	2.106332216413578	1	0.2823417664835468	2.413490921405083	0	-2.413490921405083	0.9999999999999999	0.0797168731010498	-1.983632831477884
0	0	0	3.000000000000007	0	0	0	0	0	0	0	0
2	1	0.8059964204742329	2.194003579525775	0.6666666666666666	0.2686654734914102	2.481400598309405	0.455787770508627	-2.025612827800777	0.9806074207457562	0.1777582514306042	-1.664838294377815
2	1	0.8286678146848093	2.073082604756339	0.6666666666666666	0.2855751511683777	2.413512344220484	0.4823734460487337	-1.931138898171751	0.9767104420157554	0.1980803849260361	-1.587190772744807
5	0	1.803846876793283	1.19418402882126	1	0.6016772120044327	2.771853899754813	0	-2.771853899754813	0.9999999999999998	0.07885292655429099	-2.278169083152232
2	0	0.8059964204742328	2.194003579525774	1	0.2686654734914103	2.481400598309405	0	-2.481400598309405	1	0.07218113664636361	-2.0394473628224
1	0	0.8286952942465694	2.106312092337379	1	0.2823486230510264	1.206716156038	0	-1.206716156038	1	0.2823486230510264	-0.9917923304216185
1	2	0.833768425262328	2.067862775697716	0.3333333333333333	0.2873447269888966	1.199373794570562	0.9671821667785386	-0.232191627792023	0.7997494032378443	0.6380583943931268	-0.1908368214678876
0	0	1.000000000000002	2.000000000000005	0	0.3333333333333334	0	0	0	0	0	0
2	2	0.8700068109929616	2.031887149220252	0.5	0.2998065480411416	2.298832577778728	0.9843066337456343	-1.314525944033093	0.9164461755849496	0.3479587664943699	-1.080400509190832
3	0	0.8693029514859282	2.032328249474117	1	0.2995911235026378	3.451040853907146	0	-3.451040853907146	0.9999999999999999	0.02688975373934743	-2.836388519164731
1	0	0.8287453643957896	1.365258215129985	1	0.3777320019573167	1.206643250100188	0	-1.206643250100188	1	0.3777320019573167	-0.9917324094952242
3	1	1.804556250773326	1.195328356720482	0.75	0.6015418880664564	1.662458567702934	0.8365902091903956	-0.8258683585125386	0.8690626646825883	0.4778660825731392	-0.6787759489356117
9	0	0.9419760923704777	2.055563914858086	1	0.3142497147991031	9.554382614267363	0	-9.554382614267363	1	2.988642925516594e-05	-7.852686276991901
0	0	0.8286350639435687	2.10637232264038	0	0.282328101704717	0	0	0	0	0	0
0	0	0.8059964204742328	2.194003579525774	0	0.2686654734914103	0	0	0	0	0	0
0	0	1.000000000000002	2.000000000000005	0	0.3333333333333334	0	0	0	0	0	0
2	0	0.8698539454490437	2.065153441134905	1	0.2963719782870685	2.299236567775228	0	-2.299236567775228	1	0.0878363495137906	-1.889727905219649
0	0	0.8059964204742328	2.194003579525774	0	0.2686654734914103	0	0	0	0	0	0
0	3	0.00919488343460405	2.990805116565403	0	0.003064961144868009	0	1.003074384012408	1.003074384012408	0.9908332697336502	0.009166730266349843	0.824420453748004
6	0	1.000000000000002	1.983453939356042	1	0.3351819804584765	5.999999999999988	0	-5.999999999999988	0.9999999999999997	0.001418025289496305	-4.931361822541395
1	0	0.8059964204742328	2.194003579525774	1	0.2686654734914103	1.240700299154702	0	-1.240700299154702	1	0.2686654734914102	-1.0197236814112
4	0	1.000000000000002	2.000000000000005	1	0.3333333333333334	3.99999999999999	0	-3.99999999999999	1	0.01234567901234573	-3.287574548360928
3	0	0.8059964204742328	2.07493031638789	1	0.2797698428638683	3.722100897464107	0	-3.722100897464107	1	0.02189791152612797	-3.059171044233599
1	0	0.8059964204742328	2.194003579525774	1	0.2686654734914103	1.240700299154702	0	-1.240700299154702	1	0.2686654734914102	-1.0197236814112
1	1	0.830160351667656	2.072329144518416	0.5	0.2860166600976516	1.204586557273139	0.4825488280397599	-0.7220377292333791	0.9181944701465843	0.4902277903418878	-0.5934382153959955
1	0	0.1750348566341945	2.824965143365813	1	0.05834495221139804	5.713147765132865	0	-5.713147765132865	1	0.05834495221139802	-4.695599795918993
3	0	0.8059964204742329	2.000000000000005	1	0.2872407158445385	3.722100897464107	0	-3.722100897464107	1	0.02369943547402964	-3.059171044233599
0	0	0.8059964204742328	2.194003579525774	0	0.2686654734914103	0	0	0	0	0	0
0	1	0.8287235800059461	2.072907620954099	0	0.2856061031228749	0	0.4824141654415497	0.4824141654415497	0.7143938968771251	0.2856061031228749	0.3964931330186052
0	0	0.8059964204742328	2.07493031638789	0	0.2797698428638683	0	0	0	0	0	0
1	2	0.805996420474233	2.194003579525775	0.3333333333333333	0.2686654734914103	1.240700299154702	0.911575541017254	-0.329124758137448	0.822241748569396	0.6088455897893832	-0.2705055445220307
1	2	0.8060830628103128	2.193916937189694	0.3333333333333333	0.2686943542701036	1.240566941716427	0.911611541028489	-0.3289554006879377	0.8222076996878132	0.6088919286292758	-0.2703663507118844
6	6	1.000000000000003	2.000000000000005	0.5	0.3333333333333333	5.999999999999984	2.999999999999992	-2.999999999999992	0.933552360468989	0.1777224564909369	-2.465680911270696
1	0	0.8059964204742328	2.07493031638789	1	0.2797698428638682	1.240700299154702	0	-1.240700299154702	1	0.2797698428638682	-1.0197236814112
1	2	0.1714392988610048	2.828560701139003	0.3333333333333333	0.05714643295366813	5.832968325487347	0.7070733886653524	-5.125894936821994	0.9905761035056668	0.1618287784148459	-4.212940432967044
6	2	0.9998339137266348	1.938256773695439	0.75	0.3403005625411463	6.000996683175586	1.031855029293587	-4.969141653882	0.9970309851548385	0.02189359532923807	-4.084105907125657
1	0	1.000000000000003	1.806032749584569	1	0.3563750281061583	0.9999999999999973	0	-0.9999999999999973	1	0.3563750281061584	-0.8218936370902318
2	0	0.6968097326648826	2.303190267335124	1	0.2322699108882937	2.870223973983816	0	-2.870223973983816	1	0.05394931150405591	-2.359018821241144
0	1	0.901613536747796	2.000017664212249	0	0.3107264411995172	0	0.4999955839859404	0.4999955839859404	0.6892735588004828	0.3107264411995172	0.4109431890512601
1	0	0.8059964204742329	2.194003579525775	1	0.2686654734914102	1.240700299154702	0	-1.240700299154702	1	0.2686654734914102	-1.0197236814112
3	1	0.9994598465334426	1.935847798246184	0.75	0.3404957733513752	3.001621336170025	0.5165695365647899	-2.485051799605235	0.9865585258502172	0.1175803176592675	-2.042448261935178
1	0	1.000000000000002	2.000000000000005	1	0.3333333333333334	0.9999999999999976	0	-0.9999999999999976	1	0.3333333333333334	-0.821893637090232
1	0	0.8059964204742328	2.000000000000005	1	0.2872407158445385	1.240700299154702	0	-1.240700299154702	1	0.2872407158445385	-1.0197236814112
5	4	0.8061373708168285	2.193862629183178	0.5555555555555556	0.2687124569389422	6.202416834904564	1.823268215061071	-4.379148619843493	0.9854990364407222	0.06498595034064047	-3.599194386521847
3	0	0.8059964204742325	2.194003579525774	1	0.2686654734914103	3.722100897464109	0	-3.722100897464109	1	0.01939257925424342	-3.059171044233601
2	15	0.8062605075585926	2.192812547055229	0.1176470588235294	0.2688365681250174	2.480587826453419	6.840529994296044	4.359942167842624	0.1250564619323987	0.9646311650459417	3.583408725831254
8	0	1.000000000000001	2.000000000000003	1	0.3333333333333333	7.999999999999989	0	-7.999999999999989	1	0.000152415790275473	-6.575149096721863
0	0	0.8059964204742328	2.000000000000005	0	0.2872407158445385	0	0	0	0	0	0
5	0	0.9236324800578062	2.030300668952625	1	0.3126788703282684	5.413408588324082	0	-5.413408588324082	1	0.002988771210236774	-4.449246073713189
2	3	0.8059964204742328	2.194003579525774	0.4	0.2686654734914103	2.481400598309405	1.367363311525881	-1.114037286783524	0.8758272842925248	0.4065124150398784	-0.9156201574886464
2	0	0.8287855701139902	2.106221816469958	1	0.2823793813611532	2.413169427798945	0	-2.413169427798945	0.9999999999999999	0.07973811501790773	-1.983368597928634
2	0	1.000000000000003	2.000000000000005	1	0.3333333333333333	1.999999999999995	0	-1.999999999999995	1	0.1111111111111109	-1.643787274180464
4	0	1.637181055897011	1.172103380766726	1	0.5827751133101003	2.443223970612341	0	-2.443223970612341	1	0.1153463854854866	-2.00807023543262
3	2	0.8059964204742327	2.194003579525774	0.6	0.2686654734914103	3.722100897464108	0.9115755410172544	-2.810525356446854	0.9795485312144989	0.1241727157074752	-2.309952907344431
1	2	0.8060239064865407	2.193856662063222	0.3333333333333333	0.2686853319884658	1.2406579903554	0.9116365871045976	-0.329021403250802	0.8222183367202889	0.6088774528869139	-0.2704205977983342
5	0	1.118725866855766	1.79837047118047	1	0.3835066577228239	4.469370154149332	0	-4.469370154149332	1	0.008295919683080744	-3.673346891496335
4	0	0.8059964204742329	2.194003579525775	1	0.2686654734914102	4.962801196618809	0	-4.962801196618809	0.9999999999999999	0.005210116487561089	-4.078894725644798
5	2	0.869722710683997	1.325874941535566	0.7142857142857143	0.3961211699260023	5.748958764187875	1.508437890592981	-4.240520873594894	0.9821385029850941	0.09255093129420144	-3.485257123955964
3	0	0.9250696836121173	2.07493031638789	1	0.3083565612040383	3.242998936345971	0	-3.242998936345971	1	0.02931970398507577	-2.66540019087315
9	2	0.8667790089852107	2.034995278163644	0.8181818181818182	0.2987065578545968	10.38326944550357	0.9828032632118816	-9.400466182291686	0.9999546852945597	0.0005574268329450183	-7.72618334090746
7	1	0.9999585178943786	1.946937387468971	0.875	0.339326040011951	7.000290386785205	0.513627200564475	-6.48666318622073	0.9998242329309639	0.002913540463176711	-5.331347198702282
1	6	0.9995820875275933	2.000417912472415	0.1428571428571428	0.3331940291758635	1.000418087196261	2.999373262252139	1.998955175055878	0.2636313902199118	0.941386674808467	1.642928539207021
2	0	0.8699344540826889	2.065072932501259	1	0.2963994087576061	2.299023783474492	0	-2.299023783474492	1	0.08785260951185847	-1.889553019156801
6	0	1.800379913298435	1.198058120720039	1	0.6004392596653351	3.332629938648635	0	-3.332629938648635	0.9999999999999998	0.04686131644876068	-2.73906734135173
2	3	0.8699600853771541	2.031790355023215	0.4	0.299805273832274	2.298956048234028	1.476530288955783	-0.8224257592782456	0.8371775271466462	0.4713792164282665	-0.6759464985298945
1	0	1.000000000000002	1.806633348182909	1	0.3562987665087885	0.9999999999999976	0	-0.9999999999999976	1	0.3562987665087884	-0.821893637090232
7	4	0.9988412993417615	1.990718615716226	0.6363636363636364	0.3341098113841908	7.008120313620407	2.009324657146922	-4.998795656473485	0.9910370658009384	0.03911721731687412	-4.108478343169857
0	0	0.8059964204742328	2.000000000000005	0	0.2872407158445385	0	0	0	0	0	0
2	0	0.8287654228865499	2.072865778073495	1	0.2856205235911239	2.413228091773058	0	-2.413228091773058	0.9999999999999999	0.08157908349646792	-1.983416813475684
1	1	0.8059964204742329	2.194003579525774	0.5	0.2686654734914103	1.240700299154702	0.4557877705086271	-0.7849125286460752	0.9278188633536363	0.465149810336457	-0.6451146129666152
0	0	0	1.25997045366424	0	0	0	0	0	0	0	0
1	2	0.9250159701159807	2.074984029884027	0.3333333333333333	0.3083386567053262	1.081062416549	0.9638628400006445	-0.1171995765483559	0.7734110123434061	0.6691123854594141	-0.09632558623476352
3	0	1.805664175211175	1.193959687337394	1	0.6019635320799954	1.661438511759334	0	-1.661438511759334	1	0.2181275620415235	-1.365525741231664
0	0	0	1.25997045366424	0	0	0	0	0	0	0	0
0	0	0.9250696836121172	2.07493031638789	0	0.3083565612040383	0	0	0	0	0	0
1	0	1.000000000000003	2.000000000000005	1	0.3333333333333333	0.9999999999999973	0	-0.9999999999999973	1	0.3333333333333333	-0.8218936370902318
1	0	0.8059964204742328	2.194003579525774	1	0.2686654734914103	1.240700299154702	0	-1.240700299154702	1	0.2686654734914102	-1.0197236814112
0	0	1.000000000000002	2.000000000000005	0	0.3333333333333334	0	0	0	0	0	0
0	6	0.1743161231632048	2.825683876836803	0	0.05810537438773478	0	2.123379776904367	2.123379776904367	0.6982547730687259	0.3017452269312741	1.74519232776378
1	0	1.000000000000002	1.80604344464998	1	0.3563736698042248	0.9999999999999976	0	-0.9999999999999976	1	0.3563736698042248	-0.821893637090232
2	0	0.8059964204742329	2.07493031638789	1	0.2797698428638682	2.481400598309405	0	-2.481400598309405	1	0.07827116497607345	-2.039447362822399
2	1	0.8060903917911589	2.193909608208848	0.6666666666666666	0.268696797263719	2.481111324942027	0.455807293180333	-2.025304031761694	0.9806006369984313	0.1777951805762032	-1.664584496878133
4	0	1.676341195255265	1.204816028084598	1	0.5818291281279108	2.386149079508184	0	-2.386149079508184	0.9999999999999998	0.1145992665786185	-1.961160745596495
1	1	0.9999530158207525	2.000046984179255	0.5	0.33331767194025	1.000046986386864	0.4999882542311189	-0.5000587321557455	0.8888993295723319	0.5555346734528319	-0.4109950901302168
2	0	0.8059964204742329	2.07493031638789	1	0.2797698428638682	2.481400598309405	0	-2.481400598309405	1	0.07827116497607345	-2.039447362822399
1	4	0.9992719651830846	2.000728034816923	0.2	0.3330906550610274	1.000728565237775	1.999272230103989	0.9985436648662138	0.4613848014677048	0.868072900396843	0.8206966845103042
1	8	1.000000000000002	2.000000000000005	0.1111111111111111	0.3333333333333334	0.9999999999999976	3.99999999999999	2.999999999999993	0.143067621805619	0.9739877051262511	2.465680911270696
2	0	1.676045518610533	1.204858693212663	1	0.5817775932056547	1.193285013916585	0	-1.193285013916585	1	0.3384651679561642	-0.9807533601731728
0	1	1.675355067867809	1.205687239620526	0	0.5815100540222082	0	0.8294024910761573	0.8294024910761573	0.4184899459777918	0.5815100540222082	0.6816806300022833
2	1	1.000000000000002	1.999668807247926	0.6666666666666666	0.3333701365909995	1.999999999999995	0.5000828119013693	-1.499917188098626	0.9629506938558778	0.259308331623861	-1.232772393060536
0	1	0.8060903247615981	2.19390967523841	0	0.268696774920532	0	0.4558072792542524	0.4558072792542524	0.731303225079468	0.268696774920532	0.3746251025584815
1	1	0.9251423726012438	2.074857627398763	0.5	0.3083807908670805	1.080914710660455	0.4819607797638116	-0.5989539308966431	0.9049012878241938	0.5216628695583552	-0.4922764247141346
0	2	0.0002076346555580545	2.99979236534445	0	6.921155185268464e-05	0	0.666712810894947	0.666712810894947	0.9998615816865335	0.000138418313466504	0.5479670170411014
0	0	0	1.25997045366424	0	0	0	0	0	0	0	0
2	0	1.000000000000002	2.000000000000005	1	0.3333333333333334	1.999999999999995	0	-1.999999999999995	1	0.111111111111111	-1.643787274180464
0	0	0.8059964204742328	2.07493031638789	0	0.2797698428638683	0	0	0	0	0	0
3	0	0.8287556171879479	1.365247962337827	1	0.3777366750545959	3.619884967029611	0	-3.619884967029611	1	0.05389735584883404	-2.975160421400229
9	1	0.8529002536812811	2.048802602884869	0.9	0.2939309418782444	10.5522304175128	0.4880899695226491	-10.06414044799015	0.9999951865877029	0.0001204392618712191	-8.271652996985564
0	0	1.000000000000002	2.000000000000005	0	0.3333333333333334	0	0	0	0	0	0
0	0	0.8059964204742328	2.194003579525774	0	0.2686654734914103	0	0	0	0	0	0
0	0	0.9250696836121172	2.07493031638789	0	0.3083565612040383	0	0	0	0	0	0
5	1	0.9421318054770242	2.055814800171521	0.8333333333333334	0.3142590344010523	5.307113050353266	0.486425139033228	-4.820687911320038	0.9990367774739654	0.01357424221586201	-3.962092720711749
0	0	0.8059964204742328	2.07493031638789	0	0.2797698428638683	0	0	0	0	0	0
1	1	0.8059964204742328	2.194003579525774	0.5	0.2686654734914103	1.240700299154702	0.4557877705086271	-0.7849125286460754	0.9278188633536364	0.4651498103364569	-0.6451146129666154
1	0	0.9250696836121173	2.07493031638789	1	0.3083565612040383	1.080999645448657	0	-1.080999645448657	1	0.3083565612040383	-0.8884667302910502
0	0	0.8059964204742328	2.07493031638789	0	0.2797698428638683	0	0	0	0	0	0
1	0	0.9250696836121173	2.07493031638789	1	0.3083565612040383	1.080999645448657	0	-1.080999645448657	1	0.3083565612040383	-0.8884667302910502