Observed S Changes	Observed NS Changes	E[S Sites]	E[NS Sites]	Observed S. Prop.	P{S}	dS	dN	dN-dS	P{S leq. observed}	P{S geq. observed}	Scaled dN-dS
0	0	0	3.000000000000001	0	0	0	0	0	0	0	0
1	1	0.8347791053747973	2.042722668949179	0.5	0.29010550499866	1.197921693968397	0.4895427143393977	-0.7083789796289991	0.9158387959694725	0.4960498059667925	-3.696941367240957
0	0	1	2	0	0.3333333333333333	0	0	0	0	0	0
0	0	0.9060046064187722	2.093995393581229	0	0.302001535472924	0	0	0	0	0	0
0	0	0.9060046064187722	2.093995393581229	0	0.302001535472924	0	0	0	0	0	0
0	0	1	2	0	0.3333333333333333	0	0	0	0	0	0
0	1	1.589423719716997	1.26188875232266	0	0.5574358248361392	0	0.7924628840374228	0.7924628840374228	0.4425641751638608	0.5574358248361392	4.135764756226102
0	0	0.7569409665579233	2.243059033442077	0	0.2523136555193077	0	0	0	0	0	0
0	0	0.7569409665579233	2	0	0.274558278809638	0	0	0	0	0	0
0	0	0.9060046064187722	2.093995393581229	0	0.302001535472924	0	0	0	0	0	0
1	1	1.725834459923423	1.274165540076577	0.5	0.5752781533078078	0.5794298487030852	0.7848273780343333	0.2053975293312481	0.6690550463267584	0.819611352942374	1.071944036667309
0	0	0.7569409665579233	2.093995393581229	0	0.2655060902590536	0	0	0	0	0	0
1	0	1.755264290834276	1.243230336658517	1	0.5853818361855628	0.5697147747047828	0	-0.5697147747047828	1	0.5853818361855628	-2.973270210865884
0	0	1	2	0	0.3333333333333333	0	0	0	0	0	0
2	0	0.7569409665579233	2.243059033442077	1	0.2523136555193077	2.642213974881956	0	-2.642213974881956	1	0.06366218076151586	-13.7893845324986
1	1	1	2	0.5	0.3333333333333333	1	0.5	-0.5	0.8888888888888891	0.5555555555555555	-2.609437514067092
0	0	0.7839239573440724	1.459135076098005	0	0.3494887765575679	0	0	0	0	0	0
0	1	0.7839239573440724	2.095619467895856	0	0.2722389773575838	0	0.4771858704882465	0.4771858704882465	0.7277610226424162	0.2722389773575838	2.490373423269583
0	1	0.9978649179766005	2.0021350820234	0	0.3326216393255335	0	0.4994667987083964	0.4994667987083964	0.6673783606744665	0.3326216393255335	2.606654803161373
0	0	1	2	0	0.3333333333333333	0	0	0	0	0	0
0	1	0.9994557897298545	1.917531073974482	0	0.342632941603524	0	0.5215039347066704	0.5215039347066704	0.657367058396476	0.342632941603524	2.721663861914362
0	0	0.7569409665579233	2.243059033442077	0	0.2523136555193077	0	0	0	0	0	0
0	1	0.7569409665579232	2.243059033442077	0	0.2523136555193077	0	0.4458197421872817	0.4458197421872817	0.7476863444806923	0.2523136555193077	2.326677519550425
0	0	0.7569409665579232	2.243059033442077	0	0.2523136555193077	0	0	0	0	0	0
0	0	0.7569409665579233	2.243059033442077	0	0.2523136555193077	0	0	0	0	0	0
0	0	1	2	0	0.3333333333333333	0	0	0	0	0	0
0	0	1	2	0	0.3333333333333333	0	0	0	0	0	0
0	0	1	2	0	0.3333333333333333	0	0	0	0	0	0
0	0	1.756940966557924	1.243059033442077	0	0.585646988852641	0	0	0	0	0	0
0	0	0.7569409665579233	2.093995393581229	0	0.2655060902590536	0	0	0	0	0	0
0	0	1	2	0	0.3333333333333333	0	0	0	0	0	0
0	0	1	2	0	0.3333333333333333	0	0	0	0	0	0
1	0	0.7569409665579231	2.243059033442077	1	0.2523136555193077	1.321106987440978	0	-1.321106987440978	1	0.2523136555193077	-6.894692266249303
0	0	0.7569409665579233	2.243059033442077	0	0.2523136555193077	0	0	0	0	0	0
0	0	1	2	0	0.3333333333333333	0	0	0	0	0	0
0	0	1	2	0	0.3333333333333333	0	0	0	0	0	0
0	0	1	2	0	0.3333333333333333	0	0	0	0	0	0
1	0	0.7569409665579232	2.243059033442077	1	0.2523136555193077	1.321106987440978	0	-1.321106987440978	1	0.2523136555193077	-6.894692266249302
0	0	1	1.921594357595401	0	0.3422788647576125	0	0	0	0	0	0
0	0	1	2	0	0.3333333333333333	0	0	0	0	0	0
0	0	0.2160760426559279	2.783923957344073	0	0.07202534755197597	0	0	0	0	0	0
0	0	1	2	0	0.3333333333333333	0	0	0	0	0	0
0	0	0.7839239573440724	2.092329366999134	0	0.2725503872379119	0	0	0	0	0	0
0	0	1	2	0	0.3333333333333333	0	0	0	0	0	0
0	0	0.9060046064187722	2.093995393581229	0	0.302001535472924	0	0	0	0	0	0
4	0	1	2	1	0.3333333333333333	4	0	-4	1	0.01234567901234551	-20.87550011253674
0	0	0.7569409665579233	2.243059033442077	0	0.2523136555193077	0	0	0	0	0	0
0	0	0.7569409665579233	2.243059033442077	0	0.2523136555193077	0	0	0	0	0	0
0	0	0.9351730868853128	1.307885946556765	0	0.4169186244956944	0	0	0	0	0	0
0	0	0.9060046064187722	2.093995393581229	0	0.302001535472924	0	0	0	0	0	0
0	0	0.7839239573440724	2.133062906360264	0	0.2687444249743903	0	0	0	0	0	0
2	0	1	2	1	0.3333333333333333	2	0	-2	1	0.1111111111111109	-10.43775005626837
0	0	1	2	0	0.3333333333333333	0	0	0	0	0	0
0	0	0.7569409665579233	2.243059033442077	0	0.2523136555193077	0	0	0	0	0	0
0	0	1	2	0	0.3333333333333333	0	0	0	0	0	0
0	0	1	2	0	0.3333333333333333	0	0	0	0	0	0
0	0	0.8306911685181853	2.086295695186151	0	0.2847771372762629	0	0	0	0	0	0
1	0	1.754001632100078	1.243359340436279	1	0.585181981139845	0.5701248970918533	0	-0.5701248970918533	1	0.585181981139845	-2.975410588350245
0	0	1	2	0	0.3333333333333333	0	0	0	0	0	0
1	0	0.8330885345657396	1.409970498876338	1	0.3714073156992783	1.200352613808646	0	-1.200352613808646	1	0.3714073156992783	-6.26449028116154
0	0	0.7569409665579233	2.243059033442077	0	0.2523136555193077	0	0	0	0	0	0
0	0	1	2	0	0.3333333333333333	0	0	0	0	0	0
1	0	1	1.758366164946396	1	0.3625334492237122	1	0	-1	1	0.3625334492237122	-5.218875028134184
0	0	0.6673737557165311	2.33262624428347	0	0.222457918572177	0	0	0	0	0	0
0	0	1	2	0	0.3333333333333333	0	0	0	0	0	0
1	2	0.8330851762406336	2.0847397757026	0.3333333333333333	0.2855158174193451	1.200357452658783	0.9593523485807524	-0.2410051040780304	0.8019922428795052	0.6352646507028328	-1.257775519325713
0	0	0.2160760426559279	2.783923957344073	0	0.07202534755197597	0	0	0	0	0	0
0	0	0.7569409665579233	2.093995393581229	0	0.2655060902590536	0	0	0	0	0	0
0	0	0.7569409665579232	2.243059033442077	0	0.2523136555193077	0	0	0	0	0	0
0	0	0.7569409665579233	2.243059033442077	0	0.2523136555193077	0	0	0	0	0	0
0	0	1	2	0	0.3333333333333333	0	0	0	0	0	0
1	0	0.7569409665579233	2.243059033442077	1	0.2523136555193077	1.321106987440978	0	-1.321106987440978	1	0.2523136555193077	-6.894692266249301
0	0	0.833973727408672	1.409085306033405	0	0.3718019521443005	0	0	0	0	0	0
0	0	0.9060046064187723	2.093995393581229	0	0.302001535472924	0	0	0	0	0	0
0	0	1	2	0	0.3333333333333333	0	0	0	0	0	0
0	0	0.7569409665579233	2.243059033442077	0	0.2523136555193077	0	0	0	0	0	0
0	0	1	1.916986863704336	0	0.3428195075003119	0	0	0	0	0	0
0	2	0.7839239573440724	2.130078765367616	0	0.269019637913919	0	0.9389324153254182	0.9389324153254182	0.5343322897554981	0.4656677102445019	4.900170935447539
0	0	0.7569409665579232	2.243059033442077	0	0.2523136555193077	0	0	0	0	0	0
0	0	0.7569409665579232	2.093995393581229	0	0.2655060902590535	0	0	0	0	0	0
0	0	1	2	0	0.3333333333333333	0	0	0	0	0	0
0	0	1.756940966557924	1.243059033442077	0	0.585646988852641	0	0	0	0	0	0
0	0	0.2160760426559279	2.783923957344073	0	0.07202534755197597	0	0	0	0	0	0
0	0	0.7569409665579233	2.243059033442077	0	0.2523136555193077	0	0	0	0	0	0
0	0	1	2	0	0.3333333333333333	0	0	0	0	0	0
0	0	1.756940966557924	1.243059033442077	0	0.585646988852641	0	0	0	0	0	0
0	0	1.590914693966595	1.260021666172557	0	0.5580323420088353	0	0	0	0	0	0
0	0	1	1.916986863704336	0	0.3428195075003119	0	0	0	0	0	0
0	0	0.7569409665579233	2.243059033442077	0	0.2523136555193077	0	0	0	0	0	0
0	0	1	2	0	0.3333333333333333	0	0	0	0	0	0
0	2	0.8291136618518403	1.461701451983755	0	0.3619295406444324	0	1.368268463635779	1.368268463635779	0.4071339111022251	0.5928660888977749	7.140822116652292
0	0	0.7569409665579233	2.093995393581229	0	0.2655060902590536	0	0	0	0	0	0
0	0	0.7569409665579233	2.243059033442077	0	0.2523136555193077	0	0	0	0	0	0
0	1	0.9883488468429088	2.011651153157092	0	0.3294496156143029	0	0.4971040821022058	0.4971040821022058	0.6705503843856971	0.3294496156143029	2.594324080466767
0	0	0.7569409665579233	2.243059033442077	0	0.2523136555193077	0	0	0	0	0	0
0	0	0.7839239573440724	1.459135076098005	0	0.3494887765575679	0	0	0	0	0	0
0	0	0.7569409665579232	2.243059033442077	0	0.2523136555193077	0	0	0	0	0	0
1	0	0.83270623902661	2.043547085316596	1	0.2895107437091824	1.200903695844705	0	-1.200903695844705	1	0.2895107437091824	-6.267366309437978
0	2	0.7867278366774053	2.089525487665801	0	0.2735252246451745	0	0.957155110959757	0.957155110959757	0.5277655992268442	0.4722344007731558	4.99527290663888
0	0	0	1.332052545182657	0	0	0	0	0	0	0	0
1	0	0.7569409665579232	2.243059033442077	1	0.2523136555193077	1.321106987440978	0	-1.321106987440978	1	0.2523136555193077	-6.894692266249302
0	0	1	2	0	0.3333333333333333	0	0	0	0	0	0
0	0	0.7569409665579233	2.243059033442077	0	0.2523136555193077	0	0	0	0	0	0
1	0	0.9990518255515427	2.000948174448457	1	0.3330172751838475	1.000949074336493	0	-1.000949074336493	1	0.3330172751838476	-5.22382812848875
0	0	0.7839239573440724	2.133062906360264	0	0.2687444249743903	0	0	0	0	0	0
0	0	1.093328054724908	1.432754710888566	0	0.4328156106394981	0	0	0	0	0	0
0	0	0.7569409665579233	2.243059033442077	0	0.2523136555193077	0	0	0	0	0	0
0	0	0.7839239573440724	2.092329366999134	0	0.2725503872379119	0	0	0	0	0	0
0	0	1	2	0	0.3333333333333333	0	0	0	0	0	0
0	0	0.7569409665579232	2.049045921296949	0	0.2697592671705574	0	0	0	0	0	0
0	0	0.7569409665579233	2.243059033442077	0	0.2523136555193077	0	0	0	0	0	0
0	1	0.7569409665579233	2.243059033442077	0	0.2523136555193077	0	0.4458197421872817	0.4458197421872817	0.7476863444806923	0.2523136555193077	2.326677519550425
0	0	0.7569409665579233	2.093995393581229	0	0.2655060902590536	0	0	0	0	0	0
0	0	0.7569409665579233	2	0	0.274558278809638	0	0	0	0	0	0
0	0	1	2	0	0.3333333333333333	0	0	0	0	0	0
0	0	0.7569409665579233	2	0	0.274558278809638	0	0	0	0	0	0
0	0	0.7569409665579233	2.243059033442077	0	0.2523136555193077	0	0	0	0	0	0
0	0	1	2	0	0.3333333333333333	0	0	0	0	0	0
0	0	1	2	0	0.3333333333333333	0	0	0	0	0	0
0	0	0.7569409665579233	2.243059033442077	0	0.2523136555193077	0	0	0	0	0	0
0	0	0.7569409665579233	2	0	0.274558278809638	0	0	0	0	0	0
0	0	1	2	0	0.3333333333333333	0	0	0	0	0	0
0	0	1	2	0	0.3333333333333333	0	0	0	0	0	0
1	0	1	2	1	0.3333333333333333	1	0	-1	1	0.3333333333333333	-5.218875028134184
1	0	0.9246537556282424	2.071268299743053	1	0.3086374540253674	1.081485900979837	0	-1.081485900979837	1	0.3086374540253674	-5.644139761902871
0	0	1	1.756940966557924	0	0.362720860595181	0	0	0	0	0	0
0	0	1.756940966557924	1.243059033442077	0	0.585646988852641	0	0	0	0	0	0
0	1	0.9990507447973985	2.000949255202602	0	0.3330169149324662	0	0.4997627987815949	0.4997627987815949	0.6669830850675338	0.3330169149324662	2.608199590551715
0	0	1	2	0	0.3333333333333333	0	0	0	0	0	0
0	0	1	1.761845608209146	0	0.3620767203741077	0	0	0	0	0	0
0	0	1	2	0	0.3333333333333333	0	0	0	0	0	0
0	0	1	2	0	0.3333333333333333	0	0	0	0	0	0
0	0	1	2	0	0.3333333333333333	0	0	0	0	0	0
0	0	1.756940966557924	1.243059033442077	0	0.585646988852641	0	0	0	0	0	0
0	0	0.8334688525279107	2.083518011176425	0	0.2857293815404685	0	0	0	0	0	0
0	0	0.7569409665579233	2.243059033442077	0	0.2523136555193077	0	0	0	0	0	0
0	2	0.7569409665579232	2.243059033442077	0	0.2523136555193077	0	0.8916394843745633	0.8916394843745633	0.5590348697229004	0.4409651302770996	4.653355039100849
0	1	0.7569409665579233	2.243059033442078	0	0.2523136555193077	0	0.4458197421872815	0.4458197421872815	0.7476863444806923	0.2523136555193077	2.326677519550424
0	0	0.7839239573440724	2.133062906360264	0	0.2687444249743903	0	0	0	0	0	0
0	1	0.7569409665579233	2.243059033442077	0	0.2523136555193077	0	0.4458197421872817	0.4458197421872817	0.7476863444806923	0.2523136555193077	2.326677519550425
0	0	0.7569409665579233	2.243059033442077	0	0.2523136555193077	0	0	0	0	0	0
0	0	0.7569409665579233	2.243059033442077	0	0.2523136555193077	0	0	0	0	0	0
0	0	0	1.332052545182657	0	0	0	0	0	0	0	0
0	0	1	2	0	0.3333333333333333	0	0	0	0	0	0
1	0	1	1.917824197138066	1	0.3427211279489852	0.9999999999999998	0	-0.9999999999999998	1	0.3427211279489852	-5.218875028134184
0	0	1	2	0	0.3333333333333333	0	0	0	0	0	0
0	0	1	2	0	0.3333333333333333	0	0	0	0	0	0
0	0	0.7839239573440724	1.459135076098005	0	0.3494887765575679	0	0	0	0	0	0
1	0	0.7569409665579233	2.243059033442077	1	0.2523136555193077	1.321106987440978	0	-1.321106987440978	1	0.2523136555193077	-6.894692266249301
0	0	1	1.916986863704336	0	0.3428195075003119	0	0	0	0	0	0
0	1	1	2	0	0.3333333333333333	0	0.4999999999999999	0.4999999999999999	0.6666666666666667	0.3333333333333333	2.609437514067092
0	0	0.7569409665579233	2.243059033442077	0	0.2523136555193077	0	0	0	0	0	0
1	0	1	1.99199023913473	1	0.3342256892820599	0.9999999999999998	0	-0.9999999999999998	1	0.3342256892820599	-5.218875028134184
0	1	1	2	0	0.3333333333333333	0	0.5	0.5	0.6666666666666667	0.3333333333333333	2.609437514067092
0	0	0.7569409665579233	2.093995393581229	0	0.2655060902590536	0	0	0	0	0	0
0	1	0.3397228885454301	2.630243335260828	0	0.1143861118090586	0	0.3801929603219905	0.3801929603219905	0.8856138881909414	0.1143861118090586	1.984179546496847
0	0	0.9263030944078059	2.073696905592195	0	0.3087676981359352	0	0	0	0	0	0
0	0	0.9087620168626293	1.97819215337636	0	0.314782280311502	0	0	0	0	0	0
0	0	1	2	0	0.3333333333333333	0	0	0	0	0	0
0	2	0.7592077862118819	2.233296708270311	0	0.2537031398321262	0	0.8955370742246784	0.8955370742246784	0.5569590034964271	0.4430409965035729	4.673696073439524
0	0	0.7569409665579232	2.243059033442077	0	0.2523136555193077	0	0	0	0	0	0
0	1	0.7593931297697123	2.240606870230288	0	0.2531310432565708	0	0.4463076558795077	0.4463076558795077	0.7468689567434292	0.2531310432565708	2.329223880134668
0	0	0.7569409665579233	2.243059033442077	0	0.2523136555193077	0	0	0	0	0	0
0	0	0.7569409665579233	2.243059033442077	0	0.2523136555193077	0	0	0	0	0	0
0	0	0.7569409665579233	2.243059033442077	0	0.2523136555193077	0	0	0	0	0	0
0	0	0.8762533243432062	2	0	0.3046509557857874	0	0	0	0	0	0
0	0	1.569678109872085	1.241375128372442	0	0.5583950131276532	0	0	0	0	0	0
0	0	0.7569409665579233	2.243059033442077	0	0.2523136555193077	0	0	0	0	0	0
0	0	0	1.332052545182657	0	0	0	0	0	0	0	0
1	0	1.590535925605877	1.259689092980738	1	0.5580387215864803	0.6287189015357034	0	-0.6287189015357034	1	0.5580387215864803	-3.281205374940638
0	0	1	2	0	0.3333333333333333	0	0	0	0	0	0
1	0	0.7569409665579231	2.243059033442077	1	0.2523136555193077	1.321106987440978	0	-1.321106987440978	1	0.2523136555193077	-6.894692266249303
0	1	1.527167757932486	1.229773208625437	0	0.5539356034304844	0	0.8131580627925182	0.8131580627925182	0.4460643965695156	0.5539356034304844	4.243770307833842
0	0	0.7644431461366711	2.201151113209596	0	0.2577706453698033	0	0	0	0	0	0
0	1	0.7569409665579231	2.236927836819862	0	0.2528303730958138	0	0.4470416897407179	0.4470416897407179	0.7471696269041862	0.2528303730958138	2.333054711122743
0	0	0.7876994013520581	2.090426999452134	0	0.2736847836606353	0	0	0	0	0	0
1	0	0.7569409665579231	2	1	0.274558278809638	1.321106987440978	0	-1.321106987440978	1	0.2745582788096379	-6.894692266249303
0	1	1	1.988348846842909	0	0.3346329532632935	0	0.5029298563920488	0.5029298563920488	0.6653670467367065	0.3346329532632935	2.624728068427575
0	0	1	2	0	0.3333333333333333	0	0	0	0	0	0
4	0	1.587125460737155	1.256694573626422	1	0.5580963076281092	2.520279649563534	0	-2.520279649563534	1	0.09701448820330505	-13.1530245270219
0	0	0.7569409665579233	2.243059033442077	0	0.2523136555193077	0	0	0	0	0	0
0	0	1	2	0	0.3333333333333333	0	0	0	0	0	0
0	0	1	2	0	0.3333333333333333	0	0	0	0	0	0
0	0	0	3.000000000000001	0	0	0	0	0	0	0	0
1	0	1	2	1	0.3333333333333333	0.9999999999999998	0	-0.9999999999999998	1	0.3333333333333333	-5.218875028134184
1	0	0.7569409665579233	2.243059033442077	1	0.2523136555193077	1.321106987440978	0	-1.321106987440978	1	0.2523136555193077	-6.894692266249301
0	0	0.7569409665579233	2.243059033442077	0	0.2523136555193077	0	0	0	0	0	0
0	0	0.7859456812893647	2.131041182414973	0	0.269437511381617	0	0	0	0	0	0
0	0	0.7839239573440723	1.612813674081707	0	0.3270795881306912	0	0	0	0	0	0
0	0	0.7569409665579233	2.243059033442077	0	0.2523136555193077	0	0	0	0	0	0
0	0	0.7569409665579233	2.243059033442077	0	0.2523136555193077	0	0	0	0	0	0
0	0	0.7839239573440724	2.092329366999134	0	0.2725503872379119	0	0	0	0	0	0
1	0	1.596385919298057	1.259462680028769	1	0.5589882879906005	0.6264149463556455	0	-0.6264149463556455	1	0.5589882879906005	-3.269181320785493
1	0	0.7569409665579232	2	1	0.274558278809638	1.321106987440978	0	-1.321106987440978	1	0.274558278809638	-6.894692266249302
0	0	0.9060046064187722	2.093995393581229	0	0.302001535472924	0	0	0	0	0	0
0	0	0	1.332052545182657	0	0	0	0	0	0	0	0
1	0	1	1.998952541568925	1	0.333449758253541	0.9999999999999998	0	-0.9999999999999998	1	0.333449758253541	-5.218875028134184
1	0	1	2	1	0.3333333333333333	0.9999999999999998	0	-0.9999999999999998	1	0.3333333333333333	-5.218875028134184
0	0	0.7569409665579233	2.243059033442077	0	0.2523136555193077	0	0	0	0	0	0
0	0	0.7569409665579233	2.243059033442077	0	0.2523136555193077	0	0	0	0	0	0
1	0	1	2.000000000000001	1	0.3333333333333333	0.9999999999999996	0	-0.9999999999999996	1	0.3333333333333333	-5.218875028134182
0	0	1	2	0	0.3333333333333333	0	0	0	0	0	0
1	0	1	2	1	0.3333333333333333	0.9999999999999998	0	-0.9999999999999998	1	0.3333333333333333	-5.218875028134184
0	1	0.7569409665579231	2.243059033442077	0	0.2523136555193077	0	0.4458197421872817	0.4458197421872817	0.7476863444806923	0.2523136555193077	2.326677519550425
1	0	0.8101568671694208	2.100502197827519	1	0.2783413821674345	1.234328857192639	0	-1.234328857192639	1	0.2783413821674345	-6.44180804930807
0	0	0.7569409665579233	2.243059033442077	0	0.2523136555193077	0	0	0	0	0	0
1	0	0.7844297978404671	1.45862923560161	1	0.3497142902372585	1.274811337806133	0	-1.274811337806133	1	0.3497142902372585	-6.653081056458757
1	1	0.9116959786963371	2.088304021303664	0.5	0.3038986595654456	1.096856872649512	0.4788574794659116	-0.6179993931836	0.9076456047143254	0.5154429238452165	-3.225261600487969
0	1	0.7600122317336746	2.239987768266326	0	0.2533374105778914	0	0.4464310092076823	0.4464310092076823	0.7466625894221086	0.2533374105778914	2.329867645738716
1	0	1.745468665873882	1.254531334126119	1	0.5818228886246272	0.5729120319094027	0	-0.5729120319094027	1	0.5818228886246272	-2.989956296649597
0	0	0.7569409665579233	2	0	0.274558278809638	0	0	0	0	0	0
0	0	1	2	0	0.3333333333333333	0	0	0	0	0	0
0	1	0.7832406249872886	1.478987605032128	0	0.3462252900011624	0	0.6761381884456544	0.6761381884456544	0.6537747099988376	0.3462252900011624	3.528680707246911
0	0	1	1.896867785866732	0	0.3452004281585823	0	0	0	0	0	0
0	1	1	1.760624802469593	0	0.3622368382351063	0	0.5679801844193721	0.5679801844193721	0.6377631617648938	0.3622368382351062	2.96421760094131
0	0	1	1.916986863704336	0	0.3428195075003119	0	0	0	0	0	0
0	0	0.8762533243432062	2	0	0.3046509557857874	0	0	0	0	0	0
0	0	0.9060046064187722	2.093995393581229	0	0.302001535472924	0	0	0	0	0	0
0	0	1	2	0	0.3333333333333333	0	0	0	0	0	0
0	0	1	2	0	0.3333333333333333	0	0	0	0	0	0
0	0	1	2	0	0.3333333333333333	0	0	0	0	0	0
0	0	1	2	0	0.3333333333333333	0	0	0	0	0	0
0	0	0.7839239573440724	2.092329366999134	0	0.2725503872379119	0	0	0	0	0	0
1	0	0.8786524844494642	2.003532697065806	1	0.3048563604048246	1.138106381872429	0	-1.138106381872429	1	0.3048563604048247	-5.939634975714166
0	0	0.7569409665579233	2.243059033442077	0	0.2523136555193077	0	0	0	0	0	0
0	0	0.7839239573440724	1.459135076098005	0	0.3494887765575679	0	0	0	0	0	0
0	0	0.7839239573440724	1.459135076098005	0	0.3494887765575679	0	0	0	0	0	0
0	0	1	2	0	0.3333333333333333	0	0	0	0	0	0
0	0	1	2	0	0.3333333333333333	0	0	0	0	0	0
0	0	0.9060046064187721	2.093995393581229	0	0.302001535472924	0	0	0	0	0	0
0	0	1	2	0	0.3333333333333333	0	0	0	0	0	0
1	1	0.7569409665579233	2.243059033442077	0.5	0.2523136555193077	1.321106987440978	0.4458197421872817	-0.8752872452536962	0.9363378192384841	0.4409651302770996	-4.568014746698877
0	0	0.9060046064187722	2.093995393581229	0	0.302001535472924	0	0	0	0	0	0
0	0	1	1.916986863704336	0	0.3428195075003119	0	0	0	0	0	0
1	0	1	2	1	0.3333333333333333	0.9999999999999998	0	-0.9999999999999998	1	0.3333333333333333	-5.218875028134184
0	0	0.8762533243432062	2	0	0.3046509557857874	0	0	0	0	0	0
0	0	1	2	0	0.3333333333333333	0	0	0	0	0	0
1	0	0.8992008497023584	1.971103869266093	1	0.3132771387511494	1.112098593246444	0	-1.112098593246444	1	0.3132771387511494	-5.803903577117024
1	1	0.6467662382819449	2.353233761718056	0.5	0.2155887460939816	1.546153680897719	0.4249471583604669	-1.121206522537252	0.9535214925576246	0.3846989847455879	-5.85143672185083
1	0	0.9260506569674251	2.073325198425755	1	0.3087477867444631	1.079854533308944	0	-1.079854533308944	1	0.3087477867444631	-5.635625857903543
0	3	0.7569409665579233	2.243059033442078	0	0.2523136555193077	0	1.337459226561845	1.337459226561845	0.4179827381803555	0.5820172618196445	6.980032558651271
0	1	0.9091021280963693	2.090897871903631	0	0.3030340426987897	0	0.4782634357409158	0.4782634357409158	0.6969659573012104	0.3030340426987896	2.495997101657924
0	0	1	2	0	0.3333333333333333	0	0	0	0	0	0
0	0	0.7569409665579233	2.243059033442077	0	0.2523136555193077	0	0	0	0	0	0
0	0	0.8762533243432062	2	0	0.3046509557857874	0	0	0	0	0	0
0	0	0.3742609583540005	2.625739041646	0	0.1247536527846668	0	0	0	0	0	0
0	0	0.7569409665579233	2.243059033442077	0	0.2523136555193077	0	0	0	0	0	0
0	0	0.9060046064187722	2.093995393581229	0	0.302001535472924	0	0	0	0	0	0
0	0	0.7569409665579233	2	0	0.274558278809638	0	0	0	0	0	0
0	0	0	1.332052545182657	0	0	0	0	0	0	0	0
0	0	1	2	0	0.3333333333333333	0	0	0	0	0	0
0	0	0.2160760426559279	2.783923957344073	0	0.07202534755197597	0	0	0	0	0	0
0	0	1	2	0	0.3333333333333333	0	0	0	0	0	0
0	0	0.7839239573440724	2.092329366999134	0	0.2725503872379119	0	0	0	0	0	0
1	0	1	2	1	0.3333333333333333	1	0	-1	1	0.3333333333333333	-5.218875028134184
1	0	1	1.918456530933259	1	0.3426468715229491	0.9999999999999998	0	-0.9999999999999998	1	0.3426468715229491	-5.218875028134184
0	0	0.7569409665579233	2.243059033442077	0	0.2523136555193077	0	0	0	0	0	0
0	1	0.2246824232165311	2.77344205526395	0	0.07494099222004462	0	0.36056278807124	0.36056278807124	0.9250590077799554	0.07494099222004458	1.881732130739433
0	0	1	2	0	0.3333333333333333	0	0	0	0	0	0
0	0	1.590914693966595	1.260021666172557	0	0.5580323420088353	0	0	0	0	0	0
0	0	0.9060046064187722	2.093995393581229	0	0.302001535472924	0	0	0	0	0	0
0	0	0.7569409665579233	2.243059033442077	0	0.2523136555193077	0	0	0	0	0	0
0	0	0.7569409665579233	2.243059033442077	0	0.2523136555193077	0	0	0	0	0	0
1	0	1	2	1	0.3333333333333333	0.9999999999999998	0	-0.9999999999999998	1	0.3333333333333333	-5.218875028134184
0	0	1	2	0	0.3333333333333333	0	0	0	0	0	0
2	0	0.7569409665579231	2.243059033442076	1	0.2523136555193077	2.642213974881956	0	-2.642213974881956	1	0.06366218076151586	-13.78938453249861
0	0	1.756940966557924	1.243059033442077	0	0.585646988852641	0	0	0	0	0	0
1	0	0.9060046064187722	2.093995393581229	1	0.302001535472924	1.103747147547925	0	-1.103747147547925	1	0.302001535472924	-5.7603184257122
0	0	1	2	0	0.3333333333333333	0	0	0	0	0	0
0	0	1	2	0	0.3333333333333333	0	0	0	0	0	0
0	0	0.9702333225930441	2.029766677406956	0	0.3234111075310147	0	0	0	0	0	0
0	0	1	2	0	0.3333333333333333	0	0	0	0	0	0
0	0	0.7569409665579233	2	0	0.274558278809638	0	0	0	0	0	0
0	0	0.7569409665579233	2.243059033442077	0	0.2523136555193077	0	0	0	0	0	0
0	1	0.7855585594203328	2.090694764922874	0	0.2731186967336111	0	0.4783098981150844	0.4783098981150844	0.726881303266389	0.273118696733611	2.49623958298222
0	1	0.2057183323050292	2.794281667694972	0	0.0685727774350097	0	0.357873728894664	0.357873728894664	0.9314272225649903	0.06857277743500967	1.867698266953625
2	4	1.119629480683841	1.137777250994072	0.3333333333333333	0.4959803942161675	1.786305232672554	3.515626627712248	1.729321395039694	0.3513167289720973	0.886811015990614	9.025112244190831
0	0	0.7569409665579233	2.243059033442077	0	0.2523136555193077	0	0	0	0	0	0
0	0	1	2	0	0.3333333333333333	0	0	0	0	0	0
0	0	0.7839239573440724	2.092329366999134	0	0.2725503872379119	0	0	0	0	0	0
0	0	0.7569409665579233	2.243059033442077	0	0.2523136555193077	0	0	0	0	0	0
0	0	1	1.756940966557924	0	0.362720860595181	0	0	0	0	0	0
0	0	0.2160760426559279	2.783923957344073	0	0.07202534755197597	0	0	0	0	0	0
0	0	0	3.000000000000001	0	0	0	0	0	0	0	0
0	0	0.8762533243432062	2	0	0.3046509557857874	0	0	0	0	0	0
0	0	1	1.756940966557924	0	0.362720860595181	0	0	0	0	0	0
0	0	0.7569409665579233	2.243059033442077	0	0.2523136555193077	0	0	0	0	0	0
1	0	1	2	1	0.3333333333333333	0.9999999999999998	0	-0.9999999999999998	1	0.3333333333333333	-5.218875028134184
0	0	1	2	0	0.3333333333333333	0	0	0	0	0	0
0	0	0.9079005974233636	2.092099402576637	0	0.3026335324744545	0	0	0	0	0	0
1	0	1	2	1	0.3333333333333333	0.9999999999999998	0	-0.9999999999999998	1	0.3333333333333333	-5.218875028134184
0	0	0.7839239573440724	2.092329366999134	0	0.2725503872379119	0	0	0	0	0	0
0	0	0.7569409665579233	2.093995393581229	0	0.2655060902590536	0	0	0	0	0	0
0	3	0.7884578833809288	2.156846633461079	0	0.2676999539002926	0	1.390919480995233	1.390919480995233	0.392705681431747	0.607294318568253	7.259034945511383
0	0	1	2	0	0.3333333333333333	0	0	0	0	0	0
0	1	0.8275250876216858	2.10426008657005	0	0.2822597968317464	0	0.4752264258502392	0.4752264258502392	0.7177402031682536	0.2822597968317464	2.480147326579275
0	0	0.7569409665579234	2.093995393581229	0	0.2655060902590536	0	0	0	0	0	0
0	0	0.9060046064187722	2.093995393581229	0	0.302001535472924	0	0	0	0	0	0
0	0	1	2	0	0.3333333333333333	0	0	0	0	0	0
0	0	1	2	0	0.3333333333333333	0	0	0	0	0	0
0	0	0.7569409665579233	2.243059033442077	0	0.2523136555193077	0	0	0	0	0	0
0	0	1	1.916986863704336	0	0.3428195075003119	0	0	0	0	0	0
0	0	0.7569409665579233	2.243059033442077	0	0.2523136555193077	0	0	0	0	0	0
0	0	0.9060046064187722	2.093995393581229	0	0.302001535472924	0	0	0	0	0	0
0	1	1	2	0	0.3333333333333333	0	0.5	0.5	0.6666666666666667	0.3333333333333333	2.609437514067092
0	0	0.7569409665579233	2.243059033442077	0	0.2523136555193077	0	0	0	0	0	0
0	0	0.7569409665579233	2.243059033442077	0	0.2523136555193077	0	0	0	0	0	0
0	0	0.7839239573440724	2.092329366999134	0	0.2725503872379119	0	0	0	0	0	0
0	0	1	2	0	0.3333333333333333	0	0	0	0	0	0
0	0	0.7569409665579232	2.243059033442077	0	0.2523136555193077	0	0	0	0	0	0
0	0	0.7839239573440724	1.459135076098005	0	0.3494887765575679	0	0	0	0	0	0
0	0	0.7569409665579233	2.243059033442077	0	0.2523136555193077	0	0	0	0	0	0
2	0	1	2	1	0.3333333333333333	2	0	-2	1	0.1111111111111109	-10.43775005626837
0	0	0.7569409665579233	2.243059033442077	0	0.2523136555193077	0	0	0	0	0	0
0	0	0.9263030944078059	2.073696905592195	0	0.3087676981359352	0	0	0	0	0	0
1	1	0.8944143075005635	2.105585692499437	0.5	0.2981381025001877	1.118050093356059	0.4749272392770437	-0.6431228540790155	0.9111136718375877	0.507389876837963	-3.356377803175359
0	0	1	2	0	0.3333333333333333	0	0	0	0	0	0
2	0	0.7569409665579233	2	1	0.274558278809638	2.642213974881956	0	-2.642213974881956	1	0.07538224846291097	-13.7893845324986
0	0	1	2	0	0.3333333333333333	0	0	0	0	0	0
0	0	1	2	0	0.3333333333333333	0	0	0	0	0	0
0	0	0.7569409665579233	2.093995393581229	0	0.2655060902590536	0	0	0	0	0	0
0	0	1	2	0	0.3333333333333333	0	0	0	0	0	0
0	0	0.8762533243432062	2	0	0.3046509557857874	0	0	0	0	0	0
0	0	0.7569409665579233	2	0	0.274558278809638	0	0	0	0	0	0
0	0	1	2	0	0.3333333333333333	0	0	0	0	0	0
0	0	0.833973727408672	2.042279596934534	0	0.2899514171266921	0	0	0	0	0	0
0	0	0.7835155325955261	1.471000845452301	0	0.3475315328043736	0	0	0	0	0	0
0	0	0.7569409665579233	2.243059033442077	0	0.2523136555193077	0	0	0	0	0	0
0	0	1	2	0	0.3333333333333333	0	0	0	0	0	0
0	0	1.756940966557924	1.243059033442077	0	0.585646988852641	0	0	0	0	0	0
1	0	0.7843030613377476	2.091950263005458	1	0.2726821920377419	1.27501733614854	0	-1.27501733614854	1	0.2726821920377418	-6.654156136063785
1	0	1.592591369690242	1.259850362956117	1	0.5583256448196444	0.6279074588948069	0	-0.6279074588948069	1	0.5583256448196444	-3.2769705572053
0	0	1	2	0	0.3333333333333333	0	0	0	0	0	0
0	0	1	2	0	0.3333333333333333	0	0	0	0	0	0
0	0	1	1.940067309486678	0	0.3401282673948697	0	0	0	0	0	0
0	0	0	3.000000000000001	0	0	0	0	0	0	0	0
0	0	1.094014324991165	1.27681448074623	0	0.4614480481862103	0	0	0	0	0	0
0	0	0.7569409665579233	2.243059033442077	0	0.2523136555193077	0	0	0	0	0	0
1	1	0.988118741421843	2.011881258578157	0.5	0.329372913807281	1.012024120260143	0.4970472266870873	-0.5149768935730552	0.8915134836501015	0.5502593112646634	-2.687600049934534
1	1	0.9963022798502491	1.98837856369825	0.5	0.3338052984806715	1.003711444031129	0.5029223399693403	-0.5007891040617891	0.88857402270623	0.5561846196675727	-2.613555749549763
0	0	0.833973727408672	2.083013136295664	0	0.2859024624984403	0	0	0	0	0	0
0	0	0.7839239573440724	2.092329366999134	0	0.2725503872379119	0	0	0	0	0	0
0	0	0.7839239573440724	1.459135076098005	0	0.3494887765575679	0	0	0	0	0	0
1	0	1	2	1	0.3333333333333333	0.9999999999999998	0	-0.9999999999999998	1	0.3333333333333333	-5.218875028134184
0	0	0.8762533243432062	2	0	0.3046509557857874	0	0	0	0	0	0
0	0	1	2	0	0.3333333333333333	0	0	0	0	0	0
0	0	0.2160760426559279	2.783923957344073	0	0.07202534755197597	0	0	0	0	0	0
0	0	0.7569409665579233	2.243059033442077	0	0.2523136555193077	0	0	0	0	0	0
1	0	1	2	1	0.3333333333333333	0.9999999999999998	0	-0.9999999999999998	1	0.3333333333333333	-5.218875028134184
0	0	1	2	0	0.3333333333333333	0	0	0	0	0	0
0	0	0.4740435271425397	2.525956472857461	0	0.1580145090475132	0	0	0	0	0	0
1	0	1	2	1	0.3333333333333333	0.9999999999999998	0	-0.9999999999999998	1	0.3333333333333333	-5.218875028134184
0	0	1	2	0	0.3333333333333333	0	0	0	0	0	0
1	0	0.7569409665579232	2.243059033442077	1	0.2523136555193077	1.321106987440978	0	-1.321106987440978	1	0.2523136555193077	-6.894692266249302
0	0	0.2160760426559279	2.783923957344073	0	0.07202534755197597	0	0	0	0	0	0
0	0	0.7839239573440724	2.133062906360264	0	0.2687444249743903	0	0	0	0	0	0
0	0	0.7569409665579233	2.243059033442077	0	0.2523136555193077	0	0	0	0	0	0
0	0	1	2	0	0.3333333333333333	0	0	0	0	0	0
0	0	0	1.332052545182657	0	0	0	0	0	0	0	0
0	0	0.833973727408672	2.083013136295664	0	0.2859024624984403	0	0	0	0	0	0
1	0	1	1.918245544407326	1	0.3426716445833185	1	0	-1	1	0.3426716445833184	-5.218875028134184
0	0	0	3.000000000000001	0	0	0	0	0	0	0	0
0	0	0.9369186059630286	2.049931914293265	0	0.3136811164834034	0	0	0	0	0	0
1	0	0.7569409665579232	2.243059033442077	1	0.2523136555193077	1.321106987440978	0	-1.321106987440978	1	0.2523136555193077	-6.894692266249302
0	0	1	2	0	0.3333333333333333	0	0	0	0	0	0
0	0	0	1.332052545182657	0	0	0	0	0	0	0	0
0	0	0.7569409665579233	2	0	0.274558278809638	0	0	0	0	0	0
0	0	1	2	0	0.3333333333333333	0	0	0	0	0	0
1	0	0.7569409665579232	2.243059033442077	1	0.2523136555193077	1.321106987440978	0	-1.321106987440978	1	0.2523136555193077	-6.894692266249302
1	0	0.9252913389155952	2.072207123543334	1	0.3086878443822632	1.08074068992363	0	-1.08074068992363	1	0.3086878443822632	-5.640250598530944
0	0	0.7569409665579233	2.243059033442077	0	0.2523136555193077	0	0	0	0	0	0
0	1	0.7912917098896287	1.457498933257503	0	0.3518743340119175	0	0.6861068486444821	0.6861068486444821	0.6481256659880825	0.3518743340119175	3.580705899022528
0	0	0.7569409665579233	2.243059033442077	0	0.2523136555193077	0	0	0	0	0	0
0	0	1	2	0	0.3333333333333333	0	0	0	0	0	0
0	0	0.833973727408672	2.083013136295664	0	0.2859024624984403	0	0	0	0	0	0
1	0	1	1.917824197138066	1	0.3427211279489852	0.9999999999999998	0	-0.9999999999999998	1	0.3427211279489852	-5.218875028134184
0	1	0.7519586088822289	2.17929884403814	0	0.2565310693310353	0	0.4588631810344314	0.4588631810344314	0.7434689306689648	0.2565310693310352	2.394749596830809
0	0	1	1.916986863704336	0	0.3428195075003119	0	0	0	0	0	0
0	0	0.7867018792503175	1.45635715419176	0	0.3507272289856265	0	0	0	0	0	0
0	0	1	2	0	0.3333333333333333	0	0	0	0	0	0
0	0	1	2	0	0.3333333333333333	0	0	0	0	0	0
0	0	0.7569409665579233	2.243059033442077	0	0.2523136555193077	0	0	0	0	0	0
0	0	1	2	0	0.3333333333333333	0	0	0	0	0	0
1	0	0.7846825184957552	2.091570805847451	1	0.2728141196238123	1.274400762638386	0	-1.274400762638386	1	0.2728141196238123	-6.650938315968634
0	0	0.7569409665579233	2.243059033442077	0	0.2523136555193077	0	0	0	0	0	0
0	0	1	2	0	0.3333333333333333	0	0	0	0	0	0
0	0	0.7839239573440724	1.459135076098005	0	0.3494887765575679	0	0	0	0	0	0
0	0	1	2	0	0.3333333333333333	0	0	0	0	0	0
0	0	1	2	0	0.3333333333333333	0	0	0	0	0	0
0	0	0.9060046064187722	2.093995393581229	0	0.302001535472924	0	0	0	0	0	0
0	0	0.7569409665579232	2.243059033442077	0	0.2523136555193077	0	0	0	0	0	0
0	0	0.7839239573440724	1.459135076098005	0	0.3494887765575679	0	0	0	0	0	0
0	0	0.9060046064187722	2.093995393581229	0	0.302001535472924	0	0	0	0	0	0
0	0	0.7569409665579233	2.243059033442077	0	0.2523136555193077	0	0	0	0	0	0
1	0	1	1.998741841567065	1	0.3334731873676148	0.9999999999999998	0	-0.9999999999999998	1	0.3334731873676149	-5.218875028134184
1	0	0.833594431549793	2.042658892793414	1	0.2898195456202192	1.199624136333098	0	-1.199624136333098	1	0.2898195456202192	-6.260688448255842
0	0	1.756940966557924	1.243059033442077	0	0.585646988852641	0	0	0	0	0	0
0	0	0.7569409665579233	2.243059033442077	0	0.2523136555193077	0	0	0	0	0	0
1	0	1.003651254285113	1.632716276844513	1	0.3806947409396557	0.9963620288725554	0	-0.9963620288725554	1	0.3806947409396557	-5.19988891146409
0	0	1.590914693966595	1.260021666172557	0	0.5580323420088353	0	0	0	0	0	0
1	0	0.9060046064187722	2.093995393581229	1	0.302001535472924	1.103747147547925	0	-1.103747147547925	1	0.302001535472924	-5.7603184257122
3	0	1	1.993714536047274	1	0.3340331845134245	2.999999999999999	0	-2.999999999999999	0.9999999999999998	0.03727081089818984	-15.65662508440255
0	0	0.7839239573440724	2.092329366999134	0	0.2725503872379119	0	0	0	0	0	0
1	0	1	2	1	0.3333333333333333	0.9999999999999998	0	-0.9999999999999998	1	0.3333333333333333	-5.218875028134184
0	0	0.7569409665579233	2.243059033442077	0	0.2523136555193077	0	0	0	0	0	0
0	0	0.833973727408672	2.083013136295664	0	0.2859024624984403	0	0	0	0	0	0
0	0	0.7839239573440724	2.092329366999134	0	0.2725503872379119	0	0	0	0	0	0
1	0	0.7569409665579232	2.243059033442077	1	0.2523136555193077	1.321106987440978	0	-1.321106987440978	1	0.2523136555193077	-6.894692266249302
0	0	0.7569409665579233	2.243059033442077	0	0.2523136555193077	0	0	0	0	0	0
0	0	0.833973727408672	1.409085306033405	0	0.3718019521443005	0	0	0	0	0	0
0	0	0.9060046064187722	2.093995393581229	0	0.302001535472924	0	0	0	0	0	0
0	0	0.7844287926901787	2.132558071014158	0	0.2689174923791113	0	0	0	0	0	0
1	0	0.7843026350512083	2.091950689291998	1	0.272682043828773	1.275018029149817	0	-1.275018029149817	1	0.272682043828773	-6.654159752750845
0	0	0.7839239573440724	2.133062906360264	0	0.2687444249743903	0	0	0	0	0	0
0	0	0.7569409665579233	2.243059033442077	0	0.2523136555193077	0	0	0	0	0	0
0	0	1	1.756940966557924	0	0.362720860595181	0	0	0	0	0	0
0	0	0.7839239573440724	2.133062906360264	0	0.2687444249743903	0	0	0	0	0	0
0	0	1	2	0	0.3333333333333333	0	0	0	0	0	0
2	0	0.7853153612296452	2.131671502474691	1	0.2692214253691765	2.546747585413844	0	-2.546747585413844	1	0.07248017587781097	-13.29115737647734
0	0	1	1.998743481788721	0	0.3334730049679041	0	0	0	0	0	0
0	0	0.8762533243432062	2	0	0.3046509557857874	0	0	0	0	0	0
1	0	0.9060046064187722	2.093995393581229	1	0.302001535472924	1.103747147547925	0	-1.103747147547925	1	0.302001535472924	-5.7603184257122
0	0	0.833973727408672	1.409085306033405	0	0.3718019521443005	0	0	0	0	0	0
0	0	0.7569409665579233	2.243059033442077	0	0.2523136555193077	0	0	0	0	0	0
0	0	1	2.000000000000001	0	0.3333333333333333	0	0	0	0	0	0
0	0	0.833973727408672	2.083013136295664	0	0.2859024624984403	0	0	0	0	0	0
0	0	0.7839239573440724	2.092329366999134	0	0.2725503872379119	0	0	0	0	0	0
0	0	0.7569409665579233	2	0	0.274558278809638	0	0	0	0	0	0
1	0	1	2	1	0.3333333333333333	1	0	-1	1	0.3333333333333333	-5.218875028134184
0	0	0.8311958055024268	2.085791058201909	0	0.284950136678667	0	0	0	0	0	0
0	0	0.7569409665579233	2.243059033442077	0	0.2523136555193077	0	0	0	0	0	0
1	0	1	2	1	0.3333333333333333	1	0	-1	1	0.3333333333333333	-5.218875028134184
0	0	0.7839239573440724	2.092329366999134	0	0.2725503872379119	0	0	0	0	0	0
0	1	0.2299407192677988	2.770059280732201	0	0.07664690642259959	0	0.3610031045023964	0.3610031045023964	0.9233530935774004	0.07664690642259964	1.884030087166472
0	0	0.7569409665579233	2.243059033442077	0	0.2523136555193077	0	0	0	0	0	0
0	0	1	2	0	0.3333333333333333	0	0	0	0	0	0
0	0	0	1.332052545182657	0	0	0	0	0	0	0	0
0	0	1	1.756940966557924	0	0.362720860595181	0	0	0	0	0	0
0	0	0.7569409665579233	2	0	0.274558278809638	0	0	0	0	0	0
0	0	0.7569409665579233	2.243059033442077	0	0.2523136555193077	0	0	0	0	0	0
1	0	1	2	1	0.3333333333333333	0.9999999999999998	0	-0.9999999999999998	1	0.3333333333333333	-5.218875028134184
0	0	0.833973727408672	2.083013136295664	0	0.2859024624984403	0	0	0	0	0	0
0	0	1	2	0	0.3333333333333333	0	0	0	0	0	0
0	0	1	2	0	0.3333333333333333	0	0	0	0	0	0
1	0	1	2	1	0.3333333333333333	0.9999999999999998	0	-0.9999999999999998	1	0.3333333333333333	-5.218875028134184
0	1	1	2	0	0.3333333333333333	0	0.4999999999999999	0.4999999999999999	0.6666666666666667	0.3333333333333333	2.609437514067092
2	0	1.754427303596476	1.243315850275689	1	0.5852493737931797	1.139973138755943	0	-1.139973138755943	1	0.3425168295253089	-5.949377346597136
0	0	0.833973727408672	2.083013136295664	0	0.2859024624984403	0	0	0	0	0	0
0	0	0.7569409665579232	2.243059033442077	0	0.2523136555193077	0	0	0	0	0	0
0	0	0.7839239573440724	1.459135076098005	0	0.3494887765575679	0	0	0	0	0	0
0	0	0.7569409665579232	2.243059033442077	0	0.2523136555193077	0	0	0	0	0	0
0	0	1	2	0	0.3333333333333333	0	0	0	0	0	0
0	0	0.9060046064187722	2.093995393581229	0	0.302001535472924	0	0	0	0	0	0
0	0	0.7569409665579233	2.243059033442077	0	0.2523136555193077	0	0	0	0	0	0
0	0	1.756940966557924	1.243059033442077	0	0.585646988852641	0	0	0	0	0	0
0	0	1	2	0	0.3333333333333333	0	0	0	0	0	0
0	0	0.7569409665579233	2.243059033442077	0	0.2523136555193077	0	0	0	0	0	0
0	0	1	1.756940966557924	0	0.362720860595181	0	0	0	0	0	0
0	0	0.7839239573440724	2.133062906360264	0	0.2687444249743903	0	0	0	0	0	0
0	0	0	3.000000000000001	0	0	0	0	0	0	0	0
1	0	0.7569409665579232	2.243059033442077	1	0.2523136555193077	1.321106987440978	0	-1.321106987440978	1	0.2523136555193077	-6.894692266249302
1	0	0.7846824818505934	2.091570842492613	1	0.2728141068832232	1.274400822153697	0	-1.274400822153697	1	0.2728141068832232	-6.650938626571605
0	0	1.756940966557924	1.243059033442077	0	0.585646988852641	0	0	0	0	0	0
1	0	0.7569409665579232	2.243059033442077	1	0.2523136555193077	1.321106987440978	0	-1.321106987440978	1	0.2523136555193077	-6.894692266249302
0	0	0.7839239573440724	2.133062906360264	0	0.2687444249743903	0	0	0	0	0	0
0	0	0.8063326364446947	2.069920687898512	0	0.2803413140352723	0	0	0	0	0	0
0	0	1	2	0	0.3333333333333333	0	0	0	0	0	0
2	0	0.8325821302113043	2.043671194131902	1	0.2894675942361318	2.40216541699305	0	-2.40216541699305	1	0.08379148811285386	-12.53660110819257
1	0	0.8337213202977979	2.042532004045408	1	0.2898636616050426	1.199441558772671	0	-1.199441558772671	1	0.2898636616050425	-6.259735598785033
0	0	0.7839239573440724	1.459135076098005	0	0.3494887765575679	0	0	0	0	0	0
0	0	1.756940966557924	1.243059033442077	0	0.585646988852641	0	0	0	0	0	0
2	0	0.9250391332041547	2.071835757591365	1	0.3086679180519956	2.162070693239097	0	-2.162070693239097	1	0.09527588363455342	-11.28357675000629
0	0	0.7839239573440724	2.133062906360264	0	0.2687444249743903	0	0	0	0	0	0
0	0	0.7569409665579233	2.243059033442077	0	0.2523136555193077	0	0	0	0	0	0
0	0	1	2	0	0.3333333333333333	0	0	0	0	0	0
1	0	0.8337214891986899	2.083265374505646	1	0.2858159903195215	1.199441315781754	0	-1.199441315781754	1	0.2858159903195214	-6.259734330645804
0	0	0.7569409665579233	2.243059033442077	0	0.2523136555193077	0	0	0	0	0	0
0	1	0.00886141396040443	2.991138586039596	0	0.002953804653468142	0	0.3343208518211941	0.3343208518211941	0.9970461953465318	0.002953804653468173	1.744778744954179
0	0	1	1.998743481788721	0	0.3334730049679041	0	0	0	0	0	0
1	0	0.7569409665579232	2.243059033442077	1	0.2523136555193077	1.321106987440978	0	-1.321106987440978	1	0.2523136555193077	-6.894692266249302
1	0	1	2	1	0.3333333333333333	0.9999999999999998	0	-0.9999999999999998	1	0.3333333333333333	-5.218875028134184
1	0	0.7569409665579232	2.093995393581228	1	0.2655060902590536	1.321106987440978	0	-1.321106987440978	1	0.2655060902590536	-6.894692266249302
0	0	0.7569409665579233	2.243059033442077	0	0.2523136555193077	0	0	0	0	0	0
0	0	0.7839239573440724	2.092329366999134	0	0.2725503872379119	0	0	0	0	0	0
0	0	0.2160760426559279	2.783923957344073	0	0.07202534755197597	0	0	0	0	0	0
0	0	0.7569409665579233	2	0	0.274558278809638	0	0	0	0	0	0
0	0	0.7569409665579233	2.243059033442077	0	0.2523136555193077	0	0	0	0	0	0
0	1	0.7853232462409051	2.090930078102301	0	0.273036884336408	0	0.4782560691400958	0.4782560691400958	0.726963115663592	0.273036884336408	2.495958656288862
0	0	0.7569409665579233	2.093995393581229	0	0.2655060902590536	0	0	0	0	0	0
0	0	0.7569409665579233	2.243059033442077	0	0.2523136555193077	0	0	0	0	0	0
0	0	0.7569409665579233	2.243059033442077	0	0.2523136555193077	0	0	0	0	0	0
1	0	1	2	1	0.3333333333333333	0.9999999999999998	0	-0.9999999999999998	1	0.3333333333333333	-5.218875028134184
0	0	0.7569409665579233	2.093995393581229	0	0.2655060902590536	0	0	0	0	0	0
0	0	0.2160760426559279	2.783923957344073	0	0.07202534755197597	0	0	0	0	0	0
1	0	1	1.934196736069286	1	0.3408087766260764	1	0	-1	1	0.3408087766260764	-5.218875028134184
0	0	1	1.756940966557924	0	0.362720860595181	0	0	0	0	0	0
0	0	0.8188931719402938	2.181106828059707	0	0.2729643906467645	0	0	0	0	0	0
0	0	0.8762533243432062	2	0	0.3046509557857874	0	0	0	0	0	0
0	0	0.7569409665579233	2.243059033442077	0	0.2523136555193077	0	0	0	0	0	0
0	0	1	1.916986863704336	0	0.3428195075003119	0	0	0	0	0	0
0	0	1	2	0	0.3333333333333333	0	0	0	0	0	0
0	0	0.7569409665579233	2	0	0.274558278809638	0	0	0	0	0	0
0	0	0.7569409665579231	2.243059033442077	0	0.2523136555193077	0	0	0	0	0	0
1	2	0.7593922335280673	2.240607766471933	0.3333333333333333	0.2531307445093557	1.316842543087504	0.8926149547134727	-0.4242275883740314	0.8402132714575682	0.5833861085330603	-2.213990767210821
0	2	0.7569409665579232	2.243059033442077	0	0.2523136555193077	0	0.8916394843745634	0.8916394843745634	0.5590348697229004	0.4409651302770996	4.653355039100849
0	1	0.9924348078289543	2.007565192171046	0	0.3308116026096514	0	0.4981158290150308	0.4981158290150308	0.6691883973903485	0.3308116026096515	2.599604261164902
0	0	0.7569409665579233	2	0	0.274558278809638	0	0	0	0	0	0
0	0	0.897489908437717	2.031270284181002	0	0.3064402168192665	0	0	0	0	0	0
0	0	0.7569409665579233	2.243059033442077	0	0.2523136555193077	0	0	0	0	0	0
0	0	0.7839239573440724	2.133062906360264	0	0.2687444249743903	0	0	0	0	0	0
2	0	1	2	1	0.3333333333333333	2	0	-2	1	0.1111111111111109	-10.43775005626837
0	0	1.541369798782756	1.216519342223624	0	0.5588947633407395	0	0	0	0	0	0
0	0	0.7569409665579233	2.243059033442077	0	0.2523136555193077	0	0	0	0	0	0
0	0	0.7569409665579233	2.243059033442077	0	0.2523136555193077	0	0	0	0	0	0
0	0	1.149063639860849	1.698196235460415	0	0.4035682340837249	0	0	0	0	0	0
2	0	0.7569409665579232	2.243059033442077	1	0.2523136555193077	2.642213974881956	0	-2.642213974881956	0.9999999999999998	0.06366218076151609	-13.7893845324986
0	0	0.833973727408672	1.409085306033405	0	0.3718019521443005	0	0	0	0	0	0
0	0	0.9060046064187722	2.093995393581229	0	0.302001535472924	0	0	0	0	0	0
3	1	0.8222138771805216	2.055914878078053	0.75	0.2856765444138906	3.648685680528028	0.4864014608108863	-3.162284219717142	0.9933396303108432	0.0732763853876166	-16.50356614614459
0	0	1	1.937134459131945	0	0.3404678995511649	0	0	0	0	0	0
0	0	1	2	0	0.3333333333333333	0	0	0	0	0	0
0	0	0.833973727408672	2.083013136295664	0	0.2859024624984403	0	0	0	0	0	0
1	0	1.746813721064825	1.247522948985894	1	0.5833725173713472	0.5724708868158068	0	-0.5724708868158068	1	0.5833725173713472	-2.987654015536846
0	0	0.833973727408672	2.042279596934534	0	0.2899514171266921	0	0	0	0	0	0
0	0	1	1.756940966557924	0	0.362720860595181	0	0	0	0	0	0
1	1	0.9920414497553594	1.983412809284234	0.5	0.3334084020083599	1.008022396893399	0.5041814771584923	-0.503840919734907	0.8888388374702321	0.5556556414869516	-2.629482794156666
0	0	0.7569409665579233	2	0	0.274558278809638	0	0	0	0	0	0
0	0	0.7839239573440724	2.092329366999134	0	0.2725503872379119	0	0	0	0	0	0
0	0	0.7569409665579233	2.243059033442077	0	0.2523136555193077	0	0	0	0	0	0
0	0	0	1.332052545182657	0	0	0	0	0	0	0	0
0	0	0.9060046064187722	2.093995393581229	0	0.302001535472924	0	0	0	0	0	0
0	0	1.756940966557924	1.243059033442077	0	0.585646988852641	0	0	0	0	0	0
0	0	0	1.332052545182657	0	0	0	0	0	0	0	0
0	0	0.9060046064187722	2.093995393581229	0	0.302001535472924	0	0	0	0	0	0
0	0	1	2	0	0.3333333333333333	0	0	0	0	0	0
0	0	0.7569409665579233	2.243059033442077	0	0.2523136555193077	0	0	0	0	0	0
0	0	1	2	0	0.3333333333333333	0	0	0	0	0	0
0	0	0.2160760426559279	2.783923957344073	0	0.07202534755197597	0	0	0	0	0	0
0	0	1	1.756940966557924	0	0.362720860595181	0	0	0	0	0	0
0	0	0.7569409665579233	2.093995393581229	0	0.2655060902590536	0	0	0	0	0	0
0	0	0.7569409665579233	2.243059033442077	0	0.2523136555193077	0	0	0	0	0	0
0	0	1.590914693966595	1.260021666172557	0	0.5580323420088353	0	0	0	0	0	0
0	0	1	2	0	0.3333333333333333	0	0	0	0	0	0
0	0	0.7569409665579233	2.093995393581229	0	0.2655060902590536	0	0	0	0	0	0
0	1	0.9990510365300456	2.000948963469955	0	0.3330170121766818	0	0.4997628716455844	0.4997628716455844	0.6669829878233182	0.3330170121766818	2.60819997081977
0	1	1	2	0	0.3333333333333333	0	0.4999999999999999	0.4999999999999999	0.6666666666666667	0.3333333333333333	2.609437514067092
1	0	1.590028611231243	1.259243651443575	1	0.558047271249034	0.6289195005275077	0	-0.6289195005275077	1	0.558047271249034	-3.282252276009634
0	0	1.590914693966595	1.260021666172557	0	0.5580323420088353	0	0	0	0	0	0
0	0	1	2	0	0.3333333333333333	0	0	0	0	0	0
0	0	0.7569409665579233	2.243059033442077	0	0.2523136555193077	0	0	0	0	0	0
0	0	0.9060046064187722	2.093995393581229	0	0.302001535472924	0	0	0	0	0	0
0	0	0	3.000000000000001	0	0	0	0	0	0	0	0
0	0	0	1.332052545182657	0	0	0	0	0	0	0	0
0	0	1	2	0	0.3333333333333333	0	0	0	0	0	0
0	0	0.7569409665579233	2.093995393581229	0	0.2655060902590536	0	0	0	0	0	0
0	0	0.7839239573440724	1.459135076098005	0	0.3494887765575679	0	0	0	0	0	0
0	0	0.8051605414385831	2.071092782904624	0	0.2799338064641583	0	0	0	0	0	0
0	0	1	2	0	0.3333333333333333	0	0	0	0	0	0
0	0	0.7569409665579233	2.243059033442077	0	0.2523136555193077	0	0	0	0	0	0
0	0	0.9060046064187722	2.093995393581229	0	0.302001535472924	0	0	0	0	0	0
0	0	0.9263030944078059	2.073696905592195	0	0.3087676981359352	0	0	0	0	0	0
0	0	0.7569409665579233	2.093995393581229	0	0.2655060902590536	0	0	0	0	0	0
0	0	0.7569409665579233	2.243059033442077	0	0.2523136555193077	0	0	0	0	0	0
0	0	0.9060046064187722	2.093995393581229	0	0.302001535472924	0	0	0	0	0	0
0	0	0.7569409665579233	2.093995393581229	0	0.2655060902590536	0	0	0	0	0	0
0	0	0.9060046064187722	2.093995393581229	0	0.302001535472924	0	0	0	0	0	0