Observed S Changes	Observed NS Changes	E[S Sites]	E[NS Sites]	Observed S. Prop.	P{S}	dS	dN	dN-dS	P{S leq. observed}	P{S geq. observed}	Scaled dN-dS
0	0	0	3.000000000000001	0	0	0	0	0	0	0	0
2	0	0.8689868416877424	2.031930478213685	1	0.2995558803851985	2.301530821934667	0	-2.301530821934667	0.9999999999999999	0.08973372547335146	-1.982507133975673
4	3	0.9997927573337702	2.000207242666229	0.5714285714285714	0.3332642524445901	4.000829142498621	1.499844584104731	-2.500984558393891	0.9547722976060455	0.173190637537226	-2.154313851339609
0	3	0.9248732039555777	2.075126796044422	0	0.3082910679851926	0	1.445694791141707	1.445694791141707	0.3309559179162643	0.6690440820837358	1.245301696451174
0	0	0.924553037196549	2.075446962803452	0	0.308184345732183	0	0	0	0	0	0
3	0	1	2	1	0.3333333333333333	3	0	-3	1	0.03703703703703698	-2.584158919465407
1	0	1.673665452360495	1.206418770965849	1	0.5811168433218599	0.5974909732346003	0	-0.5974909732346003	1	0.5811168433218599	-0.5146705425947532
0	1	0.8051472810508356	2.194852718949164	0	0.2683824270169453	0	0.4556114364150926	0.4556114364150926	0.7316175729830547	0.2683824270169453	0.3924574524075026
0	3	0.8046639055749479	2.000537851369813	0	0.2868470702981928	0	1.499596719925011	1.499596719925011	0.3627003811881596	0.6372996188118405	1.291732079798428
0	3	0.9231921763718965	2.076807823628103	0	0.3077307254572989	0	1.444524604476458	1.444524604476458	0.3317608762015986	0.6682391237984013	1.244293713681693
0	1	1.803972933289475	1.195458147880502	0	0.6014383676339734	0	0.8364993804032027	0.8364993804032027	0.3985616323660266	0.6014383676339734	0.7205491116654078
5	1	0.8051486256519882	2.075259743653144	0.8333333333333334	0.2795258596773976	6.210033577280383	0.4818673918088291	-5.728166185471554	0.9995229850933653	0.007854011908098424	-4.934163913455485
6	0	1.804247269190269	1.195371384451551	1	0.6014922153520224	3.325486535275594	0	-3.325486535275594	0.9999999999999994	0.04735655109335768	-2.864528563898181
0	5	0.9994134542846831	2.000586545715316	0	0.3331378180948945	0	2.499267032815236	2.499267032815236	0.1318804575644787	0.8681195424355214	2.152834398325112
3	4	0.8086068793289403	2.191255080286627	0.4285714285714285	0.2695480292808418	3.710084686009212	1.8254378670861	-1.884646818923112	0.9099828435833589	0.2851557576976634	-1.623408962387422
3	2	0.9999999999999998	2	0.6	0.3333333333333334	3.000000000000001	1	-2.000000000000001	0.9547325102880658	0.2098765432098766	-1.722772612976939
1	0	0.8274149205771855	1.367921173847867	1	0.376896695990361	1.20858347502656	0	-1.20858347502656	1	0.376896695990361	-1.041057255636128
2	3	0.8281422120488277	2.073451582476116	0.4	0.2854094234732169	2.415044144473678	1.44686281818908	-0.9681813262845982	0.8556790627296273	0.4415617710449484	-0.8339781366593976
3	8	0.9771394856348651	2.022860514365133	0.2727272727272727	0.3257131618782885	3.070186031885556	3.954795668405623	0.8846096365200666	0.494476632379948	0.7491626599643573	0.7619906274861274
2	0	0.9999999999999994	1.999999999999999	1	0.3333333333333334	2.000000000000001	0	-2.000000000000001	1	0.111111111111111	-1.72277261297694
4	4	0.9960340533905627	1.938784522615293	0.5	0.3393852218102409	4.015926951878551	2.063148304177848	-1.952778647700703	0.9057163739212127	0.2711571746550636	-1.682096786732456
0	2	0.8057748823453869	2.194084916936829	0	0.2686041802814207	0	0.9115417477971675	0.9115417477971675	0.5349398451018125	0.4650601548981875	0.7851895793450459
0	2	0.8046639055749477	2.195059772819267	0	0.2682460092476561	0	0.9111369197164328	0.9111369197164328	0.5354639029819812	0.4645360970180188	0.7848408659798191
0	2	0.8046639055749469	2.19533609442505	0	0.2682213018583159	0	0.91102223713212	0.91102223713212	0.5355000630539379	0.4644999369460621	0.7847420799720992
1	3	0.8048712109612584	2.195128789038741	0.25	0.2682904036537528	1.242434797494743	1.366662409504326	0.1242276120095827	0.7070700961159579	0.7133479821300029	0.107007963872817
4	4	0.9949508314735708	2.004979126715742	0.5	0.3316580204672844	4.020299168026026	1.995033238352063	-2.025265929673963	0.9137612324566651	0.2552264382372555	-1.744536338818791
2	0	1	2	1	0.3333333333333333	2	0	-2	1	0.1111111111111109	-1.722772612976939
5	1	0.9971642189102898	2.00283578108971	0.8333333333333334	0.3323880729700966	5.014219228066612	0.4992920585111159	-4.514927169555497	0.9986514328077383	0.01760040560349851	-3.889096438647848
3	0	1.803583977717318	1.195948375785677	1	0.6012883893754329	1.663354763107238	0	-1.663354763107238	1	0.2173944505690548	-1.432791015772946
0	0	0.804663905574948	2.075446962803452	0	0.2793864341854316	0	0	0	0	0	0
3	0	1.001706026438434	1.998293973561566	1	0.3339020088128115	2.994890637392389	0	-2.994890637392389	1	0.03722691910590226	-2.579757784480328
3	0	0.9999999999999999	1.999907448499634	1	0.3333436171506349	3	0	-3	0.9999999999999997	0.03704046508189585	-2.584158919465408
6	0	0.8046639055749475	2.195336094425051	1	0.2682213018583159	7.456529314202166	0	-7.456529314202166	0.9999999999999999	0.0003723570634409645	-6.422952245183603
0	0	0.804663905574948	2.195336094425052	0	0.268221301858316	0	0	0	0	0	0
0	1	1	1.999792843695181	0	0.3333563522900428	0	0.5000517944409772	0.5000517944409772	0.6666436477099571	0.3333563522900429	0.4307377682664447
4	0	0.9999999999999993	1.999999999999999	1	0.3333333333333333	4.000000000000003	0	-4.000000000000003	1	0.01234567901234551	-3.445545225953879
0	1	1	1.99944658708106	0	0.3333948350029328	0	0.5001383915235634	0.5001383915235634	0.6666051649970672	0.3333948350029328	0.4308123618075662
3	0	0.8046639055749476	2.195336094425051	1	0.268221301858316	3.728264657101083	0	-3.728264657101083	1	0.01929655574036104	-3.211476122591801
2	0	0.9999999999999998	1.934878104724213	1	0.340729653606506	2	0	-2	1	0.1160966968468096	-1.722772612976939
7	0	0.9999999999999999	2	1	0.3333333333333334	7.000000000000001	0	-7.000000000000001	1	0.0004572473708274183	-6.029704145419285
1	4	0.1730521737764826	2.826947826223516	0.2	0.05768405792549421	5.778604094806799	1.414953598681568	-4.363650496125231	0.9704007873933299	0.2570104717744135	-3.758788783663889
1	0	1	2	1	0.3333333333333333	1	0	-1	1	0.3333333333333333	-0.8613863064884693
1	2	0.8276488532988981	2.073268466602529	0.3333333333333333	0.2853059091415337	1.208241872158867	0.9646604056431753	-0.2435814665156915	0.8022491095266384	0.6349430895013046	-0.2098177397709962
1	0	1	2	1	0.3333333333333333	1	0	-1	1	0.3333333333333333	-0.8613863064884693
1	0	0.9234855311431117	2.076514468856888	1	0.3078285103810373	1.082853998548496	0	-1.082853998548496	1	0.3078285103810372	-0.932755606275959
8	1	0.998939069152514	2.001060930847485	0.8888888888888888	0.3329796897175047	8.008496460937391	0.4997349079103164	-7.508761553027075	0.9999496777908395	0.000957564991350468	-6.467944380464614
1	3	0.8046639055749477	2.195336094425052	0.25	0.268221301858316	1.242754885700361	1.366533355698179	0.1237784699978182	0.7071892033932873	0.7132396824692284	0.1066210790942144
0	0	0.804663905574948	2.195336094425052	0	0.268221301858316	0	0	0	0	0	0
5	3	0.9898333686813185	1.20973565760445	0.625	0.4500124146377751	5.051355266655769	2.479880609571085	-2.571474657084684	0.9115324940406671	0.2604044332748974	-2.215033057094879
0	0	0.924553037196549	2.075446962803452	0	0.308184345732183	0	0	0	0	0	0
0	0	0.8273707865374015	2.107137340668026	0	0.2819453041778822	0	0	0	0	0	0
5	0	0.9999999999999998	2	1	0.3333333333333334	5.000000000000001	0	-5.000000000000001	1	0.004115226337448541	-4.306931532442347
1	0	1	2	1	0.3333333333333333	1	0	-1	1	0.3333333333333333	-0.8613863064884693
1	0	0.8046639055749478	2.195336094425052	1	0.2682213018583159	1.242754885700361	0	-1.242754885700361	1	0.2682213018583159	-1.070492040863933
2	0	1	2	1	0.3333333333333333	2	0	-2	1	0.1111111111111109	-1.722772612976939
1	0	0.9999999999999999	2	1	0.3333333333333334	1	0	-1	1	0.3333333333333334	-0.8613863064884695
5	0	0.8685749681128698	2.065933159092556	1	0.2959865607664976	5.756555488656748	0	-5.756555488656748	1	0.002271746994170432	-4.958618070469961
5	0	1.792722258943892	1.197911809674958	1	0.5994455415843692	2.789054453390645	0	-2.789054453390645	0.9999999999999996	0.07740137436945194	-2.402453314201384
2	1	0.9998663894223669	2.000133610577634	0.6666666666666666	0.3332887964741222	2.00026725686361	0.4999665995869158	-1.500300657276694	0.9629778065992566	0.2591998787640196	-1.292338441793794
2	0	0.8688836197970051	1.326452474628047	1	0.3957861495574606	2.301804239867308	0	-2.301804239867308	1	0.1566466761815205	-1.982742652438799
2	3	0.8046639055749469	2.195336094425049	0.4	0.2682213018583159	2.485509771400724	1.36653335569818	-1.118976415702543	0.8763411780506148	0.4055787797115983	-0.9638709617697196
2	1	0.9998620523306558	2.000137947669344	0.6666666666666666	0.3332873507768853	2.000275933403058	0.4999655154611948	-1.500310417941863	0.962978288367481	0.2591979512985849	-1.292346849497113
0	1	1	1.805079052509154	0	0.3564961918294231	0	0.5539923576255276	0.5539923576255276	0.6435038081705768	0.3564961918294232	0.4772014307578923
0	2	0.526666007234832	2.473333992765165	0	0.1755553357449442	0	0.808625121334308	0.808625121334308	0.6797090044186317	0.3202909955813683	0.6965386065999498
0	1	0.9999310699168612	1.999559822826958	0	0.3333669298132666	0	0.500110068518085	0.500110068518085	0.6666330701867333	0.3333669298132667	0.4307879647584886
2	4	0.8361526524486003	2.098236647756664	0.3333333333333333	0.2849494620192727	2.391907738548905	1.906362661369304	-0.4855450771796013	0.7716635130463472	0.5467370981423132	-0.4182418806653955
1	1	0.1780932466006273	2.821906753399372	0.5	0.05936441553354244	5.615036050426392	0.3543703202791387	-5.260665730147253	0.9964758661683609	0.1152046972354458	-4.531465422962008
2	0	0.8046639055749477	2.075446962803451	1	0.2793864341854316	2.485509771400721	0	-2.485509771400721	1	0.07805677960685053	-2.140984081727867
0	11	0.8049882469080705	2.194872445390711	0	0.2683418763326677	0	5.011680757622288	5.011680757622288	0.03216549125743488	0.9678345087425652	4.316993177107595
1	4	0.8057720290543648	2.194227970945634	0.2	0.268590676351455	1.241045809412839	1.822964638572236	0.5819188291593973	0.5936447953486598	0.7906839835088061	0.5012569109257078
0	0	1	2	0	0.3333333333333333	0	0	0	0	0	0
2	0	0.8046639055749477	2.195336094425052	1	0.268221301858316	2.485509771400721	0	-2.485509771400721	1	0.07194266677056982	-2.140984081727867
1	4	0.8696319825646782	1.339005594128944	0.2	0.3937413687702154	1.149911709837127	2.987291477749277	1.837379767912149	0.3478589238221123	0.9180989115938197	1.582693771898487
2	2	0.9230343788866505	2.076965621113349	0.5	0.3076781262955502	2.166766531938245	0.9629432378028039	-1.203823294135442	0.9103784377114543	0.3618669940589609	-1.03695690100011
2	2	1.000381316946194	1.999618683053806	0.5	0.3334604389820646	1.999237656801993	1.000190694830682	-0.9990469619713105	0.8887758737783256	0.4076333729969386	-0.8605653725809933
0	0	0.804663905574948	2.195336094425052	0	0.268221301858316	0	0	0	0	0	0
3	0	0.9999999999999998	1.93462380661513	1	0.3407591793352979	3.000000000000001	0	-3.000000000000001	0.9999999999999999	0.03956787171136533	-2.584158919465409
2	1	0.8278086673648527	2.104229450097336	0.6666666666666666	0.2823321642494055	2.416017225775808	0.4752333448967471	-1.940783880879061	0.9774948935322492	0.1941241399737583	-1.671764658842771
1	2	0.804696050684136	2.195163682426031	0.3333333333333333	0.2682445588380396	1.24270524150059	0.9110937904136871	-0.3316114510869026	0.822737721327423	0.6081698221585086	-0.2856455630410287
1	1	0.8032386093270515	2.074006051597399	0.5	0.2791693804269579	1.244960075858149	0.4821586702843996	-0.7628014055737493	0.9220644570320283	0.4804032178859443	-0.6570666853313848
1	0	1	2	1	0.3333333333333333	1	0	-1	1	0.3333333333333333	-0.8613863064884693
2	0	1.804175475535904	1.195271848504373	1	0.6015026371943972	1.108539622181667	0	-1.108539622181667	1	0.3618054225518147	-0.9548808507471891
0	0	0.1726292134625988	2.827370786537402	0	0.05754307115419958	0	0	0	0	0	0
0	0	0.804663905574948	2.195336094425052	0	0.268221301858316	0	0	0	0	0	0
1	0	1	2	1	0.3333333333333333	1	0	-1	1	0.3333333333333333	-0.8613863064884693
0	0	1.804663905574948	1.195336094425052	0	0.6015546351916492	0	0	0	0	0	0
1	0	1.673726419829366	1.206426790081175	1	0.5811240923122116	0.597469208917637	0	-0.597469208917637	1	0.5811240923122116	-0.5146517951101509
5	0	0.9999999999999999	1.934948607920233	1	0.3407214686149552	5.000000000000001	0	-5.000000000000001	1	0.004591953642719249	-4.306931532442347
4	0	0.8046639055749478	2.195336094425052	1	0.268221301858316	4.971019542801442	0	-4.971019542801442	1	0.005175747302061051	-4.281968163455733
1	0	1	2	1	0.3333333333333333	1	0	-1	1	0.3333333333333333	-0.8613863064884693
4	1	0.86873528806499	1.327170115320972	0.8	0.3956159890701345	4.604394520348712	0.7534829095802488	-3.850911610768463	0.9903089869626468	0.08371599548631359	-3.317122529013408
1	0	0.8046639055749478	2.075446962803452	1	0.2793864341854315	1.242754885700361	0	-1.242754885700361	1	0.2793864341854315	-1.070492040863933
0	0	0.804663905574948	2.195336094425052	0	0.268221301858316	0	0	0	0	0	0
1	3	0.9981343182851633	2.001796234358979	0.25	0.3327191415832632	1.001869168989242	1.498654033066791	0.4967848640775496	0.593684488109965	0.8017401982707517	0.4279236791871367
1	0	0.8048018736670512	2.195198126332945	1	0.2682672912223507	1.242541838829892	0	-1.242541838829892	1	0.2682672912223507	-1.070308525207071
1	0	0.8274002130722771	1.367935881352775	1	0.376889996558349	1.208604958278692	0	-1.208604958278692	1	0.376889996558349	-1.041075761015333
2	0	0.8046639055749474	2.195336094425051	1	0.2682213018583159	2.485509771400722	0	-2.485509771400722	1	0.07194266677056982	-2.140984081727868
1	2	0.8689670071973984	2.032125593611914	0.3333333333333333	0.2995309446361638	1.150791677609499	0.9841911377363181	-0.1666005398731812	0.784590745536516	0.6563100264848004	-0.1435074237003445
1	1	0.8302899682202257	2.071527424251603	0.5	0.2861275731457958	1.20439850928653	0.4827355835567941	-0.7216629257297356	0.9181310118856973	0.4903861581772889	-0.6216305621239994
0	0	0	1.261967491178294	0	0	0	0	0	0	0	0
1	0	0.8046639055749479	2.195336094425052	1	0.2682213018583159	1.24275488570036	0	-1.24275488570036	1	0.2682213018583159	-1.070492040863933
1	1	1.00167902257926	1.99832097742074	0.5	0.3338930075264201	0.9983237918121347	0.5004201083305014	-0.4979036834816333	0.8885154595249618	0.5563014745778023	-0.4288874149012479
0	0	0.804663905574948	2.195336094425052	0	0.268221301858316	0	0	0	0	0	0
0	2	0.9996798861097334	2.000320113890266	0	0.3332266287032444	0	0.9998399686689927	0.9998399686689927	0.4445867286704411	0.5554132713295589	0.8612484576913304
0	0	0.8273707865374015	2.107137340668026	0	0.2819453041778822	0	0	0	0	0	0
3	0	1.092362046283273	1.289912541147642	1	0.4585374213563244	2.74634221337825	0	-2.74634221337825	1	0.09641050395641826	-2.365661575535259
1	5	0.8048709329753693	2.195129067024631	0.1666666666666667	0.2682903109917897	1.242435226606204	2.277770394055784	1.03533516744958	0.49111048441122	0.8465266987667803	0.8918235358670147
0	4	0.8289678127950211	2.070802193850695	0	0.2858736420113271	0	1.93161858330946	1.93161858330946	0.2600759848320083	0.7399240151679917	1.663869797021425
2	0	0.9999999999999998	2	1	0.3333333333333334	2	0	-2	1	0.111111111111111	-1.722772612976939
2	5	0.8048018344775139	2.023475878440153	0.2857142857142857	0.284555448993471	2.485083798670044	2.470995603789641	-0.01408819488040303	0.6818133609115065	0.6369240269897525	-0.01213537815312012
0	0	0.804663905574948	2.195336094425052	0	0.268221301858316	0	0	0	0	0	0
0	3	0.8046719276729351	2.195293067476776	0	0.2682271056408704	0	1.366560139256549	1.366560139256549	0.391858215292576	0.608141784707424	1.177136190948567
0	0	0.804663905574948	2.075446962803452	0	0.2793864341854316	0	0	0	0	0	0
0	0	0.804663905574948	2	0	0.2869020790603408	0	0	0	0	0	0
3	0	1	2	1	0.3333333333333333	3	0	-3	1	0.03703703703703698	-2.584158919465408
0	0	0.804663905574948	2	0	0.2869020790603408	0	0	0	0	0	0
0	1	0.8046639055749478	2.19526701117949	0	0.268227478533238	0	0.4555254531259558	0.4555254531259558	0.7317725214667621	0.2682274785332379	0.3923833875796534
5	0	1	2	1	0.3333333333333333	5	0	-5	1	0.004115226337448097	-4.306931532442346
5	0	0.9999999999999999	2	1	0.3333333333333334	5.000000000000001	0	-5.000000000000001	1	0.004115226337448541	-4.306931532442347
0	2	0.8046639055749478	2.195336094425052	0	0.2682213018583159	0	0.9110222371321189	0.9110222371321189	0.5355000630539379	0.4644999369460621	0.7847420799720983
0	1	0.8046639055749478	2.000901753121523	0	0.2868098642000105	0	0.4997746633186471	0.4997746633186471	0.7131901357999895	0.2868098642000105	0.4304990513125677
0	2	0.9999999999999999	2	0	0.3333333333333334	0	1	1	0.4444444444444444	0.5555555555555556	0.8613863064884695
1	0	0.9999999999999999	2	1	0.3333333333333334	1	0	-1	1	0.3333333333333334	-0.8613863064884695
3	0	0.9999999999999999	2	1	0.3333333333333334	3	0	-3	0.9999999999999999	0.0370370370370372	-2.584158919465408
4	1	0.9422455916893627	2.057053334549686	0.8	0.3141552792375001	4.245177727845195	0.4861322665797151	-3.75904546126548	0.9969399972894556	0.03646206282616005	-3.237990285801716
0	0	1	1.804663905574948	0	0.3565489604698296	0	0	0	0	0	0
3	0	1.804358569818225	1.19529593191407	1	0.6015221315575547	1.662640702453186	0	-1.662640702453186	0.9999999999999999	0.2176480760008235	-1.432175933703544
0	2	0.9983363052231043	2.001663694776895	0	0.3327787684077015	0	0.9991688440064952	0.9991688440064952	0.4451841718875437	0.5548158281124563	0.8606703600971084
1	1	1	2	0.5	0.3333333333333333	1	0.5	-0.5	0.8888888888888891	0.5555555555555555	-0.4306931532442346
1	1	1	1.807632469393633	0.5	0.3561719743951995	1	0.5532098017333402	-0.4467901982666598	0.8731415246554253	0.5854854734458244	-0.3848589586601689
5	0	0.9999999999999994	1.999915209012268	1	0.3333427548204781	5.000000000000003	0	-5.000000000000003	0.9999999999999999	0.004115807943605887	-4.306931532442348
1	0	1	1.999257454143867	1	0.3334158588547873	0.9999999999999998	0	-0.9999999999999998	1	0.3334158588547873	-0.861386306488469
1	0	0.9999999999999999	2	1	0.3333333333333334	1	0	-1	1	0.3333333333333334	-0.8613863064884695
1	0	1.801536083055374	1.19795476434621	1	0.6006139624049925	0.5550818600890952	0	-0.5550818600890952	1	0.6006139624049925	-0.478139913260895
4	0	0.8686479978394946	2.065860129365931	1	0.296011447297207	4.604857214831346	0	-4.604857214831346	0.9999999999999998	0.00767775103709778	-3.966560948190352
2	0	0.8046639055749476	2.195336094425051	1	0.268221301858316	2.485509771400722	0	-2.485509771400722	1	0.07194266677056982	-2.140984081727868
1	3	0.8049059084581197	2.194778756470765	0.25	0.2683301741242198	1.24238123921292	1.366880370586437	0.1244991313735173	0.7070015420532856	0.7134102984163841	0.1072418469348568
0	1	0.8046639055749478	2.195336094425052	0	0.2682213018583159	0	0.4555111185660595	0.4555111185660595	0.7317786981416841	0.2682213018583159	0.3923710399860492
1	0	0.8274002057522672	2.107107921453159	1	0.2819553294405806	1.20860496897122	0	-1.20860496897122	1	0.2819553294405805	-1.04107577022573
3	6	0.8049024057994077	2.194852083518099	0.3333333333333333	0.2683227606344999	3.727159936887602	2.733669409914258	-0.9934905269733449	0.7984180097644358	0.4505646484191301	-0.8557791355608525
0	0	0.804663905574948	2.195336094425052	0	0.268221301858316	0	0	0	0	0	0
2	0	0.8046639055749479	2.195336094425052	1	0.2682213018583159	2.485509771400721	0	-2.485509771400721	1	0.07194266677056982	-2.140984081727866
0	0	0	1.261967491178294	0	0	0	0	0	0	0	0
0	4	0.9999999999999993	1.999999999999999	0	0.3333333333333333	0	2.000000000000001	2.000000000000001	0.1975308641975309	0.802469135802469	1.72277261297694
0	0	1	1.934970282750135	0	0.3407189523782765	0	0	0	0	0	0
1	0	1	2	1	0.3333333333333333	0.9999999999999998	0	-0.9999999999999998	1	0.3333333333333333	-0.861386306488469
2	1	0.9998618890719834	2.000138110928017	0.6666666666666666	0.3332872963573278	2.00027626001056	0.4999654746521597	-1.5003107853584	0.9629783065023261	0.2591978787441833	-1.292347165984687
0	0	0.8273707865374015	1.367965307887651	0	0.3768765924445322	0	0	0	0	0	0
2	1	0.8046639055749472	2.195336094425051	0.6666666666666666	0.2682213018583159	2.485509771400723	0.4555111185660599	-2.029998652834664	0.9807034442596387	0.177234888830987	-1.748613041741819
2	0	0.9999999999999999	1.934623755280989	1	0.3407591852960553	2	0	-2	1	0.1161168223636311	-1.722772612976939
0	2	0.999755579133415	2.00010413247595	0	0.3332674442289389	0	0.9999479364727769	0.9999479364727769	0.4445323009250111	0.5554676990749889	0.8613414596790517
2	0	0.8046639055749469	2.19533609442505	1	0.2682213018583159	2.485509771400724	0	-2.485509771400724	1	0.07194266677056982	-2.140984081727869
1	0	1	1.999872836103143	1	0.3333474632541449	1	0	-1	1	0.3333474632541449	-0.8613863064884693
0	7	0.9999999999999999	2	0	0.3333333333333334	0	3.5	3.5	0.05852766346593506	0.9414723365340649	3.014852072709643
1	0	0.8046639055749478	2.075446962803451	1	0.2793864341854316	1.242754885700361	0	-1.242754885700361	1	0.2793864341854316	-1.070492040863933
0	5	0.2129987890671792	2.780747224318957	0	0.07114791572657918	0	1.798077853417464	1.798077853417464	0.6914054519892953	0.3085945480107047	1.548839640933984
2	0	0.9425186573457737	2.057376347767318	1	0.3141838816822998	2.121973909388912	0	-2.121973909388912	1	0.09871151150895741	-1.827839268273413
1	7	0.9182171447543569	1.990164395153043	0.125	0.315714129028474	1.089067009598826	3.517297373547728	2.428230363948901	0.2255110847049638	0.9519270711098159	2.091644384505095
4	0	0.9999999999999998	1.999862051747659	1	0.3333486616217636	4.000000000000001	0	-4.000000000000001	1	0.01234795002653311	-3.445545225953878
1	5	0.8055460923977577	2.190668693649232	0.1666666666666667	0.2688545881787542	1.2413938934561	2.282408113328612	1.041014219872512	0.489809235554005	0.8472354609414866	0.8967153938579581
0	6	0.8049470168945281	2.194842224429528	0	0.2683345235744756	0	2.733681689379513	2.733681689379513	0.1534176691195488	0.8465823308804512	2.354755973529778
4	0	0.8046639055749478	2.195336094425052	1	0.2682213018583159	4.971019542801442	0	-4.971019542801442	1	0.005175747302061273	-4.281968163455733
2	0	0.8046639055749478	2.195336094425052	1	0.2682213018583159	2.485509771400721	0	-2.485509771400721	1	0.07194266677056982	-2.140984081727867
3	0	0.8046639055749479	2.195336094425052	1	0.2682213018583159	3.728264657101081	0	-3.728264657101081	1	0.01929655574036127	-3.2114761225918
0	0	0.8046639055749479	2.195336094425052	0	0.2682213018583159	0	0	0	0	0	0
2	3	0.9007001865558841	2.000568165709379	0.4	0.3104504917142987	2.22049471050699	1.499573996738189	-0.7209207137688014	0.8228218215312406	0.4931737988423411	-0.6209912309043388
4	0	1.652504500212196	1.187081865725152	1	0.5819525407062954	2.420568294662051	0	-2.420568294662051	1	0.1146965287523791	-2.085044382942037
1	0	0.8046639055749478	2.195336094425052	1	0.2682213018583159	1.242754885700361	0	-1.242754885700361	1	0.2682213018583159	-1.070492040863933
0	0	0	1.261967491178294	0	0	0	0	0	0	0	0
3	0	1.673340622199789	1.206155122948648	1	0.5811227972880817	1.792820875917165	0	-1.792820875917165	1	0.1962473220109382	-1.544311352501709
0	0	1	2	0	0.3333333333333333	0	0	0	0	0	0
5	3	0.8047282657066683	2.192922021706316	0.625	0.2684530177138043	6.213277466536202	1.368037700522381	-4.845239766013821	0.9937764104077645	0.0367908240310546	-4.1736231860977
2	4	1.559107663141465	1.245903236147612	0.3333333333333333	0.5558294491962996	1.28278504896203	3.210522201040409	1.927737152078379	0.245708287492391	0.9346654931436289	1.660526385309395
6	2	0.8099189791150377	2.169839410944582	0.75	0.2718069296547337	7.408148413259721	0.9217271978341259	-6.486421215425596	0.9993317100888683	0.006655358913666309	-5.587314413083901
0	2	0.8086662597421876	2.140855441851762	0	0.2741686081866008	0	0.9342060005088771	0.9342060005088771	0.5268312093417762	0.4731687906582238	0.8047122562777067
2	12	0.8710000701372753	2.054719333665911	0.1428571428571428	0.2977045813091472	2.296211066532735	5.840213698963105	3.544002632430371	0.1653429475528427	0.9507619267848321	3.052755337734609
1	0	0.8046639055749478	2	1	0.2869020790603408	1.242754885700361	0	-1.242754885700361	1	0.2869020790603407	-1.070492040863933
0	2	0.999754810624171	1.998687507894845	0	0.333424726715426	0	1.000656676994263	1.000656676994263	0.4443225949544045	0.5556774050455955	0.8619519590591135
0	0	1	2	0	0.3333333333333333	0	0	0	0	0	0
5	0	1.671781377541799	1.204889563859197	1	0.5811514113350789	2.990821687074922	0	-2.990821687074922	1	0.06628976572213041	-2.576252846395079
5	0	0.8046639055749476	2.195336094425052	1	0.2682213018583159	6.213774428501805	0	-6.213774428501805	0.9999999999999997	0.001388245679448841	-5.352460204319669
2	2	0.9985866634484633	2.001413336551537	0.5	0.3328622211494877	2.002830673797817	0.9992938307516366	-1.003536843046181	0.8893072113812978	0.4065698750545212	-0.8644328946566484
2	0	1	2	1	0.3333333333333333	2	0	-2	1	0.1111111111111109	-1.722772612976939
0	0	0	3.000000000000001	0	0	0	0	0	0	0	0
1	0	1	2	1	0.3333333333333333	0.9999999999999998	0	-0.9999999999999998	1	0.3333333333333333	-0.861386306488469
1	0	0.8046639055749479	2.195336094425052	1	0.268221301858316	1.24275488570036	0	-1.24275488570036	1	0.2682213018583159	-1.070492040863933
2	3	0.8048617850350277	2.194788238572083	0.4	0.2683185633993305	2.484898695883492	1.366874465279522	-1.11802423060397	0.8762287413218879	0.405783233819821	-0.9630507625645666
1	0	0.8283570995972188	2.106151027608207	1	0.2822814126557131	1.207208823931419	0	-1.207208823931419	1	0.2822814126557132	-1.039873150006574
1	0	0.8272667023958407	1.45292521965015	1	0.3628057333233352	1.208800012261956	0	-1.208800012261956	1	0.3628057333233352	-1.041243777845543
0	1	0.8046639055749478	2.195059722611862	0	0.2682460137373818	0	0.4555684702783931	0.4555684702783931	0.7317539862626182	0.2682460137373818	0.392420441965707
1	0	0.8046639055749478	2.195336094425052	1	0.2682213018583159	1.242754885700361	0	-1.242754885700361	1	0.2682213018583159	-1.070492040863933
1	0	0.8274296817689724	2.073487638132455	1	0.2852303566504572	1.208561914121919	0	-1.208561914121919	1	0.2852303566504572	-1.041038683368115
2	0	1.67376819152567	1.206211594170258	1	0.5811735901199094	1.194908596140164	0	-1.194908596140164	1	0.3377627418528645	-1.029277902220498
0	0	0.8046639055749478	2	0	0.2869020790603408	0	0	0	0	0	0
2	0	0.9245530371965489	2.075446962803451	1	0.308184345732183	2.163207430548761	0	-2.163207430548761	1	0.09497759095437353	-1.863357258768809
0	0	0	1.261967491178294	0	0	0	0	0	0	0	0
2	0	0.9999999999999998	1.998842663492242	1	0.3334619759062218	2	0	-2	0.9999999999999999	0.1111968893752817	-1.722772612976939
3	1	0.9998663558778376	2.000133644122162	0.75	0.3332887852926125	3.000400985955904	0.4999665912019042	-2.500434394754	0.9876609193744901	0.1110715168217484	-2.153839947913879
4	1	0.8048712024946922	2.195128797505308	0.8	0.2682904008315641	4.969739242256438	0.4555541347443792	-4.514185107512058	0.9986099652048458	0.02034527508030759	-3.888457236565065
1	0	0.8046639055749478	2.195336094425052	1	0.2682213018583159	1.242754885700361	0	-1.242754885700361	1	0.2682213018583159	-1.070492040863933
7	0	1	2	1	0.3333333333333333	7	0	-7	1	0.0004572473708274183	-6.029704145419284
6	6	0.9998620590426943	2.000068456996525	0.5	0.3332950725681483	6.000827759925831	2.999897318019863	-3.000930441905968	0.9335906699094695	0.1776458310140457	-2.584960389382192
8	0	0.9999999999999998	2	1	0.3333333333333334	8.000000000000002	0	-8.000000000000002	1	0.0001524157902758061	-6.891090451907756
1	2	0.8047329187771955	2.194919807136584	0.3333333333333333	0.2682753612860472	1.242648308111362	0.9111950211106483	-0.3314532870007134	0.8227014428410663	0.6082193010689357	-0.2855093226630071
1	0	0.8544208259118856	2.066632984580633	1	0.2925043088363449	1.170383457042663	0	-1.170383457042663	1	0.2925043088363448	-1.008152283237185
0	0	0.804663905574948	2.195336094425052	0	0.268221301858316	0	0	0	0	0	0
0	0	0.8273707865374015	1.367965307887651	0	0.3768765924445322	0	0	0	0	0	0
0	1	0.9252992050406196	2.074700794959379	0	0.3084330683468734	0	0.4819972125279777	0.4819972125279777	0.6915669316531265	0.3084330683468735	0.4151857986372124
3	4	0.8054919756360183	2.194508024363981	0.4285714285714285	0.2684973252120061	3.724431888512847	1.82273199987924	-1.901699888633607	0.9111014746713075	0.2828761375586408	-1.638098243119636
3	4	1.800352324199989	1.199350791180241	0.4285714285714285	0.6001768358238957	1.666340504397155	3.335137667323948	1.668797162926793	0.2894498347075981	0.9039150196350196	1.437479024451946
1	1	0.8046639055749476	2.000069190313316	0.5	0.2868950014368869	1.242754885700361	0.4999827030200627	-0.7427721826802982	0.9176912581505285	0.4914812610243026	-0.6398137870013606
1	2	1	2	0.3333333333333333	0.3333333333333333	0.9999999999999998	0.9999999999999998	0	0.7407407407407408	0.7037037037037037	0
2	4	0.8380289037945545	1.366815961874408	0.3333333333333333	0.3800852009333055	2.386552529326968	2.926509575228056	0.5399570459010885	0.5855580266892371	0.734464976532031	0.4651116054311635
1	2	0.9999999999999989	1.88239709349765	0.3333333333333333	0.346933461130627	1.000000000000001	1.062475078668887	0.06247507866888591	0.7224273045887389	0.721469796008136	0.05381517726216818
1	1	0.9999999999999994	1.816463662581635	0.5	0.3550551754974097	1.000000000000001	0.5505202336823837	-0.449479766317617	0.8739358223525036	0.584046173347323	-0.3871757157496324
3	1	0.999878081843744	1.934745650361265	0.75	0.3407176432436395	3.000365799066316	0.5168638057479417	-2.483501993318374	0.9865234572846919	0.1177839892882782	-2.139254609181265
0	1	0.9008653592047959	2.000051960696632	0	0.3105449965859099	0	0.4999870101633226	0.4999870101633226	0.6894550034140901	0.3105449965859099	0.4306819639767972
4	1	0.9153051891359728	2.084694810864026	0.8	0.305101729711991	4.370127087093113	0.4796865204387102	-3.890440566654403	0.9973562319552024	0.03275093661291417	-3.351172230323344
2	1	0.9982430717887592	2.00175692821124	0.6666666666666666	0.3327476905962531	2.003520040881611	0.4995611534581249	-1.503958887423487	0.963157834432103	0.2584787456556257	-1.295489591148225
2	0	0.9999999999999993	1.999999999999999	1	0.3333333333333333	2.000000000000001	0	-2.000000000000001	1	0.1111111111111109	-1.72277261297694
4	0	1	2	1	0.3333333333333333	3.999999999999999	0	-3.999999999999999	1	0.01234567901234551	-3.445545225953876
3	0	1	2	1	0.3333333333333333	3	0	-3	1	0.03703703703703698	-2.584158919465408
2	1	0.8274149091569438	2.072502989767256	0.6666666666666666	0.2853235636305066	2.417166983415621	0.4825083509830309	-1.93465863243259	0.9767719410855847	0.1977724900596045	-1.666488453707142
2	2	0.9022592007426716	1.999517590318781	0.5	0.3109333576317669	2.216657916432164	1.000241263034421	-1.216416653397743	0.9077972158645463	0.3676309412181125	-1.047804648221346
3	0	0.8046639055749477	2.195336094425052	1	0.2682213018583159	3.728264657101082	0	-3.728264657101082	1	0.01929655574036127	-3.2114761225918
0	0	0.8273707865374015	1.367965307887651	0	0.3768765924445322	0	0	0	0	0	0
2	0	0.8276357416469305	1.367700352778122	1	0.3769972824428436	2.416522026973069	0	-2.416522026973069	1	0.1421269509692891	-2.081558983362361
3	3	0.9999999999999991	1.999999999999998	0.5	0.3333333333333333	3.000000000000003	1.500000000000001	-1.500000000000001	0.8998628257887519	0.3196159122085046	-1.292079459732705
6	0	0.9999999999999999	2	1	0.3333333333333334	6.000000000000001	0	-6.000000000000001	0.9999999999999999	0.001371742112482921	-5.168317838930816
4	5	0.9245142178183052	2.075485782181693	0.4444444444444444	0.3081714059394353	4.32659652270066	2.409074561206648	-1.917521961494012	0.8908673302145969	0.289240437529547	-1.651727160021851
2	0	0.9999999999999998	2	1	0.3333333333333334	2	0	-2	1	0.111111111111111	-1.722772612976939
3	1	0.8046639055749478	2.195336094425052	0.75	0.2682213018583159	3.728264657101082	0.4555111185660596	-3.272753538535022	0.9948242526979387	0.06165898105526124	-2.819105082605751
2	2	0.9247397216496241	2.075260278350376	0.5	0.308246573883208	2.162770726915722	0.9637345353084096	-1.199036191607312	0.9099307278501902	0.3628730651244412	-1.032833356434623
4	0	1	1.935018315651016	1	0.3407133763586719	4	0	-4	1	0.01347586764868325	-3.445545225953877
4	6	0.9984782852180947	2.000414472356613	0.4	0.3329489801514587	4.006096135707439	2.999378420278886	-1.006717715428553	0.7876585738036701	0.4396858808897259	-0.8671728545695111
2	2	0.9009095492914941	2.000112836216104	0.5	0.3105489822457403	2.219978688840481	0.9999435850747715	-1.22003510376571	0.9081042005796783	0.3669500146960666	-1.050921531819021
0	6	0.9997236587651995	2.0002763412348	0	0.3332412195883999	0	2.999585545413246	2.999585545413246	0.08786430157466826	0.9121356984253317	2.583801913959717
3	1	0.9041444001486049	1.993085356343736	0.75	0.3120720398934627	3.318054062500327	0.5017346581856758	-2.816319404314652	0.9905153908434556	0.09311565577894321	-2.425938969574404
0	3	0.4858746613189419	2.514125338681055	0	0.1619582204396475	0	1.193257931036104	1.193257931036104	0.5885684947250802	0.4114315052749198	1.027856041903262
3	0	0.9424153271001751	2.057233835231169	1	0.314175183863077	3.18330985684522	0	-3.18330985684522	0.9999999999999998	0.03101099019926978	-2.742059519996242
0	15	0.8046639055749469	2.19533609442505	0	0.2682213018583159	0	6.832666778490901	6.832666778490901	0.009240520764713881	0.9907594792352861	5.885565599790745
1	0	0.9245530371965489	2.075446962803452	1	0.308184345732183	1.081603715274381	0	-1.081603715274381	1	0.3081843457321829	-0.9316786293844047
5	0	0.9999999999999996	1.999999999999999	1	0.3333333333333333	5.000000000000003	0	-5.000000000000003	1	0.004115226337448097	-4.306931532442348
3	0	0.8046639055749478	2.195336094425052	1	0.2682213018583159	3.728264657101082	0	-3.728264657101082	1	0.01929655574036127	-3.2114761225918
1	0	0.9011821047349206	2.000365189862233	1	0.3105867363985322	1.109653636868595	0	-1.109653636868595	1	0.3105867363985322	-0.9558404477437364
0	3	0.2609549409479121	2.739045059052086	0	0.08698498031597075	0	1.095272233687979	1.095272233687979	0.7610860574468865	0.2389139425531135	0.9434525039758636
0	0	0.804663905574948	2.195336094425052	0	0.268221301858316	0	0	0	0	0	0
0	0	0.9245530371965488	2.075446962803451	0	0.308184345732183	0	0	0	0	0	0
2	0	0.8046639055749478	2	1	0.2869020790603408	2.485509771400721	0	-2.485509771400721	1	0.08231280296914589	-2.140984081727867
0	0	0	1.261967491178294	0	0	0	0	0	0	0	0
0	0	1	2	0	0.3333333333333333	0	0	0	0	0	0
0	0	0.1726292134625988	2.827370786537402	0	0.05754307115419958	0	0	0	0	0	0
1	0	1	2	1	0.3333333333333333	1	0	-1	1	0.3333333333333333	-0.8613863064884693
1	0	0.8273854889482409	2.073531830953186	1	0.2852151225655598	1.208626466571445	0	-1.208626466571445	1	0.2852151225655598	-1.041094287964186
7	0	0.9999999999999997	1.999999999999999	1	0.3333333333333333	7.000000000000003	0	-7.000000000000003	1	0.0004572473708274183	-6.029704145419287
1	0	1	1.934947878132444	1	0.3407215533368574	1	0	-1	1	0.3407215533368574	-0.8613863064884693
2	0	0.8046639055749478	2.195336094425052	1	0.2682213018583159	2.485509771400721	0	-2.485509771400721	1	0.07194266677056982	-2.140984081727867
1	3	0.1719772014924544	2.828022798507545	0.25	0.05732573383081814	5.814724226942812	1.060811815796964	-4.753912411145848	0.9817572521752237	0.2103282418190369	-4.094955053206615
0	0	1	2	0	0.3333333333333333	0	0	0	0	0	0
6	0	1.673692608846658	1.20619175211492	1	0.5811666022200352	3.584887671897292	0	-3.584887671897292	0.9999999999999998	0.03853043330256534	-3.087973150871656
2	0	0.9245530371965487	2.075446962803451	1	0.3081843457321829	2.163207430548762	0	-2.163207430548762	0.9999999999999999	0.09497759095437375	-1.86335725876881
2	0	0.8046639055749478	2.195336094425052	1	0.2682213018583159	2.485509771400721	0	-2.485509771400721	1	0.07194266677056982	-2.140984081727867
1	0	0.8046639055749479	2.195336094425052	1	0.268221301858316	1.24275488570036	0	-1.24275488570036	1	0.2682213018583159	-1.070492040863933
1	1	0.9997080949195253	2.000291905080474	0.5	0.3332360316398418	1.000291990313931	0.4999270343793991	-0.5003649559345318	0.8889537472169304	0.555425810496614	-0.431007521288712
1	0	1	1.999907441768123	1	0.3333436178986267	1	0	-1	1	0.3333436178986267	-0.8613863064884693
4	0	0.8046639055749477	2.195336094425052	1	0.268221301858316	4.971019542801443	0	-4.971019542801443	1	0.005175747302061051	-4.281968163455734
0	0	1.804663905574948	1.195336094425052	0	0.6015546351916492	0	0	0	0	0	0
0	0	0.924553037196549	2.075446962803452	0	0.308184345732183	0	0	0	0	0	0
4	0	0.9999999999999998	2	1	0.3333333333333334	4.000000000000001	0	-4.000000000000001	1	0.01234567901234573	-3.445545225953878
0	0	1	2	0	0.3333333333333333	0	0	0	0	0	0
1	0	0.9474327554063723	2.052462138741771	1	0.315821983381657	1.055483879244898	0	-1.055483879244898	1	0.3158219833816569	-0.9091793603008838
2	0	1	2	1	0.3333333333333333	2	0	-2	1	0.1111111111111109	-1.722772612976939
2	0	0.8046639055749479	2	1	0.2869020790603408	2.485509771400721	0	-2.485509771400721	1	0.08231280296914589	-2.140984081727866
0	0	0.8046639055749478	2.195336094425052	0	0.2682213018583159	0	0	0	0	0	0
1	0	0.8274590138979591	2.073458306003468	1	0.2852404679793067	1.208519072490663	0	-1.208519072490663	1	0.2852404679793067	-1.041001780173603
0	2	0.1718828723859672	2.828117127614033	0	0.05729429079532239	0	0.7071842889644808	0.7071842889644808	0.8886940541670941	0.1113059458329059	0.6091588626777885
1	6	1.118733744033297	1.091338519506933	0.1428571428571428	0.5061978119399771	0.8938677369243959	5.497835816068143	4.603968079143748	0.05853247821937808	0.992840691616149	3.965795058884445
0	0	0.8046639055749477	2.195336094425052	0	0.2682213018583159	0	0	0	0	0	0
7	1	0.9999797166881348	1.999163369621319	0.875	0.3334218101339884	7.000141986063004	0.5002092451250844	-6.499932740937919	0.9998472602626189	0.002595602791192975	-5.598953056139987
0	3	0.8276344340640667	2.07328288583736	0	0.2853009385638711	0	1.446980544957499	1.446980544957499	0.3650645272806219	0.6349354727193781	1.246409227181613
0	0	0.804663905574948	2.195336094425052	0	0.268221301858316	0	0	0	0	0	0
2	0	1	1.804977885839685	1	0.3565090495181015	2	0	-2	1	0.1270987023883002	-1.722772612976939
0	2	0.1729697321248812	2.827030267875119	0	0.0576565773749604	0	0.707456167953681	0.707456167953681	0.8880111261646739	0.1119888738353261	0.6093930555161075
0	0	0	3.000000000000001	0	0	0	0	0	0	0	0
1	2	0.9006401977818527	2.00048742158234	0.3333333333333333	0.3104448738381374	1.110321305292453	0.9997563485893082	-0.1105649567031453	0.7707108234717127	0.6721260037117027	-0.09523913968157981
2	0	1	1.804977763473808	1	0.3565090650706464	2	0	-2	1	0.1270987134775464	-1.722772612976939
1	0	0.8046639055749479	2.195336094425052	1	0.268221301858316	1.24275488570036	0	-1.24275488570036	1	0.2682213018583159	-1.070492040863933
1	0	0.9999999999999999	2	1	0.3333333333333334	1	0	-1	1	0.3333333333333334	-0.8613863064884695
1	1	1	2	0.5	0.3333333333333333	1	0.5	-0.5	0.8888888888888891	0.5555555555555555	-0.4306931532442346
1	0	0.9245530371965488	2.075446962803451	1	0.308184345732183	1.081603715274381	0	-1.081603715274381	1	0.3081843457321829	-0.9316786293844049
2	3	0.9977795023031315	2.002040632357974	0.4	0.3326131092909183	2.004450878559327	1.498471085707508	-0.5059797928518186	0.7911893014104563	0.5376712186152612	-0.4358440649224288
1	2	0.8274904174129195	2.073532008340363	0.3333333333333333	0.2852409585210471	1.20847320882146	0.9645377992504598	-0.243935409571	0.8023285671935207	0.6348435525328933	-0.2101226214721157
4	0	0.8046639055749477	2.075446962803451	1	0.2793864341854316	4.971019542801443	0	-4.971019542801443	1	0.006092860842592418	-4.281968163455734
3	3	0.8407309070492692	2.103220770739033	0.5	0.2855790444498341	3.568323675085483	1.426383783261067	-2.141939891824416	0.9403934954976962	0.2294588539956569	-1.845037692138945
1	1	0.9997928463596694	2.000207153640331	0.5	0.3332642821198898	1.000207196561853	0.4999482169534406	-0.500258979608412	0.8889349182631145	0.5554634825028941	-0.4309162347325805
1	2	0.8466659504509834	2.094829816089013	0.3333333333333333	0.287835175587179	1.181103361328446	0.9547314940045788	-0.2263718673238673	0.7991464988432821	0.6388051437252248	-0.1949936266870038
0	0	0.8046639055749478	2.075446962803451	0	0.2793864341854316	0	0	0	0	0	0
0	0	0.9240218056873618	2.075978194312638	0	0.3080072685624539	0	0	0	0	0	0
1	0	1	2	1	0.3333333333333333	1	0	-1	1	0.3333333333333333	-0.8613863064884693
1	1	0.9998168095267217	1.999329298141062	0.5	0.3333671563951268	1.000183224038176	0.5001677317137206	-0.5000154923244559	0.8888663390370269	0.5556006518272807	-0.4307064981203766
1	0	0.8046639055749478	2.195336094425052	1	0.2682213018583159	1.242754885700361	0	-1.242754885700361	1	0.2682213018583159	-1.070492040863933
2	0	1	1.934670263041281	1	0.3407537850482977	2	0	-2	0.9999999999999998	0.1161131420247417	-1.722772612976939
1	0	0.8046639055749478	2.195336094425052	1	0.2682213018583159	1.242754885700361	0	-1.242754885700361	1	0.2682213018583159	-1.070492040863933
3	0	0.9245530371965486	2.07544696280345	1	0.308184345732183	3.244811145823143	0	-3.244811145823143	1	0.02927060672749238	-2.795035888153215
1	1	1	2	0.5	0.3333333333333333	1	0.5	-0.5	0.8888888888888891	0.5555555555555555	-0.4306931532442346
1	2	0.8048335757723696	2.19516642422763	0.3333333333333333	0.2682778585907899	1.24249289555339	0.9110926524414661	-0.3314002431119237	0.8226985014515517	0.6082233123830557	-0.2854636313835607
1	1	0.8046719284776751	2.195304931623643	0.5	0.2682260450670606	1.242742494934374	0.4555175846393248	-0.787224910295049	0.9280547887476833	0.4645068788818043	-0.6781047578547689
0	1	0.8279980510112936	2.072919268890133	0	0.2854262840691472	0	0.4824114547091901	0.4824114547091901	0.7145737159308528	0.2854262840691472	0.4155426211796787
1	0	1	2	1	0.3333333333333333	1	0	-1	1	0.3333333333333333	-0.8613863064884693
3	0	0.8046639055749474	2.195336094425051	1	0.2682213018583159	3.728264657101084	0	-3.728264657101084	1	0.01929655574036127	-3.211476122591802
1	0	0.8274002080213221	1.36793588640373	1	0.3768899942575828	1.208604965656753	0	-1.208604965656753	1	0.3768899942575827	-1.041075767370693
1	0	0.8046639055749478	2.195336094425052	1	0.2682213018583159	1.242754885700361	0	-1.242754885700361	1	0.2682213018583159	-1.070492040863933
4	1	0.9984666271081252	2.001464426557626	0.8	0.3328298581689248	4.006142910940613	0.4996341612325968	-3.506508749708016	0.9959157586339381	0.04501932913821538	-3.020458620580488
0	0	0.804663905574948	2.195336094425052	0	0.268221301858316	0	0	0	0	0	0
3	2	0.9419310225195663	2.056700037312128	0.6	0.3141203448257601	3.184946591922746	0.9724315474869984	-2.212515044435747	0.9635527924570272	0.1822561091068423	-1.90583016217668
1	2	0.9221526885255307	2.077847311474469	0.3333333333333333	0.3073842295085102	1.084419112412872	0.9625346332983304	-0.1218844791145419	0.774631243882238	0.6677407136408391	-0.1049896212827462
2	0	1	2	1	0.3333333333333333	2	0	-2	1	0.1111111111111109	-1.722772612976939
5	0	0.8046639055749474	1.999999999999999	1	0.2869020790603408	6.213774428501806	0	-6.213774428501806	1	0.001943875638573789	-5.35246020431967
2	0	1	1.999907338642729	1	0.3333436293577113	2	0	-2	1	0.1111179752333711	-1.722772612976939
1	6	0.9996541626878633	2.000345837312137	0.1428571428571428	0.3332180542292878	1.000345956956961	2.999481333718871	1.99913537676191	0.2635870717456699	0.9414014560985273	1.722027838359376
4	0	0.8046639055749477	2.075446962803451	1	0.2793864341854316	4.971019542801443	0	-4.971019542801443	1	0.006092860842592418	-4.281968163455734
1	0	1	2	1	0.3333333333333333	1	0	-1	1	0.3333333333333333	-0.8613863064884693
3	0	0.9013297537410843	1.998834732859053	1	0.3107857357420831	3.328415585470375	0	-3.328415585470375	0.9999999999999999	0.03001810226355117	-2.867051607626982
0	0	0.804663905574948	2	0	0.2869020790603408	0	0	0	0	0	0
5	1	0.9999200142702445	2.000079985729755	0.8333333333333334	0.3333066714234149	5.000399960639921	0.499980004367244	-4.500419956272677	0.9986289160746541	0.01782606519606889	-3.87660012378072
1	0	0.8687945868458954	2.032122733055532	1	0.2994896065756941	1.151020062901678	0	-1.151020062901678	1	0.299489606575694	-0.9914729206770022
1	0	0.8217169890101875	1.581274181035123	1	0.3419558919955139	1.21696400752839	0	-1.21696400752839	1	0.3419558919955139	-1.048276131574286
3	2	0.804663905574947	2.195336094425049	0.6	0.268221301858316	3.728264657101085	0.9110222371321203	-2.817242419968965	0.9796742462074878	0.123658821949385	-2.426734042619704
4	0	0.9999999999999997	1.999999999999999	1	0.3333333333333333	4.000000000000002	0	-4.000000000000002	1	0.01234567901234551	-3.445545225953878
3	0	1.804663905574947	1.195336094425052	1	0.6015546351916493	1.662359395969761	0	-1.662359395969761	0.9999999999999998	0.217683360167407	-1.431933620150796
3	0	0.827562334690442	2.073354985210985	1	0.2852760845726422	3.625104568252469	0	-3.625104568252469	0.9999999999999999	0.02321646509968367	-3.122615434681471
1	0	1.673865472361086	1.206415012023114	1	0.5811466908990831	0.5974195755346104	0	-0.5974195755346104	1	0.5811466908990831	-0.5146090415936672
1	0	1	2	1	0.3333333333333333	1	0	-1	1	0.3333333333333333	-0.8613863064884693
0	0	1	2	0	0.3333333333333333	0	0	0	0	0	0
2	0	0.9999999999999993	1.948999841695812	1	0.3390980175248002	2.000000000000001	0	-2.000000000000001	1	0.1149874654892495	-1.72277261297694
0	0	0	3.000000000000001	0	0	0	0	0	0	0	0
3	0	1.094574702717091	1.186314308110167	1	0.4798895069077028	2.740790548651475	0	-2.740790548651475	0.9999999999999997	0.1105156447538173	-2.360879447561399
3	0	0.8046639055749476	2.195336094425052	1	0.2682213018583159	3.728264657101083	0	-3.728264657101083	1	0.01929655574036127	-3.211476122591801
3	3	0.9964862449631209	2.003513755036879	0.5	0.3321620816543737	3.010578435140394	1.497369305530313	-1.513209129610081	0.9010155540933564	0.3173043728853473	-1.303457623099459
0	0	1	2	0	0.3333333333333333	0	0	0	0	0	0
0	0	0.8690162544108531	2.065491872794574	0	0.2961369390509848	0	0	0	0	0	0
0	0	0.8282022318112411	2.072715088090186	0	0.2854966689775851	0	0	0	0	0	0
0	2	0.8280942096741922	1.36724188475086	0	0.3772061197267683	0	1.46279895482023	1.46279895482023	0.3878722173057884	0.6121277826942115	1.260034988827792
1	2	0.9999999999999998	2	0.3333333333333333	0.3333333333333334	1	1	0	0.7407407407407406	0.7037037037037037	0
2	0	0.9010056392025836	2.000121809519814	1	0.3105708574090289	2.219741933879635	0	-2.219741933879635	1	0.09645425747177927	-1.912055305782151
1	0	0.9999999999999998	1.999930599723331	1	0.3333410446535746	1	0	-1	1	0.3333410446535745	-0.8613863064884695
0	0	0.1726292134625988	2.827370786537402	0	0.05754307115419958	0	0	0	0	0	0
0	0	0.8046639055749478	2.195336094425052	0	0.2682213018583159	0	0	0	0	0	0
7	0	1	2	1	0.3333333333333333	7	0	-7	1	0.0004572473708274183	-6.029704145419284
1	0	1	2	1	0.3333333333333333	1	0	-1	1	0.3333333333333333	-0.8613863064884693
0	0	0.351506322077741	2.648493677922256	0	0.1171687740259138	0	0	0	0	0	0
7	0	0.9999999999999998	2	1	0.3333333333333334	7.000000000000002	0	-7.000000000000002	1	0.0004572473708274183	-6.029704145419286
3	0	1	2	1	0.3333333333333333	3	0	-3	1	0.03703703703703698	-2.584158919465408
1	0	0.8046639055749477	2.195336094425052	1	0.2682213018583159	1.242754885700361	0	-1.242754885700361	1	0.2682213018583159	-1.070492040863934
1	0	0.1731609201038414	2.826839079896159	1	0.05772030670128046	5.774975089069281	0	-5.774975089069281	1	0.05772030670128048	-4.974484462036307
0	0	0.8273707865374015	2.107137340668026	0	0.2819453041778822	0	0	0	0	0	0
0	0	0.804663905574948	2.195336094425052	0	0.268221301858316	0	0	0	0	0	0
2	0	0.9999999999999996	1.999999999999999	1	0.3333333333333333	2.000000000000001	0	-2.000000000000001	1	0.1111111111111109	-1.722772612976939
0	0	0	1.261967491178294	0	0	0	0	0	0	0	0
2	0	0.8682498876068327	2.066258239598593	1	0.2958757822332834	2.303484317760896	0	-2.303484317760896	1	0.08754247851215735	-1.98418984853017
3	0	1	1.935063902377625	1	0.3407080844781349	3	0	-3	0.9999999999999996	0.03955007546334033	-2.584158919465407
0	0	0	3.000000000000001	0	0	0	0	0	0	0	0
4	7	0.9014271282489889	2.093599800261847	0.3636363636363636	0.3009746322037878	4.437408055124712	3.343523437060182	-1.093884618064531	0.7875449280354874	0.4332982897031805	-0.942257230879156
1	0	0.8046639055749479	2.195336094425052	1	0.268221301858316	1.24275488570036	0	-1.24275488570036	1	0.2682213018583159	-1.070492040863933
1	0	1	2	1	0.3333333333333333	0.9999999999999998	0	-0.9999999999999998	1	0.3333333333333333	-0.861386306488469
0	0	0	1.261967491178294	0	0	0	0	0	0	0	0
2	0	0.8046639055749477	2	1	0.2869020790603408	2.485509771400721	0	-2.485509771400721	0.9999999999999999	0.08231280296914611	-2.140984081727867
3	0	1	1.999930501408583	1	0.3333410555779414	3	0	-3	0.9999999999999999	0.03703961117820664	-2.584158919465408
0	0	0.804663905574948	2.195336094425052	0	0.268221301858316	0	0	0	0	0	0
5	1	0.9420978874107723	2.056849660707728	0.8333333333333334	0.3141428358764834	5.307304120744628	0.4861804044812476	-4.82112371626338	0.9990389124316903	0.01355094260484302	-4.152849951076075
1	0	0.8046639055749477	2.195336094425052	1	0.2682213018583159	1.242754885700361	0	-1.242754885700361	1	0.2682213018583159	-1.070492040863934
1	0	0.8274002043649828	1.367935890060069	1	0.3768899925920796	1.208604970997662	0	-1.208604970997662	1	0.3768899925920797	-1.04107577197128
1	0	0.8046639055749479	2.195336094425052	1	0.2682213018583159	1.24275488570036	0	-1.24275488570036	1	0.2682213018583159	-1.070492040863933
1	1	0.9997928762075042	2.000207123792496	0.5	0.333264292069168	1.000207166701649	0.4999482244138538	-0.500258942287795	0.8889349116316363	0.5554634957699722	-0.430916202585112
7	0	0.8686040084401303	2.065904118765296	1	0.295996456914677	8.05890823894636	0	-8.05890823894636	1	0.0001990698952909487	-6.941833202275499
1	0	0.9999999999999999	1.936477124672423	1	0.3405441137606527	1	0	-1	1	0.3405441137606527	-0.8613863064884695
1	3	0.8218218044351315	2.10149425061991	0.25	0.2811265661863777	1.21680879553608	1.427555654323129	0.2107468587870498	0.6848131693709114	0.7329394508514684	0.1815344582946238
3	0	0.9999999999999999	1.934856193837132	1	0.3407321974071122	3	0	-3	1	0.03955847328863094	-2.584158919465408
0	0	0.8279298211100627	1.367406273314989	0	0.3771312389080423	0	0	0	0	0	0
0	1	1	2	0	0.3333333333333333	0	0.5	0.5	0.6666666666666667	0.3333333333333333	0.4306931532442346
0	0	1	2	0	0.3333333333333333	0	0	0	0	0	0
2	0	0.8046639055749478	2.195336094425052	1	0.2682213018583159	2.485509771400721	0	-2.485509771400721	1	0.07194266677056982	-2.140984081727867
3	2	1.000673495230016	1.999326504769984	0.6	0.3335578317433388	2.997980874181559	1.000336861052164	-1.997644013129395	0.954621553518104	0.2102092454081625	-1.720743198148333
0	1	0.8274747983147112	2.073442521586716	0	0.2852459091604957	0	0.482289713647207	0.482289713647207	0.7147540908395043	0.2852459091604957	0.4154377550959491
1	0	0.8046639055749478	2.195336094425052	1	0.2682213018583159	1.242754885700361	0	-1.242754885700361	1	0.2682213018583159	-1.070492040863933
3	0	1	2	1	0.3333333333333333	3	0	-3	1	0.03703703703703698	-2.584158919465408
2	0	0.8274590476709097	1.367877046754142	1	0.3769167963721825	2.417038046329302	0	-2.417038046329302	1	0.1420662713874692	-2.082003475369703
1	0	1	2	1	0.3333333333333333	1	0	-1	1	0.3333333333333333	-0.8613863064884693
0	0	1	2	0	0.3333333333333333	0	0	0	0	0	0
5	2	0.9216333750865181	2.078366624913481	0.7142857142857143	0.3072111250288395	5.425150754258032	0.9622941284881616	-4.462856625769871	0.9956649281590441	0.03191580448834108	-3.844243585259502
4	1	0.8046639055749475	2.195336094425051	0.8	0.2682213018583159	4.971019542801444	0.4555111185660597	-4.515508424235384	0.9986117543205512	0.02032575379251245	-3.889597123469685
0	0	0.8273707865374015	1.367965307887651	0	0.3768765924445322	0	0	0	0	0	0
1	0	0.9245530371965489	2.075446962803452	1	0.308184345732183	1.081603715274381	0	-1.081603715274381	1	0.3081843457321829	-0.9316786293844047
1	0	0.8046639055749479	2.195336094425052	1	0.2682213018583159	1.24275488570036	0	-1.24275488570036	1	0.2682213018583159	-1.070492040863933
5	0	0.9999999999999997	1.997822414551249	1	0.333575463024781	5.000000000000002	0	-5.000000000000002	1	0.004130194344101557	-4.306931532442348
2	0	0.8689280075808427	2.031989312320585	1	0.2995355991774246	2.301686655915422	0	-2.301686655915422	0.9999999999999999	0.08972157517457879	-1.982641367232781
2	0	1.803966712410756	1.195395148233467	1	0.6014501738124016	1.108667907362477	0	-1.108667907362477	1	0.3617423115789681	-0.954991353845264
0	0	0.804663905574948	2.195336094425052	0	0.268221301858316	0	0	0	0	0	0
3	0	1.039721918473886	1.508895193196373	1	0.4079553235803612	2.885386896915119	0	-2.885386896915119	1	0.06789500339643717	-2.48543276192394
1	0	1.673650751182687	1.206406838772202	1	0.5811171127341594	0.5974962215344802	0	-0.5974962215344802	1	0.5811171127341594	-0.5146750634084021
2	1	0.9246599040951726	2.075340095904827	0.6666666666666666	0.3082199680317242	2.162957419416929	0.4818487350450434	-1.681108684371886	0.9707192421386681	0.2264371303577679	-1.448084000436789
1	2	0.9997538276072658	1.999689884934865	0.3333333333333333	0.3333130818314108	1.000246233008503	1.000155081579135	-9.115142936844123e-05	0.7407677423331642	0.7036767008808854	-7.851659307482617e-05
0	1	0.8274227858969151	2.073494534004512	0	0.2852279795154695	0	0.4822776156871334	0.4822776156871334	0.7147720204845305	0.2852279795154695	0.4154273340788053
0	0	1	2	0	0.3333333333333333	0	0	0	0	0	0
0	0	0.8046639055749478	2.195336094425052	0	0.2682213018583159	0	0	0	0	0	0
4	1	0.8688100445205111	2.065626698678135	0.8	0.2960738705764281	4.60399833683733	0.4841145791928106	-4.119883757644519	0.9977249004406327	0.0293207490751608	-3.548811453159248
2	0	0.8274886395301534	2.073428680371274	1	0.285250680484155	2.416951610520715	0	-2.416951610520715	0.9999999999999999	0.08136795071667358	-2.081929020747797
2	1	0.804801910713726	2.195198089286273	0.6666666666666666	0.268267303571242	2.485083563266309	0.4555397551048028	-2.029543808161506	0.980693514099034	0.1772890666942227	-1.748221244768782
4	0	0.8046639055749478	2.195336094425052	1	0.2682213018583159	4.971019542801442	0	-4.971019542801442	1	0.005175747302061273	-4.281968163455733
2	0	0.8687799276119808	1.326556166813071	1	0.3957389166142737	2.302078968948337	0	-2.302078968948337	0.9999999999999999	0.1566092901230391	-1.982979300307192
0	0	0.924553037196549	2.075446962803452	0	0.308184345732183	0	0	0	0	0	0
2	0	0.8278415234252825	2.106666603780144	1	0.2821057184168196	2.415921336881952	0	-2.415921336881952	1	0.07958363636346988	-2.081041557143429
4	0	0.8276209839347924	2.073296335966634	1	0.285296302054867	4.833130234304398	0	-4.833130234304398	1	0.006624979974735101	-4.163192201305216
1	0	0.8274002036532248	2.107107923552201	1	0.2819553287252844	1.208604972037346	0	-1.208604972037346	1	0.2819553287252845	-1.041075772866849
2	0	0.8046639055749478	2.195336094425052	1	0.2682213018583159	2.485509771400721	0	-2.485509771400721	1	0.07194266677056982	-2.140984081727867
1	0	1	1.804743868121612	1	0.3565387953480823	1	0	-1	1	0.3565387953480823	-0.8613863064884693
1	0	0.8274002031637414	2.107107924041685	1	0.2819553285584819	1.208604972752347	0	-1.208604972752347	1	0.2819553285584819	-1.041075773482741
2	1	0.9991226272283388	2.000877372771658	0.6666666666666666	0.33304087574278	2.001756286461243	0.4997807529877649	-1.501975533473478	0.9630603633200527	0.258869401386659	-1.293781157214767
1	0	0.8275034290423685	2.107004698163058	1	0.2819905051107873	1.208454206839063	0	-1.208454206839063	1	0.2819905051107873	-1.040945905789553
1	0	0.9999999999999998	1.983029149780367	1	0.3352297110719241	1	0	-1	1	0.335229711071924	-0.8613863064884695
1	1	0.9018666296273232	2.001432916558003	0.5	0.3106350603100168	1.108811399766757	0.4996420273329801	-0.6091693724337773	0.9035058593061923	0.5247759799262257	-0.5247301557466302
3	3	0.9233801759883578	2.076619824011641	0.5	0.3077933919961194	3.248932647691827	1.444655379531417	-1.80427726816041	0.92317059196839	0.2702555161357287	-1.554179731901801
3	0	0.8686040804690548	1.326732013955997	1	0.3956588162855028	3.453817530283729	0	-3.453817530283729	1	0.06193876505488283	-2.975071125696228
1	0	0.8046639055749478	2.195336094425052	1	0.268221301858316	1.242754885700361	0	-1.242754885700361	1	0.2682213018583159	-1.070492040863933
1	3	0.999172165718614	2.000827834281384	0.25	0.3330573885728715	1.000828520158776	1.499379381173732	0.4985508610149556	0.5930831609715705	0.8021418870497072	0.4294448847663188
1	0	0.8689868577911506	2.065521269414275	1	0.2961269214880994	1.150765389642218	0	-1.150765389642218	1	0.2961269214880994	-0.9912535486186742
1	1	0.8275450094379677	2.073372310463459	0.5	0.2852701122368037	1.20839348747829	0.4823060455439723	-0.7260874419343175	0.9186209630644016	0.4891611875380087	-0.6254417797954627
0	0	0.804663905574948	2	0	0.2869020790603408	0	0	0	0	0	0
1	2	0.9999467420207708	2.000053257979229	0.3333333333333333	0.3333155806735903	1.000053260815793	0.9999733717194695	-7.988909632306029e-05	0.7407644106385632	0.7036800328603936	-6.881537361042245e-05
2	0	0.8687662392482227	2.065741887957203	1	0.2960517407309283	2.302115240724223	0	-2.302115240724223	1	0.08764663318981281	-1.983010544318252
1	0	0.8046639055749478	2.195336094425052	1	0.2682213018583159	1.242754885700361	0	-1.242754885700361	1	0.2682213018583159	-1.070492040863933
2	1	0.9997233823851173	2.00027661761488	0.6666666666666666	0.3332411274617061	2.000553388306719	0.4999308551596205	-1.500622533147098	0.9629936897523665	0.2591363266005802	-1.29261570126095
2	0	0.8274738423644297	2.073443477536998	1	0.2852455796267048	2.416994831262806	0	-2.416994831262806	0.9999999999999999	0.08136504069657491	-2.081966250503189
1	3	0.1778409719331167	2.822159028066884	0.25	0.05928032397770555	5.623001207933598	1.063015928643445	-4.559985279290153	0.9805445740743846	0.216857287164355	-3.927908877369536
1	0	0.8046639055749479	2.195336094425052	1	0.268221301858316	1.24275488570036	0	-1.24275488570036	1	0.2682213018583159	-1.070492040863933
2	2	0.9998400668811234	2.000159933118877	0.5	0.3332800222937078	2.000319917403141	0.9999200398347009	-1.00039987756844	0.8889362707955333	0.407312632226457	-0.8617307555501957
0	0	0	1.261967491178294	0	0	0	0	0	0	0	0
1	0	1	1.804797516152581	1	0.3565319757455176	0.9999999999999998	0	-0.9999999999999998	1	0.3565319757455176	-0.861386306488469
0	0	0.8046639055749478	2	0	0.2869020790603408	0	0	0	0	0	0
1	0	0.8046639055749477	2.195336094425052	1	0.2682213018583159	1.242754885700361	0	-1.242754885700361	1	0.2682213018583159	-1.070492040863934
7	0	1	2	1	0.3333333333333333	7	0	-7	1	0.0004572473708274183	-6.029704145419284
1	0	0.8689868229430524	2.065521304262374	1	0.2961269096128218	1.150765435790196	0	-1.150765435790196	1	0.2961269096128218	-0.991253588369911
2	1	1.001641220193307	1.998358779806693	0.6666666666666666	0.3338804067311024	1.996722937993725	0.5004106420253188	-1.496312295968406	0.962780305710671	0.2599889894181207	-1.288902921977507
0	0	1	2	0	0.3333333333333333	0	0	0	0	0	0
0	0	1	2	0	0.3333333333333333	0	0	0	0	0	0
2	3	0.9999999999999998	2	0.4	0.3333333333333334	2	1.5	-0.5	0.7901234567901234	0.5390946502057614	-0.4306931532442346
3	1	1.800946837661362	1.198968463658604	0.75	0.6003325616789725	1.665790426049267	0.8340502943242898	-0.8317401317249773	0.8701124277309787	0.4757747460935651	-0.7164495600248111
4	0	0.8685334060205883	2.065974721184838	1	0.2959723975437427	4.605464766550593	0	-4.605464766550593	1	0.007673700451000354	-3.967084284921796
0	0	0.8046639055749478	2.195336094425052	0	0.268221301858316	0	0	0	0	0	0
0	0	0.8273707865374015	1.367965307887651	0	0.3768765924445322	0	0	0	0	0	0
3	0	0.8046639055749473	2.19533609442505	1	0.268221301858316	3.728264657101084	0	-3.728264657101084	1	0.01929655574036104	-3.211476122591802
0	0	1	2	0	0.3333333333333333	0	0	0	0	0	0
0	1	0.9245796902697846	2.075420309730216	0	0.3081932300899282	0	0.481830111862975	0.481830111862975	0.6918067699100718	0.3081932300899282	0.415041860412574
2	4	0.8047094664512865	2.195244165899799	0.3333333333333333	0.2682406347129538	2.485369047315751	1.822120774597507	-0.6632482727182438	0.8006915369932998	0.5087748985241751	-0.571312979921625
5	0	1.80435865465842	1.195295943073573	1	0.6015221405900122	2.771067707127518	0	-2.771067707127518	0.9999999999999997	0.07875136434430496	-2.386959777272044
1	0	0.9999999999999999	2	1	0.3333333333333334	1	0	-1	1	0.3333333333333334	-0.8613863064884695
3	0	0.8046639055749476	2.195336094425051	1	0.268221301858316	3.728264657101083	0	-3.728264657101083	1	0.01929655574036104	-3.211476122591801
2	1	0.9999999999999999	1.805088754106936	0.6666666666666666	0.3564949588621387	2	0.553989380148096	-1.446010619851904	0.9546935349164811	0.2906530369153155	-1.245573746977334
1	0	0.8273854937814897	2.107122633423937	1	0.2819503160038683	1.208626459511142	0	-1.208626459511142	1	0.2819503160038683	-1.041094281882538
0	0	0	3.000000000000001	0	0	0	0	0	0	0	0
1	1	0.8046639055749479	2.195336094425052	0.5	0.268221301858316	1.24275488570036	0.4555111185660596	-0.7872437671343007	0.9280573332294302	0.4644999369460621	-0.6781210008778839
0	0	0.8273707865374015	2.073546533364026	0	0.2852100543718755	0	0	0	0	0	0
5	0	1.799980627710261	1.195732778454645	1	0.6008520788424103	2.777807673608384	0	-2.777807673608384	1	0.07831371756141847	-2.392765492104854
1	0	0.8046639055749478	2.195336094425052	1	0.2682213018583159	1.242754885700361	0	-1.242754885700361	1	0.2682213018583159	-1.070492040863933
1	0	0.8275622635379728	2.106945863667453	1	0.2820105542955412	1.208368293311038	0	-1.208368293311038	1	0.2820105542955412	-1.040871901052971
0	1	0.8317155439827809	2.069201775918645	0	0.2867077728402969	0	0.4832781469830505	0.4832781469830505	0.7132922271597031	0.2867077728402969	0.4162891780363214
0	0	1	2	0	0.3333333333333333	0	0	0	0	0	0
4	5	0.8688356045272856	2.032408661492356	0.4444444444444444	0.2994699945479888	4.603862893229741	2.46013515624786	-2.143727736981881	0.9018394077663019	0.2691296481583232	-1.846577717475707
1	1	0.8687922333390677	2.032160067442907	0.5	0.2994851839187007	1.151023180947021	0.492087220894126	-0.6589359600528946	0.910308624613182	0.5092789924505834	-0.5675984128423963
0	0	0.8276648883670308	1.367671206058022	0	0.3770105590979189	0	0	0	0	0	0
5	0	1.803146685307462	1.19676859127331	1	0.6010658698877134	2.772930256169053	0	-2.772930256169053	1	0.07845314198020836	-2.388564151511585
7	2	0.9413284816153228	2.055621928611535	0.7777777777777778	0.3140954479604045	7.436298950593715	0.9729415570843299	-6.463357393509384	0.9993854561672528	0.005722667087095457	-5.567447552709988
0	0	0.8273707865374015	2.107137340668026	0	0.2819453041778822	0	0	0	0	0	0
0	0	0.804663905574948	2.195336094425052	0	0.268221301858316	0	0	0	0	0	0
1	0	1	2	1	0.3333333333333333	1	0	-1	1	0.3333333333333333	-0.8613863064884693
1	0	0.8689573568190304	2.065550770386396	1	0.2961168683647678	1.150804457954846	0	-1.150804457954846	1	0.2961168683647678	-0.9912872015281897
0	0	0.804663905574948	2.195336094425052	0	0.268221301858316	0	0	0	0	0	0
0	1	0.005116708331445822	2.994883291668555	0	0.001705569443815274	0	0.3339028277936216	0.3339028277936216	0.9982944305561847	0.00170556944381528	0.2876193235592031
2	0	0.9999999999999996	1.983631043945134	1	0.3351620844773556	2.000000000000001	0	-2.000000000000001	1	0.112333622871206	-1.722772612976939
2	0	0.8046639055749477	2.195336094425052	1	0.268221301858316	2.485509771400721	0	-2.485509771400721	1	0.07194266677056982	-2.140984081727867
2	0	0.9999999999999997	1.999999999999999	1	0.3333333333333333	2.000000000000001	0	-2.000000000000001	1	0.1111111111111109	-1.722772612976939
0	0	0.804663905574948	2.075446962803452	0	0.2793864341854316	0	0	0	0	0	0
0	0	0.804663905574948	2.195336094425052	0	0.268221301858316	0	0	0	0	0	0
1	0	0.8281318295448383	2.07320541756424	1	0.2854310819502273	1.207537211254909	0	-1.207537211254909	1	0.2854310819502273	-1.040156018350253
0	0	0.1790090682126388	2.820990931787361	0	0.05966968940421293	0	0	0	0	0	0
2	0	0.8046639055749478	2	1	0.2869020790603408	2.485509771400721	0	-2.485509771400721	0.9999999999999999	0.08231280296914611	-2.140984081727867
0	0	0.804663905574948	2.195336094425052	0	0.268221301858316	0	0	0	0	0	0
0	0	0.8273707865374015	2.073546533364026	0	0.2852100543718755	0	0	0	0	0	0
0	0	0.804663905574948	2.075446962803452	0	0.2793864341854316	0	0	0	0	0	0
0	2	0.8048019365747179	2.195198063425282	0	0.2682673121915726	0	0.911079520942769	0.911079520942769	0.5354327264073454	0.4645672735926546	0.7847914234621758
1	0	0.8046639055749478	2.195336094425052	1	0.2682213018583159	1.242754885700361	0	-1.242754885700361	1	0.2682213018583159	-1.070492040863933
2	4	1	2	0.3333333333333333	0.3333333333333333	2	2	0	0.6803840877914954	0.6488340192043894	0
3	0	0.8046639055749478	2.075446962803451	1	0.2793864341854316	3.728264657101082	0	-3.728264657101082	0.9999999999999998	0.02180800531835625	-3.2114761225918
0	1	0.1714688938605703	2.82853110613943	0	0.05715629795352344	0	0.3535403933969344	0.3535403933969344	0.9428437020464766	0.05715629795352339	0.3045348536626657
2	3	0.9991442445510896	1.937989075777188	0.4	0.3401766741863175	2.00171297678704	1.547996341928251	-0.4537166348587887	0.7798821836095182	0.5525415746572442	-0.3908252962933894
0	0	1	1.804663905574948	0	0.3565489604698296	0	0	0	0	0	0
0	0	0.7055120959866423	2.294487904013357	0	0.2351706986622142	0	0	0	0	0	0
2	0	0.9011789765914718	1.999060100042365	1	0.3107257549392877	2.219314977325145	0	-2.219314977325145	1	0.09655049478259015	-1.911687531252648
0	0	0.804663905574948	2.195336094425052	0	0.268221301858316	0	0	0	0	0	0
3	0	0.9996342239967296	1.935105624344746	1	0.3406210688697529	3.001097729532932	0	-3.001097729532932	1	0.03951978036466475	-2.585104488653304
3	0	1	2	1	0.3333333333333333	3	0	-3	1	0.03703703703703698	-2.584158919465408
2	0	0.8046639055749479	2	1	0.2869020790603408	2.485509771400721	0	-2.485509771400721	0.9999999999999999	0.08231280296914611	-2.140984081727866
3	4	0.804732915454478	2.19526708454552	0.4285714285714285	0.2682443051514928	3.727944939726656	1.822101751609011	-1.905843188117645	0.911369614862076	0.2823278872640176	-1.641667224558867
2	0	0.8046639055749472	2.19533609442505	1	0.2682213018583159	2.485509771400723	0	-2.485509771400723	1	0.07194266677056982	-2.140984081727868
2	10	0.8049151700687605	2.19393135475482	0.1666666666666667	0.2684082574436226	2.484733887956353	4.558027751564513	2.07329386360816	0.3358517704573611	0.8729930122531477	1.785906943438641
4	1	0.9991234152968475	2.000876584703151	0.8	0.3330411384322827	4.003509415112214	0.4997809498322255	-3.503728465279988	0.9959027787911154	0.04512335398533629	-3.018063721646042
0	0	0.804663905574948	2	0	0.2869020790603408	0	0	0	0	0	0
0	0	0.9234726252052035	2.031108159511428	0	0.3125562279366723	0	0	0	0	0	0
1	1	0.8046639055749478	2.195336094425052	0.5	0.2682213018583159	1.242754885700361	0.4555111185660596	-0.7872437671343009	0.9280573332294302	0.4644999369460621	-0.6781210008778841
2	0	0.8275478042964428	2.106960322908983	1	0.2820056269820347	2.416778812796612	0	-2.416778812796612	0.9999999999999999	0.07952717364953066	-2.081780175154461
1	0	0.9999999999999998	2	1	0.3333333333333334	1	0	-1	1	0.3333333333333334	-0.8613863064884695
5	1	1.63277258205746	1.175404579300948	0.8333333333333334	0.5814350335602168	3.062275821473857	0.8507708899643164	-2.211504931509541	0.9613626638637449	0.2055234132015016	-1.904960064734039
0	0	0.8046639055749478	2.195336094425052	0	0.2682213018583159	0	0	0	0	0	0
1	0	0.8047603385650576	2.194818870965049	1	0.2682910776312274	1.24260596860808	0	-1.24260596860808	1	0.2682910776312274	-1.070363765719841
3	0	1.119761763820655	1.788076625323928	1	0.385083905625877	2.679141311062387	0	-2.679141311062387	0.9999999999999997	0.0571039438661558	-2.307775638496705
2	0	0.8046639055749474	2.195336094425051	1	0.2682213018583159	2.485509771400722	0	-2.485509771400722	1	0.07194266677056982	-2.140984081727868
3	2	0.8686678305292685	1.328770227928494	0.6	0.3953093590901623	3.453564060467322	1.505151122416349	-1.948412938050973	0.9165132940571581	0.3093667081810185	-1.678336224222074
1	0	0.9245530371965488	2.075446962803451	1	0.308184345732183	1.081603715274381	0	-1.081603715274381	1	0.3081843457321829	-0.9316786293844049
5	0	0.8659176049388418	2.034999714962585	1	0.2984978575564042	5.774221440333392	0	-5.774221440333392	1	0.002369769424748536	-4.97383527933531
3	0	0.9999999999999994	1.945380821524163	1	0.3395146707998608	3.000000000000002	0	-3.000000000000002	0.9999999999999999	0.03913592797439636	-2.584158919465409
1	1	0.9995724265778591	2.000427573422141	0.5	0.3331908088592864	1.000427756319374	0.4998931294919593	-0.5005346268274149	0.8889838848916944	0.5553655026102673	-0.4311536734724512
3	0	0.8688541998644601	2.065653927340966	1	0.2960817152998934	3.452823270541819	0	-3.452823270541819	0.9999999999999999	0.02595582063321467	-2.974214683969454
10	0	1.798557647062474	1.200806093407336	1	0.5996463925981697	5.560010832198053	0	-5.560010832198053	0.9999999999999997	0.006011076479905508	-4.789317194782961
0	2	0.8690647824011799	2.031957531013831	0	0.2995719055253107	0	0.9842725398901983	0.9842725398901983	0.4905995155294444	0.5094004844705556	0.8478388877140424
0	0	1	1.804663905574948	0	0.3565489604698296	0	0	0	0	0	0
5	0	0.9999999999999996	1.992182704610523	1	0.3342041909603793	5.000000000000003	0	-5.000000000000003	1	0.004169264602186917	-4.306931532442348
0	0	0.804663905574948	2	0	0.2869020790603408	0	0	0	0	0	0
0	0	0.8275178252502847	2.073399494651142	0	0.2852607413431568	0	0	0	0	0	0
1	0	0.8046639055749478	2.195336094425052	1	0.2682213018583159	1.242754885700361	0	-1.242754885700361	1	0.2682213018583159	-1.070492040863933
0	0	0	1.261967491178294	0	0	0	0	0	0	0	0
4	1	0.9232769766341765	2.076723023365823	0.8	0.3077589922113922	4.332394396513682	0.4815278632483509	-3.850866533265331	0.9972390804257815	0.03381154355026361	-3.31708369986948
1	1	1.803098278748797	1.195556240955974	0.5	0.6013024397776637	0.5546009398300343	0.8364307472481545	0.2818298074181201	0.638435375917429	0.8410402554727565	0.2427643368702511
0	0	0	1.261967491178294	0	0	0	0	0	0	0	0
1	0	0.9245530371965488	2.075446962803452	1	0.3081843457321829	1.081603715274381	0	-1.081603715274381	1	0.3081843457321829	-0.9316786293844049
1	0	1	2	1	0.3333333333333333	1	0	-1	1	0.3333333333333333	-0.8613863064884693
0	0	0.804663905574948	2.195336094425052	0	0.268221301858316	0	0	0	0	0	0
0	0	1	2	0	0.3333333333333333	0	0	0	0	0	0
0	8	0.1751469570838969	2.824853042916102	0	0.05838231902796565	0	2.832005728602994	2.832005728602994	0.6180119006244787	0.3819880993755213	2.439450954515519
0	0	1	1.804663905574948	0	0.3565489604698296	0	0	0	0	0	0
4	0	0.8046639055749477	2.075446962803451	1	0.2793864341854316	4.971019542801443	0	-4.971019542801443	0.9999999999999998	0.00609286084259264	-4.281968163455734
0	1	0.8048018608571632	2.195198139142837	0	0.2682672869523877	0	0.455539744758745	0.455539744758745	0.7317327130476123	0.2682672869523877	0.3923956981964354
3	0	1.673823104246215	1.206339418987088	1	0.5811557822671627	1.792304092582718	0	-1.792304092582718	0.9999999999999998	0.1962807413567619	-1.543866202413995
1	0	1	2	1	0.3333333333333333	1	0	-1	1	0.3333333333333333	-0.8613863064884693
0	0	0.8046639055749478	2.075446962803451	0	0.2793864341854316	0	0	0	0	0	0
1	2	0.9991999261525432	2.000800073847457	0.3333333333333333	0.3330666420508478	1.00080071447817	0.99960012304182	-0.001200591436350096	0.7410962579552116	0.7033479730596077	-0.001034173022959295
1	2	0.9999999999999999	2	0.3333333333333333	0.3333333333333334	1	1	0	0.7407407407407406	0.7037037037037037	0
0	0	1.673680159985801	1.206430708392598	0	0.58111657379639	0	0	0	0	0	0
0	1	1.672726577987008	1.207553991274029	0	0.5807512628591461	0	0.8281203219285875	0.8281203219285875	0.4192487371408539	0.5807512628591461	0.7133315054341082
1	0	0.9999999999999998	1.999212206634462	1	0.333420888921408	1	0	-1	1	0.333420888921408	-0.8613863064884695
3	1	0.8049402449975828	2.195059755002417	0.75	0.2683134149991943	3.726984727927237	0.4555684635559723	-3.271416264371265	0.9948171391691422	0.06171719016174015	-2.81795317295307
1	1	0.9246597843104365	2.075340215689564	0.5	0.3082199281034788	1.081478849808255	0.4818487072336399	-0.5996301425746151	0.9050004759198864	0.5214403321268439	-0.516513193771502
0	1	0.0002444621483165865	2.999755537851684	0	8.148738277219551e-05	0	0.3333604980078356	0.3333604980078356	0.9999185126172278	8.148738277224954e-05	0.2871521681081262
0	0	0	1.261967491178294	0	0	0	0	0	0	0	0
0	0	1	2	0	0.3333333333333333	0	0	0	0	0	0
0	0	0.804663905574948	2.075446962803452	0	0.2793864341854316	0	0	0	0	0	0
0	0	0.8273707865374015	1.367965307887651	0	0.3768765924445322	0	0	0	0	0	0
6	3	0.8520277146677919	2.049064791212718	0.6666666666666666	0.2936920187621501	7.042024451445711	1.464082547738512	-5.577941903707198	0.9962470590139073	0.02274685617146943	-4.804762774241604
0	0	1	2	0	0.3333333333333333	0	0	0	0	0	0
1	0	0.8046639055749479	2.195336094425052	1	0.268221301858316	1.24275488570036	0	-1.24275488570036	1	0.2682213018583159	-1.070492040863933
2	0	0.9245530371965487	2.075446962803451	1	0.3081843457321829	2.163207430548762	0	-2.163207430548762	0.9999999999999999	0.09497759095437375	-1.86335725876881
2	2	0.9419308586162708	2.056807513839158	0.5	0.3141090490815304	2.123298097418817	0.9723807339982322	-1.150917363420584	0.9052384051000097	0.3732597309373975	-0.9913844567503045
0	0	0.804663905574948	2.075446962803452	0	0.2793864341854316	0	0	0	0	0	0
1	1	0.8046639055749478	2.195336094425052	0.5	0.2682213018583159	1.242754885700361	0.4555111185660596	-0.7872437671343009	0.9280573332294302	0.4644999369460621	-0.6781210008778841
2	0	0.9245530371965488	2.075446962803451	1	0.308184345732183	2.163207430548762	0	-2.163207430548762	1	0.09497759095437353	-1.86335725876881
0	0	0.804663905574948	2.075446962803452	0	0.2793864341854316	0	0	0	0	0	0
1	0	0.9245530371965489	2.075446962803451	1	0.308184345732183	1.081603715274381	0	-1.081603715274381	1	0.3081843457321829	-0.9316786293844047