Observed S Changes	Observed NS Changes	E[S Sites]	E[NS Sites]	Observed S. Prop.	P{S}	dS	dN	dN-dS	P{S leq. observed}	P{S geq. observed}	Scaled dN-dS
0	0	0	2.999999999999999	0	0	0	0	0	0	0	0
0	1	0.872180734186331	2.031179187639013	0	0.3004039311936187	0	0.4923248554758837	0.4923248554758837	0.6995960688063813	0.3004039311936187	0.4221555183803736
4	0	0.9999999999999998	2	1	0.3333333333333334	4.000000000000001	0	-4.000000000000001	1	0.01234567901234573	-3.429894011524695
0	2	0.9260067712224876	2.073993228777511	0	0.3086689237408293	0	0.9643233026266311	0.9643233026266311	0.4779386570016633	0.5220613429983367	0.8268816802131994
0	0	0.9261201709539716	2.073879829046028	0	0.308706723651324	0	0	0	0	0	0
4	0	0.9999999999999997	1.999999999999999	1	0.3333333333333333	4.000000000000002	0	-4.000000000000002	1	0.01234567901234551	-3.429894011524696
0	0	1.680783989537778	1.201885602676788	0	0.5830650845581445	0	0	0	0	0	0
0	0	0.8087897631685373	2.191210236831462	0	0.2695965877228458	0	0	0	0	0	0
0	0	0.8087897631685373	2	0	0.2879495552761338	0	0	0	0	0	0
0	0	0.9261201709539716	2.073879829046028	0	0.308706723651324	0	0	0	0	0	0
1	0	1.807389187504717	1.192610812495282	1	0.6024630625015726	0.5532842660083636	0	-0.5532842660083636	1	0.6024630625015726	-0.4744265976632306
0	0	0.8087897631685375	2.073879829046028	0	0.2805697071051412	0	0	0	0	0	0
3	0	1.808789763168537	1.191210236831462	1	0.6029299210561792	1.658567546703033	0	-1.658567546703033	1	0.219179791879709	-1.422177724036484
0	1	0.9991664274029948	2.000833572597004	0	0.3330554758009984	0	0.4997916936699732	0.4997916936699732	0.6669445241990016	0.3330554758009984	0.4285581342821064
2	3	0.8099493847083661	2.190050615291633	0.4	0.2699831282361221	2.46929010350459	1.369831354149097	-1.099458749355493	0.8742964682617482	0.4092811447026475	-0.9427567450832089
2	0	0.9999999999999997	1.999999999999999	1	0.3333333333333333	2.000000000000001	0	-2.000000000000001	1	0.1111111111111109	-1.714947005762348
0	0	0.8312177013311655	1.359992535500296	0	0.3793418300806793	0	0	0	0	0	0
1	1	0.8313586348599988	2.073402810014737	0.5	0.2862054769856842	1.202850320028733	0.4822989508695091	-0.7205513691592237	0.9180864249433971	0.4904973789147653	-0.6178537065187852
1	4	0.9804297619757807	2.019570238024218	0.2	0.3268099206585937	1.019960877141042	1.980619403419844	0.9606585262788023	0.4738528986107494	0.8617425520144903	0.8237392316009506
1	0	0.9999999999999998	2	1	0.3333333333333334	1	0	-1	1	0.3333333333333334	-0.8574735028811739
0	2	0.9985398641261092	1.93745724905851	0	0.3401024679629239	0	1.032280841795029	1.032280841795029	0.4354647527886239	0.564535247211376	0.8851534693711101
0	2	0.8099918205689324	2.190008179431067	0	0.2699972735229775	0	0.9132385982775514	0.9132385982775514	0.5329039806638867	0.4670960193361133	0.7830778998313449
0	0	0.8087897631685373	2.191210236831462	0	0.2695965877228458	0	0	0	0	0	0
1	1	0.8087897631685377	2.191210236831463	0.5	0.2695965877228458	1.236415253430473	0.4563688062383378	-0.7800464471921356	0.9273176798881977	0.4665108553338897	-0.6688691594838549
1	0	0.8087897631685373	2.191210236831461	1	0.2695965877228459	1.236415253430474	0	-1.236415253430474	1	0.2695965877228459	-1.060193318374742
0	0	0.9999999999999998	2	0	0.3333333333333334	0	0	0	0	0	0
0	0	0.9999999999999998	2	0	0.3333333333333334	0	0	0	0	0	0
0	0	0.9999999999999998	2	0	0.3333333333333334	0	0	0	0	0	0
0	0	1.808789763168537	1.191210236831462	0	0.6029299210561793	0	0	0	0	0	0
2	0	0.8087897631685373	2.073879829046028	1	0.2805697071051412	2.472830506860948	0	-2.472830506860948	1	0.07871936054506468	-2.120386636749485
1	0	1.00350278936961	1.99649721063039	1	0.33450092978987	0.996509437336183	0	-0.996509437336183	1	0.33450092978987	-0.8544804378868043
1	0	0.9999999999999997	1.999999999999999	1	0.3333333333333333	1	0	-1	1	0.3333333333333333	-0.857473502881174
0	0	0.8087897631685373	2.191210236831462	0	0.2695965877228458	0	0	0	0	0	0
0	0	0.8087897631685375	2.191210236831462	0	0.2695965877228459	0	0	0	0	0	0
0	0	0.9999999999999998	2	0	0.3333333333333334	0	0	0	0	0	0
1	0	0.9999999999999996	1.999999999999999	1	0.3333333333333333	1	0	-1	1	0.3333333333333333	-0.857473502881174
0	0	0.9999999999999998	2	0	0.3333333333333334	0	0	0	0	0	0
2	0	0.8087897631685375	2.191210236831462	1	0.2695965877228459	2.472830506860947	0	-2.472830506860947	0.9999999999999999	0.0726823201118022	-2.120386636749484
1	0	0.9999999999999997	1.93621878343753	1	0.3405740763054674	1	0	-1	1	0.3405740763054674	-0.857473502881174
3	0	0.9999999999999997	1.999999999999999	1	0.3333333333333333	3.000000000000001	0	-3.000000000000001	1	0.03703703703703698	-2.572420508643522
0	1	0.1695015381490704	2.830498461850929	0	0.05650051271635681	0	0.3532946629287609	0.3532946629287609	0.9434994872836432	0.05650051271635681	0.3029408121707481
0	0	0.9999999999999998	2	0	0.3333333333333334	0	0	0	0	0	0
0	0	0.8312177013311655	2.071890853161596	0	0.2863198828871895	0	0	0	0	0	0
0	0	0.9999999999999998	2	0	0.3333333333333334	0	0	0	0	0	0
0	0	0.9261201709539714	2.073879829046028	0	0.3087067236513239	0	0	0	0	0	0
3	2	0.9991359107754053	2.000864089224594	0.6	0.3330453035918018	3.002594509561539	0.9995681419696384	-2.003026367591901	0.95487459361885	0.2094500169193696	-1.717542035782381
1	1	0.8087897631685373	2.191210236831462	0.5	0.2695965877228458	1.236415253430474	0.4563688062383379	-0.7800464471921358	0.9273176798881977	0.4665108553338897	-0.6688691594838551
0	0	0.8087897631685373	2.191210236831462	0	0.2695965877228458	0	0	0	0	0	0
0	4	0.9864747014852673	1.204735535346195	0	0.4501962819011522	0	3.320230774840184	3.320230774840184	0.09137569430389937	0.9086243056961006	2.847009912876086
0	0	0.9261201709539716	2.073879829046028	0	0.308706723651324	0	0	0	0	0	0
0	0	0.8312177013311655	2.104779411853454	0	0.2831125744635217	0	0	0	0	0	0
1	0	0.9999999999999998	2	1	0.3333333333333334	1	0	-1	1	0.3333333333333334	-0.8574735028811739
1	0	0.9999999999999998	2	1	0.3333333333333334	1	0	-1	1	0.3333333333333334	-0.8574735028811739
0	0	0.8087897631685375	2.191210236831462	0	0.2695965877228459	0	0	0	0	0	0
1	0	0.9999999999999998	2	1	0.3333333333333334	1	0	-1	1	0.3333333333333334	-0.8574735028811739
2	0	0.9999999999999997	1.999999999999999	1	0.3333333333333333	2.000000000000001	0	-2.000000000000001	1	0.1111111111111109	-1.714947005762348
4	0	0.8715708429943145	2.064426270190305	1	0.2968568460372014	4.589414655334097	0	-4.589414655334097	1	0.007765837091677108	-3.935301460683522
2	0	1.79693909123949	1.192198553645362	1	0.6011563550157999	1.113003779455008	0	-1.113003779455008	1	0.3613889631758824	-0.954371249489271
1	0	0.9999999999999998	2	1	0.3333333333333334	1	0	-1	1	0.3333333333333334	-0.8574735028811739
1	0	0.8719235617671786	1.319286675064283	1	0.397918715014767	1.146889525468542	0	-1.146889525468542	1	0.3979187150147669	-0.9834273788212374
0	4	0.8087897631685377	2.191210236831462	0	0.2695965877228459	0	1.825475224953351	1.825475224953351	0.284610667476578	0.715389332523422	1.565296635563549
1	0	0.9999999999999997	1.999999999999999	1	0.3333333333333333	1	0	-1	1	0.3333333333333333	-0.857473502881174
0	0	0.9999999999999998	1.808789763168537	0	0.3560252223619331	0	0	0	0	0	0
0	3	0.5459409067220256	2.454059093277975	0	0.1819803022406752	0	1.222464450109387	1.222464450109387	0.5473829736826952	0.4526170263173048	1.048230874183004
1	0	0.9999999999999998	1.999612477871121	1	0.3333763969103495	1	0	-1	1	0.3333763969103496	-0.8574735028811739
0	2	0.8403200215778855	2.095677091606734	0	0.2862128228274743	0	0.9543454991277402	0.9543454991277402	0.5094921342959225	0.4905078657040775	0.8183259780959454
0	0	0.1687822986688344	2.831217701331165	0	0.0562607662229448	0	0	0	0	0	0
2	0	0.8087897631685375	2.073879829046028	1	0.2805697071051412	2.472830506860947	0	-2.472830506860947	1	0.07871936054506468	-2.120386636749484
0	4	0.8087897631685373	2.191210236831461	0	0.2695965877228459	0	1.825475224953352	1.825475224953352	0.284610667476578	0.715389332523422	1.565296635563549
1	0	0.8087897631685375	2.191210236831462	1	0.2695965877228459	1.236415253430474	0	-1.236415253430474	1	0.2695965877228459	-1.060193318374742
1	0	0.9999999999999998	2	1	0.3333333333333334	1	0	-1	1	0.3333333333333334	-0.8574735028811739
0	0	0.8087897631685375	2.191210236831462	0	0.2695965877228459	0	0	0	0	0	0
1	2	0.8721608212682258	1.325342163117252	0.3333333333333333	0.3968872067366597	1.146577529756359	1.509044272232258	0.3624667424758985	0.6524765482873617	0.780620712046818	0.310805627348737
1	0	0.9261201709539711	2.073879829046027	1	0.3087067236513239	1.079773480119677	0	-1.079773480119677	1	0.3087067236513239	-0.9258771483164151
0	0	0.9999999999999998	2	0	0.3333333333333334	0	0	0	0	0	0
0	0	0.8087897631685375	2.191210236831462	0	0.2695965877228459	0	0	0	0	0	0
0	0	0.9999999999999998	1.93599711318462	0	0.3405997899348474	0	0	0	0	0	0
1	2	0.831394421801344	2.1031509439039	0.3333333333333333	0.2833128536765828	1.202798543961055	0.9509540938072522	-0.251844450153803	0.8046823579106236	0.6318804803975068	-0.2159499428545646
2	0	0.8087897631685372	2.191210236831461	1	0.2695965877228458	2.472830506860948	0	-2.472830506860948	0.9999999999999998	0.07268232011180231	-2.120386636749485
1	0	0.8087897631685375	2.073879829046028	1	0.2805697071051412	1.236415253430474	0	-1.236415253430474	1	0.2805697071051412	-1.060193318374742
1	0	0.9999999999999998	2	1	0.3333333333333334	1	0	-1	1	0.3333333333333334	-0.8574735028811739
0	1	1.807367979548273	1.192632020451727	0	0.6024559931827577	0	0.838481596042705	0.838481596042705	0.3975440068172423	0.6024559931827577	0.7189757512601355
0	0	0.1687822986688344	2.831217701331165	0	0.0562607662229448	0	0	0	0	0	0
0	0	0.8087897631685375	2.191210236831462	0	0.2695965877228459	0	0	0	0	0	0
0	0	0.9999999999999998	2	0	0.3333333333333334	0	0	0	0	0	0
0	0	1.808789763168537	1.191210236831462	0	0.6029299210561793	0	0	0	0	0	0
0	0	1.680783989537778	1.201885602676788	0	0.5830650845581445	0	0	0	0	0	0
0	0	0.9999999999999998	1.93599711318462	0	0.3405997899348474	0	0	0	0	0	0
3	0	0.8087897631685375	2.191210236831462	1	0.2695965877228459	3.709245760291421	0	-3.709245760291421	1	0.01959490548992138	-3.180579955124227
0	0	0.9999999999999998	2	0	0.3333333333333334	0	0	0	0	0	0
1	0	0.8718883721741647	1.319321864657297	1	0.3979026555822112	1.146935814164344	0	-1.146935814164344	1	0.3979026555822112	-0.9834670701513707
1	0	0.8087897631685375	2.073879829046028	1	0.2805697071051412	1.236415253430474	0	-1.236415253430474	1	0.2805697071051412	-1.060193318374742
1	0	0.8087897631685375	2.191210236831461	1	0.2695965877228459	1.236415253430474	0	-1.236415253430474	1	0.2695965877228459	-1.060193318374742
0	2	0.9973463272016014	2.002653672798398	0	0.3324487757338672	0	0.9986749217628379	0.9986749217628379	0.4456246370192127	0.5543753629807873	0.8563372834035626
2	0	0.8087897631685376	2.191210236831462	1	0.2695965877228459	2.472830506860947	0	-2.472830506860947	0.9999999999999999	0.0726823201118022	-2.120386636749484
0	0	0.8312177013311655	1.359992535500296	0	0.3793418300806793	0	0	0	0	0	0
1	0	0.8087897631685373	2.191210236831461	1	0.2695965877228459	1.236415253430474	0	-1.236415253430474	1	0.2695965877228459	-1.060193318374742
1	0	0.8719589805324002	2.031149573960362	1	0.3003535569426032	1.146842939090347	0	-1.146842939090347	1	0.3003535569426032	-0.9833874322363398
2	2	0.832387635122094	2.071564071467298	0.5	0.2866396273854394	2.402726705216665	0.9654540873473401	-1.437272617869324	0.9260480620894448	0.3248178613184523	-1.232423186239604
0	0	0	1.256011547261519	0	0	0	0	0	0	0	0
0	0	0.8087897631685373	2.191210236831462	0	0.2695965877228458	0	0	0	0	0	0
0	0	0.9999999999999998	2	0	0.3333333333333334	0	0	0	0	0	0
0	0	0.8087897631685375	2.191210236831462	0	0.2695965877228459	0	0	0	0	0	0
0	1	0.9999360978750058	2.000063902124993	0	0.333312032625002	0	0.4999840249791705	0.4999840249791705	0.6666879673749979	0.3333120326250021	0.4287230532835176
0	0	0.8312177013311655	2.104779411853454	0	0.2831125744635217	0	0	0	0	0	0
3	0	1.095135510804638	1.252296163137171	1	0.4665249783247943	2.73938701685948	0	-2.73938701685948	0.9999999999999999	0.1015370880159161	-2.348951781093707
0	0	0.8087897631685373	2.191210236831462	0	0.2695965877228458	0	0	0	0	0	0
0	3	0.8322783803125762	2.071082182708492	0	0.2866603586591931	0	1.448518086364251	1.448518086364251	0.3629853331725319	0.6370146668274681	1.242065877501488
0	0	0.9999999999999998	2	0	0.3333333333333334	0	0	0	0	0	0
0	2	0.8087897631685373	2.03178363338719	0	0.28472764130975	0	0.9843567824521733	0.9843567824521733	0.5116145471063136	0.4883854528936864	0.8440598583341065
0	0	0.8087897631685373	2.191210236831462	0	0.2695965877228458	0	0	0	0	0	0
0	0	0.8087897631685373	2.191210236831462	0	0.2695965877228458	0	0	0	0	0	0
0	0	0.8087897631685375	2.073879829046028	0	0.2805697071051412	0	0	0	0	0	0
0	0	0.8087897631685373	2	0	0.2879495552761338	0	0	0	0	0	0
2	0	0.9999999999999996	1.999999999999999	1	0.3333333333333333	2.000000000000001	0	-2.000000000000001	1	0.1111111111111109	-1.714947005762348
0	0	0.8087897631685375	2	0	0.2879495552761338	0	0	0	0	0	0
0	0	0.8087897631685375	2.191210236831462	0	0.2695965877228459	0	0	0	0	0	0
1	0	0.9999999999999998	2	1	0.3333333333333334	1	0	-1	1	0.3333333333333334	-0.8574735028811739
1	0	0.9999999999999997	1.999999999999999	1	0.3333333333333333	1	0	-1	1	0.3333333333333333	-0.857473502881174
0	0	0.8087897631685375	2.191210236831462	0	0.2695965877228459	0	0	0	0	0	0
0	0	0.8087897631685375	2	0	0.2879495552761338	0	0	0	0	0	0
0	1	0.9999999999999997	1.999999999999999	0	0.3333333333333333	0	0.5000000000000002	0.5000000000000002	0.6666666666666667	0.3333333333333333	0.428736751440587
0	0	0.9999999999999998	2	0	0.3333333333333334	0	0	0	0	0	0
0	0	0.9999999999999998	2	0	0.3333333333333334	0	0	0	0	0	0
0	0	0.9438850795308367	2.056114920469163	0	0.3146283598436122	0	0	0	0	0	0
1	0	0.9999999999999997	1.809121125276592	1	0.3559832258573534	1	0	-1	1	0.3559832258573534	-0.857473502881174
1	0	1.808497722787867	1.191171430252512	1	0.6028990633699804	0.5529451253377651	0	-0.5529451253377651	1	0.6028990633699804	-0.474135793524443
0	1	0.9998720488113524	2.000127951188647	0	0.3332906829371176	0	0.4999680142491458	0.4999680142491458	0.6667093170628824	0.3332906829371176	0.4287093245067596
0	0	0.9999999999999998	2	0	0.3333333333333334	0	0	0	0	0	0
1	1	0.9999999999999996	1.81143670792858	0.5	0.3556900275150719	1	0.5520479935197534	-0.447952006480247	0.8734846043263276	0.584864659356471	-0.3841069761192676
1	0	0.9999999999999997	1.999999999999999	1	0.3333333333333333	1	0	-1	1	0.3333333333333333	-0.857473502881174
2	0	0.9999999999999997	1.99966671401036	1	0.3333703692244744	2.000000000000001	0	-2.000000000000001	0.9999999999999999	0.1111358030768625	-1.714947005762348
0	0	0.9999999999999998	2	0	0.3333333333333334	0	0	0	0	0	0
0	0	1.808789763168537	1.191210236831462	0	0.6029299210561793	0	0	0	0	0	0
1	0	0.871888460531326	2.064108652653294	1	0.2969650265035871	1.146935697933888	0	-1.146935697933888	1	0.296965026503587	-0.9834669704868351
0	0	0.8087897631685375	2.191210236831462	0	0.2695965877228459	0	0	0	0	0	0
0	0	0.8087897631685373	2.191210236831462	0	0.2695965877228458	0	0	0	0	0	0
0	2	0.8087897631685375	2.191210236831461	0	0.2695965877228459	0	0.9127376124766761	0.9127376124766761	0.5334891446661103	0.4665108553338897	0.7826483177817747
0	0	0.8312177013311655	2.104779411853454	0	0.2831125744635217	0	0	0	0	0	0
0	1	0.8087897631685372	2.191210236831462	0	0.2695965877228458	0	0.4563688062383379	0.4563688062383379	0.7304034122771541	0.2695965877228459	0.3913241588908872
0	0	0.8087897631685373	2.191210236831462	0	0.2695965877228458	0	0	0	0	0	0
0	0	0.8087897631685375	2.191210236831462	0	0.2695965877228459	0	0	0	0	0	0
0	0	0	1.256011547261519	0	0	0	0	0	0	0	0
1	2	0.9981787669341526	2.001821233065847	0.3333333333333333	0.3327262556447176	1.001824556007579	0.99909021193513	-0.00273434407244888	0.741549808668106	0.702893529475175	-0.002344627589885114
1	0	0.9999999999999998	1.936107714853898	1	0.3405869597157338	1	0	-1	1	0.3405869597157338	-0.8574735028811739
0	0	0.9999999999999998	2	0	0.3333333333333334	0	0	0	0	0	0
1	0	0.9999999999999999	2	1	0.3333333333333334	1	0	-1	1	0.3333333333333334	-0.8574735028811739
0	0	0.8312177013311655	1.359992535500296	0	0.3793418300806793	0	0	0	0	0	0
4	1	0.8087897631685375	2.191210236831462	0.8	0.2695965877228459	4.945661013721894	0.4563688062383379	-4.489292207483556	0.9985757968066211	0.02071678551065637	-3.849449114608082
0	0	0.9999999999999998	1.93599711318462	0	0.3405997899348474	0	0	0	0	0	0
0	1	0.9998540273725357	2.000062175339531	0	0.3332939855015351	0	0.4999844566483238	0.4999844566483238	0.6667060144984649	0.3332939855015351	0.4287234234283785
1	0	0.8087897631685376	2.191210236831462	1	0.2695965877228459	1.236415253430474	0	-1.236415253430474	1	0.2695965877228459	-1.060193318374742
0	0	0.9999999999999998	2	0	0.3333333333333334	0	0	0	0	0	0
0	2	0.9999999999999999	2	0	0.3333333333333334	0	1	1	0.4444444444444444	0.5555555555555556	0.8574735028811739
0	0	0.8087897631685373	2.073879829046028	0	0.2805697071051412	0	0	0	0	0	0
0	2	0.2090876816437101	2.784931529281083	0	0.06983511691600905	0	0.7181505106936293	0.7181505106936293	0.8652067097226546	0.1347932902773454	0.6157950340003701
0	0	0.9438850795308367	2.056114920469163	0	0.3146283598436122	0	0	0	0	0	0
0	5	0.9186734462211674	1.990605730376033	0	0.3157735612350828	0	2.511798255024354	2.511798255024354	0.1499682271092242	0.8500317728907758	2.153800448266553
1	0	0.9999999999999997	1.998841375838235	1	0.3334621190894034	1	0	-1	1	0.3334621190894034	-0.857473502881174
0	3	0.8092749853845179	2.188628795089743	0	0.2699469511514785	0	1.370721251009122	1.370721251009122	0.3891018153573356	0.6108981846426644	1.175357152576456
1	2	0.8087897631685375	2.191210236831462	0.3333333333333333	0.2695965877228459	1.236415253430474	0.9127376124766758	-0.3236776409537977	0.8211428506444365	0.6103377083230527	-0.2775450005929677
1	0	0.8087897631685375	2.191210236831462	1	0.2695965877228459	1.236415253430474	0	-1.236415253430474	1	0.2695965877228459	-1.060193318374742
0	0	0.8087897631685373	2.191210236831462	0	0.2695965877228458	0	0	0	0	0	0
1	0	0.8087897631685375	2.191210236831462	1	0.2695965877228459	1.236415253430474	0	-1.236415253430474	1	0.2695965877228459	-1.060193318374742
0	0	0.8087897631685375	2.191210236831462	0	0.2695965877228459	0	0	0	0	0	0
1	0	0.9032851536350081	2.000243028232857	1	0.3110991514654137	1.107070116203938	0	-1.107070116203938	1	0.3110991514654137	-0.9492832904764583
2	0	1.658732610155856	1.183884711401118	1	0.5835230080309668	1.205739844839777	0	-1.205739844839777	1	0.3404991009015077	-1.033889968318166
0	0	0.8087897631685375	2.191210236831462	0	0.2695965877228459	0	0	0	0	0	0
0	0	0	1.256011547261519	0	0	0	0	0	0	0	0
0	0	1.680783989537778	1.201885602676788	0	0.5830650845581445	0	0	0	0	0	0
0	0	0.9999999999999998	2	0	0.3333333333333334	0	0	0	0	0	0
1	1	0.8089259622817931	2.186162465029032	0.5	0.2700841667663538	1.236207077813687	0.4574225456691849	-0.7787845321445017	0.9270545428621244	0.467222876394832	-0.6677871007676218
1	5	1.588269157039162	1.220712645635009	0.1666666666666667	0.5654252211698624	0.6296162055203487	4.095968054299153	3.466351848778804	0.05931921043773413	0.9932642322088742	2.972304861990994
0	4	0.8132740130532449	2.170583316936283	0	0.2725579419898401	0	1.842822603854657	1.842822603854657	0.2800229502982891	0.7199770497017109	1.580171553315858
0	3	0.8137497693072794	2.14289137071598	0	0.275227777321964	0	1.399977638156079	1.399977638156079	0.3807190614680662	0.6192809385319338	1.200443729345005
2	2	0.8703832565680968	2.054864161876369	0.5	0.2975417570083467	2.297838319967182	0.9733003461278577	-1.324537973839324	0.9181464726952264	0.3439662628771569	-1.135756216127138
1	0	0.8087897631685373	2	1	0.2879495552761338	1.236415253430474	0	-1.236415253430474	1	0.2879495552761338	-1.060193318374742
0	0	0.9999999999999998	2	0	0.3333333333333334	0	0	0	0	0	0
0	0	0.9999999999999998	2	0	0.3333333333333334	0	0	0	0	0	0
3	0	1.680103574099364	1.200837695003218	1	0.5831786965316094	1.785604200983966	0	-1.785604200983966	0.9999999999999997	0.1983375538118588	-1.53110828897706
0	0	0.8087897631685373	2.191210236831462	0	0.2695965877228458	0	0	0	0	0	0
1	0	0.9999999999999999	2	1	0.3333333333333334	1	0	-1	1	0.3333333333333334	-0.8574735028811739
1	0	0.9999999999999998	2	1	0.3333333333333334	1	0	-1	1	0.3333333333333334	-0.8574735028811739
0	0	0	2.999999999999999	0	0	0	0	0	0	0	0
0	0	0.9999999999999998	2	0	0.3333333333333334	0	0	0	0	0	0
0	0	0.8087897631685373	2.191210236831462	0	0.2695965877228458	0	0	0	0	0	0
1	1	0.8090636835784739	2.190516400752146	0.5	0.2697256485349092	1.235996646860996	0.4565133589762831	-0.7794832878847133	0.927248074522423	0.4666993715922408	-0.6683862652998395
2	0	0.8319930487947785	2.104004064389842	1	0.2833766576467548	2.403866237701374	0	-2.403866237701374	1	0.08030233009904597	-2.061251603299585
0	4	0.8310225327795361	1.436966577063121	0	0.3664138108834168	0	2.783641640555913	2.783641640555913	0.161147216306401	0.8388527836935991	2.386898948293376
0	0	0.8087897631685375	2.191210236831462	0	0.2695965877228459	0	0	0	0	0	0
0	0	0.8087897631685373	2.191210236831462	0	0.2695965877228458	0	0	0	0	0	0
0	0	0.8312177013311655	2.071890853161596	0	0.2863198828871895	0	0	0	0	0	0
0	0	1.680783989537778	1.201885602676788	0	0.5830650845581445	0	0	0	0	0	0
1	0	0.8087897631685372	1.999999999999999	1	0.2879495552761338	1.236415253430474	0	-1.236415253430474	1	0.2879495552761338	-1.060193318374743
0	0	0.9261201709539716	2.073879829046028	0	0.308706723651324	0	0	0	0	0	0
0	0	0	1.256011547261519	0	0	0	0	0	0	0	0
4	0	0.9999999999999997	1.998169869372449	1	0.3335368053076029	4.000000000000002	0	-4.000000000000002	1	0.01237585062032986	-3.429894011524696
1	0	0.9999999999999997	1.999999999999999	1	0.3333333333333333	1	0	-1	1	0.3333333333333333	-0.857473502881174
0	0	0.8087897631685373	2.191210236831462	0	0.2695965877228458	0	0	0	0	0	0
2	0	0.8087897631685375	2.191210236831462	1	0.2695965877228458	2.472830506860947	0	-2.472830506860947	0.9999999999999998	0.07268232011180231	-2.120386636749484
2	0	0.9999999999999997	1.999999999999999	1	0.3333333333333333	2.000000000000001	0	-2.000000000000001	1	0.1111111111111109	-1.714947005762348
3	3	0.9999999999999999	1.999889009298225	0.5	0.3333456660898044	3	1.500083247646189	-1.499916752353811	0.899850644837874	0.3196402734342567	-1.286138871670977
3	0	0.9999999999999998	2	1	0.3333333333333334	3.000000000000001	0	-3.000000000000001	0.9999999999999999	0.0370370370370372	-2.572420508643522
0	0	0.8087897631685373	2.191210236831462	0	0.2695965877228458	0	0	0	0	0	0
0	2	0.8606912055607276	2.058392320091148	0	0.2948498040557171	0	0.9716320744489746	0.9716320744489746	0.4972367988402605	0.5027632011597395	0.8331487583894636
0	0	0.8087897631685373	2.191210236831462	0	0.2695965877228458	0	0	0	0	0	0
0	0	0.8312177013311655	1.359992535500296	0	0.3793418300806793	0	0	0	0	0	0
0	2	0.9264393914829309	2.073560608517069	0	0.3088131304943103	0	0.964524495587483	0.964524495587483	0.4777392885770754	0.5222607114229245	0.8270541978460961
0	2	0.8090957713523635	2.190598220463809	0	0.2697261032491166	0	0.9129926160428203	0.9129926160428203	0.5332999642757201	0.4667000357242799	0.7828669765828835
1	0	1.808789763168537	1.191210236831462	1	0.6029299210561792	0.5528558489010109	0	-0.5528558489010109	1	0.6029299210561792	-0.4740592413454947
1	0	0.8087897631685375	1.999999999999999	1	0.2879495552761339	1.236415253430474	0	-1.236415253430474	1	0.2879495552761339	-1.060193318374742
1	0	0.9999999999999998	2	1	0.3333333333333334	1	0	-1	1	0.3333333333333334	-0.8574735028811739
1	2	0.8409864495827872	1.350223787248675	0.3333333333333333	0.3837999820587147	1.189079800864924	1.481235939469976	0.292156138605052	0.6711620584024208	0.76602733603495	0.2505161475579116
2	3	0.9999999999999999	1.892594190082643	0.4	0.3457104364755118	2	1.58512586360048	-0.4148741363995208	0.7714530153772391	0.5633080642586872	-0.3557435789932989
0	1	0.9999999999999994	1.823021854913965	0	0.3542303430132233	0	0.548539776034223	0.548539776034223	0.6457696569867767	0.3542303430132233	0.4703583232257196
0	0	0.9999999999999998	1.93599711318462	0	0.3405997899348474	0	0	0	0	0	0
0	0	0.903108554492762	2	0	0.3110832879794105	0	0	0	0	0	0
1	0	0.9241553146085298	2.075844685391469	1	0.3080517715361767	1.08206919788542	0	-1.08206919788542	1	0.3080517715361767	-0.9278456654706331
0	0	0.9999999999999998	2	0	0.3333333333333334	0	0	0	0	0	0
2	0	0.9999999999999996	1.999999999999999	1	0.3333333333333333	2.000000000000001	0	-2.000000000000001	1	0.1111111111111109	-1.714947005762348
1	0	0.9999999999999997	1.999999999999999	1	0.3333333333333333	1	0	-1	1	0.3333333333333333	-0.857473502881174
0	0	0.9999999999999998	2	0	0.3333333333333334	0	0	0	0	0	0
0	0	0.8312177013311655	2.071890853161596	0	0.2863198828871895	0	0	0	0	0	0
0	1	0.9038621670836815	1.999502191539132	0	0.3113154449248737	0	0.5001244830995872	0.5001244830995872	0.6886845550751264	0.3113154449248736	0.4288434924000394
0	0	0.8087897631685373	2.191210236831462	0	0.2695965877228458	0	0	0	0	0	0
0	0	0.8312177013311655	1.359992535500296	0	0.3793418300806793	0	0	0	0	0	0
1	0	0.8316777754043152	1.359532461427146	1	0.3795517935362239	1.202388749072747	0	-1.202388749072747	1	0.3795517935362239	-1.031016492492321
0	3	0.9999999999999994	1.999999999999999	0	0.3333333333333334	0	1.500000000000001	1.500000000000001	0.2962962962962962	0.7037037037037037	1.286210254321761
1	1	0.9999999999999996	1.999999999999999	0.5	0.3333333333333333	1	0.5000000000000002	-0.5000000000000002	0.8888888888888891	0.5555555555555555	-0.428736751440587
1	2	0.9269513619456272	2.073048638054372	0.3333333333333333	0.3089837873152092	1.078805254572416	0.9647626993822344	-0.1140425551901815	0.772585027996227	0.6700374047082656	-0.09778846927644448
1	0	0.9999999999999999	2	1	0.3333333333333334	1	0	-1	1	0.3333333333333334	-0.8574735028811739
1	0	0.8087897631685376	2.191210236831461	1	0.2695965877228459	1.236415253430474	0	-1.236415253430474	1	0.2695965877228459	-1.060193318374742
0	0	0.9261201709539714	2.073879829046028	0	0.3087067236513239	0	0	0	0	0	0
3	0	0.9999999999999999	1.93638446529605	1	0.3405548598348065	3	0	-3	1	0.03949673958836009	-2.572420508643521
2	3	0.9981767493749429	2.001657889244734	0.4	0.3327439241231767	2.003653161879795	1.498757612936525	-0.5048955489432698	0.790995882930898	0.5379298713389087	-0.4329345549414986
0	0	0.903108554492762	2	0	0.3110832879794105	0	0	0	0	0	0
0	0	0.9999999999999998	2	0	0.3333333333333334	0	0	0	0	0	0
2	0	0.9039577929465521	2.001168685861516	1	0.3111595311049704	2.212492680084957	0	-2.212492680084957	1	0.09682025379746506	-1.897153848491404
0	3	0.5124857707245147	2.487514229275485	0	0.1708285902415049	0	1.206023251924787	1.206023251924787	0.5700762615178562	0.4299237384821438	1.034132982384091
0	0	0.9438850795308367	2.056114920469163	0	0.3146283598436122	0	0	0	0	0	0
0	5	0.8087897631685376	2.191210236831462	0	0.2695965877228459	0	2.28184403119169	2.28184403119169	0.207880602695371	0.792119397304629	1.956620794454436
1	0	0.9261201709539713	2.073879829046028	1	0.3087067236513238	1.079773480119677	0	-1.079773480119677	1	0.3087067236513239	-0.9258771483164149
1	0	0.9999999999999998	2	1	0.3333333333333334	1	0	-1	1	0.3333333333333334	-0.8574735028811739
0	0	0.8087897631685373	2.191210236831462	0	0.2695965877228458	0	0	0	0	0	0
1	0	0.903249772029061	2.000194337570719	1	0.3110959735861999	1.107113481748907	0	-1.107113481748907	1	0.3110959735862	-0.9493204752822074
0	1	0.2990487099789269	2.700951290021072	0	0.09968290332630898	0	0.3702399238722288	0.3702399238722288	0.900317096673691	0.09968290332630902	0.3174709244291791
0	0	0.8087897631685373	2.191210236831462	0	0.2695965877228458	0	0	0	0	0	0
0	0	0.9261201709539714	2.073879829046028	0	0.3087067236513239	0	0	0	0	0	0
1	0	0.8087897631685376	2	1	0.2879495552761338	1.236415253430474	0	-1.236415253430474	1	0.2879495552761338	-1.060193318374742
0	0	0	1.256011547261519	0	0	0	0	0	0	0	0
0	0	0.9999999999999998	2	0	0.3333333333333334	0	0	0	0	0	0
0	0	0.1687822986688344	2.831217701331165	0	0.0562607662229448	0	0	0	0	0	0
0	0	0.9999999999999998	2	0	0.3333333333333334	0	0	0	0	0	0
0	0	0.8312177013311655	2.071890853161596	0	0.2863198828871895	0	0	0	0	0	0
2	0	0.9999999999999996	1.999999999999999	1	0.3333333333333333	2.000000000000001	0	-2.000000000000001	1	0.1111111111111109	-1.714947005762348
1	0	0.9999999999999998	1.936107837398462	1	0.3405869455006291	1	0	-1	1	0.3405869455006292	-0.8574735028811739
1	0	0.8087897631685373	2.191210236831461	1	0.2695965877228459	1.236415253430474	0	-1.236415253430474	1	0.2695965877228459	-1.060193318374742
0	0	0.1687822986688344	2.831217701331165	0	0.0562607662229448	0	0	0	0	0	0
0	0	0.9999999999999998	2	0	0.3333333333333334	0	0	0	0	0	0
1	0	1.680677758150075	1.2017993616369	1	0.5830671635215905	0.5949980566772667	0	-0.5949980566772667	1	0.5830671635215905	-0.5101950678665469
0	0	0.9261201709539716	2.073879829046028	0	0.308706723651324	0	0	0	0	0	0
1	0	0.8087897631685372	2.191210236831462	1	0.2695965877228458	1.236415253430474	0	-1.236415253430474	1	0.2695965877228459	-1.060193318374743
1	0	0.8087897631685373	2.191210236831462	1	0.2695965877228458	1.236415253430474	0	-1.236415253430474	1	0.2695965877228459	-1.060193318374742
0	0	0.9999999999999998	2	0	0.3333333333333334	0	0	0	0	0	0
1	0	0.9999999999999998	1.999944678154083	1	0.3333394803184559	1	0	-1	1	0.3333394803184559	-0.8574735028811739
2	0	0.8087897631685373	2.191210236831461	1	0.2695965877228459	2.472830506860948	0	-2.472830506860948	0.9999999999999999	0.0726823201118022	-2.120386636749485
0	0	1.808789763168537	1.191210236831462	0	0.6029299210561793	0	0	0	0	0	0
0	0	0.9261201709539716	2.073879829046028	0	0.308706723651324	0	0	0	0	0	0
0	0	0.9999999999999998	2	0	0.3333333333333334	0	0	0	0	0	0
0	0	0.9999999999999998	2	0	0.3333333333333334	0	0	0	0	0	0
1	0	0.9455438082644406	2.054456191735559	1	0.3151812694214803	1.057592457651978	0	-1.057592457651978	1	0.3151812694214803	-0.9068575092835505
0	0	0.9999999999999998	2	0	0.3333333333333334	0	0	0	0	0	0
0	0	0.8087897631685373	2	0	0.2879495552761338	0	0	0	0	0	0
1	0	0.8087897631685372	2.191210236831461	1	0.2695965877228458	1.236415253430474	0	-1.236415253430474	1	0.2695965877228459	-1.060193318374743
1	0	0.8312529119863666	2.071855642506395	1	0.2863320114915942	1.203003304506199	0	-1.203003304506199	1	0.2863320114915942	-1.031543457492558
0	0	0.1687822986688344	2.831217701331165	0	0.0562607662229448	0	0	0	0	0	0
2	3	1.11823320988175	1.08111735629979	0.4	0.5084379121165753	1.788535684977102	2.77490688917227	0.9863712041951673	0.4841819183523401	0.8228694194184404	0.8457871716023515
0	1	0.8096100868343014	2.190389913165698	0	0.2698700289447671	0	0.4565397210740132	0.4565397210740132	0.7301299710552329	0.2698700289447671	0.3914707138337281
4	0	0.9999999999999997	1.999501611460642	1	0.3333887190389067	4.000000000000002	0	-4.000000000000002	1	0.01235388634733758	-3.429894011524696
1	0	0.8312529057352067	2.071855648757555	1	0.2863320093383299	1.203003313552984	0	-1.203003313552984	1	0.2863320093383299	-1.031543465249936
0	0	0.8087897631685373	2.191210236831462	0	0.2695965877228458	0	0	0	0	0	0
0	0	0.9999999999999998	1.808789763168537	0	0.3560252223619331	0	0	0	0	0	0
0	0	0.1687822986688344	2.831217701331165	0	0.0562607662229448	0	0	0	0	0	0
0	0	0	2.999999999999999	0	0	0	0	0	0	0	0
0	0	0.903108554492762	2	0	0.3110832879794105	0	0	0	0	0	0
0	0	0.9999999999999998	1.808789763168537	0	0.3560252223619331	0	0	0	0	0	0
0	0	0.8087897631685375	2.191210236831462	0	0.2695965877228459	0	0	0	0	0	0
0	0	0.9999999999999998	2	0	0.3333333333333334	0	0	0	0	0	0
0	0	0.9999999999999998	2	0	0.3333333333333334	0	0	0	0	0	0
1	0	0.9234955621330617	2.076504437866938	1	0.3078318540443539	1.082842236610462	0	-1.082842236610462	1	0.3078318540443539	-0.9285085256940571
1	1	0.9990042997092404	1.999859250826738	0.5	0.3331276274743115	1.000996692697969	0.500035189769781	-0.5009615029281878	0.8890259838133364	0.5552812387619592	-0.4295612147244505
0	0	0.8312177013311655	2.071890853161596	0	0.2863198828871895	0	0	0	0	0	0
1	0	0.8087897631685373	2.073879829046028	1	0.2805697071051412	1.236415253430474	0	-1.236415253430474	1	0.2805697071051412	-1.060193318374742
2	1	0.8427732525948732	2.104482425235135	0.6666666666666666	0.2859518632653501	2.373117554267486	0.4751762181564759	-1.89794133611101	0.9766181541890427	0.1985417126928632	-1.627434405738083
1	0	0.9999999999999998	1.999834299379101	1	0.3333517455304041	1	0	-1	1	0.333351745530404	-0.8574735028811739
1	2	0.8580213840912989	2.088006105450289	0.3333333333333333	0.2912469035463108	1.165472118225894	0.9578516053087355	-0.207620512917159	0.7949356202279284	0.6439713825149256	-0.1780290884810623
1	0	0.8087897631685373	2.073879829046028	1	0.2805697071051412	1.236415253430474	0	-1.236415253430474	1	0.2805697071051412	-1.060193318374742
0	0	0.9261201709539714	2.073879829046028	0	0.3087067236513239	0	0	0	0	0	0
1	0	0.9999999999999998	2	1	0.3333333333333334	1	0	-1	1	0.3333333333333334	-0.8574735028811739
0	0	0.9999999999999998	2	0	0.3333333333333334	0	0	0	0	0	0
2	0	0.8087897631685375	2.191210236831462	1	0.2695965877228459	2.472830506860947	0	-2.472830506860947	0.9999999999999999	0.0726823201118022	-2.120386636749484
1	0	0.9999999999999998	1.936163466282603	1	0.3405804927019518	1	0	-1	1	0.3405804927019518	-0.8574735028811739
2	0	0.8087897631685375	2.191210236831462	1	0.2695965877228459	2.472830506860947	0	-2.472830506860947	0.9999999999999999	0.0726823201118022	-2.120386636749484
1	0	0.9261201709539716	2.073879829046027	1	0.308706723651324	1.079773480119677	0	-1.079773480119677	1	0.308706723651324	-0.9258771483164145
1	0	0.9999999999999999	2	1	0.3333333333333334	1	0	-1	1	0.3333333333333334	-0.8574735028811739
0	0	0.8087897631685375	2.191210236831462	0	0.2695965877228459	0	0	0	0	0	0
0	0	0.8087897631685373	2.191210236831462	0	0.2695965877228458	0	0	0	0	0	0
1	1	0.8320667198981427	2.071041834594619	0.5	0.2866123344269927	1.201826699813706	0.4828487688157866	-0.7189779309979191	0.9178533697543098	0.491078038608295	-0.6165045249870444
0	0	0.9999999999999998	2	0	0.3333333333333334	0	0	0	0	0	0
1	0	0.8087897631685375	2.191210236831462	1	0.2695965877228459	1.236415253430474	0	-1.236415253430474	1	0.2695965877228459	-1.060193318374742
0	0	0.8312177013311655	1.359992535500296	0	0.3793418300806793	0	0	0	0	0	0
1	0	0.8087897631685375	2.191210236831462	1	0.2695965877228459	1.236415253430474	0	-1.236415253430474	1	0.2695965877228459	-1.060193318374742
0	1	0.9949522281975698	2.005047771802429	0	0.3316507427325234	0	0.4987412340310746	0.4987412340310746	0.6683492572674766	0.3316507427325234	0.4276573929759047
0	0	0.8087897631685373	2.191210236831462	0	0.2695965877228458	0	0	0	0	0	0
2	0	0.9437439711743689	2.055920733147087	1	0.3146164869076093	2.119218835921416	0	-2.119218835921416	0.9999999999999998	0.09898353383408609	-1.817173998609299
0	2	0.926375966714973	2.073624033285026	0	0.308791988904991	0	0.9644949942211117	0.9644949942211117	0.477768514601918	0.522231485398082	0.827028901206134
0	0	0.9999999999999998	2	0	0.3333333333333334	0	0	0	0	0	0
2	0	0.8087897631685375	2	1	0.2879495552761338	2.472830506860947	0	-2.472830506860947	1	0.0829149463837231	-2.120386636749484
0	0	0.9999999999999998	2	0	0.3333333333333334	0	0	0	0	0	0
1	1	0.9999999999999997	1.999999999999999	0.5	0.3333333333333333	1	0.5000000000000002	-0.5000000000000002	0.8888888888888891	0.5555555555555555	-0.428736751440587
0	0	0.8087897631685375	2.073879829046028	0	0.2805697071051412	0	0	0	0	0	0
1	0	0.9999999999999996	1.999999999999999	1	0.3333333333333333	1	0	-1	1	0.3333333333333333	-0.857473502881174
1	0	0.9032142622507414	2.00014547052321	1	0.3110927840098496	1.107157007804633	0	-1.107157007804633	1	0.3110927840098496	-0.9493577977216776
0	0	0.8087897631685375	2	0	0.2879495552761338	0	0	0	0	0	0
1	0	0.9999999999999996	1.999999999999999	1	0.3333333333333333	1	0	-1	1	0.3333333333333333	-0.857473502881174
0	0	0.8719942263692402	2.031114328123521	0	0.3003656976656173	0	0	0	0	0	0
0	1	0.8260737111329809	1.55063759958068	0	0.3475700676852225	0	0.6448960094031113	0.6448960094031113	0.6524299323147775	0.3475700676852225	0.5529812401769761
0	4	0.8087897631685377	2.191210236831462	0	0.2695965877228459	0	1.825475224953351	1.825475224953351	0.284610667476578	0.715389332523422	1.565296635563549
2	0	0.9999999999999998	2	1	0.3333333333333334	2	0	-2	1	0.111111111111111	-1.714947005762348
2	0	1.808789763168537	1.191210236831462	1	0.6029299210561793	1.105711697802022	0	-1.105711697802022	1	0.3635244897048104	-0.9481184826909892
1	0	0.8314300393236775	2.071678515169084	1	0.2863930244830087	1.202747017432092	0	-1.202747017432092	1	0.2863930244830087	-1.03132369811738
0	0	1.680783989537778	1.201885602676788	0	0.5830650845581445	0	0	0	0	0	0
0	0	0.9999999999999998	2	0	0.3333333333333334	0	0	0	0	0	0
1	0	0.9999999999999998	2	1	0.3333333333333334	1	0	-1	1	0.3333333333333334	-0.8574735028811739
1	0	0.9999999999999996	1.947158372691794	1	0.3393098956832263	1	0	-1	1	0.3393098956832263	-0.857473502881174
0	0	0	2.999999999999999	0	0	0	0	0	0	0	0
5	0	1.082081230908867	1.240275476651101	1	0.4659410104340854	4.620725188810802	0	-4.620725188810802	1	0.02196113015079892	-3.962149413500871
2	0	0.8087897631685376	2.191210236831462	1	0.2695965877228459	2.472830506860947	0	-2.472830506860947	0.9999999999999999	0.0726823201118022	-2.120386636749484
0	0	0.9999999999999998	2	0	0.3333333333333334	0	0	0	0	0	0
0	0	0.9999999999999998	2	0	0.3333333333333334	0	0	0	0	0	0
0	0	0.8719942263692402	2.06400288681538	0	0.297001050325763	0	0	0	0	0	0
0	1	0.8319006166146988	2.071207937878063	0	0.2865551187630497	0	0.4828100461146805	0.4828100461146805	0.7134448812369503	0.2865551187630497	0.4139968214681761
0	0	0.8312177013311655	1.359992535500296	0	0.3793418300806793	0	0	0	0	0	0
1	0	0.9999999999999998	2	1	0.3333333333333334	1	0	-1	1	0.3333333333333334	-0.8574735028811739
0	0	0.903108554492762	2	0	0.3110832879794105	0	0	0	0	0	0
2	0	0.9999999999999998	1.999777967897717	1	0.3333580053929167	2	0	-2	0.9999999999999999	0.111127559759544	-1.714947005762348
0	0	0.1687822986688344	2.831217701331165	0	0.0562607662229448	0	0	0	0	0	0
1	0	0.8087897631685375	2.191210236831462	1	0.2695965877228459	1.236415253430474	0	-1.236415253430474	1	0.2695965877228459	-1.060193318374742
3	0	0.9999999999999997	1.999999999999999	1	0.3333333333333333	3.000000000000001	0	-3.000000000000001	1	0.03703703703703698	-2.572420508643522
0	0	0.9999999999999998	2	0	0.3333333333333334	0	0	0	0	0	0
1	0	0.3067492768449598	2.693250723155039	1	0.10224975894832	3.259991385425269	0	-3.259991385425269	1	0.10224975894832	-2.795356232623056
3	0	0.9999999999999994	1.999999999999999	1	0.3333333333333334	3.000000000000002	0	-3.000000000000002	0.9999999999999999	0.0370370370370372	-2.572420508643523
0	0	0.9999999999999998	2	0	0.3333333333333334	0	0	0	0	0	0
0	0	0.8087897631685373	2.191210236831462	0	0.2695965877228458	0	0	0	0	0	0
0	0	0.1687822986688344	2.831217701331165	0	0.0562607662229448	0	0	0	0	0	0
0	0	0.8312177013311655	2.104779411853454	0	0.2831125744635217	0	0	0	0	0	0
0	0	0.8087897631685375	2.191210236831462	0	0.2695965877228459	0	0	0	0	0	0
1	0	0.9999999999999997	1.999999999999999	1	0.3333333333333333	1	0	-1	1	0.3333333333333333	-0.857473502881174
0	0	0	1.256011547261519	0	0	0	0	0	0	0	0
1	0	0.8717475123898443	2.064249600794775	1	0.2969170195962068	1.147121139765067	0	-1.147121139765067	1	0.2969170195962068	-0.9836259819433962
1	0	0.9999999999999997	1.936218562766292	1	0.340574101901281	1	0	-1	1	0.3405741019012809	-0.857473502881174
0	0	0	2.999999999999999	0	0	0	0	0	0	0	0
0.5	9.5	0.9214083020243313	2.075572479818887	0.05	0.3074455157025205	0.542647595969671	4.577050472758708	4.034402876789036	0.0817236826378885	0.9746172041527476	3.459393566794179
0	0	0.8087897631685375	2.191210236831462	0	0.2695965877228459	0	0	0	0	0	0
0	0	0.9999999999999998	2	0	0.3333333333333334	0	0	0	0	0	0
0	0	0	1.256011547261519	0	0	0	0	0	0	0	0
2	0	0.8087897631685375	2	1	0.2879495552761338	2.472830506860947	0	-2.472830506860947	1	0.0829149463837231	-2.120386636749484
1	0	0.9999999999999998	2	1	0.3333333333333334	1	0	-1	1	0.3333333333333334	-0.8574735028811739
0	0	0.8087897631685373	2.191210236831462	0	0.2695965877228458	0	0	0	0	0	0
0	0	0.9438850795308367	2.056114920469163	0	0.3146283598436122	0	0	0	0	0	0
1	0	0.8087897631685375	2.191210236831461	1	0.2695965877228459	1.236415253430474	0	-1.236415253430474	1	0.2695965877228459	-1.060193318374742
0	0	0.8312177013311655	1.359992535500296	0	0.3793418300806793	0	0	0	0	0	0
0	0	0.8087897631685375	2.191210236831462	0	0.2695965877228459	0	0	0	0	0	0
0	0	0.9999999999999998	2	0	0.3333333333333334	0	0	0	0	0	0
2	0	0.8718884438185838	2.064108669366036	1	0.2969650208112307	2.293871439837716	0	-2.293871439837716	1	0.08818822358541467	-1.966933978676727
2	0	0.9999999999999999	1.93760526685521	1	0.3404133330243271	2	0	-2	1	0.1158812373007314	-1.714947005762348
1	1	0.8320902860522538	2.097483012770175	0.5	0.2840312226994698	1.201792662121286	0.476761906490621	-0.7250307556306645	0.919326264531844	0.487388709930784	-0.6216946617272101
0	0	0.9999999999999998	1.93599711318462	0	0.3405997899348474	0	0	0	0	0	0
2	0	0.8327728855436159	1.358437351287845	1	0.3800515676431961	2.401615175900502	0	-2.401615175900502	1	0.1444391940680509	-2.059321377451989
0	0	0.9999999999999998	2	0	0.3333333333333334	0	0	0	0	0	0
0	0	0.9999999999999998	2	0	0.3333333333333334	0	0	0	0	0	0
0	0	0.8087897631685375	2.191210236831462	0	0.2695965877228459	0	0	0	0	0	0
1	0	0.9999999999999998	2	1	0.3333333333333334	1	0	-1	1	0.3333333333333334	-0.8574735028811739
0	0	0.8312177013311655	2.071890853161596	0	0.2863198828871895	0	0	0	0	0	0
0	0	0.8087897631685373	2.191210236831462	0	0.2695965877228458	0	0	0	0	0	0
1	0	0.9999999999999997	1.999999999999999	1	0.3333333333333333	1	0	-1	1	0.3333333333333333	-0.857473502881174
0	0	0.8312177013311655	1.359992535500296	0	0.3793418300806793	0	0	0	0	0	0
0	0	0.9999999999999998	2	0	0.3333333333333334	0	0	0	0	0	0
0	0	0.9999999999999998	2	0	0.3333333333333334	0	0	0	0	0	0
3	0	0.9234973533310818	2.076502646668917	1	0.3078324511103607	3.248520409050348	0	-3.248520409050348	1	0.02917045486080649	-2.785520174329385
1	1	0.8087897631685375	2.191210236831462	0.5	0.2695965877228459	1.236415253430474	0.4563688062383379	-0.7800464471921356	0.9273176798881978	0.4665108553338897	-0.6688691594838549
0	0	0.8312177013311655	1.359992535500296	0	0.3793418300806793	0	0	0	0	0	0
0	0	0.9261201709539714	2.073879829046028	0	0.3087067236513239	0	0	0	0	0	0
1	0	0.8087897631685375	2.191210236831461	1	0.2695965877228459	1.236415253430474	0	-1.236415253430474	1	0.2695965877228459	-1.060193318374742
2	0	0.9999999999999997	1.999003848850101	1	0.3334440535591267	2.000000000000001	0	-2.000000000000001	0.9999999999999999	0.1111849368539418	-1.714947005762348
0	0	0.8719942263692402	2.031114328123521	0	0.3003656976656173	0	0	0	0	0	0
0	0	1.808789763168537	1.191210236831462	0	0.6029299210561793	0	0	0	0	0	0
0	0	0.8087897631685375	2.191210236831462	0	0.2695965877228459	0	0	0	0	0	0
5	0	1.031062824406697	1.548439242896845	1	0.3997138972966626	4.849365025722019	0	-4.849365025722019	1	0.01020343120356015	-4.158202015355312
0	0	1.680783989537778	1.201885602676788	0	0.5830650845581445	0	0	0	0	0	0
0	0	0.9261201709539714	2.073879829046028	0	0.3087067236513239	0	0	0	0	0	0
1	0	0.9999999999999998	1.999334403806263	1	0.3334073048776968	1	0	-1	1	0.3334073048776969	-0.8574735028811739
0	1	0.8316542358446364	2.071454318648125	0	0.2864702508480415	0	0.4827526202231778	0.4827526202231778	0.7135297491519585	0.2864702508480415	0.4139475802878332
0	0	0.9999999999999998	2	0	0.3333333333333334	0	0	0	0	0	0
1	0	0.8087897631685373	2.191210236831461	1	0.2695965877228459	1.236415253430474	0	-1.236415253430474	1	0.2695965877228459	-1.060193318374742
0	0	0.8719942263692402	2.06400288681538	0	0.297001050325763	0	0	0	0	0	0
0	0	0.8312177013311655	2.071890853161596	0	0.2863198828871895	0	0	0	0	0	0
1	0	0.8087897631685375	2.191210236831462	1	0.2695965877228459	1.236415253430474	0	-1.236415253430474	1	0.2695965877228459	-1.060193318374742
1	0	0.8087897631685376	2.191210236831462	1	0.2695965877228459	1.236415253430474	0	-1.236415253430474	1	0.2695965877228459	-1.060193318374742
0	0	0.8719942263692402	1.319216010462222	0	0.3979509641348531	0	0	0	0	0	0
0	0	0.9261201709539716	2.073879829046028	0	0.308706723651324	0	0	0	0	0	0
1	0	0.8312528184731625	2.104744294711457	1	0.2831245353547091	1.203003439840109	0	-1.203003439840109	1	0.2831245353547091	-1.031543573537799
1	0	0.8313588912647871	2.071749663227974	1	0.28636851693961	1.202849949049863	0	-1.202849949049863	1	0.28636851693961	-1.031411959252228
0	0	0.8312177013311655	2.104779411853454	0	0.2831125744635217	0	0	0	0	0	0
2	0	0.8087897631685372	2.191210236831461	1	0.2695965877228458	2.472830506860948	0	-2.472830506860948	0.9999999999999998	0.07268232011180231	-2.120386636749485
0	0	0.9999999999999998	1.808789763168537	0	0.3560252223619331	0	0	0	0	0	0
0	0	0.8312177013311655	2.104779411853454	0	0.2831125744635217	0	0	0	0	0	0
2	0	0.9999999999999999	2	1	0.3333333333333334	2	0	-2	1	0.111111111111111	-1.714947005762348
0	0	0.8312177013311655	2.104779411853454	0	0.2831125744635217	0	0	0	0	0	0
3	0	0.9999999999999999	1.984988124961903	1	0.3350097079574689	3	0	-3	0.9999999999999999	0.03759864352129749	-2.572420508643521
1	0	0.9034257534553809	2.000436515729176	1	0.3111117779387915	1.106897823285695	0	-1.106897823285695	1	0.3111117779387915	-0.9491355538643312
2	1	0.9264403570932647	2.073559642906734	0.6666666666666666	0.3088134523644217	2.158800601341528	0.4822624723724808	-1.676538128969048	0.9705497740112511	0.2271967931062007	-1.437587022160938
3	0	0.8715349515805304	1.319675285250931	1	0.3977413654477943	3.442202741908966	0	-3.442202741908966	0.9999999999999998	0.06292196560872387	-2.951597642731862
0	1	0.8087897631685373	2.191210236831461	0	0.2695965877228459	0	0.456368806238338	0.456368806238338	0.7304034122771541	0.2695965877228459	0.3913241588908873
2	0	0.9999999999999998	2	1	0.3333333333333334	2	0	-2	1	0.111111111111111	-1.714947005762348
0	0	0.8719942263692402	2.06400288681538	0	0.297001050325763	0	0	0	0	0	0
1	0	0.8313943004734116	2.07171425401935	1	0.2863807139374004	1.202798719489154	0	-1.202798719489154	1	0.2863807139374004	-1.031368031261355
0	0	0.8087897631685375	2	0	0.2879495552761338	0	0	0	0	0	0
1	1	0.9999361418297505	2.000063858170249	0.5	0.3333120472765836	1.000063862248376	0.4999840359671548	-0.5000798262812209	0.8889030791402925	0.5555271736934597	-0.4288052003615673
2	0	0.871747145066018	2.064249968118602	1	0.2969168944857887	2.29424324624377	0	-2.29424324624377	0.9999999999999999	0.08815964223108508	-1.96725279281812
0	0	0.8087897631685373	2.191210236831462	0	0.2695965877228458	0	0	0	0	0	0
4	1	0.9999999999999999	2	0.8	0.3333333333333334	4.000000000000001	0.5000000000000001	-3.500000000000001	0.9958847736625515	0.04526748971193417	-3.001157260084109
0	0	0.8312177013311655	2.071890853161596	0	0.2863198828871895	0	0	0	0	0	0
1	1	0.1708113046836797	2.82918869531632	0.5	0.05693710156122658	5.854413452621709	0.3534582198972749	-5.500955232724435	0.9967581664658065	0.1106323695882597	-4.716923352596742
0	0	0.8087897631685375	2.191210236831462	0	0.2695965877228459	0	0	0	0	0	0
0	0	0.9999999999999998	2	0	0.3333333333333334	0	0	0	0	0	0
0	0	0	1.256011547261519	0	0	0	0	0	0	0	0
0	0	0.9999999999999998	1.808789763168537	0	0.3560252223619331	0	0	0	0	0	0
1	0	0.8087897631685375	2	1	0.2879495552761338	1.236415253430474	0	-1.236415253430474	1	0.2879495552761338	-1.060193318374742
1	0	0.8087897631685373	2.191210236831462	1	0.2695965877228458	1.236415253430474	0	-1.236415253430474	1	0.2695965877228459	-1.060193318374742
6	0	0.9999999999999998	2	1	0.3333333333333334	6.000000000000002	0	-6.000000000000002	0.9999999999999999	0.001371742112482921	-5.144841017287043
0	0	0.8719942263692402	2.06400288681538	0	0.297001050325763	0	0	0	0	0	0
0	1	0.9998346736844055	2.000165326315594	0	0.3332782245614686	0	0.4999586718374179	0.4999586718374179	0.6667217754385315	0.3332782245614685	0.4287013136362499
0	0	0.9999999999999998	2	0	0.3333333333333334	0	0	0	0	0	0
1	0	0.9999999999999998	2	1	0.3333333333333334	1	0	-1	1	0.3333333333333334	-0.8574735028811739
0	0	0.9999999999999998	2	0	0.3333333333333334	0	0	0	0	0	0
0	0	1.808789763168537	1.191210236831462	0	0.6029299210561793	0	0	0	0	0	0
4	0	0.8711291859877284	2.064867927196891	1	0.296706417753535	4.591741459637364	0	-4.591741459637364	0.9999999999999997	0.007750108111134635	-3.937296633719963
2	0	0.8087897631685376	2.191210236831462	1	0.2695965877228459	2.472830506860947	0	-2.472830506860947	0.9999999999999999	0.0726823201118022	-2.120386636749484
0	0	0.8312177013311655	1.359992535500296	0	0.3793418300806793	0	0	0	0	0	0
1	0	0.8087897631685375	2.191210236831462	1	0.2695965877228459	1.236415253430474	0	-1.236415253430474	1	0.2695965877228459	-1.060193318374742
0	0	0.9999999999999998	2	0	0.3333333333333334	0	0	0	0	0	0
0	0	0.9261201709539716	2.073879829046028	0	0.308706723651324	0	0	0	0	0	0
0	0	0.8087897631685375	2.191210236831462	0	0.2695965877228459	0	0	0	0	0	0
4	0	1.808789763168537	1.191210236831462	1	0.6029299210561793	2.211423395604043	0	-2.211423395604043	1	0.1321500546151428	-1.896236965381978
1	0	0.9999999999999998	2	1	0.3333333333333334	1	0	-1	1	0.3333333333333334	-0.8574735028811739
2	0	0.8087897631685372	2.191210236831462	1	0.2695965877228458	2.472830506860948	0	-2.472830506860948	0.9999999999999998	0.07268232011180231	-2.120386636749485
0	1	0.9999999999999997	1.809451834314149	0	0.3559413219996073	0	0.5526535611703852	0.5526535611703852	0.6440586780003927	0.3559413219996073	0.4738857849765252
0	0	0.8312177013311655	2.104779411853454	0	0.2831125744635217	0	0	0	0	0	0
0	0	0	2.999999999999999	0	0	0	0	0	0	0	0
0	0	0.8087897631685373	2.191210236831462	0	0.2695965877228458	0	0	0	0	0	0
1	0	0.8312529120242433	2.071855642468518	1	0.2863320115046411	1.203003304451384	0	-1.203003304451384	1	0.286332011504641	-1.031543457445555
3	0	1.805906664381197	1.191450680160306	1	0.6024996210978778	1.661215421134716	0	-1.661215421134716	0.9999999999999996	0.2187108529937443	-1.424448206200609
0	0	0.8087897631685375	2.191210236831462	0	0.2695965877228459	0	0	0	0	0	0
1	0	0.8313588187972145	2.104638294387405	1	0.2831606390428142	1.202850053899435	0	-1.202850053899435	1	0.2831606390428142	-1.031412049157957
1	1	0.8339984396021417	2.06911011489062	0.5	0.2872777314205049	1.199043010772357	0.4832995560764843	-0.715743454695873	0.9174715050298884	0.4920269678708979	-0.6137310472623428
0	0	0.9999999999999998	2	0	0.3333333333333334	0	0	0	0	0	0
1	1	0.8719857768374938	2.031206412862621	0.5	0.3003541342977936	1.146807696367235	0.4923182566121772	-0.6544894397550577	0.9097873940102229	0.5104956626058101	-0.5612073525055061
2	0	0.8714294053210822	2.031679149171679	1	0.3001711403359288	2.295079770991995	0	-2.295079770991995	0.9999999999999999	0.09010271349057197	-1.967970090624228
1	0	0.8315347876737343	1.359675449157728	1	0.379486538396312	1.202595507516356	0	-1.202595507516356	1	0.379486538396312	-1.031193782379213
1	0	1.808789763168537	1.191210236831462	1	0.6029299210561792	0.5528558489010109	0	-0.5528558489010109	1	0.6029299210561792	-0.4740592413454947
2	0	0.9431854450952636	2.055152113298297	1	0.3145694661546382	2.120473773636314	0	-2.120473773636314	1	0.09895394903681409	-1.818250074447591
0	0	0.8312177013311655	2.104779411853454	0	0.2831125744635217	0	0	0	0	0	0
0	0	0.8087897631685375	2.191210236831462	0	0.2695965877228459	0	0	0	0	0	0
0	0	0.9999999999999998	2	0	0.3333333333333334	0	0	0	0	0	0
1	0	0.8717530408850253	2.064244072299595	1	0.2969189026005041	1.147113864936766	0	-1.147113864936766	1	0.2969189026005041	-0.9836197439708902
0	0	0.8087897631685375	2.191210236831462	0	0.2695965877228459	0	0	0	0	0	0
0	1	0.003128927195792867	2.996871072804206	0	0.001042975731930956	0	0.3336813548886802	0.3336813548886802	0.9989570242680691	0.001042975731930906	0.2861229202225327
2	0	0.9999999999999998	1.985818859395934	1	0.3349164993225046	2	0	-2	0.9999999999999998	0.1121690615184414	-1.714947005762348
0	0	0.8087897631685375	2.191210236831462	0	0.2695965877228459	0	0	0	0	0	0
2	0	0.9999999999999994	1.999999999999999	1	0.3333333333333334	2.000000000000001	0	-2.000000000000001	1	0.111111111111111	-1.714947005762348
0	0	0.8087897631685375	2.073879829046028	0	0.2805697071051412	0	0	0	0	0	0
1	0	0.8087897631685373	2.191210236831462	1	0.2695965877228458	1.236415253430474	0	-1.236415253430474	1	0.2695965877228459	-1.060193318374742
0	1	0.8318020012669179	2.071641977413281	0	0.2864880491494881	0	0.4827088902922465	0.4827088902922465	0.7135119508505119	0.2864880491494881	0.4139100830307767
1	0	0.1753726742332818	2.824627325766717	1	0.05845755807776062	5.702142619264583	0	-5.702142619264583	1	0.05845755807776065	-4.889436205668832
0	0	0.8087897631685373	2	0	0.2879495552761338	0	0	0	0	0	0
0	0	0.8087897631685373	2.191210236831462	0	0.2695965877228458	0	0	0	0	0	0
0	0	0.8312177013311655	2.071890853161596	0	0.2863198828871895	0	0	0	0	0	0
0	0	0.8087897631685375	2.073879829046028	0	0.2805697071051412	0	0	0	0	0	0
1	2	0.8087897631685373	2.191210236831461	0.3333333333333333	0.2695965877228459	1.236415253430474	0.9127376124766761	-0.3236776409537977	0.8211428506444365	0.6103377083230527	-0.2775450005929677
0	0	0.8087897631685375	2.191210236831462	0	0.2695965877228459	0	0	0	0	0	0
2	0	0.9999999999999998	2	1	0.3333333333333334	2	0	-2	1	0.111111111111111	-1.714947005762348
0	0	0.8087897631685373	2.073879829046028	0	0.2805697071051412	0	0	0	0	0	0
0	0	0.1687822986688344	2.831217701331165	0	0.0562607662229448	0	0	0	0	0	0
3	0	0.9999999999999996	1.937107489661266	1	0.3404710258375082	3.000000000000001	0	-3.000000000000001	0.9999999999999999	0.0394675781675986	-2.572420508643522
0	0	0.9999999999999998	1.808789763168537	0	0.3560252223619331	0	0	0	0	0	0
1	0	0.7288151502347238	2.271184849765276	1	0.2429383834115746	1.372090028147656	0	-1.372090028147656	1	0.2429383834115746	-1.176530842704098
0	0	0.903108554492762	2	0	0.3110832879794105	0	0	0	0	0	0
0	0	0.8087897631685375	2.191210236831462	0	0.2695965877228459	0	0	0	0	0	0
0	1	0.9992685181694431	1.936728595015176	0	0.3403506473770186	0	0.5163346080467015	0.5163346080467015	0.6596493526229814	0.3403506473770186	0.442743245020583
0	0	0.9999999999999998	2	0	0.3333333333333334	0	0	0	0	0	0
0	0	0.8087897631685375	2	0	0.2879495552761338	0	0	0	0	0	0
2	2	0.8087897631685372	2.191210236831461	0.5	0.2695965877228458	2.472830506860948	0.9127376124766761	-1.560092894384272	0.9374685370108176	0.2951828357219448	-1.337738318967711
1	0	0.8087897631685375	2.191210236831462	1	0.2695965877228459	1.236415253430474	0	-1.236415253430474	1	0.2695965877228459	-1.060193318374742
1	4	0.8087897631685377	2.191044412009703	0.2	0.2696114904819636	1.236415253430473	1.825613382401071	0.5891981289705974	0.5914996155132956	0.7921406038603357	0.5052217835394517
5	0	1	2	1	0.3333333333333333	5	0	-5	1	0.004115226337448097	-4.287367514405868
0	0	0.8087897631685373	2	0	0.2879495552761338	0	0	0	0	0	0
1	0	0.9238587296353524	2.028555509003291	1	0.3129163643585947	1.082416572926361	0	-1.082416572926361	1	0.3129163643585946	-0.9281435303638024
0	1	0.8087897631685375	2.191210236831461	0	0.2695965877228459	0	0.456368806238338	0.456368806238338	0.7304034122771541	0.2695965877228459	0.3913241588908873
0	0	0.8312177013311655	2.104779411853454	0	0.2831125744635217	0	0	0	0	0	0
1	0	0.9999999999999997	1.999999999999999	1	0.3333333333333333	1	0	-1	1	0.3333333333333333	-0.857473502881174
4	0	1.640999594286693	1.169488852582058	1	0.583884127371162	2.437538689178479	0	-2.437538689178479	0.9999999999999999	0.1162269060942439	-2.090124838218255
1	0	0.8087897631685373	2.191210236831462	1	0.2695965877228458	1.236415253430474	0	-1.236415253430474	1	0.2695965877228459	-1.060193318374742
0	0	0.8087897631685373	2.191210236831462	0	0.2695965877228458	0	0	0	0	0	0
1	0	1.117330407785434	1.747484794599396	1	0.3900183184085684	0.8949904102064272	0	-0.8949904102064272	1	0.3900183184085684	-0.7674305620847637
3	0	0.8087897631685375	2.191210236831462	1	0.2695965877228458	3.709245760291421	0	-3.709245760291421	0.9999999999999998	0.0195949054899216	-3.180579955124227
2	0	0.8718885086005325	1.319321728230929	1	0.3979027178429499	2.293871269401404	0	-2.293871269401404	0.9999999999999998	0.1583265728668064	-1.966933832532106
0	0	0.9261201709539714	2.073879829046028	0	0.3087067236513239	0	0	0	0	0	0
5	1	0.8702524034234139	2.032939840226966	0.8333333333333334	0.2997570709713617	5.745459570500367	0.4918984714709293	-5.253561099029438	0.9992745347427107	0.0108937374857232	-4.504789438185041
3	0	0.9999999999999999	1.945216425268519	1	0.3395336218488014	3	0	-3	0.9999999999999997	0.03914248181447488	-2.572420508643521
0	1	0.9999361954644375	2.000063804535562	0	0.3333120651548125	0	0.4999840493749706	0.4999840493749706	0.6666879348451875	0.3333120651548125	0.4287230742022697
0	0	0.8719942263692402	2.06400288681538	0	0.297001050325763	0	0	0	0	0	0
2	0	1.805875648707643	1.194023000749424	1	0.6019788865315423	1.107495968192096	0	-1.107495968192096	1	0.3623785798297554	-0.9496484472724531
0	1	0.8720563859906918	2.031135944605841	0	0.3003784409321261	0	0.4923353371081514	0.4923353371081514	0.6996215590678739	0.3003784409321261	0.42216450610231
0	0	0.9999999999999998	1.808789763168537	0	0.3560252223619331	0	0	0	0	0	0
1	0	0.9999999999999998	1.993216107209759	1	0.3340888075509484	1	0	-1	1	0.3340888075509484	-0.8574735028811739
0	0	0.8087897631685373	2	0	0.2879495552761338	0	0	0	0	0	0
1	0	0.8315706028068323	2.071537951685929	1	0.2864414427493313	1.202543712614012	0	-1.202543712614012	1	0.2864414427493314	-1.031149369622868
0	0	0.8087897631685375	2.191210236831462	0	0.2695965877228459	0	0	0	0	0	0
0	0	0	1.256011547261519	0	0	0	0	0	0	0	0
1	1	0.9263119544473998	2.073688045552599	0.5	0.3087706514824667	1.07954992397411	0.4822326107076143	-0.5973173132664962	0.9046606847830931	0.5222019877480264	-0.5121837689381938
0	0	1.808789763168537	1.191210236831462	0	0.6029299210561793	0	0	0	0	0	0
0	0	0	1.256011547261519	0	0	0	0	0	0	0	0
0	0	0.9261201709539716	2.073879829046028	0	0.308706723651324	0	0	0	0	0	0
0	0	0.9999999999999998	2	0	0.3333333333333334	0	0	0	0	0	0
0	0	0.8087897631685375	2.191210236831462	0	0.2695965877228459	0	0	0	0	0	0
0	0	0.9999999999999998	2	0	0.3333333333333334	0	0	0	0	0	0
0	1	0.1738258017157175	2.826174198284282	0	0.05794193390523918	0	0.3538352308952086	0.3538352308952086	0.9420580660947608	0.05794193390523916	0.3034043348784834
0	0	0.9999999999999998	1.808789763168537	0	0.3560252223619331	0	0	0	0	0	0
1	0	0.8087897631685375	2.073879829046028	1	0.2805697071051412	1.236415253430474	0	-1.236415253430474	1	0.2805697071051412	-1.060193318374742
0	0	0.8087897631685375	2.191210236831462	0	0.2695965877228459	0	0	0	0	0	0
0	0	1.680783989537778	1.201885602676788	0	0.5830650845581445	0	0	0	0	0	0
0	0	0.9999999999999998	2	0	0.3333333333333334	0	0	0	0	0	0
1	0	0.8087897631685373	2.073879829046027	1	0.2805697071051413	1.236415253430474	0	-1.236415253430474	1	0.2805697071051413	-1.060193318374742
0	3	0.9989733259464346	2.001026674053564	0	0.3329911086488117	0	1.499230389529377	1.499230389529377	0.2967528301512085	0.7032471698487914	1.285550333735662
0	2	0.9999999999999997	1.999999999999999	0	0.3333333333333333	0	1	1	0.4444444444444445	0.5555555555555555	0.857473502881174
0	0	1.680783989537778	1.201885602676788	0	0.5830650845581445	0	0	0	0	0	0
0	0	1.680783989537778	1.201885602676788	0	0.5830650845581445	0	0	0	0	0	0
1	0	0.9999999999999998	1.999833422080325	1	0.3333518430188433	1	0	-1	1	0.3333518430188434	-0.8574735028811739
0	0	0.8087897631685373	2.191210236831462	0	0.2695965877228458	0	0	0	0	0	0
0	0	0.9261201709539714	2.073879829046028	0	0.3087067236513239	0	0	0	0	0	0
0	0	0	2.999999999999999	0	0	0	0	0	0	0	0
0	0	0	1.256011547261519	0	0	0	0	0	0	0	0
1	0	0.9999999999999998	2	1	0.3333333333333334	1	0	-1	1	0.3333333333333334	-0.8574735028811739
0	0	0.8087897631685373	2.073879829046028	0	0.2805697071051412	0	0	0	0	0	0
0	0	0.8312177013311655	1.359992535500296	0	0.3793418300806793	0	0	0	0	0	0
4	0	0.8542209958301985	2.048887558662564	1	0.294243559893147	4.682628991239542	0	-4.682628991239542	0.9999999999999999	0.007495970433311849	-4.015230283811107
0	0	0.9999999999999998	2	0	0.3333333333333334	0	0	0	0	0	0
0	0	0.8087897631685373	2.191210236831462	0	0.2695965877228458	0	0	0	0	0	0
0	0	0.9261201709539716	2.073879829046028	0	0.308706723651324	0	0	0	0	0	0
1	0	0.9428610429351771	2.054705684834953	1	0.3145421365270375	1.060601673484086	0	-1.060601673484086	1	0.3145421365270376	-0.9094378321240343
0	0	0.8087897631685373	2.073879829046028	0	0.2805697071051412	0	0	0	0	0	0
0	0	0.8087897631685373	2.191210236831462	0	0.2695965877228458	0	0	0	0	0	0
1	0	0.9261201709539716	2.073879829046028	1	0.308706723651324	1.079773480119677	0	-1.079773480119677	1	0.3087067236513239	-0.9258771483164145
0	0	0.8087897631685373	2.073879829046028	0	0.2805697071051412	0	0	0	0	0	0
0	0	0.9261201709539716	2.073879829046028	0	0.308706723651324	0	0	0	0	0	0