Observed S Changes	Observed NS Changes	E[S Sites]	E[NS Sites]	Observed S. Prop.	P{S}	dS	dN	dN-dS	P{S leq. observed}	P{S geq. observed}	Scaled dN-dS
0	0	0	3	0	0	0	0	0	0	0	0
0	1	0.8519173698681735	2.036798969668911	0	0.2949120888777514	0	0.4909664698831586	0.4909664698831586	0.7050879111222486	0.2949120888777514	0.4035679007928418
3	0	1	2	1	0.3333333333333333	3	0	-3	1	0.03703703703703698	-2.465960053578917
0	0	0.9155330574517859	2.084466942548214	0	0.305177685817262	0	0	0	0	0	0
0	0	0.9155330574517859	2.084466942548214	0	0.305177685817262	0	0	0	0	0	0
5	0	1	2	1	0.3333333333333333	5	0	-5	1	0.004115226337448097	-4.109933422631528
2	0	1.632996413970943	1.232487632972247	1	0.5698850132189616	1.224742432309828	0	-1.224742432309828	1	0.324768928291576	-1.006721971333039
0	0	0.7813079634082678	2.218692036591732	0	0.260435987802756	0	0	0	0	0	0
0	0	0.7813079634082678	2	0	0.2809138627176108	0	0	0	0	0	0
0	0	0.9155330574517859	2.084466942548214	0	0.305177685817262	0	0	0	0	0	0
0	1	1.778569410775419	1.221430589224581	0	0.592856470258473	0	0.8187120977826866	0.8187120977826866	0.407143529741527	0.592856470258473	0.672970442837967
0	0	0.7813079634082678	2.084466942548214	0	0.2726341003909022	0	0	0	0	0	0
3	0	1.781307963408268	1.218692036591732	1	0.5937693211360893	1.68415572243889	0	-1.68415572243889	1	0.209340503389944	-1.384353578513548
0	1	0.9987586415151655	2.001241358484835	0	0.3329195471717218	0	0.4996898528806704	0.4996898528806704	0.6670804528282781	0.3329195471717219	0.4107384054608197
2	2	0.7835698526204561	2.216430147379544	0.5	0.2611899508734853	2.552420812658238	0.9023519204359196	-1.650068892222318	0.9426882703943154	0.2807357002624917	-1.356334657957817
4	2	1	2	0.6666666666666666	0.3333333333333333	4	1	-3	0.982167352537723	0.1001371742112481	-2.465960053578917
0	0	0.8060035121135485	1.412688524478183	0	0.3632786789786741	0	0	0	0	0	0
1	2	0.8062583602930941	2.084261803556873	0.3333333333333333	0.2789319273314514	1.240297216436275	0.9595723515092599	-0.2807248649270152	0.8099944324344288	0.6250884680843115	-0.2307521009854522
1	4	0.979427107728966	2.020572892271034	0.2	0.326475702576322	1.021005026416654	1.979636575003328	0.9586315485866743	0.4745195050701713	0.8613990083025636	0.7879823683050784
1	0	1	2.000000000000001	1	0.3333333333333333	0.9999999999999996	0	-0.9999999999999996	1	0.3333333333333333	-0.8219866845263052
0	1	0.9978293007857929	1.928093853542619	0	0.3410305904000493	0	0.5186469518393161	0.5186469518393161	0.6589694095999508	0.3410305904000492	0.4263208883820739
0	1	0.7821201216122091	2.217879878387791	0	0.2607067072040697	0	0.4508810462390391	0.4508810462390391	0.7392932927959304	0.2607067072040696	0.3706182163137796
0	0	0.7813079634082678	2.218692036591732	0	0.260435987802756	0	0	0	0	0	0
2	1	0.7813079634082681	2.218692036591734	0.6666666666666666	0.2604359878027559	2.559810079594583	0.4507160000160095	-2.109094079578573	0.9823354333241421	0.168151577876676	-1.733647249826851
0	1	0.7813079634082678	2.218692036591732	0	0.260435987802756	0	0.4507160000160098	0.4507160000160098	0.739564012197244	0.260435987802756	0.3704825505161182
0	0	1	2	0	0.3333333333333333	0	0	0	0	0	0
0	0	1	2	0	0.3333333333333333	0	0	0	0	0	0
1	1	0.9980819037357084	2.000476103653672	0.5	0.3328539588949501	1.001921782427988	0.4998810024141748	-0.5020407800138128	0.8892082420479588	0.5549161598378591	-0.4126708362605543
0	0	1.781307963408268	1.218692036591732	0	0.5937693211360893	0	0	0	0	0	0
0	0	0.7813079634082678	2.084466942548214	0	0.2726341003909022	0	0	0	0	0	0
0	0	1	2	0	0.3333333333333333	0	0	0	0	0	0
0	0	1	2	0	0.3333333333333333	0	0	0	0	0	0
0	0	0.7813079634082678	2.218692036591732	0	0.260435987802756	0	0	0	0	0	0
0	0	0.7813079634082678	2.218692036591732	0	0.260435987802756	0	0	0	0	0	0
0	0	1	2	0	0.3333333333333333	0	0	0	0	0	0
1	0	1	2.000000000000001	1	0.3333333333333333	0.9999999999999996	0	-0.9999999999999996	1	0.3333333333333333	-0.8219866845263052
0	0	1	2	0	0.3333333333333333	0	0	0	0	0	0
1	0	0.7813079634082678	2.218692036591732	1	0.260435987802756	1.279905039797292	0	-1.279905039797292	1	0.260435987802756	-1.052064900171485
1	0	1	1.926178179221162	1	0.3417426891844851	1	0	-1	1	0.341742689184485	-0.8219866845263055
2	0	1	2	1	0.3333333333333333	2	0	-2	1	0.1111111111111109	-1.643973369052611
0	0	0.1939964878864514	2.806003512113548	0	0.06466549596215046	0	0	0	0	0	0
1	0	1	2	1	0.3333333333333333	1	0	-1	1	0.3333333333333333	-0.8219866845263055
0	0	0.8060035121135485	2.082617026839513	0	0.2790271346632718	0	0	0	0	0	0
0	0	1	2	0	0.3333333333333333	0	0	0	0	0	0
0	0	0.9155330574517859	2.084466942548214	0	0.305177685817262	0	0	0	0	0	0
4	0	1	2	1	0.3333333333333333	4	0	-4	1	0.01234567901234551	-3.287946738105222
1	2	0.7813079634082678	2.218692036591732	0.3333333333333333	0.260435987802756	1.279905039797292	0.9014320000320196	-0.3784730397652721	0.8318484221233238	0.5954918188557341	-0.3110997991392486
0	0	0.7813079634082678	2.218692036591732	0	0.260435987802756	0	0	0	0	0	0
0	4	0.9652018410888454	1.253490195502887	0	0.4350319130236526	0	3.19108997768845	3.19108997768845	0.101881578972553	0.898118421027447	2.623033470785251
0	0	0.9155330574517859	2.084466942548214	0	0.305177685817262	0	0	0	0	0	0
0	0	0.8060035121135485	2.119919642214863	0	0.275469815713103	0	0	0	0	0	0
1	0	1	2	1	0.3333333333333333	1	0	-1	1	0.3333333333333333	-0.8219866845263055
0	0	1	2	0	0.3333333333333333	0	0	0	0	0	0
1	0	0.7813079634082678	2.218692036591732	1	0.260435987802756	1.279905039797292	0	-1.279905039797292	1	0.260435987802756	-1.052064900171485
1	0	1	2	1	0.3333333333333333	1	0	-1	1	0.3333333333333333	-0.8219866845263055
0	0	1	2	0	0.3333333333333333	0	0	0	0	0	0
4	0	0.8511745405334046	2.074748613795007	1	0.2909080299235593	4.699388679427988	0	-4.699388679427988	0.9999999999999999	0.007161810688335435	-3.862834919903465
3	0	1.768923069406831	1.219856396383115	1	0.5918546649741846	1.695947128444643	0	-1.695947128444643	1	0.2073219214266191	-1.394045957242121
1	0	1	2	1	0.3333333333333333	1	0	-1	1	0.3333333333333333	-0.8219866845263055
1	0	0.8517278560090144	1.366964180582718	1	0.3838873723625949	1.174083943533034	0	-1.174083943533034	1	0.3838873723625948	-0.965081368100289
1	1	0.781307963408268	2.218692036591733	0.5	0.260435987802756	1.279905039797292	0.4507160000160096	-0.8291890397812819	0.9321730962572027	0.4530450718627147	-0.6815823496553668
0	0	1	2	0	0.3333333333333333	0	0	0	0	0	0
0	0	1	1.781307963408268	0	0.3595430686411946	0	0	0	0	0	0
0	3	0.5962999249072909	2.40370007509271	0	0.1987666416357635	0	1.248075844023215	1.248075844023215	0.5143717007503364	0.4856282992496636	1.025901725066013
1	0	1	1.999681022933149	1	0.3333687789984349	1	0	-1	1	0.333368778998435	-0.8219866845263055
0	2	0.8210745481767354	2.104848606151676	0	0.2806206810189439	0	0.9501871033169589	0.9501871033169589	0.5175066045776481	0.4824933954223519	0.7810411467351611
0	0	0.1939964878864514	2.806003512113548	0	0.06466549596215046	0	0	0	0	0	0
0	0	0.7813079634082678	2.084466942548214	0	0.2726341003909022	0	0	0	0	0	0
0	3	0.7813079634082682	2.218692036591734	0	0.260435987802756	0	1.352148000048029	1.352148000048029	0.404508181144266	0.5954918188557341	1.111447651548354
1	0	0.7813079634082678	2.218692036591732	1	0.260435987802756	1.279905039797292	0	-1.279905039797292	1	0.260435987802756	-1.052064900171485
1	0	1	2	1	0.3333333333333333	1	0	-1	1	0.3333333333333333	-0.8219866845263055
2	0	0.7813079634082679	2.218692036591733	1	0.260435987802756	2.559810079594583	0	-2.559810079594583	0.9999999999999999	0.06782690374279732	-2.10412980034297
0	3	0.8536900886929129	1.370383419821536	0	0.3838407702914136	0	2.189168342674992	2.189168342674992	0.2339262048633183	0.7660737951366816	1.799467227865364
1	1	0.9157517345413571	2.084248265458644	0.5	0.3052505781804523	1.091999023622748	0.4797892921743407	-0.6122097314484074	0.9068220845204997	0.517323240881404	-0.5032282473880163
0	0	1	2	0	0.3333333333333333	0	0	0	0	0	0
0	0	0.7813079634082678	2.218692036591732	0	0.260435987802756	0	0	0	0	0	0
0	0	1	1.925923154328411	0	0.3417724756443682	0	0	0	0	0	0
2	2	0.8063195431932815	2.117095858622087	0.5	0.2758142215070006	2.480406207295144	0.9446903369324529	-1.535715870362691	0.9334329293284713	0.3059452421077848	-1.262337996653858
2	0	0.7813079634082679	2.218692036591733	1	0.260435987802756	2.559810079594583	0	-2.559810079594583	0.9999999999999999	0.06782690374279732	-2.10412980034297
1	0	0.7813079634082677	2.084466942548214	1	0.2726341003909022	1.279905039797292	0	-1.279905039797292	1	0.2726341003909022	-1.052064900171485
1	0	1	2	1	0.3333333333333333	1	0	-1	1	0.3333333333333333	-0.8219866845263055
0	0	1.781307963408268	1.218692036591732	0	0.5937693211360893	0	0	0	0	0	0
0	0	0.1939964878864514	2.806003512113548	0	0.06466549596215046	0	0	0	0	0	0
0	0	0.7813079634082678	2.218692036591732	0	0.260435987802756	0	0	0	0	0	0
0	0	1	2	0	0.3333333333333333	0	0	0	0	0	0
0	0	1.781307963408268	1.218692036591732	0	0.5937693211360893	0	0	0	0	0	0
0	0	1.633154272065091	1.232620633891391	0	0.5698822572109894	0	0	0	0	0	0
0	0	1	1.925923154328411	0	0.3417724756443682	0	0	0	0	0	0
1	0	0.7813079634082677	2.218692036591732	1	0.2604359878027559	1.279905039797292	0	-1.279905039797292	1	0.2604359878027559	-1.052064900171485
1	0	1	2	1	0.3333333333333333	1	0	-1	1	0.3333333333333333	-0.8219866845263055
3	0	0.8513727213354205	1.367319315256311	1	0.3837273074830457	3.523721074001937	0	-3.523721074001937	0.9999999999999999	0.05650255920049485	-2.896451802814325
1	0	0.7813079634082678	2.084466942548214	1	0.2726341003909022	1.279905039797292	0	-1.279905039797292	1	0.2726341003909022	-1.052064900171485
0	0	0.7813079634082678	2.218692036591732	0	0.260435987802756	0	0	0	0	0	0
0	1	0.9967860182102137	2.003213981789786	0	0.3322620060700712	0	0.4991977936907881	0.4991977936907881	0.6677379939299288	0.3322620060700712	0.4103339393587376
2	0	0.781307963408268	2.218692036591733	1	0.260435987802756	2.559810079594583	0	-2.559810079594583	0.9999999999999999	0.06782690374279732	-2.10412980034297
0	0	0.8060035121135485	1.412688524478183	0	0.3632786789786741	0	0	0	0	0	0
1	0	0.7813079634082681	2.218692036591733	1	0.260435987802756	1.279905039797291	0	-1.279905039797291	1	0.260435987802756	-1.052064900171485
0	0	0.851846308656823	2.036774230296238	0	0.2948972691877219	0	0	0	0	0	0
1	3	0.8077426152575968	2.081973143092001	0.25	0.2795232067111412	1.238018127446563	1.440940777720412	0.202922650273849	0.6876066523587192	0.7305488840289083	0.1667997165138922
0	0	0	1.296307382686354	0	0	0	0	0	0	0	0
0	0	0.7813079634082678	2.218692036591732	0	0.260435987802756	0	0	0	0	0	0
1	0	1	2	1	0.3333333333333333	1	0	-1	1	0.3333333333333333	-0.8219866845263055
0	0	0.7813079634082678	2.218692036591732	0	0.260435987802756	0	0	0	0	0	0
1	0	1	2	1	0.3333333333333333	1	0	-1	1	0.3333333333333333	-0.8219866845263055
0	0	0.8060035121135485	2.119919642214863	0	0.275469815713103	0	0	0	0	0	0
3	0	1.101232518998904	1.31241245066342	1	0.456252900836932	2.724220315185757	0	-2.724220315185757	1	0.09497666507714397	-2.239272824798747
1	0	0.7813079634082678	2.218692036591732	1	0.260435987802756	1.279905039797292	0	-1.279905039797292	1	0.260435987802756	-1.052064900171485
0	1	0.807070100916278	2.081550438036783	0	0.2793963727782635	0	0.4804111309179475	0.4804111309179475	0.7206036272217364	0.2793963727782636	0.3948915527127765
0	0	1	2	0	0.3333333333333333	0	0	0	0	0	0
0	3	0.7813079634082681	2.03167394357319	0	0.2777507958615598	0	1.476614891621721	1.476614891621721	0.3767569009202383	0.6232430990797617	1.213757779086308
0	0	0.7813079634082678	2.218692036591732	0	0.260435987802756	0	0	0	0	0	0
0	1	0.7813292675108245	2.21857464879858	0	0.2604514308818415	0	0.4507398480107612	0.4507398480107612	0.7395485691181585	0.2604514308818415	0.3705021532502564
0	0	0.7813079634082678	2.084466942548214	0	0.2726341003909022	0	0	0	0	0	0
0	0	0.7813079634082678	2	0	0.2809138627176108	0	0	0	0	0	0
2	0	1	2	1	0.3333333333333333	2	0	-2	1	0.1111111111111109	-1.643973369052611
0	0	0.7813079634082678	2	0	0.2809138627176108	0	0	0	0	0	0
0	0	0.7813079634082678	2.218692036591732	0	0.260435987802756	0	0	0	0	0	0
0	0	1	2	0	0.3333333333333333	0	0	0	0	0	0
2	0	1	2	1	0.3333333333333333	2	0	-2	1	0.1111111111111109	-1.643973369052611
0	0	0.7813079634082678	2.218692036591732	0	0.260435987802756	0	0	0	0	0	0
0	0	0.7813079634082678	2	0	0.2809138627176108	0	0	0	0	0	0
0	1	1	2	0	0.3333333333333333	0	0.5	0.5	0.6666666666666667	0.3333333333333333	0.4109933422631528
1	0	1	2	1	0.3333333333333333	1	0	-1	1	0.3333333333333333	-0.8219866845263055
1	0	1.002697743490283	1.997302256509716	1	0.3342325811634277	0.9973095147487888	0	-0.9973095147487888	1	0.3342325811634277	-0.8197751414748955
0	0	0.9344633354963359	2.065536664503664	0	0.3114877784987786	0	0	0	0	0	0
1	0	1	1.781496354643968	1	0.3595187167261271	1	0	-1	1	0.3595187167261271	-0.8219866845263055
1	0	1.780973663616262	1.218649480580097	1	0.5937324717146792	0.5614906163011434	0	-0.5614906163011434	1	0.5937324717146792	-0.4615378100860088
0	0	1	2	0	0.3333333333333333	0	0	0	0	0	0
0	0	1	2	0	0.3333333333333333	0	0	0	0	0	0
1	1	1	1.786211771204343	0.5	0.3589102631519459	1	0.5598440320017349	-0.4401559679982651	0.871183423004201	0.5890039493080927	-0.3618023448093605
1	0	1	2	1	0.3333333333333333	1	0	-1	1	0.3333333333333333	-0.8219866845263055
2	0	1	1.999936021840627	1	0.3333404421693116	2	0	-2	1	0.1111158503856322	-1.643973369052611
0	0	1	2	0	0.3333333333333333	0	0	0	0	0	0
2	0	1.780924629078721	1.218728075582452	1	0.5937102739631608	1.123012151858783	0	-1.123012151858783	1	0.3524918894094113	-0.9231010353891533
2	0	0.8508176660865384	2.075105488241873	1	0.2907860600603597	2.350679916179098	0	-2.350679916179098	0.9999999999999999	0.08455653272542718	-1.932227590682631
1	0	0.7813079634082678	2.218692036591732	1	0.260435987802756	1.279905039797292	0	-1.279905039797292	1	0.260435987802756	-1.052064900171485
1	0	0.7813079634082678	2.218692036591732	1	0.260435987802756	1.279905039797292	0	-1.279905039797292	1	0.260435987802756	-1.052064900171485
0	2	0.781307963408268	2.218692036591733	0	0.260435987802756	0	0.9014320000320194	0.9014320000320194	0.5469549281372853	0.4530450718627147	0.7409651010322362
0	0	0.8060035121135485	2.119919642214863	0	0.275469815713103	0	0	0	0	0	0
0	0	0.7813079634082678	2.218692036591732	0	0.260435987802756	0	0	0	0	0	0
0	0	0.7813079634082678	2.218692036591732	0	0.260435987802756	0	0	0	0	0	0
0	0	0.7813079634082678	2.218692036591732	0	0.260435987802756	0	0	0	0	0	0
0	0	0	1.296307382686354	0	0	0	0	0	0	0	0
1	1	1	2.000000000000001	0.5	0.3333333333333333	0.9999999999999996	0.4999999999999998	-0.4999999999999998	0.8888888888888891	0.5555555555555555	-0.4109933422631526
1	0	1	1.926114360513803	1	0.3417501426104234	1	0	-1	1	0.3417501426104235	-0.8219866845263055
0	0	1	2	0	0.3333333333333333	0	0	0	0	0	0
0	0	1	2	0	0.3333333333333333	0	0	0	0	0	0
0	0	0.8060035121135485	1.412688524478183	0	0.3632786789786741	0	0	0	0	0	0
2	1	0.781307963408268	2.218692036591733	0.6666666666666666	0.260435987802756	2.559810079594583	0.4507160000160097	-2.109094079578573	0.982335433324142	0.1681515778766762	-1.733647249826852
1	0	1	1.926306680065942	1	0.3417276824784017	1	0	-1	1	0.3417276824784017	-0.8219866845263055
0	0	1	2	0	0.3333333333333333	0	0	0	0	0	0
2	0	0.7813079634082681	2.218692036591733	1	0.260435987802756	2.559810079594583	0	-2.559810079594583	0.9999999999999999	0.06782690374279732	-2.104129800342969
0	0	1	2	0	0.3333333333333333	0	0	0	0	0	0
0	2	1	2	0	0.3333333333333333	0	0.9999999999999998	0.9999999999999998	0.4444444444444445	0.5555555555555555	0.8219866845263054
0	0	0.7813079634082678	2.084466942548214	0	0.2726341003909022	0	0	0	0	0	0
0	3	0.2495445981387519	2.739981319890223	0	0.08347296694563504	0	1.094897975479699	1.094897975479699	0.7699026901808139	0.2300973098191861	0.8999915567591223
0	0	0.9344633354963359	2.065536664503664	0	0.3114877784987786	0	0	0	0	0	0
0	7	0.9054062335429462	1.990117259070317	0	0.3126917242608176	0	3.51738068101075	3.51738068101075	0.07245377404178835	0.9275462259582117	2.891240084200905
0	0	1	2	0	0.3333333333333333	0	0	0	0	0	0
0	3	0.7822875245960281	2.213294553840161	0	0.2611470839765515	0	1.355445435310394	1.355445435310394	0.4033424900136476	0.5966575099863525	1.114158099427105
1	3	0.781307963408268	2.218692036591733	0.25	0.260435987802756	1.279905039797292	1.352148000048029	0.07224296025073729	0.7205536443360749	0.7008403065863371	0.05938275137686922
0	0	0.7813079634082678	2.218692036591732	0	0.260435987802756	0	0	0	0	0	0
0	0	0.7813079634082678	2.218692036591732	0	0.260435987802756	0	0	0	0	0	0
1	0	0.7813079634082678	2.218692036591732	1	0.260435987802756	1.279905039797292	0	-1.279905039797292	1	0.260435987802756	-1.052064900171485
1	0	0.7813079634082678	2.218692036591732	1	0.260435987802756	1.279905039797292	0	-1.279905039797292	1	0.260435987802756	-1.052064900171485
0	0	0.8886205389530614	2	0	0.3076279930056611	0	0	0	0	0	0
2	0	1.612038855037003	1.213633674439304	1	0.5704974083942305	1.240664884565758	0	-1.240664884565758	1	0.3254672929845334	-1.019810015072419
0	0	0.7813079634082678	2.218692036591732	0	0.260435987802756	0	0	0	0	0	0
0	0	0	1.296307382686354	0	0	0	0	0	0	0	0
0	0	1.633154272065091	1.232620633891391	0	0.5698822572109894	0	0	0	0	0	0
0	0	1	2	0	0.3333333333333333	0	0	0	0	0	0
1	0	0.7813079634082678	2.218692036591732	1	0.260435987802756	1.279905039797292	0	-1.279905039797292	1	0.260435987802756	-1.052064900171485
0	5	1.536168331969339	1.245139631438929	0	0.5523186760256813	0	4.01561389080662	4.01561389080662	0.0179822853933975	0.9820177146066025	3.300781148441911
0	2	0.7862722632556132	2.191338234568458	0	0.2640614895165745	0	0.912684298776844	0.912684298776844	0.541605491212563	0.458394508787437	0.7502143407707941
0	4	0.7852622206004216	2.170542716988682	0	0.2656678086615956	0	1.842857073805683	1.842857073805683	0.2907838405027257	0.7092161594972743	1.514803976153383
1	3	0.8453654773323204	2.065763361648632	0.25	0.2903909528196089	1.182920318860965	1.452247656094442	0.2693273372334772	0.6686076496040054	0.7464424331358701	0.2213834849848442
1	0	0.7813079634082678	2	1	0.2809138627176108	1.279905039797292	0	-1.279905039797292	1	0.2809138627176109	-1.052064900171485
0	0	1	2	0	0.3333333333333333	0	0	0	0	0	0
0	0	1	2	0	0.3333333333333333	0	0	0	0	0	0
3	0	1.632246492619038	1.231855798224538	1	0.5698981135685227	1.837957694236683	0	-1.837957694236683	1	0.1850937090454261	-1.510776751385224
0	0	0.7813079634082678	2.218692036591732	0	0.260435987802756	0	0	0	0	0	0
0	0	1	2	0	0.3333333333333333	0	0	0	0	0	0
0	0	1	2	0	0.3333333333333333	0	0	0	0	0	0
0	0	0	3	0	0	0	0	0	0	0	0
1	0	1	2	1	0.3333333333333333	1	0	-1	1	0.3333333333333333	-0.8219866845263055
0	0	0.7813079634082678	2.218692036591732	0	0.260435987802756	0	0	0	0	0	0
0	1	0.781733541112585	2.217594475228407	0	0.2606362281329452	0	0.450939074375626	0.450939074375626	0.7393637718670547	0.2606362281329453	0.3706659146693819
2	0	0.8067136432376775	2.119209511090733	1	0.2757125189854287	2.479194466047665	0	-2.479194466047665	0.9999999999999998	0.07601739312529054	-2.037864839442484
1	7	0.8069772170758783	1.521648851893662	0.125	0.3465465013165384	1.239192357404524	4.60027291532382	3.361080557919296	0.1742882269981653	0.9667556764333395	2.762763464229907
0	0	0.7813079634082678	2.218692036591732	0	0.260435987802756	0	0	0	0	0	0
0	0	0.7813079634082678	2.218692036591732	0	0.260435987802756	0	0	0	0	0	0
0	0	0.8060035121135485	2.082617026839513	0	0.2790271346632718	0	0	0	0	0	0
1	0	1.633075463650306	1.232554235068706	1	0.5698836330389513	0.6123415740781297	0	-0.6123415740781297	1	0.5698836330389513	-0.503336620274101
0	0	0.7813079634082678	2	0	0.2809138627176108	0	0	0	0	0	0
0	0	0.9155330574517859	2.084466942548214	0	0.305177685817262	0	0	0	0	0	0
0	0	0	1.296307382686354	0	0	0	0	0	0	0	0
4	0	1	1.997957814618414	1	0.3335603973891414	4	0	-4	0.9999999999999998	0.01237935251939382	-3.287946738105222
1	0	1	2	1	0.3333333333333333	1	0	-1	1	0.3333333333333333	-0.8219866845263055
0	0	0.7813079634082678	2.218692036591732	0	0.260435987802756	0	0	0	0	0	0
0	0	0.7813079634082678	2.218692036591732	0	0.260435987802756	0	0	0	0	0	0
2	0	1	2	1	0.3333333333333333	2	0	-2	1	0.1111111111111109	-1.643973369052611
0	1	1	2	0	0.3333333333333333	0	0.5	0.5	0.6666666666666667	0.3333333333333333	0.4109933422631528
2	0	1	2	1	0.3333333333333333	2	0	-2	1	0.1111111111111109	-1.643973369052611
0	0	0.7813079634082678	2.218692036591732	0	0.260435987802756	0	0	0	0	0	0
0	2	0.8358483113862842	2.075161729742709	0	0.2871334346418512	0	0.963780302679335	0.963780302679335	0.5081787400055238	0.4918212599944762	0.7922145756111458
0	0	0.7813079634082678	2.218692036591732	0	0.260435987802756	0	0	0	0	0	0
0	0	0.8060035121135485	1.412688524478183	0	0.3632786789786741	0	0	0	0	0	0
1	2	0.9158235781040548	2.084176421895946	0.3333333333333333	0.3052745260346849	1.091913359634405	0.9596116619439675	-0.1323016976904371	0.7773210059276487	0.664695276699327	-0.108750233841764
0	2	0.7816560331420407	2.217995897124187	0	0.2605822446448534	0	0.9017149231850085	0.9017149231850085	0.5467386169344435	0.4532613830655565	0.7411976600967374
2	0	1.781307963408268	1.218692036591733	1	0.5937693211360892	1.122770481625927	0	-1.122770481625927	1	0.3525620067224122	-0.9229023856756989
1	1	0.7813079634082678	2.000943152635801	0.5	0.2808186359968711	1.279905039797292	0.4997643229807506	-0.7801407168165411	0.9211408936768566	0.4827781656705992	-0.641265281280004
1	0	1	2	1	0.3333333333333333	1	0	-1	1	0.3333333333333333	-0.8219866845263055
0	4	0.8115238250317762	1.41034325610711	0	0.3652440921964625	0	2.836188979299247	2.836188979299247	0.1623405475825237	0.8376594524174763	2.331309575784235
2	2	1	1.883268583308479	0.5	0.3468285978590746	2	1.061983414222548	-0.9380165857774512	0.87652895337555	0.4313892571448014	-0.771037143373892
0	1	1	1.794123140983272	0	0.3578940331341635	0	0.5573753423925786	0.5573753423925786	0.6421059668658365	0.3578940331341635	0.45815510972999
0	0	1	1.925923154328411	0	0.3417724756443682	0	0	0	0	0	0
0	0	0.8886205389530614	2	0	0.3076279930056611	0	0	0	0	0	0
1	0	0.9136695831691516	2.086330416830848	1	0.3045565277230505	1.094487567957995	0	-1.094487567957995	1	0.3045565277230505	-0.8996542072410521
0	0	1	2	0	0.3333333333333333	0	0	0	0	0	0
1	0	1	2	1	0.3333333333333333	0.9999999999999998	0	-0.9999999999999998	1	0.3333333333333333	-0.8219866845263054
1	0	1	2	1	0.3333333333333333	1	0	-1	1	0.3333333333333333	-0.8219866845263055
0	0	1	2	0	0.3333333333333333	0	0	0	0	0	0
0	0	0.8060035121135485	2.082617026839513	0	0.2790271346632718	0	0	0	0	0	0
0	1	0.8892913779439265	1.999553834827986	0	0.3078362848976014	0	0.5001115661814757	0.5001115661814757	0.6921637151023986	0.3078362848976014	0.4110850481787692
1	0	0.7813079634082678	2.218692036591732	1	0.260435987802756	1.279905039797292	0	-1.279905039797292	1	0.260435987802756	-1.052064900171485
0	0	0.8060035121135485	1.412688524478183	0	0.3632786789786741	0	0	0	0	0	0
2	0	0.8067956019026108	1.411896434689121	1	0.3636356865200538	2.478942616052365	0	-2.478942616052365	1	0.1322309125109109	-2.03765782209985
0	4	1	2.000000000000001	0	0.3333333333333333	0	1.999999999999999	1.999999999999999	0.1975308641975309	0.802469135802469	1.64397336905261
2	1	1	2	0.6666666666666666	0.3333333333333333	2	0.4999999999999999	-1.5	0.962962962962963	0.2592592592592592	-1.232980026789458
1	2	0.916623818536801	2.0833761814632	0.3333333333333333	0.3055412728456002	1.090960086108488	0.9599802559878344	-0.1309798301206541	0.7769814896662204	0.6650813592517465	-0.1076636763006952
1	0	1	2	1	0.3333333333333333	1	0	-1	1	0.3333333333333333	-0.8219866845263055
0	0	0.7813079634082678	2.218692036591732	0	0.260435987802756	0	0	0	0	0	0
0	0	0.9155330574517859	2.084466942548214	0	0.305177685817262	0	0	0	0	0	0
1	0	1	1.926050798688772	1	0.3417575663580831	1	0	-1	1	0.3417575663580831	-0.8219866845263055
2	0	1	2	1	0.3333333333333333	2	0	-2	1	0.1111111111111109	-1.643973369052611
0	0	0.8886205389530614	2	0	0.3076279930056611	0	0	0	0	0	0
0	0	1	2	0	0.3333333333333333	0	0	0	0	0	0
3	0	0.8913408988131917	1.998426343695184	1	0.3084472983503993	3.365715635840854	0	-3.365715635840854	1	0.02934559449168272	-2.76657343656317
0	4	0.5369826098460129	2.463017390153988	0	0.1789942032820043	0	1.624024262268778	1.624024262268778	0.4543441011457478	0.5456558988542521	1.334926318932592
1	0	0.9341474106635541	2.065085019723337	1	0.3114621598510297	1.07049485828973	0	-1.07049485828973	1	0.3114621598510297	-0.8799325193680329
1	6	0.7813079634082681	2.218692036591733	0.1428571428571428	0.260435987802756	1.279905039797291	2.704296000096058	1.424390960298766	0.4193128195618738	0.878987456545563	1.170830402925223
2	0	0.9124159146893255	2.087584085310675	1	0.3041386382297751	2.191982809375912	0	-2.191982809375912	1	0.09250031126426184	-1.801780682017563
2	0	1	2.000000000000001	1	0.3333333333333333	1.999999999999999	0	-1.999999999999999	1	0.1111111111111109	-1.64397336905261
1	0	0.7813079634082678	2.218692036591732	1	0.260435987802756	1.279905039797292	0	-1.279905039797292	1	0.260435987802756	-1.052064900171485
1	0	0.8890553017666309	2.000621535045854	1	0.3076659958790828	1.12478942312465	0	-1.12478942312465	1	0.3076659958790828	-0.9245619287044865
0	1	0.3100681628129455	2.689931837187056	0	0.1033560542709818	0	0.3717566319619945	0.3717566319619945	0.8966439457290182	0.1033560542709818	0.3055790013571059
0	0	0.7813079634082678	2.218692036591732	0	0.260435987802756	0	0	0	0	0	0
1	0	0.9155330574517859	2.084466942548214	1	0.305177685817262	1.092259849997456	0	-1.092259849997456	1	0.3051776858172619	-0.8978230527406087
0	0	0.7813079634082678	2	0	0.2809138627176108	0	0	0	0	0	0
0	0	0	1.296307382686354	0	0	0	0	0	0	0	0
0	0	1	2	0	0.3333333333333333	0	0	0	0	0	0
0	0	0.1939964878864514	2.806003512113548	0	0.06466549596215046	0	0	0	0	0	0
1	0	1	2	1	0.3333333333333333	1	0	-1	1	0.3333333333333333	-0.8219866845263055
0	0	0.8060035121135485	2.082617026839513	0	0.2790271346632718	0	0	0	0	0	0
4	0	0.9999999999999999	2	1	0.3333333333333334	4.000000000000001	0	-4.000000000000001	1	0.01234567901234573	-3.287946738105223
2	0	1	1.926434667074315	1	0.3417127370896491	2	0	-2	0.9999999999999999	0.1167675946892998	-1.643973369052611
0	0	0.7813079634082678	2.218692036591732	0	0.260435987802756	0	0	0	0	0	0
0	0	0.1939964878864514	2.806003512113548	0	0.06466549596215046	0	0	0	0	0	0
0	0	1	2	0	0.3333333333333333	0	0	0	0	0	0
1	0	1.633409223700868	1.232596664737241	1	0.5699252853213881	0.6122164522459763	0	-0.6122164522459763	1	0.5699252853213881	-0.5032337717941273
0	0	0.9155330574517859	2.084466942548214	0	0.305177685817262	0	0	0	0	0	0
1	0	0.7813079634082678	2.218692036591732	1	0.260435987802756	1.279905039797292	0	-1.279905039797292	1	0.260435987802756	-1.052064900171485
1	0	0.7813079634082678	2.218692036591732	1	0.260435987802756	1.279905039797292	0	-1.279905039797292	1	0.260435987802756	-1.052064900171485
0	0	1	2	0	0.3333333333333333	0	0	0	0	0	0
0	0	1	2	0	0.3333333333333333	0	0	0	0	0	0
2	0	0.7813079634082678	2.218692036591732	1	0.260435987802756	2.559810079594584	0	-2.559810079594584	0.9999999999999999	0.06782690374279732	-2.10412980034297
0	0	1.781307963408268	1.218692036591732	0	0.5937693211360893	0	0	0	0	0	0
0	0	0.9155330574517859	2.084466942548214	0	0.305177685817262	0	0	0	0	0	0
0	0	1	2	0	0.3333333333333333	0	0	0	0	0	0
0	0	1	2	0	0.3333333333333333	0	0	0	0	0	0
1	0	0.9404958691724707	2.05950413082753	1	0.3134986230574902	1.063268891207237	0	-1.063268891207237	1	0.3134986230574902	-0.8739928706433981
0	0	1	2	0	0.3333333333333333	0	0	0	0	0	0
0	0	0.7813079634082678	2	0	0.2809138627176108	0	0	0	0	0	0
1	0	0.7813079634082678	2.218692036591732	1	0.260435987802756	1.279905039797292	0	-1.279905039797292	1	0.260435987802756	-1.052064900171485
0	1	0.806146049403714	2.082474489549347	0	0.2790764790781035	0	0.4801979592155304	0.4801979592155304	0.7209235209218965	0.2790764790781035	0.3947163284118719
0	1	0.1931598396859142	2.806840160314086	0	0.06438661322863808	0	0.3562725138891057	0.3562725138891057	0.935613386771362	0.06438661322863803	0.2928512624795582
1	4	1.129514131934622	1.093024245362637	0.2	0.5082090565779923	0.8853364218535352	3.659571154959059	2.774234733105524	0.1774071282452542	0.9712324660947426	2.28038401036313
0	0	0.7813079634082678	2.218692036591732	0	0.260435987802756	0	0	0	0	0	0
3	1	0.9999436085081799	1.999609595836544	0.75	0.3333641847258467	3.000169184015999	0.5000976200965102	-2.500071563919489	0.9876497497764077	0.1111385364747397	-2.055025535904676
0	0	0.8060035121135485	2.082617026839513	0	0.2790271346632718	0	0	0	0	0	0
0	0	0.7813079634082678	2.218692036591732	0	0.260435987802756	0	0	0	0	0	0
0	0	1	1.781307963408268	0	0.3595430686411946	0	0	0	0	0	0
0	0	0.1939964878864514	2.806003512113548	0	0.06466549596215046	0	0	0	0	0	0
0	0	0	3	0	0	0	0	0	0	0	0
0	0	0.8886205389530614	2	0	0.3076279930056611	0	0	0	0	0	0
0	0	1	1.781307963408268	0	0.3595430686411946	0	0	0	0	0	0
0	0	0.7813079634082678	2.218692036591732	0	0.260435987802756	0	0	0	0	0	0
0	0	1	2	0	0.3333333333333333	0	0	0	0	0	0
1	0	1	2	1	0.3333333333333333	1	0	-1	1	0.3333333333333333	-0.8219866845263055
0	0	0.9155330574517859	2.084466942548214	0	0.305177685817262	0	0	0	0	0	0
2	0	1	1.998739843555443	1	0.3334734095553799	2	0	-2	1	0.1112045148804901	-1.643973369052611
0	0	0.8060035121135485	2.082617026839513	0	0.2790271346632718	0	0	0	0	0	0
2	0	0.7813079634082678	2.084466942548215	1	0.2726341003909021	2.559810079594584	0	-2.559810079594584	1	0.07432935269595653	-2.10412980034297
3	1	0.8154879474810549	2.13010619664026	0.75	0.2768500708451534	3.678779078546338	0.4694601619286701	-3.209318916617668	0.9941253965509487	0.06725394938926721	-2.638017415858112
0	0	1	2	0	0.3333333333333333	0	0	0	0	0	0
1	3	0.8342958970418745	2.102294981956653	0.25	0.2841035511648788	1.198615507454436	1.427011920661978	0.2283964132075418	0.6796173366620815	0.7373358313492117	0.1877388104501674
1	0	0.7813079634082679	2.084466942548215	1	0.2726341003909022	1.279905039797292	0	-1.279905039797292	1	0.2726341003909022	-1.052064900171485
1	0	0.9142884966153193	2.085711503384681	1	0.3047628322051064	1.093746671539654	0	-1.093746671539654	1	0.3047628322051064	-0.8990452002505627
0	0	1	2	0	0.3333333333333333	0	0	0	0	0	0
0	0	1	2	0	0.3333333333333333	0	0	0	0	0	0
2	0	0.7813079634082678	2.218692036591732	1	0.260435987802756	2.559810079594584	0	-2.559810079594584	0.9999999999999999	0.06782690374279732	-2.10412980034297
0	0	1	1.925923154328411	0	0.3417724756443682	0	0	0	0	0	0
1	0	0.7813079634082679	2.218692036591733	1	0.260435987802756	1.279905039797292	0	-1.279905039797292	1	0.260435987802756	-1.052064900171485
1	0	0.9155330574517859	2.084466942548214	1	0.305177685817262	1.092259849997456	0	-1.092259849997456	1	0.3051776858172619	-0.8978230527406087
1	0	0.9999999999999999	2	1	0.3333333333333334	1	0	-1	1	0.3333333333333334	-0.8219866845263057
0	0	0.7813079634082678	2.218692036591732	0	0.260435987802756	0	0	0	0	0	0
0	0	0.7813079634082678	2.218692036591732	0	0.260435987802756	0	0	0	0	0	0
1	0	0.8069111351040597	2.081709403849002	1	0.279341341039039	1.239293841038691	0	-1.239293841038691	1	0.279341341039039	-1.018683035549264
0	0	1	2	0	0.3333333333333333	0	0	0	0	0	0
2	0	0.7813079634082681	2.218692036591733	1	0.260435987802756	2.559810079594583	0	-2.559810079594583	0.9999999999999999	0.06782690374279732	-2.104129800342969
0	0	0.8060035121135485	1.412688524478183	0	0.3632786789786741	0	0	0	0	0	0
1	0	0.7813079634082678	2.218692036591732	1	0.260435987802756	1.279905039797292	0	-1.279905039797292	1	0.260435987802756	-1.052064900171485
1	0	1	2	1	0.3333333333333333	1	0	-1	1	0.3333333333333333	-0.8219866845263055
0	0	0.7813079634082678	2.218692036591732	0	0.260435987802756	0	0	0	0	0	0
2	0	0.9341487958685368	2.065087000006414	1	0.3114622722072516	2.140986541807266	0	-2.140986541807266	1	0.09700874700850415	-1.759862429115595
1	0	0.9155330574517859	2.084466942548214	1	0.305177685817262	1.092259849997456	0	-1.092259849997456	1	0.305177685817262	-0.8978230527406087
0	0	1	2	0	0.3333333333333333	0	0	0	0	0	0
1	0	0.7813079634082678	2	1	0.2809138627176108	1.279905039797292	0	-1.279905039797292	1	0.2809138627176109	-1.052064900171485
0	0	1	2	0	0.3333333333333333	0	0	0	0	0	0
1	2	1	2	0.3333333333333333	0.3333333333333333	1	1	0	0.7407407407407408	0.7037037037037037	0
0	0	0.7813079634082678	2.084466942548214	0	0.2726341003909022	0	0	0	0	0	0
1	0	1	2	1	0.3333333333333333	1	0	-1	1	0.3333333333333333	-0.8219866845263055
0	0	0.8886205389530614	2	0	0.3076279930056611	0	0	0	0	0	0
0	0	0.7813079634082678	2	0	0.2809138627176108	0	0	0	0	0	0
1	0	1	2	1	0.3333333333333333	0.9999999999999998	0	-0.9999999999999998	1	0.3333333333333333	-0.8219866845263054
0	0	0.851846308656823	2.036774230296238	0	0.2948972691877219	0	0	0	0	0	0
0	1	0.8009490720822595	1.577653331116195	0	0.3367309605864523	0	0.6338528118167105	0.6338528118167105	0.6632690394135476	0.3367309605864524	0.5210185712628941
1	3	0.7813079634082678	2.218692036591732	0.25	0.260435987802756	1.279905039797292	1.352148000048029	0.07224296025073773	0.7205536443360749	0.7008403065863371	0.05938275137686959
1	0	1	2	1	0.3333333333333333	1	0	-1	1	0.3333333333333333	-0.8219866845263055
0	0	1.781307963408268	1.218692036591732	0	0.5937693211360893	0	0	0	0	0	0
0	0	0.8060035121135485	2.082617026839513	0	0.2790271346632718	0	0	0	0	0	0
1	0	1.633665675574418	1.232572554538967	1	0.5699685596300877	0.6121203468686378	0	-0.6121203468686378	1	0.5699685596300877	-0.5031547744536438
0	0	1	2	0	0.3333333333333333	0	0	0	0	0	0
2	0	1	2	1	0.3333333333333333	2	0	-2	1	0.1111111111111109	-1.643973369052611
1	0	1	1.94304878278753	1	0.3397836984043611	0.9999999999999998	0	-0.9999999999999998	1	0.3397836984043612	-0.8219866845263054
0	0	0	3	0	0	0	0	0	0	0	0
3	0	1.100566416273509	1.212805484981995	1	0.4757412397359084	2.72586911215947	0	-2.72586911215947	0.9999999999999997	0.1076743850003005	-2.240628113956626
2	0	0.7813079634082678	2.218692036591732	1	0.260435987802756	2.559810079594584	0	-2.559810079594584	0.9999999999999999	0.06782690374279732	-2.10412980034297
0	0	1	2	0	0.3333333333333333	0	0	0	0	0	0
0	0	1	2	0	0.3333333333333333	0	0	0	0	0	0
0	0	0.851846308656823	2.074076845671588	0	0.2911376217781591	0	0	0	0	0	0
0	1	0.8063586691430102	2.082261869810051	0	0.279150085055915	0	0.4802469922244806	0.4802469922244806	0.720849914944085	0.279150085055915	0.3947566328923313
0	0	0.8060035121135485	1.412688524478183	0	0.3632786789786741	0	0	0	0	0	0
1	0	1	2	1	0.3333333333333333	1	0	-1	1	0.3333333333333333	-0.8219866845263055
0	0	0.8886205389530614	2	0	0.3076279930056611	0	0	0	0	0	0
1	0	1	2	1	0.3333333333333333	1	0	-1	1	0.3333333333333333	-0.8219866845263055
0	0	0.1939964878864514	2.806003512113548	0	0.06466549596215046	0	0	0	0	0	0
1	0	0.7813079634082678	2.218692036591732	1	0.260435987802756	1.279905039797292	0	-1.279905039797292	1	0.260435987802756	-1.052064900171485
7	0	1	1.999808591474864	1	0.3333546023042581	7	0	-7	1	0.0004574516387269023	-5.753906791684138
0	0	1	2	0	0.3333333333333333	0	0	0	0	0	0
1	0	0.3676598938882674	2.632340106111734	1	0.1225532979627558	2.719905044372074	0	-2.719905044372074	1	0.1225532979627557	-2.235725729649775
3	0	1	2	1	0.3333333333333333	3	0	-3	1	0.03703703703703698	-2.465960053578916
0	0	1	2	0	0.3333333333333333	0	0	0	0	0	0
0	0	0.7813079634082678	2.218692036591732	0	0.260435987802756	0	0	0	0	0	0
0	0	0.1939964878864514	2.806003512113548	0	0.06466549596215046	0	0	0	0	0	0
0	0	0.8060035121135485	2.119919642214863	0	0.275469815713103	0	0	0	0	0	0
0	0	0.7813079634082678	2.218692036591732	0	0.260435987802756	0	0	0	0	0	0
1	0	1	2	1	0.3333333333333333	1	0	-1	1	0.3333333333333333	-0.8219866845263055
0	0	0	1.296307382686354	0	0	0	0	0	0	0	0
3	0	0.8514117837674282	2.074511370560983	1	0.2909891131309815	3.523559407088827	0	-3.523559407088827	1	0.02463940537060372	-2.89631891476442
1	0	1	1.926050726329023	1	0.3417575748095742	1	0	-1	1	0.3417575748095742	-0.8219866845263055
0	1	0.009215833830157607	2.990784166169843	0	0.003071944610052535	0	0.3343604701775097	0.3343604701775097	0.9969280553899474	0.003071944610052557	0.2748398543178678
0	7	0.9394744967991273	2.056400945557853	0	0.3135893046541359	0	3.404005437325388	3.404005437325388	0.07179402354513424	0.9282059764548658	2.798047143536612
0	0	0.7813079634082678	2.218692036591732	0	0.260435987802756	0	0	0	0	0	0
0	0	1	2	0	0.3333333333333333	0	0	0	0	0	0
0	0	0	1.296307382686354	0	0	0	0	0	0	0	0
2	0	0.7813079634082677	2	1	0.2809138627176108	2.559810079594584	0	-2.559810079594584	0.9999999999999999	0.07891259826692876	-2.10412980034297
2	0	1	2	1	0.3333333333333333	2	0	-2	1	0.1111111111111109	-1.643973369052611
0	0	0.7813079634082678	2.218692036591732	0	0.260435987802756	0	0	0	0	0	0
0	0	0.9344633354963359	2.065536664503664	0	0.3114877784987786	0	0	0	0	0	0
2	0	0.7813079634082678	2.218692036591732	1	0.260435987802756	2.559810079594584	0	-2.559810079594584	0.9999999999999999	0.06782690374279732	-2.10412980034297
0	0	0.8060035121135485	1.412688524478183	0	0.3632786789786741	0	0	0	0	0	0
0	0	0.7813079634082678	2.218692036591732	0	0.260435987802756	0	0	0	0	0	0
1	0	1	2	1	0.3333333333333333	1	0	-1	1	0.3333333333333333	-0.8219866845263055
3	0	0.8515305946648362	2.074392559663575	1	0.2910297194255222	3.523067777947315	0	-3.523067777947315	0.9999999999999999	0.02464972178311653	-2.895914802156372
1	0	1	1.92667303433932	1	0.3416849057844087	1	0	-1	1	0.3416849057844087	-0.8219866845263055
1	3	0.7984392440050611	2.124193193049948	0.25	0.2731918095077356	1.252443448275272	1.412300919622361	0.1598574713470888	0.6986014807802766	0.7209517834975241	0.1314007128693524
0	0	1	1.925923154328411	0	0.3417724756443682	0	0	0	0	0	0
2	0	0.8079028942102917	1.41078914238144	1	0.3641347608798202	2.475545036826435	0	-2.475545036826435	1	0.1325941240810038	-2.034865057216512
0	0	1	2	0	0.3333333333333333	0	0	0	0	0	0
0	0	1	2	0	0.3333333333333333	0	0	0	0	0	0
0	0	0.7813079634082678	2.218692036591732	0	0.260435987802756	0	0	0	0	0	0
1	0	1	2	1	0.3333333333333333	1	0	-1	1	0.3333333333333333	-0.8219866845263055
0	0	0.8060035121135485	2.082617026839513	0	0.2790271346632718	0	0	0	0	0	0
0	0	0.7813079634082678	2.218692036591732	0	0.260435987802756	0	0	0	0	0	0
1	0	1	2	1	0.3333333333333333	1	0	-1	1	0.3333333333333333	-0.8219866845263055
0	0	0.8060035121135485	1.412688524478183	0	0.3632786789786741	0	0	0	0	0	0
1	0	1	2	1	0.3333333333333333	1	0	-1	1	0.3333333333333333	-0.8219866845263055
0	0	1	2	0	0.3333333333333333	0	0	0	0	0	0
2	0	0.9111795006687072	2.088820499331293	1	0.3037265002229024	2.194957193980128	0	-2.194957193980128	1	0.09224978693765262	-1.804225586556889
1	2	0.7813079634082678	2.218692036591732	0.3333333333333333	0.260435987802756	1.279905039797292	0.9014320000320196	-0.3784730397652721	0.8318484221233238	0.5954918188557341	-0.3110997991392486
0	0	0.8060035121135485	1.412688524478183	0	0.3632786789786741	0	0	0	0	0	0
0	0	0.9155330574517859	2.084466942548214	0	0.305177685817262	0	0	0	0	0	0
1	0	0.7813079634082679	2.218692036591732	1	0.260435987802756	1.279905039797292	0	-1.279905039797292	1	0.260435987802756	-1.052064900171485
4	0	1	1.998224216129197	1	0.3335307595143875	4	0	-4	1	0.01237495333045768	-3.287946738105222
1	0	0.8518068559757231	2.036813682977338	1	0.2948836112217247	1.173975054303273	0	-1.173975054303273	1	0.2948836112217247	-0.964991862603337
0	0	1.781307963408268	1.218692036591732	0	0.5937693211360893	0	0	0	0	0	0
0	0	0.7813079634082678	2.218692036591732	0	0.260435987802756	0	0	0	0	0	0
5	0	1.028060026106082	1.579627200085031	1	0.3942420761893694	4.863529242488092	0	-4.863529242488092	1	0.009523900869431334	-3.997756277129521
0	0	1.633154272065091	1.232620633891391	0	0.5698822572109894	0	0	0	0	0	0
0	0	0.9155330574517859	2.084466942548214	0	0.305177685817262	0	0	0	0	0	0
0	0	1	2	0	0.3333333333333333	0	0	0	0	0	0
0	0	0.8060035121135485	2.082617026839513	0	0.2790271346632718	0	0	0	0	0	0
0	0	1	2	0	0.3333333333333333	0	0	0	0	0	0
1	0	0.7813079634082679	2.218692036591732	1	0.260435987802756	1.279905039797292	0	-1.279905039797292	1	0.260435987802756	-1.052064900171485
0	0	0.851846308656823	2.074076845671588	0	0.2911376217781591	0	0	0	0	0	0
0	0	0.8060035121135485	2.082617026839513	0	0.2790271346632718	0	0	0	0	0	0
1	0	0.7813079634082678	2.218692036591732	1	0.260435987802756	1.279905039797292	0	-1.279905039797292	1	0.260435987802756	-1.052064900171485
1	0	0.7813079634082678	2.218692036591732	1	0.260435987802756	1.279905039797292	0	-1.279905039797292	1	0.260435987802756	-1.052064900171485
1	0	0.8516089619907315	1.367083074601001	1	0.3838337849262486	1.174247858620919	0	-1.174247858620919	1	0.3838337849262486	-0.9652161041199231
0	0	0.9155330574517859	2.084466942548214	0	0.305177685817262	0	0	0	0	0	0
1	0	0.8061613807003114	2.1197617736281	1	0.2755237708508274	1.240446421696982	0	-1.240446421696982	1	0.2755237708508274	-1.019630441503222
2	0	0.8062402909491538	2.082380248003907	1	0.2791091041820827	2.480650027605891	0	-2.480650027605891	1	0.07790189203732467	-2.039061291661854
0	0	0.8060035121135485	2.119919642214863	0	0.275469815713103	0	0	0	0	0	0
1	0	0.7813079634082678	2.218692036591732	1	0.260435987802756	1.279905039797292	0	-1.279905039797292	1	0.260435987802756	-1.052064900171485
1	0	1	1.781872628258636	1	0.3594700885446248	1	0	-1	1	0.3594700885446248	-0.8219866845263055
0	0	0.8060035121135485	2.119919642214863	0	0.275469815713103	0	0	0	0	0	0
2	0	0.9999999999999997	1.999999999999999	1	0.3333333333333333	2.000000000000001	0	-2.000000000000001	1	0.1111111111111109	-1.643973369052612
1	0	0.8064388654602661	2.119484288868146	1	0.2756186075041907	1.240019600778121	0	-1.240019600778121	1	0.2756186075041906	-1.019279600391241
3	0	1	1.984774809421349	1	0.3350336503924956	3	0	-3	1	0.03760670538394217	-2.465960053578917
1	0	0.8892122556330433	2.000845915617311	1	0.3076797084843225	1.124590887794372	0	-1.124590887794372	1	0.3076797084843226	-0.9243987353065901
1	2	0.9163341537816756	2.083665846218324	0.3333333333333333	0.3054447179272252	1.091304952317928	0.9598468025138625	-0.1314581498040652	0.777104404284545	0.6649416423594851	-0.108056848711406
3	0	0.8510847301460163	1.367607306445716	1	0.3835975052461176	3.524913435452314	0	-3.524913435452314	1	0.05644523976184446	-2.897431908049677
0	0	0.7813079634082678	2.218692036591732	0	0.260435987802756	0	0	0	0	0	0
2	0	1	2.000000000000001	1	0.3333333333333333	1.999999999999999	0	-1.999999999999999	1	0.1111111111111109	-1.64397336905261
0	0	0.851846308656823	2.074076845671588	0	0.2911376217781591	0	0	0	0	0	0
0	0	0.8060035121135485	2.082617026839513	0	0.2790271346632718	0	0	0	0	0	0
0	0	0.7813079634082678	2	0	0.2809138627176108	0	0	0	0	0	0
0	1	0.9999273234908032	2.000072676509197	0	0.3333091078302677	0	0.4999818315329111	0.4999818315329111	0.6666908921697323	0.3333091078302677	0.4109784080251275
2	0	0.8515701190410399	2.074353035287371	1	0.2910432277694256	2.348602839954291	0	-2.348602839954291	1	0.08470616043044576	-1.930520261683093
1	0	0.7813079634082678	2.218692036591732	1	0.260435987802756	1.279905039797292	0	-1.279905039797292	1	0.260435987802756	-1.052064900171485
5	1	1	2.000000000000001	0.8333333333333334	0.3333333333333333	4.999999999999998	0.4999999999999998	-4.499999999999998	0.9986282578875173	0.01783264746227697	-3.698940080368374
0	0	0.8060035121135485	2.082617026839513	0	0.2790271346632718	0	0	0	0	0	0
1	0	0.1958595510423379	2.804140448957662	1	0.06528651701411266	5.105699439614437	0	-5.105699439614437	1	0.0652865170141127	-4.196816954556487
0	0	0.7813079634082678	2.218692036591732	0	0.260435987802756	0	0	0	0	0	0
0	0	1	2	0	0.3333333333333333	0	0	0	0	0	0
0	0	0	1.296307382686354	0	0	0	0	0	0	0	0
0	0	1	1.781307963408268	0	0.3595430686411946	0	0	0	0	0	0
1	0	0.7813079634082679	2	1	0.2809138627176108	1.279905039797292	0	-1.279905039797292	1	0.2809138627176108	-1.052064900171485
1	0	0.7813079634082679	2.218692036591733	1	0.260435987802756	1.279905039797292	0	-1.279905039797292	1	0.260435987802756	-1.052064900171485
4	0	0.9999999999999999	2	1	0.3333333333333334	4.000000000000001	0	-4.000000000000001	1	0.01234567901234573	-3.287946738105223
0	0	0.851846308656823	2.074076845671588	0	0.2911376217781591	0	0	0	0	0	0
0	0	1	2	0	0.3333333333333333	0	0	0	0	0	0
0	0	1	2	0	0.3333333333333333	0	0	0	0	0	0
0	0	1	2	0	0.3333333333333333	0	0	0	0	0	0
0	0	1	2	0	0.3333333333333333	0	0	0	0	0	0
0	0	1.781307963408268	1.218692036591732	0	0.5937693211360893	0	0	0	0	0	0
3	0	0.8509086078698642	2.075014546458547	1	0.2908171414587865	3.52564302705798	0	-3.52564302705798	1	0.02459574625221594	-2.898031622634677
2	0	0.7813079634082678	2.218692036591732	1	0.260435987802756	2.559810079594584	0	-2.559810079594584	0.9999999999999999	0.06782690374279732	-2.10412980034297
0	0	0.8060035121135485	1.412688524478183	0	0.3632786789786741	0	0	0	0	0	0
2	0	0.7813079634082681	2.218692036591733	1	0.260435987802756	2.559810079594583	0	-2.559810079594583	0.9999999999999999	0.06782690374279732	-2.104129800342969
0	0	1	2	0	0.3333333333333333	0	0	0	0	0	0
0	0	0.9155330574517859	2.084466942548214	0	0.305177685817262	0	0	0	0	0	0
0	0	0.7813079634082678	2.218692036591732	0	0.260435987802756	0	0	0	0	0	0
3	0	1.781307963408268	1.218692036591732	1	0.5937693211360893	1.684155722438891	0	-1.684155722438891	1	0.209340503389944	-1.384353578513549
1	0	1	2	1	0.3333333333333333	1	0	-1	1	0.3333333333333333	-0.8219866845263055
2	0	0.7813079634082678	2.218692036591732	1	0.260435987802756	2.559810079594584	0	-2.559810079594584	0.9999999999999999	0.06782690374279732	-2.10412980034297
0	0	1	1.781307963408268	0	0.3595430686411946	0	0	0	0	0	0
0	0	0.8060035121135485	2.119919642214863	0	0.275469815713103	0	0	0	0	0	0
0	0	0	3	0	0	0	0	0	0	0	0
0	0	0.7813079634082678	2.218692036591732	0	0.260435987802756	0	0	0	0	0	0
2	0	0.806120608337905	2.082499930615156	1	0.2790676717372064	2.481018323205616	0	-2.481018323205616	0.9999999999999999	0.07787876540882532	-2.039364025740798
2	0	1.780159855830069	1.2187999753678	1	0.5935924307192282	1.123494608335285	0	-1.123494608335285	1	0.3523519738071617	-0.923497608188701
0	0	0.7813079634082678	2.218692036591732	0	0.260435987802756	0	0	0	0	0	0
1	0	0.8061613784867447	2.119761775841666	1	0.2755237700942912	1.240446425103014	0	-1.240446425103014	1	0.2755237700942912	-1.019630444302934
1	1	0.8121236734622491	2.076496865490812	0.5	0.2811458488613363	1.231339551692658	0.4815803079787623	-0.7497592437138952	0.9209570116680386	0.4832487093907113	-0.616292114933335
0	0	1	2	0	0.3333333333333333	0	0	0	0	0	0
0	0	0.851846308656823	2.036774230296238	0	0.2948972691877219	0	0	0	0	0	0
1	0	0.8514913719791511	2.03712916697391	1	0.294774395077784	1.174410020944387	0	-1.174410020944387	1	0.294774395077784	-0.965349399390546
1	0	0.8062797756422203	1.412412260949512	1	0.3634031953712674	1.240264273283399	0	-1.240264273283399	1	0.3634031953712673	-1.019480717932649
1	0	1.781180449655882	1.2187040247352	1	0.5937496809831074	0.5614254300810434	0	-0.5614254300810434	1	0.5937496809831074	-0.461484227881072
4	0	0.9338301681529094	2.064631491196411	1	0.3114364211532239	4.283434115125977	0	-4.283434115125977	0.9999999999999999	0.009407573071725905	-3.520925806679271
0	0	0.8060035121135485	2.119919642214863	0	0.275469815713103	0	0	0	0	0	0
0	0	0.7813079634082678	2.218692036591732	0	0.260435987802756	0	0	0	0	0	0
0	0	1	2	0	0.3333333333333333	0	0	0	0	0	0
1	0	0.8515682708931498	2.074354883435261	1	0.2910425961233458	1.174303968548723	0	-1.174303968548723	1	0.2910425961233458	-0.9652622257334481
0	0	0.7813079634082678	2.218692036591732	0	0.260435987802756	0	0	0	0	0	0
0	1	0.01073912906361336	2.989260870936386	0	0.00357970968787112	0	0.3345308566818894	0.3345308566818894	0.9964202903121289	0.003579709687871135	0.2749799097556909
2	0	1	1.98605045828406	1	0.3348905231074535	2	0	-2	1	0.1121516624671839	-1.643973369052611
0	0	0.7813079634082678	2.218692036591732	0	0.260435987802756	0	0	0	0	0	0
2	0	1	2	1	0.3333333333333333	2	0	-2	1	0.1111111111111109	-1.643973369052611
0	0	0.7813079634082678	2.084466942548214	0	0.2726341003909022	0	0	0	0	0	0
0	0	0.7813079634082678	2.218692036591732	0	0.260435987802756	0	0	0	0	0	0
0	1	0.8093481244364268	2.081192661228272	0	0.2799988598847298	0	0.4804937181595783	0.4804937181595783	0.7200011401152702	0.2799988598847298	0.3949594383257088
1	0	0.20025888790739	2.79974111209261	1	0.06675296263579665	4.9935361693532	0	-4.9935361693532	1	0.06675296263579666	-4.104620239908825
0	0	0.7813079634082678	2	0	0.2809138627176108	0	0	0	0	0	0
0	0	0.7813079634082678	2.218692036591732	0	0.260435987802756	0	0	0	0	0	0
0	0	0.8060035121135485	2.082617026839513	0	0.2790271346632718	0	0	0	0	0	0
0	0	0.7813079634082678	2.084466942548214	0	0.2726341003909022	0	0	0	0	0	0
1	1	0.7813079634082679	2.218692036591732	0.5	0.260435987802756	1.279905039797292	0.4507160000160098	-0.8291890397812818	0.9321730962572027	0.4530450718627147	-0.6815823496553667
0	0	0.7813079634082678	2.218692036591732	0	0.260435987802756	0	0	0	0	0	0
1	0	1	2	1	0.3333333333333333	1	0	-1	1	0.3333333333333333	-0.8219866845263055
0	0	0.7813079634082678	2.084466942548214	0	0.2726341003909022	0	0	0	0	0	0
0	0	0.1939964878864514	2.806003512113548	0	0.06466549596215046	0	0	0	0	0	0
3	1	0.9998331681943349	1.928965049169669	0.75	0.3413800111822695	3.000500578929482	0.5184127107074614	-2.48208786822202	0.9864183556708298	0.1183931991149996	-2.040243177502784
0	0	1	1.781307963408268	0	0.3595430686411946	0	0	0	0	0	0
1	0	0.7386127380948712	2.261387261905129	1	0.2462042460316237	1.353889458472289	0	-1.353889458472289	1	0.2462042460316237	-1.112879107184752
0	0	0.8886205389530614	2	0	0.3076279930056611	0	0	0	0	0	0
1	0	0.7813079634082678	2.218692036591732	1	0.260435987802756	1.279905039797292	0	-1.279905039797292	1	0.260435987802756	-1.052064900171485
1	1	0.9988295645486237	1.927349218499651	0.5	0.3413426309885678	1.001171806975803	0.518847332077397	-0.4823244748984059	0.8834852082698024	0.5661704702469381	-0.3964642959876319
0	0	1	2	0	0.3333333333333333	0	0	0	0	0	0
0	0	0.7813079634082678	2	0	0.2809138627176108	0	0	0	0	0	0
1	2	0.7813079634082679	2.218692036591732	0.3333333333333333	0.260435987802756	1.279905039797292	0.9014320000320196	-0.3784730397652719	0.8318484221233238	0.5954918188557341	-0.3110997991392485
1	0	0.781307963408268	2.218692036591733	1	0.260435987802756	1.279905039797292	0	-1.279905039797292	1	0.260435987802756	-1.052064900171485
0	8	0.7814905806497209	2.216808943707875	0	0.2606446001478654	0	3.608790925671318	3.608790925671318	0.08929476375217374	0.9107052362478263	2.966378088141184
5	0	1.000000000000001	2.000000000000001	1	0.3333333333333334	4.999999999999996	0	-4.999999999999996	1	0.004115226337448541	-4.109933422631525
0	0	0.7813079634082678	2	0	0.2809138627176108	0	0	0	0	0	0
1	0	0.9099473468699381	2.030488712748208	1	0.3094600013129027	1.098964685637941	0	-1.098964685637941	1	0.3094600013129027	-0.9033343383590249
0	1	0.7813079634082679	2.218692036591732	0	0.260435987802756	0	0.4507160000160098	0.4507160000160098	0.739564012197244	0.260435987802756	0.3704825505161182
1	0	0.806082523217856	2.119840631110555	1	0.2754968195338255	1.240567772153193	0	-1.240567772153193	1	0.2754968195338255	-1.019730189962388
1	0	1	2	1	0.3333333333333333	0.9999999999999998	0	-0.9999999999999998	1	0.3333333333333333	-0.8219866845263054
4	0	1.587794048767671	1.194283889888005	1	0.5707223463102931	2.519218410665102	0	-2.519218410665102	0.9999999999999999	0.1060961219466969	-2.070763988980236
1	0	0.7813079634082679	2.218692036591733	1	0.260435987802756	1.279905039797292	0	-1.279905039797292	1	0.260435987802756	-1.052064900171485
0	1	0.7816915427757665	2.216578474880833	0	0.2607141912410958	0	0.4511457687297813	0.4511457687297813	0.7392858087589043	0.2607141912410957	0.3708358146762644
1	0	1.134225094043519	1.753259609703742	1	0.3928073082332063	0.8816592096679809	0	-0.8816592096679809	1	0.3928073082332063	-0.7247121306370665
3	0	0.7813079634082679	2.218692036591732	1	0.260435987802756	3.839715119391875	0	-3.839715119391875	0.9999999999999998	0.01766456667585803	-3.156194700514455
0	1	0.851846308656823	1.36857986814868	0	0.3836409053159167	0	0.7306844293659898	0.7306844293659898	0.6163590946840833	0.3836409053159167	0.6006128715295455
1	0	0.9149113565721682	2.085088643427832	1	0.3049704521907227	1.093002062786309	0	-1.093002062786309	1	0.3049704521907226	-0.8984331417701309
4	0	0.8482884251069177	2.040332113846143	1	0.2936655797006718	4.715377319330796	0	-4.715377319330796	1	0.007437246651734397	-3.875977369007259
4	0	1.000000000000001	1.940235992150026	1	0.340108754082953	3.999999999999997	0	-3.999999999999997	0.9999999999999998	0.01338046608717491	-3.28794673810522
0	2	0.9984695053082331	2.001530494691767	0	0.3328231684360776	0	0.9992353378098279	0.9992353378098279	0.4451249245756744	0.5548750754243256	0.8213581423878233
0	0	0.851846308656823	2.074076845671588	0	0.2911376217781591	0	0	0	0	0	0
4	0	1.776629734496084	1.222792166494333	1	0.5923240521479944	2.251453931189856	0	-2.251453931189856	0.9999999999999998	0.1230941666627106	-1.850665152262467
0	0	0.851846308656823	2.036774230296238	0	0.2948972691877219	0	0	0	0	0	0
0	0	1	1.781307963408268	0	0.3595430686411946	0	0	0	0	0	0
1	0	1.000000000000001	1.988046910176913	1	0.3346667673101536	0.9999999999999993	0	-0.9999999999999993	1	0.3346667673101535	-0.821986684526305
0	0	0.7813079634082678	2	0	0.2809138627176108	0	0	0	0	0	0
0	0	0.8060035121135485	2.082617026839513	0	0.2790271346632718	0	0	0	0	0	0
0	1	0.7813079634082679	2.218692036591732	0	0.260435987802756	0	0.4507160000160098	0.4507160000160098	0.739564012197244	0.260435987802756	0.3704825505161182
0	0	0	1.296307382686354	0	0	0	0	0	0	0	0
0	0	0.9155330574517859	2.084466942548214	0	0.305177685817262	0	0	0	0	0	0
0	0	1.781307963408268	1.218692036591732	0	0.5937693211360893	0	0	0	0	0	0
0	0	0	1.296307382686354	0	0	0	0	0	0	0	0
0	0	0.9155330574517859	2.084466942548214	0	0.305177685817262	0	0	0	0	0	0
0	0	1	2	0	0.3333333333333333	0	0	0	0	0	0
0	0	0.7813079634082678	2.218692036591732	0	0.260435987802756	0	0	0	0	0	0
0	0	1	2	0	0.3333333333333333	0	0	0	0	0	0
0	2	0.1981928509795769	2.801807149020423	0	0.06606428365985897	0	0.7138250042295903	0.7138250042295903	0.8722359222557724	0.1277640777442276	0.5867546485586569
0	0	1	1.781307963408268	0	0.3595430686411946	0	0	0	0	0	0
0	0	0.7813079634082678	2.084466942548214	0	0.2726341003909022	0	0	0	0	0	0
0	1	0.7814961092709531	2.218503890729047	0	0.2604987030903177	0	0.4507542241322728	0.4507542241322728	0.7395012969096824	0.2604987030903176	0.3705139702307142
0	0	1.633154272065091	1.232620633891391	0	0.5698822572109894	0	0	0	0	0	0
0	0	1	2	0	0.3333333333333333	0	0	0	0	0	0
1	0	0.7813079634082678	2.084466942548215	1	0.2726341003909021	1.279905039797292	0	-1.279905039797292	1	0.2726341003909021	-1.052064900171485
0	1	0.9992668898499474	2.000733110150053	0	0.3330889632833157	0	0.4998167896191816	0.4998167896191816	0.6669110367166843	0.3330889632833157	0.4108427457696531
0	3	1	2	0	0.3333333333333333	0	1.5	1.5	0.2962962962962963	0.7037037037037037	1.232980026789458
1	0	1.632877185588643	1.232387178925087	1	0.5698870951706274	0.6124159298848342	0	-0.6124159298848342	1	0.5698870951706274	-0.5033977397571292
0	0	1.633154272065091	1.232620633891391	0	0.5698822572109894	0	0	0	0	0	0
1	0	1	1.999298075341147	1	0.3334113432144478	1	0	-1	1	0.3334113432144479	-0.8219866845263055
0	0	0.7813079634082678	2.218692036591732	0	0.260435987802756	0	0	0	0	0	0
0	0	0.9155330574517859	2.084466942548214	0	0.305177685817262	0	0	0	0	0	0
0	0	0	3	0	0	0	0	0	0	0	0
0	0	0	1.296307382686354	0	0	0	0	0	0	0	0
1	0	1	2	1	0.3333333333333333	1	0	-1	1	0.3333333333333333	-0.8219866845263055
0	0	0.7813079634082678	2.084466942548214	0	0.2726341003909022	0	0	0	0	0	0
1	0	0.8061218786359606	1.412570157955771	1	0.3633320286641916	1.240507206791237	0	-1.240507206791237	1	0.3633320286641916	-1.019680406041317
3	0	0.8302545838113975	2.058365955141665	1	0.2874225162548734	3.613349517720322	0	-3.613349517720322	0.9999999999999999	0.02374446350532833	-2.970125190105653
0	0	1	2	0	0.3333333333333333	0	0	0	0	0	0
0	0	0.7813079634082678	2.218692036591732	0	0.260435987802756	0	0	0	0	0	0
0	0	0.9155330574517859	2.084466942548214	0	0.305177685817262	0	0	0	0	0	0
1	0	0.9337519778186122	2.064519710631247	1	0.3114300753382935	1.070948200116431	0	-1.070948200116431	1	0.3114300753382935	-0.8803051603131191
0	0	0.7813079634082678	2.084466942548214	0	0.2726341003909022	0	0	0	0	0	0
0	1	0.7813079634082678	2.218692036591732	0	0.260435987802756	0	0.4507160000160098	0.4507160000160098	0.739564012197244	0.260435987802756	0.3704825505161182
1	0	0.915533057451786	2.084466942548215	1	0.305177685817262	1.092259849997456	0	-1.092259849997456	1	0.3051776858172619	-0.8978230527406086
0	0	0.7813079634082678	2.084466942548214	0	0.2726341003909022	0	0	0	0	0	0
0	0	0.9155330574517859	2.084466942548214	0	0.305177685817262	0	0	0	0	0	0