Observed S Changes	Observed NS Changes	E[S Sites]	E[NS Sites]	Observed S. Prop.	P{S}	dS	dN	dN-dS	P{S leq. observed}	P{S geq. observed}	Scaled dN-dS
0	0	0	3	0	0	0	0	0	0	0	0
0	1	0.8705664115303274	2.031702236627825	0	0.2999606573577567	0	0.4921981095319254	0.4921981095319254	0.7000393426422433	0.2999606573577567	0.8417375051842915
4	0	1	2	1	0.3333333333333333	4	0	-4	1	0.01234567901234551	-6.840639887745802
0	1	0.9254622768886002	2.0745377231114	0	0.3084874256295334	0	0.4820351005718016	0.4820351005718016	0.6915125743704666	0.3084874256295334	0.8243571340662563
0	0	0.9251030738641726	2.074896926135827	0	0.3083676912880575	0	0	0	0	0	0
0	0	1	2	0	0.3333333333333333	0	0	0	0	0	0
0	0	1.6767114596035	1.204442999935154	0	0.5819581987534206	0	0	0	0	0	0
0	0	0.8062575334028271	2.193742466597173	0	0.2687525111342757	0	0	0	0	0	0
0	0	0.8062575334028271	2	0	0.2873070357249682	0	0	0	0	0	0
0	0	0.9251030738641726	2.074896926135827	0	0.3083676912880575	0	0	0	0	0	0
0	0	1.806257533402827	1.193742466597173	0	0.602085844467609	0	0	0	0	0	0
0	0	0.8062575334028271	2.074896926135827	0	0.279838358104525	0	0	0	0	0	0
2	0	1.806257533402827	1.193742466597173	1	0.602085844467609	1.107261817882735	0	-1.107261817882735	1	0.3625073641082739	-1.893594839396642
0	0	1	2	0	0.3333333333333333	0	0	0	0	0	0
1	1	0.8081158512367185	2.191884148763282	0.5	0.2693719504122395	1.237446337019163	0.4562284920780262	-0.7812178449411367	0.9274387523311061	0.4661826531555849	-1.336007487780789
0	1	1	2	0	0.3333333333333333	0	0.5	0.5	0.6666666666666667	0.3333333333333333	0.8550799859682252
0	0	0.8289623965701893	1.364780070026983	0	0.3778758943642258	0	0	0	0	0	0
0	1	0.8289623965701892	2.074375594942028	0	0.2855204592071694	0	0.4820727752670781	0.4820727752670781	0.7144795407928306	0.2855204592071694	0.8244215638220732
1	4	0.9891689489244261	2.010831051075573	0.2	0.3297229829748088	1.010949647264354	1.98922728881695	0.9782776415525962	0.4680560060485371	0.8647081482240584	1.673011264023645
1	0	1	2	1	0.3333333333333333	1	0	-1	1	0.3333333333333333	-1.71015997193645
1	1	0.9998434663157219	1.935641382940268	0.5	0.3406059024863086	1.000156558190909	0.5166246231422194	-0.4835319350486893	0.8839876191914873	0.5651994241641045	-0.8269169604732441
0	1	0.8072847112658621	2.192715288734138	0	0.2690949037552874	0	0.4560555604906205	0.4560555604906205	0.7309050962447126	0.2690949037552874	0.7799279645301017
0	0	0.8062575334028271	2.193742466597173	0	0.2687525111342757	0	0	0	0	0	0
1	1	0.8062575334028272	2.193742466597173	0.5	0.2687525111342757	1.240298488473625	0.455842021215531	-0.7844564672580943	0.9277720877590212	0.4652771100275723	-1.34154605003147
0	0	0.8062575334028271	2.193742466597173	0	0.2687525111342757	0	0	0	0	0	0
0	1	0.9984012485463221	2.001598751453678	0	0.3328004161821074	0	0.4996006313821597	0.4996006313821597	0.6671995838178926	0.3328004161821074	0.8543970017439471
0	0	1	2	0	0.3333333333333333	0	0	0	0	0	0
1	0	0.9999999999999999	2	1	0.3333333333333334	1	0	-1	1	0.3333333333333334	-1.710159971936451
0	0	1.806257533402827	1.193742466597173	0	0.602085844467609	0	0	0	0	0	0
0	0	0.8062575334028271	2.074896926135827	0	0.279838358104525	0	0	0	0	0	0
0	0	1	2	0	0.3333333333333333	0	0	0	0	0	0
0	0	1	2	0	0.3333333333333333	0	0	0	0	0	0
0	0	0.8062575334028271	2.193742466597173	0	0.2687525111342757	0	0	0	0	0	0
0	0	0.8062575334028271	2.193742466597173	0	0.2687525111342757	0	0	0	0	0	0
0	0	1	2	0	0.3333333333333333	0	0	0	0	0	0
1	0	0.9999999999999999	2	1	0.3333333333333334	1	0	-1	1	0.3333333333333334	-1.710159971936451
0	0	1	2	0	0.3333333333333333	0	0	0	0	0	0
0	0	0.8062575334028271	2.193742466597173	0	0.2687525111342757	0	0	0	0	0	0
0	0	1	1.935226963100336	0	0.3406891571150427	0	0	0	0	0	0
0	0	1	2	0	0.3333333333333333	0	0	0	0	0	0
0	0	0.1710376034298106	2.828962396570189	0	0.05701253447660354	0	0	0	0	0	0
0	0	1	2	0	0.3333333333333333	0	0	0	0	0	0
0	0	0.8289623965701893	2.073155747036652	0	0.285640472079448	0	0	0	0	0	0
0	0	1	2	0	0.3333333333333333	0	0	0	0	0	0
1	0	0.9251030738641726	2.074896926135827	1	0.3083676912880575	1.080960628336237	0	-1.080960628336237	1	0.3083676912880575	-1.848615597819907
1	0	1	2	1	0.3333333333333333	1	0	-1	1	0.3333333333333333	-1.71015997193645
0	0	0.8062575334028271	2.193742466597173	0	0.2687525111342757	0	0	0	0	0	0
0	1	0.8065499190068592	2.192615955573432	0	0.2689247453243077	0	0.4560762214003279	0.4560762214003279	0.7310752546756923	0.2689247453243077	0.7799632979908672
0	2	0.9301766265765894	1.263565840020584	0	0.4240135935461168	0	1.58282215034194	1.58282215034194	0.3317603404196578	0.6682396595803421	2.706879084209165
0	0	0.9251030738641726	2.074896926135827	0	0.3083676912880575	0	0	0	0	0	0
1	0	0.8290951335344834	2.106131829565853	1	0.2824637222120469	1.206134205295524	0	-1.206134205295524	1	0.2824637222120469	-2.062682438679786
0	0	1	2	0	0.3333333333333333	0	0	0	0	0	0
0	0	1	2	0	0.3333333333333333	0	0	0	0	0	0
1	0	0.8062575334028272	2.193742466597173	1	0.2687525111342757	1.240298488473625	0	-1.240298488473625	1	0.2687525111342757	-2.121108828240877
1	0	1	2	1	0.3333333333333333	1	0	-1	1	0.3333333333333333	-1.71015997193645
0	0	1	2	0	0.3333333333333333	0	0	0	0	0	0
0	0	0.8704539262006729	2.064773036899664	0	0.2965542144247867	0	0	0	0	0	0
0	0	1.806257533402827	1.193742466597173	0	0.602085844467609	0	0	0	0	0	0
0	0	1	2	0	0.3333333333333333	0	0	0	0	0	0
1	0	0.8703875306408075	1.323354935956365	1	0.3967592112081008	1.148913518170197	0	-1.148913518170197	1	0.3967592112081008	-1.964825909991352
0	1	0.8062575334028274	2.193742466597173	0	0.2687525111342757	0	0.455842021215531	0.455842021215531	0.7312474888657243	0.2687525111342757	0.7795627782094074
1	0	1	2	1	0.3333333333333333	1	0	-1	1	0.3333333333333333	-1.71015997193645
0	0	1	1.806257533402827	0	0.3563464821375159	0	0	0	0	0	0
0	2	0.6915440407499998	2.308455959250001	0	0.2305146802499999	0	0.866379967954764	0.866379967954764	0.59210765731076	0.40789234268924	1.481648341683822
1	0	1	2	1	0.3333333333333333	1	0	-1	1	0.3333333333333333	-1.71015997193645
0	1	0.8405434048882249	2.094683558212112	0	0.2863640241299773	0	0.4773990782901529	0.4773990782901529	0.7136359758700227	0.2863640241299773	0.8164287943311752
0	0	0.1710376034298106	2.828962396570189	0	0.05701253447660354	0	0	0	0	0	0
0	0	0.8062575334028271	2.074896926135827	0	0.279838358104525	0	0	0	0	0	0
0	3	0.8062575334028271	2.193742466597173	0	0.2687525111342757	0	1.367526063646593	1.367526063646593	0.3910147705313607	0.6089852294686393	2.338688334628223
0	0	0.8062575334028271	2.193742466597173	0	0.2687525111342757	0	0	0	0	0	0
0	0	1	2	0	0.3333333333333333	0	0	0	0	0	0
1	0	0.8062575334028271	2.193742466597173	1	0.2687525111342757	1.240298488473625	0	-1.240298488473625	1	0.2687525111342757	-2.121108828240877
0	1	0.8700430858916982	1.328859220374028	0	0.3956715509427265	0	0.7525251619344103	0.7525251619344103	0.6043284490572736	0.3956715509427264	1.286938409815224
1	0	0.9251030738641726	2.074896926135827	1	0.3083676912880575	1.080960628336237	0	-1.080960628336237	1	0.3083676912880575	-1.848615597819907
0	0	1	2	0	0.3333333333333333	0	0	0	0	0	0
0	0	0.8062575334028271	2.193742466597173	0	0.2687525111342757	0	0	0	0	0	0
0	0	1	1.935226963100336	0	0.3406891571150427	0	0	0	0	0	0
0	1	0.8289623965701893	2.105044072297942	0	0.2825359812141052	0	0.4750494363324014	0.4750494363324014	0.7174640187858948	0.2825359812141052	0.8124105307066462
2	0	0.8062575334028271	2.193742466597173	1	0.2687525111342757	2.480596976947251	0	-2.480596976947251	1	0.0722279122409788	-4.242217656481754
1	0	0.8062575334028272	2.074896926135827	1	0.279838358104525	1.240298488473625	0	-1.240298488473625	1	0.279838358104525	-2.121108828240877
0	0	1	2	0	0.3333333333333333	0	0	0	0	0	0
1	0	1.806257533402827	1.193742466597173	1	0.602085844467609	0.5536309089413676	0	-0.5536309089413676	1	0.602085844467609	-0.9467974196983208
0	0	0.1710376034298106	2.828962396570189	0	0.05701253447660354	0	0	0	0	0	0
0	0	0.8062575334028271	2.193742466597173	0	0.2687525111342757	0	0	0	0	0	0
0	0	1	2	0	0.3333333333333333	0	0	0	0	0	0
0	0	1.806257533402827	1.193742466597173	0	0.602085844467609	0	0	0	0	0	0
0	0	1.6767114596035	1.204442999935154	0	0.5819581987534206	0	0	0	0	0	0
0	0	1	1.935226963100336	0	0.3406891571150427	0	0	0	0	0	0
0	0	0.8062575334028271	2.193742466597173	0	0.2687525111342757	0	0	0	0	0	0
0	0	1	2	0	0.3333333333333333	0	0	0	0	0	0
1	0	0.8701217301633427	1.32362073643383	1	0.3966380481812131	1.149264482582542	0	-1.149264482582542	1	0.3966380481812131	-1.965426115280919
0	0	0.8062575334028271	2.074896926135827	0	0.279838358104525	0	0	0	0	0	0
0	0	0.8062575334028271	2.193742466597173	0	0.2687525111342757	0	0	0	0	0	0
0	0	1	2	0	0.3333333333333333	0	0	0	0	0	0
1	0	0.8062575334028274	2.193742466597173	1	0.2687525111342757	1.240298488473625	0	-1.240298488473625	1	0.2687525111342757	-2.121108828240876
0	0	0.8289623965701893	1.364780070026983	0	0.3778758943642258	0	0	0	0	0	0
1	0	0.806257533402827	2.193742466597173	1	0.2687525111342757	1.240298488473625	0	-1.240298488473625	1	0.2687525111342757	-2.121108828240877
0	0	0.8704539262006729	2.031664217406168	0	0.2999374536554346	0	0	0	0	0	0
2	1	0.8308277813966579	2.073182964798771	0.6666666666666666	0.2860966621714927	2.407237751051021	0.4823500949888727	-1.924887656062148	0.976582616245371	0.1987191328077493	-3.291865819872063
0	0	0	1.259092147598654	0	0	0	0	0	0	0	0
0	0	0.8062575334028271	2.193742466597173	0	0.2687525111342757	0	0	0	0	0	0
0	0	1	2	0	0.3333333333333333	0	0	0	0	0	0
0	0	0.8062575334028271	2.193742466597173	0	0.2687525111342757	0	0	0	0	0	0
0	0	1	2	0	0.3333333333333333	0	0	0	0	0	0
0	0	0.8289623965701893	2.106264566530147	0	0.2824185001675635	0	0	0	0	0	0
1	0	1.0917875091816	1.285518778772751	1	0.4592540366858124	0.9159291451773396	0	-0.9159291451773396	1	0.4592540366858124	-1.566385361212256
0	0	0.8062575334028271	2.193742466597173	0	0.2687525111342757	0	0	0	0	0	0
0	1	0.8301333842474742	2.071984759359367	0	0.2860439662238419	0	0.4826290326137284	0.4826290326137284	0.7139560337761581	0.2860439662238419	0.82537285287041
0	0	1	2	0	0.3333333333333333	0	0	0	0	0	0
0	2	0.806257533402827	2.033192695128834	0	0.2839484648476335	0	0.9836745945387481	0.9836745945387481	0.5127298009940608	0.4872701990059392	1.682240916990985
0	0	0.8062575334028271	2.193742466597173	0	0.2687525111342757	0	0	0	0	0	0
0	1	0.8062575334028271	2.193742466597173	0	0.2687525111342757	0	0.4558420212155311	0.4558420212155311	0.7312474888657243	0.2687525111342757	0.7795627782094076
0	0	0.8062575334028271	2.074896926135827	0	0.279838358104525	0	0	0	0	0	0
0	0	0.8062575334028271	2	0	0.2873070357249682	0	0	0	0	0	0
1	0	1	2	1	0.3333333333333333	1	0	-1	1	0.3333333333333333	-1.71015997193645
0	0	0.8062575334028271	2	0	0.2873070357249682	0	0	0	0	0	0
0	0	0.8062575334028271	2.193742466597173	0	0.2687525111342757	0	0	0	0	0	0
0	0	1	2	0	0.3333333333333333	0	0	0	0	0	0
0	0	1	2	0	0.3333333333333333	0	0	0	0	0	0
0	0	0.8062575334028271	2.193742466597173	0	0.2687525111342757	0	0	0	0	0	0
0	0	0.8062575334028271	2	0	0.2873070357249682	0	0	0	0	0	0
0	0	1	2	0	0.3333333333333333	0	0	0	0	0	0
1	0	1	2	1	0.3333333333333333	1	0	-1	1	0.3333333333333333	-1.71015997193645
1	0	1	2	1	0.3333333333333333	1	0	-1	1	0.3333333333333333	-1.71015997193645
0	0	0.9436096732373247	2.056390326762675	0	0.3145365577457749	0	0	0	0	0	0
0	0	1	1.806257533402827	0	0.3563464821375159	0	0	0	0	0	0
1	0	1.805434980472107	1.193633274516803	1	0.6019986298973989	0.5538831421879882	0	-0.5538831421879882	1	0.6019986298973989	-0.9472287789002829
0	1	0.9998804647179956	2.000119535282004	0	0.3332934882393319	0	0.4999701179654776	0.4999701179654776	0.6667065117606681	0.3332934882393319	0.8550288829089051
0	0	1	2	0	0.3333333333333333	0	0	0	0	0	0
0	0	1	1.806257533402827	0	0.3563464821375159	0	0	0	0	0	0
2	0	1	2	1	0.3333333333333333	2	0	-2	1	0.1111111111111109	-3.420319943872901
0	0	1	2	0	0.3333333333333333	0	0	0	0	0	0
0	0	1	2	0	0.3333333333333333	0	0	0	0	0	0
2	0	1.804181695533462	1.193913931248119	1	0.6017759004806092	1.108535800441451	0	-1.108535800441451	1	0.3621342343992481	-1.895773553373502
1	0	0.8697890686257667	2.06543789447457	1	0.2963277046579904	1.149704032932906	0	-1.149704032932906	1	0.2963277046579904	-1.966177816695762
0	0	0.8062575334028271	2.193742466597173	0	0.2687525111342757	0	0	0	0	0	0
0	0	0.8062575334028271	2.193742466597173	0	0.2687525111342757	0	0	0	0	0	0
0	1	0.8062575334028271	2.193742466597173	0	0.2687525111342757	0	0.4558420212155311	0.4558420212155311	0.7312474888657243	0.2687525111342757	0.7795627782094076
0	0	0.8289623965701893	2.106264566530147	0	0.2824185001675635	0	0	0	0	0	0
0	0	0.8062575334028271	2.193742466597173	0	0.2687525111342757	0	0	0	0	0	0
0	0	0.8062575334028271	2.193742466597173	0	0.2687525111342757	0	0	0	0	0	0
0	0	0.8062575334028271	2.193742466597173	0	0.2687525111342757	0	0	0	0	0	0
0	0	0	1.259092147598654	0	0	0	0	0	0	0	0
1	3	0.9984492583647833	2.001550741635217	0.25	0.3328164194549277	1.001553150169851	1.498837844874757	0.4972846947049061	0.5935115500459555	0.8018557842301559	0.8504363795409686
0	0	1	1.935226963100336	0	0.3406891571150427	0	0	0	0	0	0
0	0	1	2	0	0.3333333333333333	0	0	0	0	0	0
0	0	1	2	0	0.3333333333333333	0	0	0	0	0	0
0	0	0.8289623965701893	1.364780070026983	0	0.3778758943642258	0	0	0	0	0	0
1	1	0.806257533402827	2.193742466597173	0.5	0.2687525111342757	1.240298488473625	0.4558420212155311	-0.7844564672580943	0.9277720877590211	0.4652771100275723	-1.34154605003147
0	0	1	1.935226963100336	0	0.3406891571150427	0	0	0	0	0	0
0	0	1	2	0	0.3333333333333333	0	0	0	0	0	0
1	0	0.8062575334028274	2.193742466597173	1	0.2687525111342757	1.240298488473625	0	-1.240298488473625	1	0.2687525111342757	-2.121108828240876
0	0	1	2	0	0.3333333333333333	0	0	0	0	0	0
0	1	1	2	0	0.3333333333333333	0	0.5	0.5	0.6666666666666667	0.3333333333333333	0.8550799859682252
0	0	0.8062575334028271	2.074896926135827	0	0.279838358104525	0	0	0	0	0	0
0	1	0.2155858919301654	2.777786497706134	0	0.07202107318039355	0	0.3599988699008326	0.3599988699008326	0.9279789268196065	0.07202107318039352	0.6156556572467619
0	0	0.9436096732373247	2.056390326762675	0	0.3145365577457749	0	0	0	0	0	0
0	6	0.9267652157421962	1.983689870914589	0	0.3184262213806444	0	3.02466634929868	3.02466634929868	0.1002483524589777	0.8997516475410223	5.172663319033757
0	0	1	2	0	0.3333333333333333	0	0	0	0	0	0
0	4	0.80709450539285	2.189297264443919	0	0.2693554673048703	0	1.827070295552578	1.827070295552578	0.2849866757554235	0.7150133242445764	3.124582485368119
1	2	0.806257533402827	2.193742466597173	0.3333333333333333	0.2687525111342757	1.240298488473625	0.9116840424310623	-0.3286144460425632	0.8221391288545614	0.6089852294686393	-0.5619832718220621
0	0	0.8062575334028271	2.193742466597173	0	0.2687525111342757	0	0	0	0	0	0
0	0	0.8062575334028271	2.193742466597173	0	0.2687525111342757	0	0	0	0	0	0
0	0	0.8062575334028271	2.193742466597173	0	0.2687525111342757	0	0	0	0	0	0
0	0	0.8062575334028271	2.193742466597173	0	0.2687525111342757	0	0	0	0	0	0
0	0	0.9021181436068412	2	0	0.310848180179757	0	0	0	0	0	0
2	0	1.663068797503237	1.192356063623602	1	0.5824242900396048	1.202596069989767	0	-1.202596069989767	1	0.3392180536281377	-2.056631661304585
0	0	0.8062575334028271	2.193742466597173	0	0.2687525111342757	0	0	0	0	0	0
0	0	0	1.259092147598654	0	0	0	0	0	0	0	0
1	0	1.676312656676041	1.204121918258052	1	0.5819651906915456	0.596547425694977	0	-0.596547425694977	1	0.5819651906915456	-1.020191528785284
0	0	1	2	0	0.3333333333333333	0	0	0	0	0	0
3	0	0.806257533402827	2.193742466597173	1	0.2687525111342757	3.720895465420877	0	-3.720895465420877	1	0.01941143278874924	-6.363326484722633
0	4	1.596533985103545	1.209723548299282	0	0.5689192692046374	0	3.306540577492678	3.306540577492678	0.03453301058181809	0.9654669894181819	5.654713341211613
0	2	0.8110265594029566	2.16841391928925	0	0.2722076729517175	0	0.9223331312388682	0.9223331312388682	0.5296816713103542	0.4703183286896458	1.577337201835521
0	2	0.811842779530691	2.178856084429927	0	0.2714558758535648	0	0.9179128508266197	0.9179128508266197	0.5307765408282964	0.4692234591717036	1.569777815209759
1	1	0.840038570318932	2.068190368937981	0.5	0.2888488450753028	1.190421529835632	0.4835144844589436	-0.7069070453766881	0.9165663446986636	0.4942640348492694	-1.208924132883076
0	0	0.8062575334028271	2	0	0.2873070357249682	0	0	0	0	0	0
0	0	1	2	0	0.3333333333333333	0	0	0	0	0	0
0	0	1	2	0	0.3333333333333333	0	0	0	0	0	0
3	0	1.673915284618823	1.202191761311432	1	0.5820072959340802	1.792205392689958	0	-1.792205392689958	1	0.1971447820168672	-3.064957924067014
0	0	0.8062575334028271	2.193742466597173	0	0.2687525111342757	0	0	0	0	0	0
1	0	1	2	1	0.3333333333333333	1	0	-1	1	0.3333333333333333	-1.71015997193645
0	0	1	2	0	0.3333333333333333	0	0	0	0	0	0
0	0	0	3	0	0	0	0	0	0	0	0
0	0	1	2	0	0.3333333333333333	0	0	0	0	0	0
0	0	0.8062575334028271	2.193742466597173	0	0.2687525111342757	0	0	0	0	0	0
0	0	0.8062575334028271	2.193742466597173	0	0.2687525111342757	0	0	0	0	0	0
1	0	0.8291614940686776	2.106065469031659	1	0.2824863305265072	1.206037674389607	0	-1.206037674389607	1	0.2824863305265072	-2.062517355388433
0	4	0.8285233848433222	1.479011919108009	0	0.3590512281327145	0	2.704508292544658	2.704508292544658	0.1687692338497144	0.8312307661502856	4.62514182568007
0	0	0.8062575334028271	2.193742466597173	0	0.2687525111342757	0	0	0	0	0	0
0	0	0.8062575334028271	2.193742466597173	0	0.2687525111342757	0	0	0	0	0	0
0	0	0.8289623965701893	2.073155747036652	0	0.285640472079448	0	0	0	0	0	0
1	0	1.67858096058432	1.20428857875523	1	0.5822604657194699	0.5957412978471388	0	-0.5957412978471388	1	0.5822604657194699	-1.018812921207648
1	0	0.8062575334028271	2	1	0.2873070357249682	1.240298488473625	0	-1.240298488473625	1	0.2873070357249682	-2.121108828240877
0	0	0.9251030738641726	2.074896926135827	0	0.3083676912880575	0	0	0	0	0	0
0	0	0	1.259092147598654	0	0	0	0	0	0	0	0
2	0	1	1.998856962448653	1	0.3334603859143289	2	0	-2	1	0.1111958289741332	-3.420319943872901
0	0	1	2	0	0.3333333333333333	0	0	0	0	0	0
0	0	0.8062575334028271	2.193742466597173	0	0.2687525111342757	0	0	0	0	0	0
0	0	0.8062575334028271	2.193742466597173	0	0.2687525111342757	0	0	0	0	0	0
2	0	1	2	1	0.3333333333333333	2	0	-2	1	0.1111111111111109	-3.420319943872901
0	0	1	2	0	0.3333333333333333	0	0	0	0	0	0
1	0	1	2	1	0.3333333333333333	1	0	-1	1	0.3333333333333333	-1.71015997193645
0	0	0.8062575334028271	2.193742466597173	0	0.2687525111342757	0	0	0	0	0	0
0	2	0.8554403358531484	2.067237329061486	0	0.2926906193325065	0	0.9674747896062754	0.9674747896062754	0.5002865599802332	0.4997134400197668	1.654536659042291
0	0	0.8062575334028271	2.193742466597173	0	0.2687525111342757	0	0	0	0	0	0
0	0	0.8289623965701893	1.364780070026983	0	0.3778758943642258	0	0	0	0	0	0
0	1	0.9253425414184658	2.074657458581534	0	0.3084475138061553	0	0.4820072807024784	0.4820072807024784	0.6915524861938447	0.3084475138061553	0.8243095576393152
0	0	0.8062575334028271	2.193742466597173	0	0.2687525111342757	0	0	0	0	0	0
0	0	1.806257533402827	1.193742466597173	0	0.602085844467609	0	0	0	0	0	0
0	0	0.8062575334028271	2	0	0.2873070357249682	0	0	0	0	0	0
1	0	1	2	1	0.3333333333333333	1	0	-1	1	0.3333333333333333	-1.71015997193645
0	0	0.8289623965701893	1.364780070026983	0	0.3778758943642258	0	0	0	0	0	0
0	3	1	1.917761004662887	0	0.3427285505570524	0	1.564324226379478	1.564324226379478	0.2839450508945393	0.7160549491054606	2.675244675084637
0	1	0.9999999999999999	1.826727729602041	0	0.353765942693315	0	0.5474269557499156	0.5474269557499156	0.6462340573066849	0.3537659426933151	0.9361876672825322
0	0	1	1.935226963100336	0	0.3406891571150427	0	0	0	0	0	0
0	0	0.9021181436068412	2	0	0.310848180179757	0	0	0	0	0	0
0	0	0.9251030738641726	2.074896926135827	0	0.3083676912880575	0	0	0	0	0	0
1	0	1	2	1	0.3333333333333333	1	0	-1	1	0.3333333333333333	-1.71015997193645
1	0	0.9999999999999998	2	1	0.3333333333333334	1	0	-1	1	0.3333333333333334	-1.710159971936451
1	0	1	2	1	0.3333333333333333	1	0	-1	1	0.3333333333333333	-1.71015997193645
0	0	1	2	0	0.3333333333333333	0	0	0	0	0	0
0	0	0.8289623965701893	2.073155747036652	0	0.285640472079448	0	0	0	0	0	0
0	0	0.9021181436068412	2	0	0.310848180179757	0	0	0	0	0	0
0	0	0.8062575334028271	2.193742466597173	0	0.2687525111342757	0	0	0	0	0	0
0	0	0.8289623965701893	1.364780070026983	0	0.3778758943642258	0	0	0	0	0	0
0	0	0.8289623965701893	1.364780070026983	0	0.3778758943642258	0	0	0	0	0	0
0	2	1	2	0	0.3333333333333333	0	1	1	0.4444444444444445	0.5555555555555555	1.71015997193645
1	1	1	2	0.5	0.3333333333333333	1	0.5	-0.5	0.8888888888888891	0.5555555555555555	-0.8550799859682252
1	0	0.9251030738641725	2.074896926135827	1	0.3083676912880575	1.080960628336237	0	-1.080960628336237	1	0.3083676912880575	-1.848615597819907
1	0	1	2	1	0.3333333333333333	1	0	-1	1	0.3333333333333333	-1.71015997193645
0	0	0.8062575334028271	2.193742466597173	0	0.2687525111342757	0	0	0	0	0	0
0	0	0.9251030738641726	2.074896926135827	0	0.3083676912880575	0	0	0	0	0	0
0	0	1	1.935226963100336	0	0.3406891571150427	0	0	0	0	0	0
1	0	1	2	1	0.3333333333333333	1	0	-1	1	0.3333333333333333	-1.71015997193645
0	0	0.9021181436068412	2	0	0.310848180179757	0	0	0	0	0	0
0	1	1	2	0	0.3333333333333333	0	0.5	0.5	0.6666666666666667	0.3333333333333333	0.8550799859682252
1	0	0.9025843484150115	2.000633609840495	1	0.3108910048756239	1.107929692948981	0	-1.107929692948981	1	0.3108910048756239	-1.89473701260119
0	1	0.5845896361702306	2.415410363829769	0	0.1948632120567435	0	0.4140083254484524	0.4140083254484524	0.8051367879432565	0.1948632120567435	0.7080204662303822
0	0	0.9436096732373247	2.056390326762675	0	0.3145365577457749	0	0	0	0	0	0
1	4	0.8062575334028271	2.193742466597173	0.2	0.2687525111342757	1.240298488473625	1.823368084862124	0.5830695963884986	0.5933046528205855	0.7909154518795651	0.9971422845967524
1	0	0.9190568658767968	2.080943134123203	1	0.3063522886255989	1.088071954117858	0	-1.088071954117858	1	0.3063522886255989	-1.860777102519034
1	0	0.9999999999999999	2	1	0.3333333333333334	1	0	-1	1	0.3333333333333334	-1.710159971936451
0	0	0.8062575334028271	2.193742466597173	0	0.2687525111342757	0	0	0	0	0	0
1	0	0.9023841872159625	2.000361574668013	1	0.3108726224201896	1.108175446962565	0	-1.108175446962565	1	0.3108726224201896	-1.895157291278163
0	1	0.3237346038212448	2.676265396178755	0	0.1079115346070816	0	0.3736550199497506	0.3736550199497506	0.8920884653929184	0.1079115346070816	0.6390098584311794
0	0	0.8062575334028271	2.193742466597173	0	0.2687525111342757	0	0	0	0	0	0
0	0	0.9251030738641726	2.074896926135827	0	0.3083676912880575	0	0	0	0	0	0
0	0	0.8062575334028271	2	0	0.2873070357249682	0	0	0	0	0	0
0	0	0	1.259092147598654	0	0	0	0	0	0	0	0
0	0	1	2	0	0.3333333333333333	0	0	0	0	0	0
0	0	0.1710376034298106	2.828962396570189	0	0.05701253447660354	0	0	0	0	0	0
0	0	1	2	0	0.3333333333333333	0	0	0	0	0	0
0	0	0.8289623965701893	2.073155747036652	0	0.285640472079448	0	0	0	0	0	0
1	0	1	2	1	0.3333333333333333	1	0	-1	1	0.3333333333333333	-1.71015997193645
0	0	1	1.935226963100336	0	0.3406891571150427	0	0	0	0	0	0
0	0	0.8062575334028271	2.193742466597173	0	0.2687525111342757	0	0	0	0	0	0
0	1	0.1693936462761245	2.830606353723875	0	0.05646454875870819	0	0.353281196689333	0.353281196689333	0.9435354512412918	0.05646454875870821	0.6041673614159053
0	0	1	2	0	0.3333333333333333	0	0	0	0	0	0
1	0	1.676645926937632	1.204390238691911	1	0.5819593474527814	0.5964288487710012	0	-0.5964288487710012	1	0.5819593474527814	-1.019988743276305
1	0	0.9251030738641725	2.074896926135827	1	0.3083676912880575	1.080960628336237	0	-1.080960628336237	1	0.3083676912880575	-1.848615597819907
0	0	0.8062575334028271	2.193742466597173	0	0.2687525111342757	0	0	0	0	0	0
0	0	0.8062575334028271	2.193742466597173	0	0.2687525111342757	0	0	0	0	0	0
0	0	1	2	0	0.3333333333333333	0	0	0	0	0	0
0	0	1	2	0	0.3333333333333333	0	0	0	0	0	0
0	0	0.8062575334028271	2.193742466597173	0	0.2687525111342757	0	0	0	0	0	0
0	0	1.806257533402827	1.193742466597173	0	0.602085844467609	0	0	0	0	0	0
0	0	0.9251030738641726	2.074896926135827	0	0.3083676912880575	0	0	0	0	0	0
0	0	1	2	0	0.3333333333333333	0	0	0	0	0	0
0	0	1	2	0	0.3333333333333333	0	0	0	0	0	0
0	0	0.9436096732373247	2.056390326762675	0	0.3145365577457749	0	0	0	0	0	0
1	0	1	2	1	0.3333333333333333	1	0	-1	1	0.3333333333333333	-1.71015997193645
0	0	0.8062575334028271	2	0	0.2873070357249682	0	0	0	0	0	0
1	0	0.8062575334028271	2.193742466597173	1	0.2687525111342757	1.240298488473625	0	-1.240298488473625	1	0.2687525111342757	-2.121108828240877
0	0	0.8289623965701893	2.073155747036652	0	0.285640472079448	0	0	0	0	0	0
0	0	0.1710376034298106	2.828962396570189	0	0.05701253447660354	0	0	0	0	0	0
0	0	1.118845540461346	1.074896926135827	0	0.510016812591883	0	0	0	0	0	0
0	1	0.8062575334028271	2.193742466597173	0	0.2687525111342757	0	0.4558420212155311	0.4558420212155311	0.7312474888657243	0.2687525111342757	0.7795627782094076
0	0	1	2	0	0.3333333333333333	0	0	0	0	0	0
0	0	0.8289623965701893	2.073155747036652	0	0.285640472079448	0	0	0	0	0	0
0	0	0.8062575334028271	2.193742466597173	0	0.2687525111342757	0	0	0	0	0	0
0	0	1	1.806257533402827	0	0.3563464821375159	0	0	0	0	0	0
0	0	0.1710376034298106	2.828962396570189	0	0.05701253447660354	0	0	0	0	0	0
0	0	0	3	0	0	0	0	0	0	0	0
0	0	0.9021181436068412	2	0	0.310848180179757	0	0	0	0	0	0
0	0	1	1.806257533402827	0	0.3563464821375159	0	0	0	0	0	0
0	0	0.8062575334028271	2.193742466597173	0	0.2687525111342757	0	0	0	0	0	0
0	0	1	2	0	0.3333333333333333	0	0	0	0	0	0
1	0	1	2	1	0.3333333333333333	1	0	-1	1	0.3333333333333333	-1.71015997193645
0	0	0.9251030738641726	2.074896926135827	0	0.3083676912880575	0	0	0	0	0	0
1	0	1	1.997011032558055	1	0.3336657720430428	1	0	-1	1	0.3336657720430427	-1.71015997193645
1	0	0.8292285604092502	2.072889583197592	1	0.2857321857264775	1.205940132484666	0	-1.205940132484666	1	0.2857321857264775	-2.062350543127016
1	0	0.806257533402827	2.074896926135827	1	0.279838358104525	1.240298488473625	0	-1.240298488473625	1	0.279838358104525	-2.121108828240877
1	1	0.8290891111063772	2.13579543856198	0.5	0.2796362209783569	1.206142966544997	0.4682096337247048	-0.7379333328202917	0.9218035839169435	0.4810760258736574	-1.261984047746922
0	0	1	2	0	0.3333333333333333	0	0	0	0	0	0
0	1	0.8604679619684871	2.08669036072276	0	0.2919652993676757	0	0.4792277852156432	0.4792277852156432	0.7080347006323242	0.2919652993676758	0.8195561757155517
1	0	0.8062575334028271	2.074896926135827	1	0.279838358104525	1.240298488473625	0	-1.240298488473625	1	0.279838358104525	-2.121108828240877
0	0	0.9251030738641726	2.074896926135827	0	0.3083676912880575	0	0	0	0	0	0
0	0	1	2	0	0.3333333333333333	0	0	0	0	0	0
0	0	1	2	0	0.3333333333333333	0	0	0	0	0	0
1	0	0.8062575334028271	2.193742466597173	1	0.2687525111342757	1.240298488473625	0	-1.240298488473625	1	0.2687525111342757	-2.121108828240877
0	0	1	1.935226963100336	0	0.3406891571150427	0	0	0	0	0	0
0	0	0.8062575334028271	2.193742466597173	0	0.2687525111342757	0	0	0	0	0	0
0	0	0.9251030738641726	2.074896926135827	0	0.3083676912880575	0	0	0	0	0	0
1	0	1	2	1	0.3333333333333333	1	0	-1	1	0.3333333333333333	-1.71015997193645
0	0	0.8062575334028271	2.193742466597173	0	0.2687525111342757	0	0	0	0	0	0
0	0	0.8062575334028271	2.193742466597173	0	0.2687525111342757	0	0	0	0	0	0
1	0	0.8290287036124814	2.07308943999436	1	0.2856633198888793	1.206230852614045	0	-1.206230852614045	1	0.2856633198888793	-2.062847721055316
0	0	1	2	0	0.3333333333333333	0	0	0	0	0	0
1	0	0.8062575334028272	2.193742466597173	1	0.2687525111342757	1.240298488473625	0	-1.240298488473625	1	0.2687525111342757	-2.121108828240877
0	0	0.8289623965701893	1.364780070026983	0	0.3778758943642258	0	0	0	0	0	0
1	0	0.8062575334028271	2.193742466597172	1	0.2687525111342757	1.240298488473625	0	-1.240298488473625	1	0.2687525111342757	-2.121108828240877
1	0	1	2	1	0.3333333333333333	1	0	-1	1	0.3333333333333333	-1.71015997193645
0	0	0.8062575334028271	2.193742466597173	0	0.2687525111342757	0	0	0	0	0	0
1	0	0.9433438573206371	2.056029061546998	1	0.3145136943080694	1.060058845181101	0	-1.060058845181101	1	0.3145136943080693	-1.812870204925898
0	0	0.9251030738641726	2.074896926135827	0	0.3083676912880575	0	0	0	0	0	0
0	0	1	2	0	0.3333333333333333	0	0	0	0	0	0
1	0	0.8062575334028271	2	1	0.2873070357249682	1.240298488473625	0	-1.240298488473625	1	0.2873070357249682	-2.121108828240877
0	0	1	2	0	0.3333333333333333	0	0	0	0	0	0
0	0	1	2	0	0.3333333333333333	0	0	0	0	0	0
0	0	0.8062575334028271	2.074896926135827	0	0.279838358104525	0	0	0	0	0	0
0	0	1	2	0	0.3333333333333333	0	0	0	0	0	0
1	0	0.9023171355241378	2.000270446024512	1	0.3108664631723927	1.108257796100836	0	-1.108257796100836	1	0.3108664631723927	-1.895298121478157
1	0	0.8062575334028271	2	1	0.2873070357249682	1.240298488473625	0	-1.240298488473625	1	0.2873070357249682	-2.121108828240877
1	0	1	2	1	0.3333333333333333	1	0	-1	1	0.3333333333333333	-1.71015997193645
0	0	0.8704539262006729	2.031664217406168	0	0.2999374536554346	0	0	0	0	0	0
1	1	0.8281014733057719	1.415975909378048	0.5	0.3690164517924949	1.207581476709625	0.7062267044071671	-0.5013547723024578	0.8638268583064771	0.6018597618914672	-0.8573968633309769
0	3	0.8062575334028274	2.193742466597174	0	0.2687525111342757	0	1.367526063646593	1.367526063646593	0.3910147705313607	0.6089852294686393	2.338688334628222
1	0	0.9999999999999999	2	1	0.3333333333333334	1	0	-1	1	0.3333333333333334	-1.710159971936451
0	0	1.806257533402827	1.193742466597173	0	0.602085844467609	0	0	0	0	0	0
0	0	0.8289623965701893	2.073155747036652	0	0.285640472079448	0	0	0	0	0	0
1	0	1.677541397874442	1.204374446856885	1	0.582092430263464	0.596110475286671	0	-0.596110475286671	1	0.582092430263464	-1.019444273687278
0	0	1	2	0	0.3333333333333333	0	0	0	0	0	0
1	0	0.9999999999999999	2	1	0.3333333333333334	1	0	-1	1	0.3333333333333334	-1.710159971936451
1	0	0.9999999999999998	1.949974094980183	1	0.3389860276066992	1	0	-1	1	0.3389860276066992	-1.710159971936451
0	0	0	3	0	0	0	0	0	0	0	0
3	0	1.083103446118883	1.241080890291973	1	0.4660144331716286	2.769818534646889	0	-2.769818534646889	1	0.1012040990406836	-4.736832787480784
1	0	0.8062575334028272	2.193742466597173	1	0.2687525111342757	1.240298488473625	0	-1.240298488473625	1	0.2687525111342757	-2.121108828240877
0	0	1	2	0	0.3333333333333333	0	0	0	0	0	0
0	0	1	2	0	0.3333333333333333	0	0	0	0	0	0
0	0	0.8704539262006729	2.064773036899664	0	0.2965542144247867	0	0	0	0	0	0
0	1	0.8310713449078658	2.071046798698976	0	0.2863671648718563	0	0.4828476114727086	0.4828476114727086	0.7136328351281438	0.2863671648718562	0.8257466576857495
0	0	0.8289623965701893	1.364780070026983	0	0.3778758943642258	0	0	0	0	0	0
0	0	1	2	0	0.3333333333333333	0	0	0	0	0	0
0	0	0.9021181436068412	2	0	0.310848180179757	0	0	0	0	0	0
0	0	1	2	0	0.3333333333333333	0	0	0	0	0	0
0	0	0.1710376034298106	2.828962396570189	0	0.05701253447660354	0	0	0	0	0	0
0	0	0.8062575334028271	2.193742466597173	0	0.2687525111342757	0	0	0	0	0	0
3	0	1	2	1	0.3333333333333333	3	0	-3	1	0.03703703703703698	-5.130479915809351
0	0	1	2	0	0.3333333333333333	0	0	0	0	0	0
1	0	0.357221923526264	2.642778076473736	1	0.1190739745087547	2.79938025675649	0	-2.79938025675649	1	0.1190739745087547	-4.787388061334132
4	0	0.9999999999999999	2	1	0.3333333333333334	4.000000000000001	0	-4.000000000000001	1	0.01234567901234573	-6.840639887745803
0	0	1	2	0	0.3333333333333333	0	0	0	0	0	0
0	0	0.8062575334028271	2.193742466597173	0	0.2687525111342757	0	0	0	0	0	0
0	0	0.1710376034298106	2.828962396570189	0	0.05701253447660354	0	0	0	0	0	0
0	0	0.8289623965701893	2.106264566530147	0	0.2824185001675635	0	0	0	0	0	0
0	0	0.8062575334028271	2.193742466597173	0	0.2687525111342757	0	0	0	0	0	0
0	0	1	2	0	0.3333333333333333	0	0	0	0	0	0
0	0	0	1.259092147598654	0	0	0	0	0	0	0	0
1	0	0.8700551232732137	2.065171839827122	1	0.2964183465915757	1.149352464287462	0	-1.149352464287462	1	0.2964183465915757	-1.965576578070937
0	0	1	1.935226963100336	0	0.3406891571150427	0	0	0	0	0	0
0	0	0	3	0	0	0	0	0	0	0	0
0	5	0.9049366901106318	2.094594906951845	0	0.3016926679475092	0	2.387096418216847	2.387096418216847	0.1660477557721759	0.8339522442278241	4.082316743587326
0	0	0.8062575334028271	2.193742466597173	0	0.2687525111342757	0	0	0	0	0	0
0	0	1	2	0	0.3333333333333333	0	0	0	0	0	0
0	0	0	1.259092147598654	0	0	0	0	0	0	0	0
1	0	0.8062575334028271	2	1	0.2873070357249682	1.240298488473625	0	-1.240298488473625	1	0.2873070357249682	-2.121108828240877
1	0	1	2	1	0.3333333333333333	1	0	-1	1	0.3333333333333333	-1.71015997193645
0	0	0.8062575334028271	2.193742466597173	0	0.2687525111342757	0	0	0	0	0	0
0	0	0.9436096732373247	2.056390326762675	0	0.3145365577457749	0	0	0	0	0	0
1	0	0.8062575334028271	2.193742466597173	1	0.2687525111342757	1.240298488473625	0	-1.240298488473625	1	0.2687525111342757	-2.121108828240877
0	0	0.8289623965701893	1.364780070026983	0	0.3778758943642258	0	0	0	0	0	0
1	0	0.8062575334028271	2.193742466597173	1	0.2687525111342757	1.240298488473625	0	-1.240298488473625	1	0.2687525111342757	-2.121108828240877
0	0	1	2	0	0.3333333333333333	0	0	0	0	0	0
2	0	0.8699224930900539	2.065304470010283	1	0.296373160926267	2.299055393884339	0	-2.299055393884339	0.9999999999999999	0.08783705051742707	-3.931752507885586
0	0	1	1.935226963100336	0	0.3406891571150427	0	0	0	0	0	0
1	1	0.7948972064149646	2.140629742765021	0.5	0.2707851844579429	1.258024297896406	0.4671522496498223	-0.7908720482465833	0.9266753838780777	0.4682457527939636	-1.3525177198347
0	0	1	1.935226963100336	0	0.3406891571150427	0	0	0	0	0	0
0	0	0.8289623965701893	1.364780070026983	0	0.3778758943642258	0	0	0	0	0	0
0	0	1	2	0	0.3333333333333333	0	0	0	0	0	0
1	0	1	2	1	0.3333333333333333	1	0	-1	1	0.3333333333333333	-1.71015997193645
0	0	0.8062575334028271	2.193742466597173	0	0.2687525111342757	0	0	0	0	0	0
0	0	1	2	0	0.3333333333333333	0	0	0	0	0	0
0	0	0.8289623965701893	2.073155747036652	0	0.285640472079448	0	0	0	0	0	0
0	0	0.8062575334028271	2.193742466597173	0	0.2687525111342757	0	0	0	0	0	0
1	0	1	2	1	0.3333333333333333	1	0	-1	1	0.3333333333333333	-1.71015997193645
0	0	0.8289623965701893	1.364780070026983	0	0.3778758943642258	0	0	0	0	0	0
0	0	1	2	0	0.3333333333333333	0	0	0	0	0	0
1	0	1	2	1	0.3333333333333333	1	0	-1	1	0.3333333333333333	-1.71015997193645
2	0	0.9202680075011151	2.079731992498885	1	0.3067560025003717	2.173279939863145	0	-2.173279939863145	1	0.094099245070008	-3.716656360966407
0	1	0.8062575334028271	2.193742466597172	0	0.2687525111342757	0	0.4558420212155312	0.4558420212155312	0.7312474888657243	0.2687525111342757	0.7795627782094077
0	0	0.8289623965701893	1.364780070026983	0	0.3778758943642258	0	0	0	0	0	0
1	0	0.9251030738641727	2.074896926135828	1	0.3083676912880575	1.080960628336237	0	-1.080960628336237	1	0.3083676912880575	-1.848615597819906
0	0	0.8062575334028271	2.193742466597173	0	0.2687525111342757	0	0	0	0	0	0
1	0	1	1.998963192488598	1	0.3334485739953949	1	0	-1	1	0.333448573995395	-1.71015997193645
1	0	0.8703875447243122	2.031730598882528	1	0.2999145801978165	1.148913499579939	0	-1.148913499579939	1	0.2999145801978165	-1.964825878199037
0	0	1.806257533402827	1.193742466597173	0	0.602085844467609	0	0	0	0	0	0
0	0	0.8062575334028271	2.193742466597173	0	0.2687525111342757	0	0	0	0	0	0
2	0	1.003061162349038	1.605809663833683	1	0.3844809609898199	1.993896359536304	0	-1.993896359536304	1	0.1478256093636553	-3.409881742268797
0	0	1.6767114596035	1.204442999935154	0	0.5819581987534206	0	0	0	0	0	0
0	0	0.9251030738641726	2.074896926135827	0	0.3083676912880575	0	0	0	0	0	0
1	0	1	1.999584487717798	1	0.3333795077600363	1	0	-1	1	0.3333795077600363	-1.71015997193645
0	0	0.8289623965701893	2.073155747036652	0	0.285640472079448	0	0	0	0	0	0
0	0	1	2	0	0.3333333333333333	0	0	0	0	0	0
0	0	0.8062575334028271	2.193742466597173	0	0.2687525111342757	0	0	0	0	0	0
0	0	0.8704539262006729	2.064773036899664	0	0.2965542144247867	0	0	0	0	0	0
0	0	0.8289623965701893	2.073155747036652	0	0.285640472079448	0	0	0	0	0	0
0	0	0.8062575334028271	2.193742466597173	0	0.2687525111342757	0	0	0	0	0	0
1	0	0.8062575334028271	2.193742466597173	1	0.2687525111342757	1.240298488473625	0	-1.240298488473625	1	0.2687525111342757	-2.121108828240877
0	0	0.8704539262006729	1.3232885403965	0	0.3967894770943095	0	0	0	0	0	0
0	0	0.9251030738641726	2.074896926135827	0	0.3083676912880575	0	0	0	0	0	0
1	0	0.8293606379466719	2.105866325153665	1	0.2825541766864457	1.205748083820081	0	-1.205748083820081	1	0.2825541766864457	-2.062022109188179
1	0	0.8292945926075193	2.072823550999322	1	0.2857549388312794	1.205844110059537	0	-1.205844110059537	1	0.2857549388312794	-2.062186329419151
0	0	0.8289623965701893	2.106264566530147	0	0.2824185001675635	0	0	0	0	0	0
1	0	0.8062575334028271	2.193742466597173	1	0.2687525111342757	1.240298488473625	0	-1.240298488473625	1	0.2687525111342757	-2.121108828240877
0	0	1	1.806257533402827	0	0.3563464821375159	0	0	0	0	0	0
0	0	0.8289623965701893	2.106264566530147	0	0.2824185001675635	0	0	0	0	0	0
2	0	1	2.000000000000001	1	0.3333333333333333	1.999999999999999	0	-1.999999999999999	1	0.1111111111111109	-3.4203199438729
0	0	0.8289623965701893	2.106264566530147	0	0.2824185001675635	0	0	0	0	0	0
1	0	1	1.996890393528744	1	0.3336792036703523	1	0	-1	1	0.3336792036703523	-1.71015997193645
1	0	0.9024499762621386	2.000450987274497	1	0.3108786650312294	1.108094660428608	0	-1.108094660428608	1	0.3108786650312294	-1.895019133381519
1	0	0.9251030738641726	2.074896926135827	1	0.3083676912880576	1.080960628336237	0	-1.080960628336237	1	0.3083676912880575	-1.848615597819907
1	0	0.870085197831834	1.323657268765338	1	0.3966213952093786	1.149312736835313	0	-1.149312736835313	1	0.3966213952093786	-1.965508637772484
0	0	0.8062575334028271	2.193742466597173	0	0.2687525111342757	0	0	0	0	0	0
1	0	1	2	1	0.3333333333333333	1	0	-1	1	0.3333333333333333	-1.71015997193645
0	0	0.8704539262006729	2.064773036899664	0	0.2965542144247867	0	0	0	0	0	0
0	0	0.8289623965701893	2.073155747036652	0	0.285640472079448	0	0	0	0	0	0
0	0	0.8062575334028271	2	0	0.2873070357249682	0	0	0	0	0	0
0	1	0.999880224375389	2.000119775624611	0	0.3332934081251297	0	0.4999700578870149	0.4999700578870149	0.6667065918748702	0.3332934081251298	0.855028780165123
0	0	0.8704539262006729	2.064773036899664	0	0.2965542144247867	0	0	0	0	0	0
0	0	0.8062575334028271	2.193742466597173	0	0.2687525111342757	0	0	0	0	0	0
3	0	0.9999999999999999	2	1	0.3333333333333334	3	0	-3	0.9999999999999999	0.0370370370370372	-5.130479915809352
0	0	0.8289623965701893	2.073155747036652	0	0.285640472079448	0	0	0	0	0	0
0	0	0.1710376034298106	2.828962396570189	0	0.05701253447660354	0	0	0	0	0	0
0	0	0.8062575334028271	2.193742466597173	0	0.2687525111342757	0	0	0	0	0	0
0	0	1	2	0	0.3333333333333333	0	0	0	0	0	0
0	0	0	1.259092147598654	0	0	0	0	0	0	0	0
0	0	1	1.806257533402827	0	0.3563464821375159	0	0	0	0	0	0
0	0	0.8062575334028271	2	0	0.2873070357249682	0	0	0	0	0	0
0	0	0.8062575334028271	2.193742466597173	0	0.2687525111342757	0	0	0	0	0	0
1	0	1	2	1	0.3333333333333333	1	0	-1	1	0.3333333333333333	-1.71015997193645
0	0	0.8704539262006729	2.064773036899664	0	0.2965542144247867	0	0	0	0	0	0
0	0	1	2	0	0.3333333333333333	0	0	0	0	0	0
0	0	1	2	0	0.3333333333333333	0	0	0	0	0	0
0	0	1	2	0	0.3333333333333333	0	0	0	0	0	0
0	0	1	2	0	0.3333333333333333	0	0	0	0	0	0
1	0	1.801085475340053	1.198914524659947	1	0.6003618251133509	0.5552207342137361	0	-0.5552207342137361	1	0.6003618251133509	-0.9495162752414983
2	0	0.8682735664625161	2.066953396637821	1	0.2958113895033865	2.303421498996355	0	-2.303421498996355	1	0.08750437815992407	-3.939219246081423
1	0	0.8062575334028271	2.193742466597173	1	0.2687525111342757	1.240298488473625	0	-1.240298488473625	1	0.2687525111342757	-2.121108828240877
0	0	0.8289623965701893	1.364780070026983	0	0.3778758943642258	0	0	0	0	0	0
2	0	0.8062575334028269	2.193742466597173	1	0.2687525111342757	2.480596976947251	0	-2.480596976947251	1	0.07222791224097891	-4.242217656481755
0	0	1	2	0	0.3333333333333333	0	0	0	0	0	0
0	0	0.9251030738641726	2.074896926135827	0	0.3083676912880575	0	0	0	0	0	0
0	1	0.806257533402827	2.193742466597172	0	0.2687525111342757	0	0.4558420212155312	0.4558420212155312	0.7312474888657243	0.2687525111342757	0.7795627782094077
0	0	1.806257533402827	1.193742466597173	0	0.602085844467609	0	0	0	0	0	0
1	0	0.9999999999999999	2	1	0.3333333333333334	1	0	-1	1	0.3333333333333334	-1.710159971936451
2	0	0.806257533402827	2.193742466597172	1	0.2687525111342757	2.480596976947251	0	-2.480596976947251	1	0.0722279122409788	-4.242217656481754
0	0	1	1.806257533402827	0	0.3563464821375159	0	0	0	0	0	0
0	0	0.8289623965701893	2.106264566530147	0	0.2824185001675635	0	0	0	0	0	0
0	0	0	3	0	0	0	0	0	0	0	0
0	0	0.8062575334028271	2.193742466597173	0	0.2687525111342757	0	0	0	0	0	0
0	0	0.8289623965701893	2.073155747036652	0	0.285640472079448	0	0	0	0	0	0
1	0	1.805636435162526	1.19379376944435	1	0.6019931493619084	0.5538213454969353	0	-0.5538213454969353	1	0.6019931493619084	-0.9471230966728461
0	0	0.8062575334028271	2.193742466597173	0	0.2687525111342757	0	0	0	0	0	0
0	0	0.8289623965701893	2.106264566530147	0	0.2824185001675635	0	0	0	0	0	0
0	1	0.8311666790797099	2.070951464527131	0	0.286400014730865	0	0.4828698388778194	0.4828698388778194	0.713599985269135	0.286400014730865	0.8257846701042499
0	0	1	2	0	0.3333333333333333	0	0	0	0	0	0
0	0	0.8704539262006729	2.031664217406168	0	0.2999374536554346	0	0	0	0	0	0
0	0	0.8704539262006729	2.031664217406168	0	0.2999374536554346	0	0	0	0	0	0
0	0	0.8289623965701893	1.364780070026983	0	0.3778758943642258	0	0	0	0	0	0
0	0	1.806257533402827	1.193742466597173	0	0.602085844467609	0	0	0	0	0	0
1	0	0.9432113301100309	2.055848946405966	1	0.3145022917664589	1.060207790213191	0	-1.060207790213191	1	0.3145022917664588	-1.813124924757796
0	0	0.8289623965701893	2.106264566530147	0	0.2824185001675635	0	0	0	0	0	0
0	0	0.8062575334028271	2.193742466597173	0	0.2687525111342757	0	0	0	0	0	0
0	0	1	2	0	0.3333333333333333	0	0	0	0	0	0
0	0	0.8704539262006729	2.064773036899664	0	0.2965542144247867	0	0	0	0	0	0
0	0	0.8062575334028271	2.193742466597173	0	0.2687525111342757	0	0	0	0	0	0
0	2	0.03757612381897962	2.96242387618102	0	0.01252537460632654	0	0.6751228330559772	0.6751228330559772	0.9751061357963757	0.02489386420362427	1.154568045232667
1	0	0.9999999999999999	1.998653173448559	1	0.3334830479411408	1	0	-1	1	0.3334830479411408	-1.710159971936451
1	0	0.8062575334028271	2.193742466597172	1	0.2687525111342757	1.240298488473625	0	-1.240298488473625	1	0.2687525111342757	-2.121108828240877
2	0	1	2	1	0.3333333333333333	2	0	-2	1	0.1111111111111109	-3.420319943872901
0	0	0.8062575334028271	2.074896926135827	0	0.279838358104525	0	0	0	0	0	0
0	0	0.8062575334028271	2.193742466597173	0	0.2687525111342757	0	0	0	0	0	0
0	0	0.8289623965701893	2.073155747036652	0	0.285640472079448	0	0	0	0	0	0
1	0	0.1856178976119787	2.814382102388021	1	0.06187263253732624	5.38741152046895	0	-5.38741152046895	1	0.06187263253732622	-9.21333553465529
0	0	0.8062575334028271	2	0	0.2873070357249682	0	0	0	0	0	0
0	0	0.8062575334028271	2.193742466597173	0	0.2687525111342757	0	0	0	0	0	0
0	0	0.8289623965701893	2.073155747036652	0	0.285640472079448	0	0	0	0	0	0
0	0	0.8062575334028271	2.074896926135827	0	0.279838358104525	0	0	0	0	0	0
0	1	0.8062575334028271	2.193742466597173	0	0.2687525111342757	0	0.4558420212155311	0.4558420212155311	0.7312474888657243	0.2687525111342757	0.7795627782094076
0	0	0.8062575334028271	2.193742466597173	0	0.2687525111342757	0	0	0	0	0	0
2	0	1	2	1	0.3333333333333333	2	0	-2	1	0.1111111111111109	-3.420319943872901
0	0	0.8062575334028271	2.074896926135827	0	0.279838358104525	0	0	0	0	0	0
0	1	0.1704899593150298	2.82951004068497	0	0.05682998643834325	0	0.3534180779079049	0.3534180779079049	0.9431700135616568	0.05682998643834325	0.6044014501968169
0	0	1	1.935226963100336	0	0.3406891571150427	0	0	0	0	0	0
0	0	1	1.806257533402827	0	0.3563464821375159	0	0	0	0	0	0
1	0	0.8490262305082814	2.150973769491719	1	0.2830087435027605	1.177819911878737	0	-1.177819911878737	1	0.2830087435027604	-2.014260467444733
0	0	0.9021181436068412	2	0	0.310848180179757	0	0	0	0	0	0
0	0	0.8062575334028271	2.193742466597173	0	0.2687525111342757	0	0	0	0	0	0
0	0	1	1.935226963100336	0	0.3406891571150427	0	0	0	0	0	0
0	0	1	2	0	0.3333333333333333	0	0	0	0	0	0
0	0	0.8062575334028271	2	0	0.2873070357249682	0	0	0	0	0	0
1	2	0.806257533402827	2.193742466597173	0.3333333333333333	0.2687525111342757	1.240298488473625	0.9116840424310623	-0.3286144460425632	0.8221391288545614	0.6089852294686393	-0.5619832718220621
1	0	0.8062575334028272	2.193742466597173	1	0.2687525111342757	1.240298488473625	0	-1.240298488473625	1	0.2687525111342757	-2.121108828240877
0	2	0.8062575334028272	2.191565548313399	0	0.268947670167798	0	0.9125896332597374	0.9125896332597374	0.5344375089530907	0.4655624910469093	1.560674261604968
3	0	1	2	1	0.3333333333333333	3	0	-3	1	0.03703703703703698	-5.130479915809351
0	0	0.8062575334028271	2	0	0.2873070357249682	0	0	0	0	0	0
1	0	0.9150746484228143	2.017608932396123	1	0.3120263823918175	1.092807020414738	0	-1.092807020414738	1	0.3120263823918175	-1.868874823364425
0	0	0.8062575334028271	2.193742466597173	0	0.2687525111342757	0	0	0	0	0	0
1	0	0.8293607396974835	2.105866223402853	1	0.2825542113518439	1.205747935891876	0	-1.205747935891876	1	0.2825542113518439	-2.062021856207283
1	0	1	2	1	0.3333333333333333	1	0	-1	1	0.3333333333333333	-1.71015997193645
2	0	1.635418518002932	1.171197489361701	1	0.5827012009165313	1.222928551917262	0	-1.222928551917262	1	0.3395406895495677	-2.091403458027108
0	0	0.8062575334028271	2.193742466597173	0	0.2687525111342757	0	0	0	0	0	0
0	1	0.8063302311338136	2.193356365133599	0	0.2688048251897885	0	0.455922264113743	0.455922264113743	0.7311951748102115	0.2688048251897885	0.7797000064019617
2	0	1.118565215420641	1.732920078239258	1	0.3922745868294329	1.788004822989147	0	-1.788004822989147	1	0.1538793514722023	-3.057774277905358
2	0	0.8062575334028272	2.193742466597173	1	0.2687525111342757	2.48059697694725	0	-2.48059697694725	1	0.0722279122409788	-4.242217656481754
1	0	0.8696571305873823	1.324085336009791	1	0.3964262641714513	1.149878457645235	0	-1.149878457645235	1	0.3964262641714513	-1.966476110856904
0	0	0.9251030738641726	2.074896926135827	0	0.3083676912880575	0	0	0	0	0	0
1	0	0.8692037297805351	2.032914413826306	1	0.2995066660863993	1.150478266185638	0	-1.150478266185638	1	0.2995066660863993	-1.967501879413527
1	0	0.9999999999999998	1.945403784493151	1	0.3395120238742008	1	0	-1	1	0.3395120238742009	-1.710159971936451
0	2	0.9992805303843496	2.000719469615651	0	0.3330935101281166	0	0.9996403945547705	0.9996403945547705	0.4447642662332367	0.5552357337667633	1.709544989098329
0	0	0.8704539262006729	2.064773036899664	0	0.2965542144247867	0	0	0	0	0	0
1	0	1.801088884825069	1.198911115174931	1	0.6003629616083563	0.5552196831735626	0	-0.5552196831735626	1	0.6003629616083563	-0.9495144777946648
0	0	0.8704539262006729	2.031664217406168	0	0.2999374536554346	0	0	0	0	0	0
1	0	1	1.808546498550625	1	0.356056059786106	1	0	-1	1	0.356056059786106	-1.71015997193645
2	0	0.9999999999999998	1.990692014834409	1	0.3343707727307951	2	0	-2	1	0.1118038136565891	-3.420319943872902
0	0	0.8062575334028271	2	0	0.2873070357249682	0	0	0	0	0	0
0	0	0.8289623965701893	2.073155747036652	0	0.285640472079448	0	0	0	0	0	0
0	0	0.8062575334028271	2.193742466597173	0	0.2687525111342757	0	0	0	0	0	0
0	0	0	1.259092147598654	0	0	0	0	0	0	0	0
0	0	0.9251030738641726	2.074896926135827	0	0.3083676912880575	0	0	0	0	0	0
1	0	1.805984045069232	1.193706161626408	1	0.6020568527503527	0.5537147477743444	0	-0.5537147477743444	1	0.6020568527503527	-0.9469407975145715
0	0	0	1.259092147598654	0	0	0	0	0	0	0	0
0	0	0.9251030738641726	2.074896926135827	0	0.3083676912880575	0	0	0	0	0	0
0	0	1	2	0	0.3333333333333333	0	0	0	0	0	0
0	0	0.8062575334028271	2.193742466597173	0	0.2687525111342757	0	0	0	0	0	0
0	0	1	2	0	0.3333333333333333	0	0	0	0	0	0
0	1	0.1803519444173597	2.819648055582641	0	0.06011731480578655	0	0.3546541909796483	0.3546541909796483	0.9398826851942135	0.06011731480578653	0.6065154012928999
0	0	1	1.806257533402827	0	0.3563464821375159	0	0	0	0	0	0
0	0	0.8062575334028271	2.074896926135827	0	0.279838358104525	0	0	0	0	0	0
0	0	0.8062575334028271	2.193742466597173	0	0.2687525111342757	0	0	0	0	0	0
0	0	1.6767114596035	1.204442999935154	0	0.5819581987534206	0	0	0	0	0	0
0	0	1	2	0	0.3333333333333333	0	0	0	0	0	0
1	0	0.8062575334028271	2.074896926135827	1	0.279838358104525	1.240298488473625	0	-1.240298488473625	1	0.279838358104525	-2.121108828240877
0	2	0.9984321192910597	2.00156788070894	0	0.3328107064303532	0	0.9992166737266064	0.9992166737266064	0.4451415534539644	0.5548584465460356	1.708820358698727
0	1	1	2	0	0.3333333333333333	0	0.5	0.5	0.6666666666666667	0.3333333333333333	0.8550799859682252
0	0	1.6767114596035	1.204442999935154	0	0.5819581987534206	0	0	0	0	0	0
0	0	1.6767114596035	1.204442999935154	0	0.5819581987534206	0	0	0	0	0	0
1	0	1	1.99906697638957	1	0.3334370348753768	1	0	-1	1	0.3334370348753768	-1.71015997193645
0	0	0.8062575334028271	2.193742466597173	0	0.2687525111342757	0	0	0	0	0	0
0	0	0.9251030738641726	2.074896926135827	0	0.3083676912880575	0	0	0	0	0	0
0	0	0	3	0	0	0	0	0	0	0	0
0	0	0	1.259092147598654	0	0	0	0	0	0	0	0
1	0	1	2	1	0.3333333333333333	1	0	-1	1	0.3333333333333333	-1.71015997193645
0	0	0.8062575334028271	2.074896926135827	0	0.279838358104525	0	0	0	0	0	0
0	0	0.8289623965701893	1.364780070026983	0	0.3778758943642258	0	0	0	0	0	0
3	0	0.8463761670207121	2.05574197658613	1	0.2916408378774028	3.544523247340666	0	-3.544523247340666	1	0.02480533015775443	-6.061701777200209
0	0	1	2	0	0.3333333333333333	0	0	0	0	0	0
0	0	0.8062575334028271	2.193742466597173	0	0.2687525111342757	0	0	0	0	0	0
0	0	0.9251030738641726	2.074896926135827	0	0.3083676912880575	0	0	0	0	0	0
0	0	0.9436096732373247	2.056390326762675	0	0.3145365577457749	0	0	0	0	0	0
0	0	0.8062575334028271	2.074896926135827	0	0.279838358104525	0	0	0	0	0	0
0	0	0.8062575334028271	2.193742466597173	0	0.2687525111342757	0	0	0	0	0	0
0	0	0.9251030738641726	2.074896926135827	0	0.3083676912880575	0	0	0	0	0	0
0	0	0.8062575334028271	2.074896926135827	0	0.279838358104525	0	0	0	0	0	0
0	0	0.9251030738641726	2.074896926135827	0	0.3083676912880575	0	0	0	0	0	0