Observed S Changes	Observed NS Changes	E[S Sites]	E[NS Sites]	Observed S. Prop.	P{S}	dS	dN	dN-dS	P{S leq. observed}	P{S geq. observed}	Scaled dN-dS
0	0	0	3.000000000000004	0	0	0	0	0	0	0	0
2	3	0.8663519431312687	2.032941434179477	0.4	0.298814859479608	2.308530633372126	1.475694257375811	-0.8328363759963151	0.8384843971060789	0.4693396136816583	-0.6889600061114862
6	1	0.9997930980086392	2.000206901991363	0.8571428571428571	0.3332643660028795	6.001241668851923	0.4999482798526599	-5.501293388999263	0.9995434144559999	0.006850767408166591	-4.550919287563372
0	4	0.9233300431438836	2.07666995685612	0	0.3077766810479609	0	1.926160672182892	1.926160672182892	0.2296068820940128	0.7703931179059872	1.593407428789711
0	1	0.9230372709219384	2.076962729078065	0	0.3076790903073125	0	0.481472289319263	0.481472289319263	0.6923209096926874	0.3076790903073126	0.3982957048376792
3	0	1.000000000000001	2.000000000000002	1	0.3333333333333333	2.999999999999997	0	-2.999999999999997	1	0.03703703703703698	-2.48173600229921
3	0	1.666682523687068	1.210894442469961	1	0.5791965057021231	1.799982874580901	0	-1.799982874580901	1	0.1943022363852149	-1.489027434456484
0	2	0.8008164242840032	2.199183575716	0	0.2669388080946674	0	0.9094283997409579	0.9094283997409579	0.5373787110776669	0.4626212889223331	0.7523204003834983
0	4	0.8005407251067004	2.001299519474697	0	0.2857196182597853	0	1.99870132435245	1.99870132435245	0.2603004316117266	0.7396995683882734	1.65341634482953
0	4	0.9221425266094615	2.077857473390542	0	0.3073808422031535	0	1.925059851902645	1.925059851902645	0.2301325235122702	0.7698674764877298	1.592496780349194
1	2	1.797208919543461	1.201753812733936	0.3333333333333333	0.5992768433566594	0.5564183379715401	1.664234370474007	1.107816032502467	0.3530416585833713	0.9356522568863808	0.916435643928549
3	1	0.8008165312100386	2.07693599616361	0.75	0.2782784563969771	3.746176412551052	0.4814784865047065	-3.264697926046346	0.9940032168760277	0.06820796007130614	-2.700706126566929
3	0	1.800031811517504	1.199503001905593	1	0.6001036572278656	1.666637212078419	0	-1.666637212078419	1	0.2161119691478859	-1.378717857328867
0	7	0.9994118971189856	2.000588102881017	0	0.3331372990396616	0	3.498971122501132	3.498971122501132	0.05864824079831447	0.9413517592016856	2.894507535238782
4	1	0.8021270552035988	2.197872944796404	0.8	0.267375685067866	4.986741157839022	0.454985354074975	-4.531755803764047	0.9986335002655449	0.02008792781711821	-3.748873843943213
3	6	1.000000000000001	2.000000000000002	0.3333333333333333	0.3333333333333333	2.999999999999997	2.999999999999997	0	0.6503073718437236	0.6228217243306403	0
0	1	0.823721146430173	1.376014732892844	0	0.3744636591024186	0	0.7267364048476903	0.7267364048476903	0.6255363408975814	0.3744636591024186	0.6011893000306696
1	5	0.8244859906335639	2.074868608454641	0.1666666666666667	0.2843688008679069	1.212876884944479	2.409791145148219	1.196914260203739	0.4545613398056638	0.8656815731726162	0.9901417370709825
2	10	0.9749064881699505	2.025093511830054	0.1666666666666667	0.324968829389983	2.051478807730891	4.938043572596859	2.886564764865968	0.1975821487679342	0.9393374515304381	2.387897233312078
0	0	1.000000000000001	2.000000000000002	0	0.3333333333333333	0	0	0	0	0	0
3	4	0.9960535786853149	1.937273500447641	0.4285714285714285	0.3395644439963825	3.011886171785741	2.064757505368101	-0.9471286664176395	0.8169967141532154	0.4437125453840509	-0.783507770086099
0	1	0.8005407251067005	2.199459274893302	0	0.2668469083688999	0	0.4546572020745921	0.4546572020745921	0.7331530916311001	0.2668469083688999	0.3761130490310478
0	0	0.8005407251067006	2.199459274893302	0	0.2668469083688999	0	0	0	0	0	0
1	3	0.8005407251067007	2.199459274893303	0.25	0.2668469083688999	1.249155687696855	1.363971606223776	0.1148159185269206	0.7095564621634598	0.711079284868084	0.0949809328817707
2	3	0.8009178658049635	2.198907013583071	0.4	0.2669882069810525	2.497134956516293	1.364314171298933	-1.13282078521736	0.8777621849256392	0.4029860554666698	-0.9371207089422618
1	2	0.9965350372236882	2.003464962776315	0.3333333333333333	0.332178345741229	1.003477010488226	0.9982705149125675	-0.005206495575658998	0.7422793871190433	0.7021610507141396	-0.004307049171974833
2	0	1.000000000000001	2.000000000000002	1	0.3333333333333333	1.999999999999998	0	-1.999999999999998	1	0.1111111111111109	-1.654490668199473
2	0	0.9998148524086343	2.000045244695148	1	0.333287160082534	2.000370363754688	0	-2.000370363754688	0.9999999999999998	0.1110803310758808	-1.65479704988746
5	0	1.799751900665975	1.199527052482166	1	0.6000615243796836	2.778160699899699	0	-2.778160699899699	1	0.07779987597501181	-2.298220476371287
3	0	0.8005407251067004	2.077042528183749	1	0.2781989797137236	3.747467063090568	0	-3.747467063090568	0.9999999999999998	0.02153111887296533	-3.100074642634119
1	1	0.9999200736912256	2.000079926308778	0.5	0.3333066912304082	1.0000799326975	0.4999800192213005	-0.5000999134761993	0.8889066495810374	0.5555200320418536	-0.4137053200068683
5	0	1.000000000000001	1.99983808918042	1	0.3333513243953806	4.999999999999995	0	-4.999999999999995	1	0.004116337016721427	-4.136226670498683
0	0	0.8005407251067005	2.199459274893302	0	0.2668469083688999	0	0	0	0	0	0
1	0	0.8005407251067005	2.199459274893302	1	0.2668469083688999	1.249155687696856	0	-1.249155687696856	1	0.2668469083688999	-1.033358214211373
0	3	1.000000000000001	1.998891090355689	0	0.3334565910766016	0	1.500832143619276	1.500832143619276	0.2961319830216752	0.7038680169783248	1.241556388075953
2	0	1.000000000000001	2.000000000000001	1	0.3333333333333334	1.999999999999999	0	-1.999999999999999	1	0.111111111111111	-1.654490668199474
2	0	1.000000000000001	2.000000000000002	1	0.3333333333333333	1.999999999999998	0	-1.999999999999998	1	0.1111111111111109	-1.654490668199474
1	0	0.8005407251067005	2.199459274893302	1	0.2668469083688999	1.249155687696856	0	-1.249155687696856	1	0.2668469083688999	-1.033358214211373
2	0	1.000000000000001	1.933755006959966	1	0.3408600914621794	1.999999999999998	0	-1.999999999999998	1	0.1161856019516052	-1.654490668199473
6	0	1.000000000000001	2.000000000000002	1	0.3333333333333333	5.999999999999994	0	-5.999999999999994	1	0.001371742112482699	-4.96347200459842
1	4	0.1803985651652373	2.819601434834766	0.2	0.06013285505507904	5.543281339760341	1.418640220061602	-4.124641119698739	0.9679961751698782	0.2666144632491934	-3.412090121106699
1	0	1.000000000000001	2.000000000000003	1	0.3333333333333333	0.9999999999999987	0	-0.9999999999999987	1	0.3333333333333333	-0.8272453340997363
0	2	0.8239107303848368	2.074892570777323	0	0.284224434977883	0	0.9639053260722479	0.9639053260722479	0.5123346594827308	0.4876653405172692	0.7973861835071531
2	0	1.000000000000001	2.000000000000002	1	0.3333333333333333	1.999999999999998	0	-1.999999999999998	1	0.1111111111111109	-1.654490668199473
1	0	0.9214092477210682	2.078590752278936	1	0.3071364159070223	1.08529407803678	0	-1.08529407803678	1	0.3071364159070223	-0.8978044621820027
5	0	1.000000000000002	2.000000000000004	1	0.3333333333333333	4.999999999999991	0	-4.999999999999991	1	0.004115226337448097	-4.13622667049868
0	1	0.8005407251067007	2.199459274893303	0	0.2668469083688999	0	0.4546572020745919	0.4546572020745919	0.7331530916311001	0.2668469083688999	0.3761130490310476
0	0	0.8005407251067006	2.199459274893302	0	0.2668469083688999	0	0	0	0	0	0
5	2	0.9927102080850163	1.209964183667126	0.7142857142857143	0.4506840465400578	5.036716616065861	1.652941489506288	-3.383775126559573	0.9640012980655657	0.1538202281958746	-2.799212185089155
3	0	0.9229574718162541	2.077042528183749	1	0.3076524906054177	3.250420622411139	0	-3.250420622411139	1	0.02911932514921878	-2.688895293751179
0	0	0.8237291585439929	2.109308950207701	0	0.2808450241700314	0	0	0	0	0	0
5	0	1.000000000000001	2.000000000000002	1	0.3333333333333333	4.999999999999996	0	-4.999999999999996	1	0.004115226337448097	-4.136226670498684
2	0	1.000000000000001	2.000000000000002	1	0.3333333333333333	1.999999999999998	0	-1.999999999999998	1	0.1111111111111109	-1.654490668199473
2	0	0.8005407251067006	2.199459274893303	1	0.2668469083688999	2.498311375393711	0	-2.498311375393711	1	0.07120727250603998	-2.066716428422745
1	0	1.000000000000001	2.000000000000002	1	0.3333333333333333	0.9999999999999989	0	-0.9999999999999989	1	0.3333333333333333	-0.8272453340997366
2	0	1.000000000000001	2.000000000000002	1	0.3333333333333333	1.999999999999998	0	-1.999999999999998	1	0.1111111111111109	-1.654490668199473
7	0	0.865388522124395	2.067649586627299	1	0.2950485094422131	8.088852372130015	0	-8.088852372130015	1	0.0001946498057959767	-6.691465383066148
6	0	1.790393235300327	1.200331170281664	1	0.598648685903213	3.351219096286151	0	-3.351219096286151	1	0.04602907009389212	-2.772280360948657
1	2	0.9998934342544528	2.000106565745551	0.3333333333333333	0.3332978114181505	1.000106577103016	0.9999467199661379	-0.0001598571368778279	0.7407881020324218	0.7036563386264689	-0.0001322410706047262
4	0	0.8657393363874589	1.333719938505843	1	0.3936146244078362	4.620328350437588	0	-4.620328350437588	1	0.02400407104975066	-3.822145069908232
2	11	0.8009644696182745	2.199035530381729	0.1538461538461539	0.2669881565394245	2.49698966166772	5.002192937778736	2.505203276111017	0.2836686656554271	0.898846730268229	2.072417721134215
1	0	1.000000000000001	2.000000000000002	1	0.3333333333333333	0.9999999999999989	0	-0.9999999999999989	1	0.3333333333333333	-0.8272453340997366
3	1	1.000000000000001	1.801125538418806	0.75	0.3569993512552407	2.999999999999997	0.5552083842406078	-2.444791615759389	0.9837568704683894	0.1332667912245225	-2.022442456983113
0	3	0.5282847687091455	2.471610248847937	0	0.1761010854104308	0	1.213783605808543	1.213783605808543	0.5592703455556083	0.4407296544443917	1.004096824511872
1	2	0.9997931187740277	1.999698101012546	0.3333333333333333	0.3333209019512206	1.00020692403467	1.000150972282916	-5.595175175376887e-05	0.7407573157623477	0.7036871282184731	-4.62858255730121e-05
2	2	0.8293980708414581	2.103530593447718	0.5	0.2827883545004225	2.411387330538301	0.9507824636493496	-1.460604866888951	0.928727750122865	0.3180857764043106	-1.208278561097253
0	1	0.1760881749649432	2.82391182503506	0	0.05869605832164767	0	0.3541187055256531	0.3541187055256531	0.9413039416783523	0.0586960583216477	0.2929430468635354
3	0	0.8005407251067006	2.07704252818375	1	0.2781989797137235	3.747467063090567	0	-3.747467063090567	0.9999999999999999	0.02153111887296522	-3.100074642634118
1	7	0.8015771788418695	2.198422821158133	0.125	0.2671923929472896	1.247540506885207	3.184100862049998	1.936560355164791	0.3257347912102927	0.91683899068008	1.602010518012604
2	2	0.7996113183036079	2.200388681696395	0.5	0.2665371061012023	2.501215220718788	0.9089303251905909	-1.592284895528197	0.9393995624139985	0.2899103887778545	-1.317210250383189
2	0	1.000000000000001	2.000000000000002	1	0.3333333333333333	1.999999999999998	0	-1.999999999999998	1	0.1111111111111109	-1.654490668199473
3	0	0.8005407251067005	2.199459274893302	1	0.2668469083688999	3.747467063090567	0	-3.747467063090567	1	0.01900144052161856	-3.100074642634118
1	1	0.867280561921662	1.340753620049014	0.5	0.3927840288901741	1.153029416206754	0.7458491888788954	-0.4071802273278591	0.8457207066488028	0.6312887644291511	-0.3368379431946418
3	0	0.9231703012294575	2.076829698770546	1	0.3077234337431521	3.249671264342741	0	-3.249671264342741	1	0.02913947411041506	-2.688275390785527
1	0	1.000276837325463	1.999723162674541	1	0.3334256124418206	0.9997232392922312	0	-0.9997232392922312	1	0.3334256124418206	-0.8270163850955735
0	0	0.8005407251067006	2.199459274893302	0	0.2668469083688999	0	0	0	0	0	0
2	0	1.000000000000001	1.93319995575001	1	0.3409245926244069	1.999999999999998	0	-1.999999999999998	1	0.1162295778561176	-1.654490668199473
2	4	0.8242068222634994	2.106450463328136	0.3333333333333333	0.2812361671614257	2.426575400707614	1.898929060824011	-0.5276463398836029	0.7782423869978421	0.5384068630030929	-0.4364929727235147
2	1	0.8005407251067006	2.199459274893302	0.6666666666666666	0.2668469083688999	2.498311375393711	0.4546572020745921	-2.043654173319119	0.9809985594783814	0.175618936474883	-1.690603379391697
1	0	0.8005407251067004	2.077042528183749	1	0.2781989797137236	1.249155687696856	0	-1.249155687696856	1	0.2781989797137236	-1.033358214211373
1	1	1.000000000000001	2.000000000000002	0.5	0.3333333333333333	0.9999999999999989	0.4999999999999994	-0.4999999999999994	0.8888888888888891	0.5555555555555555	-0.4136226670498683
3	0	1.800114187748978	1.199403163893624	1	0.6001346139115333	1.666560943976263	0	-1.666560943976263	1	0.2161454156445244	-1.378654764897218
0	0	0.1762708414560083	2.823729158543995	0	0.0587569471520027	0	0	0	0	0	0
0	0	0.8005407251067006	2.199459274893302	0	0.2668469083688999	0	0	0	0	0	0
3	1	1.000000000000001	2.000000000000002	0.75	0.3333333333333333	2.999999999999997	0.4999999999999994	-2.499999999999997	0.9876543209876545	0.1111111111111109	-2.068113335249341
0	0	1.800540725106702	1.199459274893302	0	0.6001802417022333	0	0	0	0	0	0
1	0	1.666602315935325	1.21095432686481	1	0.5791727228394584	0.6000231671577773	0	-0.6000231671577773	1	0.5791727228394584	-0.496366365383018
2	0	1.000000000000001	1.933153701766775	1	0.3409299687901299	1.999999999999998	0	-1.999999999999998	1	0.1162332436192389	-1.654490668199473
5	0	0.8005407251067006	2.199459274893303	1	0.2668469083688999	6.245778438484278	0	-6.245778438484278	0.9999999999999998	0.001353040753230395	-5.166791071056863
3	0	1.000000000000001	2.000000000000002	1	0.3333333333333333	2.999999999999997	0	-2.999999999999997	1	0.03703703703703698	-2.48173600229921
3	2	0.8653709829669103	1.337697688332416	0.6	0.3928025459399464	3.466721277982478	1.495106119599575	-1.971615158382903	0.9183722097624526	0.3050790285839611	-1.631009440412571
1	0	0.8005407251067005	2.077042528183749	1	0.2781989797137236	1.249155687696856	0	-1.249155687696856	1	0.2781989797137236	-1.033358214211373
0	0	0.8005407251067006	2.199459274893302	0	0.2668469083688999	0	0	0	0	0	0
1	4	0.9988933296311667	2.001037208261179	0.2	0.3329721528595649	1.001107896445001	1.998963329360497	0.9978554329154963	0.4616189857570745	0.867955649014136	0.8254712509854178
2	4	0.8016442402179655	2.198355759782038	0.3333333333333333	0.2672147467393216	2.494872288306099	1.819541710754128	-0.6753305775519711	0.8024239649639546	0.5064056829369668	-0.558664069254749
0	0	0.8237291585439929	1.37573011634931	0	0.3745143944908698	0	0	0	0	0	0
1	1	0.8005407251067003	2.199459274893302	0.5	0.2668469083688999	1.249155687696856	0.4546572020745922	-0.7944984856222639	0.92879272749396	0.4624865442317597	-0.6572451651803252
2	0	0.8660469641531815	2.032756337008978	1	0.2987601690000748	2.309343583873185	0	-2.309343583873185	1	0.08925763858095315	-1.910393704592258
0	0	0.8256725771477225	2.074250589540569	0	0.2847222252755888	0	0	0	0	0	0
0	0	0	1.267847564993238	0	0	0	0	0	0	0	0
1	1	0.8006785618266355	2.199321438173368	0.5	0.2668928539422115	1.248940645692624	0.4546856965258081	-0.794254949166816	0.9287682045145814	0.4625539123990043	-0.6570437007838728
3	0	1.000000000000001	2.000000000000002	1	0.3333333333333333	2.999999999999997	0	-2.999999999999997	1	0.03703703703703698	-2.48173600229921
0	0	0.8005407251067006	2.199459274893302	0	0.2668469083688999	0	0	0	0	0	0
0	4	0.9996803362680136	2.00031966373199	0	0.3332267787560041	0	1.999680387352296	1.999680387352296	0.1976571813842292	0.8023428186157708	1.654226270127942
0	0	0.8237291585439929	2.109308950207701	0	0.2808450241700314	0	0	0	0	0	0
6	0	1.09742529999815	1.28152518172422	1	0.4613064914254162	5.467342515258317	0	-5.467342515258317	1	0.00963690096262515	-4.522833585672566
1	3	0.8006785835097182	2.199321416490286	0.25	0.2668928611699057	1.248940611870209	1.364057103025646	0.115116491155437	0.7094773660905784	0.7111517143133899	0.09522958018626894
0	1	0.825312499089973	2.073490802072186	0	0.2847080030435652	0	0.4822784837051745	0.4822784837051745	0.7152919969564348	0.2847080030435652	0.3989626253818019
0	1	1.000000000000001	2.000000000000002	0	0.3333333333333333	0	0.4999999999999994	0.4999999999999994	0.6666666666666667	0.3333333333333333	0.4136226670498683
0	6	0.8006864612274877	2.028481942570559	0	0.2830112410956512	0	2.957876959159223	2.957876959159223	0.1358545163174699	0.8641454836825301	2.446889913305587
0	0	0.8005407251067006	2.199459274893302	0	0.2668469083688999	0	0	0	0	0	0
0	4	0.8006289749355328	2.198178547578563	0	0.2669824484981662	0	1.819688398108634	1.819688398108634	0.2887071199451472	0.7112928800548528	1.505328736850793
1	0	0.8005407251067006	2.07704252818375	1	0.2781989797137235	1.249155687696855	0	-1.249155687696855	1	0.2781989797137235	-1.033358214211372
0	0	0.8005407251067006	2.000000000000002	0	0.2858521991592175	0	0	0	0	0	0
1	0	1.000000000000001	2.000000000000002	1	0.3333333333333333	0.9999999999999989	0	-0.9999999999999989	1	0.3333333333333333	-0.8272453340997366
0	0	0.8005407251067006	2.000000000000002	0	0.2858521991592175	0	0	0	0	0	0
0	0	0.8005407251067006	2.199459274893302	0	0.2668469083688999	0	0	0	0	0	0
3	0	1.000000000000001	2.000000000000002	1	0.3333333333333333	2.999999999999997	0	-2.999999999999997	1	0.03703703703703698	-2.48173600229921
4	2	0.99990740675393	1.999412207213197	0.6666666666666666	0.3333780775138455	4.000370407281492	1.000293982793884	-3.000076424487608	0.9821563019964128	0.1001813719265119	-2.481799224099997
1	2	0.800747432788028	2.199252567211976	0.3333333333333333	0.2669158109293424	1.248833226374786	0.9093998705821356	-0.3394333557926503	0.8243001764533078	0.6060314458285782	-0.2807946598172861
0	0	0.8005407251067006	2.000000000000002	0	0.2858521991592175	0	0	0	0	0	0
3	6	1.000000000000001	2.000000000000002	0.3333333333333333	0.3333333333333333	2.999999999999997	2.999999999999997	0	0.6503073718437236	0.6228217243306403	0
3	0	1.000000000000001	1.999723970581822	1	0.3333640060908811	2.999999999999997	0	-2.999999999999997	0.9999999999999998	0.03704726223040011	-2.48173600229921
2	0	1.000000000000001	2.000000000000002	1	0.3333333333333333	1.999999999999998	0	-1.999999999999998	1	0.1111111111111109	-1.654490668199473
4	1	0.9407606505958722	2.058362075170845	0.8	0.313678610919588	4.25187851709829	0.4858231756514458	-3.766055341446844	0.9969631416842872	0.03625972951452405	-3.115451709173295
3	0	1.000000000000001	1.800758698514996	1	0.3570461105878974	2.999999999999997	0	-2.999999999999997	1	0.04551692552219433	-2.48173600229921
3	0	1.799627011595792	1.199339075858944	1	0.6000824814671915	1.667012097878991	0	-1.667012097878991	0.9999999999999998	0.2160890922308745	-1.37902797985821
0	1	0.9997067524112372	2.000293247588766	0	0.3332355841370788	0	0.4999266988505013	0.4999266988505013	0.6667644158629212	0.3332355841370788	0.4135620290159618
2	0	1.000000000000001	2.000000000000002	1	0.3333333333333333	1.999999999999998	0	-1.999999999999998	1	0.1111111111111109	-1.654490668199473
0	0	1.000000000000001	1.804266560262425	0	0.3565994810088311	0	0	0	0	0	0
7	1	0.9999310859142584	1.999803942272359	0.875	0.3333398038555195	7.000482431846541	0.5000490192372103	-6.50043341260933	0.9998475605390819	0.002591399818856144	-5.377453210207102
0	0	1.000000000000001	1.999628998608396	0	0.333374560808662	0	0	0	0	0	0
0	0	1.000000000000001	2.000000000000002	0	0.3333333333333333	0	0	0	0	0	0
3	0	1.79961499052779	1.199538816112421	1	0.6000409137215276	1.667023233186206	0	-1.667023233186206	0.9999999999999999	0.216044189832397	-1.379037191489147
2	0	0.8657543982863524	2.067283710465341	1	0.2951732525067051	2.310123984306333	0	-2.310123984306333	1	0.08712724899538715	-1.911039287209309
1	0	0.8005407251067006	2.199459274893303	1	0.2668469083688999	1.249155687696855	0	-1.249155687696855	1	0.2668469083688999	-1.033358214211372
0	3	0.8005567510808201	2.199373309926498	0	0.2668584716311715	0	1.36402491858022	1.36402491858022	0.3940610059566973	0.6059389940433026	1.128383249491261
0	1	0.8005407251067006	2.199459274893302	0	0.2668469083688999	0	0.4546572020745921	0.4546572020745921	0.7331530916311001	0.2668469083688999	0.3761130490310478
2	0	0.8238022999291745	2.10923580882252	1	0.2808699612429469	2.427766953517789	0	-2.427766953517789	1	0.07888793512861436	-2.008358884579125
1	6	0.8007531575731702	2.199071649231595	0.1428571428571428	0.2669333074907414	1.248824298152859	2.728424061169874	1.479599763017015	0.4037396689519761	0.8862361157006726	1.223992000290903
0	0	0.8005407251067006	2.199459274893302	0	0.2668469083688999	0	0	0	0	0	0
1	0	0.8005407251067005	2.199459274893302	1	0.2668469083688999	1.249155687696856	0	-1.249155687696856	1	0.2668469083688999	-1.033358214211373
0	0	0	1.267847564993238	0	0	0	0	0	0	0	0
3	4	0.9997243003390702	2.000275699660931	0.4285714285714285	0.3332414334463566	3.000827327076584	1.999724338338982	-1.001102988737602	0.826844407757532	0.429143495467417	-0.828157776386483
0	0	1.000000000000001	1.933176769091407	0	0.340927287621252	0	0	0	0	0	0
0	1	0.999946659408086	2.000053340591917	0	0.3333155531360283	0	0.4999866652076635	0.4999866652076635	0.6666844468639717	0.3333155531360283	0.4136116359051272
3	0	1.000000000000001	2.000000000000003	1	0.3333333333333333	2.999999999999996	0	-2.999999999999996	1	0.03703703703703698	-2.481736002299209
0	0	0.8237291585439929	1.37573011634931	0	0.3745143944908698	0	0	0	0	0	0
4	2	0.8005407251067004	2.199459274893302	0.6666666666666666	0.2668469083688999	4.996622750787424	0.9093144041491844	-4.087308346638239	0.9936870291901019	0.04719470420768279	-3.381206758783396
3	0	1.000000000000001	1.933246614462905	1	0.3409191695881688	2.999999999999996	0	-2.999999999999996	0.9999999999999998	0.03962363055994489	-2.481736002299209
1	3	0.9997560494852132	2.000103899065711	0.25	0.3332675746973265	1.000244010041162	1.499922079748637	0.4996780697074756	0.5927094968332448	0.8023911881093224	0.4133563517174726
2	1	0.8007350018524769	2.199264998147527	0.6666666666666666	0.2669116672841587	2.497705227538523	0.4546973651844206	-2.043007862354102	0.9809847222036903	0.1756949588046093	-1.69006872166151
1	0	1.000000000000001	1.999167858875778	1	0.333425819111987	0.9999999999999989	0	-0.9999999999999989	1	0.333425819111987	-0.8272453340997366
1	7	1.000000000000001	2.000000000000002	0.125	0.3333333333333333	0.9999999999999991	3.499999999999997	2.499999999999998	0.1950922115531171	0.9609815576893765	2.068113335249342
0	0	0.8005407251067006	2.077042528183749	0	0.2781989797137236	0	0	0	0	0	0
0	7	0.2101696320228904	2.781640794325059	0	0.07024831191575222	0	2.516500338318661	2.516500338318661	0.6005771834049617	0.3994228165950383	2.081763163134523
4	0	0.9408572558201622	2.058442313301188	1	0.3136923252037102	4.251441943244757	0	-4.251441943244757	1	0.009683125786953517	-3.516985510745146
2	6	0.9153311850876011	1.990476136838529	0.25	0.3150006465263048	2.185001486438585	3.014354148213902	0.8293526617753169	0.5138351672232924	0.7731912640197873	0.6860781197768285
3	0	1.000000000000001	2.000000000000002	1	0.3333333333333333	2.999999999999997	0	-2.999999999999997	1	0.03703703703703698	-2.48173600229921
0	5	0.8014881679385849	2.194377094491349	0	0.2675314467542179	0	2.278550943933812	2.278550943933812	0.2108360738416289	0.7891639261583711	1.884920636877798
0	2	0.8008861188189285	2.199113881181074	0	0.2669620396063093	0	0.9094572214358737	0.9094572214358737	0.5373446513781421	0.4626553486218579	0.7523442429961382
4	0	0.8005407251067005	2.199459274893302	1	0.2668469083688999	4.996622750787423	0	-4.996622750787423	1	0.005070475657749429	-4.133432856845491
1	0	0.8005407251067005	2.199459274893302	1	0.2668469083688999	1.249155687696856	0	-1.249155687696856	1	0.2668469083688999	-1.033358214211373
0	0	0.8005407251067006	2.199459274893302	0	0.2668469083688999	0	0	0	0	0	0
0	0	0.8005407251067005	2.199459274893302	0	0.2668469083688999	0	0	0	0	0	0
1	3	0.8986768918744376	2.000196375527681	0.25	0.3100090307431081	1.112746982860798	1.499852732814075	0.3871057499532766	0.6340063756994961	0.7733406564885846	0.3202314254520278
6	0	1.64388926713578	1.191087218383593	1	0.5798599302436953	3.649880876985141	0	-3.649880876985141	1	0.03801356439741377	-3.019346925505816
0	0	0.8005407251067006	2.199459274893302	0	0.2668469083688999	0	0	0	0	0	0
0	0	0	1.267847564993238	0	0	0	0	0	0	0	0
3	0	1.666738321575836	1.210729890671443	1	0.579237787747489	1.799922616025062	0	-1.799922616025062	1	0.1943437858354264	-1.488977585847326
2	0	1.000000000000001	2.000000000000002	1	0.3333333333333333	1.999999999999998	0	-1.999999999999998	1	0.1111111111111109	-1.654490668199473
5	2	0.8007750704970352	2.195897332378816	0.7142857142857143	0.2672214252477335	6.243950622609338	0.9107893937069449	-5.333161228902394	0.9980350403579095	0.01732955758960486	-4.411832742611127
1	4	1.581848253785804	1.218852301711307	0.2	0.5648044917479704	0.6321718898173203	3.281775810230555	2.649603920413234	0.1169098283430091	0.9843893128104125	2.19187248037422
4	6	0.8049048489662324	2.17876906827362	0.4	0.2697697105288357	4.969531498210429	2.753848531893372	-2.215682966317057	0.8966362416810501	0.2720000711131159	-1.832913395730051
0	2	0.8062598293517332	2.139594391939982	0	0.2736930509067076	0	0.9347566097266634	0.9347566097266634	0.5275217843012063	0.4724782156987937	0.7732730439152715
1	10	0.8702558398295666	2.055318210665499	0.09090909090909091	0.2974649845838979	1.14908737664529	4.865426651750466	3.716339275105176	0.1164068734758846	0.9794246266152136	3.074324325262358
1	0	0.8005407251067006	2.000000000000002	1	0.2858521991592175	1.249155687696855	0	-1.249155687696855	1	0.2858521991592176	-1.033358214211372
1	1	1.000000000000001	1.999029624836911	0.5	0.3334411876822928	0.9999999999999989	0.5002427115514028	-0.4997572884485961	0.888816974357022	0.5556993497216076	-0.4134218850514378
1	0	1.000000000000001	2.000000000000002	1	0.3333333333333333	0.9999999999999989	0	-0.9999999999999989	1	0.3333333333333333	-0.8272453340997366
4	0	1.665162524468333	1.209355361324934	1	0.5792841062837241	2.402167921282731	0	-2.402167921282731	1	0.1126072757676746	-1.987182204605205
6	0	0.8005407251067005	2.199459274893303	1	0.2668469083688998	7.494934126181135	0	-7.494934126181135	1	0.000361054741896405	-6.200149285268236
6	1	0.9989625162484514	2.001037483751551	0.8571428571428571	0.3329875054161502	6.006231367451773	0.4997407635389202	-5.506490603912852	0.9995460630185105	0.006818954990804538	-4.555218659350952
2	0	1.000000000000001	2.000000000000002	1	0.3333333333333333	1.999999999999998	0	-1.999999999999998	1	0.1111111111111109	-1.654490668199473
0	2	0.001894202638388158	2.998105797361615	0	0.0006314008794627187	0	0.6670878665322734	0.6670878665322734	0.9987375969081452	0.001262403091854769	0.5518453250233716
2	0	1.000000000000001	2.000000000000002	1	0.3333333333333333	1.999999999999998	0	-1.999999999999998	1	0.1111111111111109	-1.654490668199474
0	0	0.8005407251067006	2.199459274893302	0	0.2668469083688999	0	0	0	0	0	0
1	4	0.8007152588586746	2.198970046314987	0.2	0.2669330871067219	1.248883406350195	1.819033418260136	0.5701500119099407	0.5971298669243239	0.7883013493136025	0.4716539370894082
1	2	0.8251950071428159	2.107843101608879	0.3333333333333333	0.2813447955826323	1.211834767956771	0.9488372253482414	-0.2629975426085293	0.8070749529400969	0.6288395222157954	-0.2175634900026027
1	0	0.8238252658417166	1.45010597942796	1	0.3622911939644047	1.213849637129401	0	-1.213849637129401	1	0.3622911939644047	-1.004151448613956
1	0	0.8005407251067005	2.199459274893302	1	0.2668469083688999	1.249155687696856	0	-1.249155687696856	1	0.2668469083688999	-1.033358214211373
1	0	0.8005407251067006	2.199459274893302	1	0.2668469083688999	1.249155687696855	0	-1.249155687696855	1	0.2668469083688999	-1.033358214211372
0	0	0.8237291585439929	2.075074142618166	0	0.2841617981508961	0	0	0	0	0	0
5	0	1.667342013914935	1.210718309102462	1	0.5793283763305112	2.998784867335019	0	-2.998784867335019	0.9999999999999997	0.06525653456098313	-2.480730789471794
2	0	0.8005407251067006	2.000000000000002	1	0.2858521991592175	2.498311375393711	0	-2.498311375393711	1	0.08171147976416093	-2.066716428422745
0	1	0.9230106961790644	2.076989303820939	0	0.3076702320596878	0	0.4814661289590406	0.4814661289590406	0.6923297679403122	0.3076702320596878	0.3982906087084288
0	0	0	1.267847564993238	0	0	0	0	0	0	0	0
0	0	1.000000000000001	1.996892991681203	0	0.3336789143876034	0	0	0	0	0	0
5	1	0.9998402209217323	2.000159779078271	0.8333333333333334	0.3332800736405771	5.000799023058506	0.4999600584213466	-4.500838964637159	0.9986295724164755	0.01781950059747583	-3.723298033030384
4	3	0.8010922761795821	2.198907723820421	0.5714285714285714	0.2670307587265272	4.993182582006712	1.364313730631564	-3.628868851375148	0.982725192844057	0.08735099263459289	-3.001964825359965
4	0	0.8005407251067006	2.199459274893303	1	0.2668469083688999	4.996622750787422	0	-4.996622750787422	1	0.005070475657749429	-4.13343285684549
7	0	1.000000000000001	2.000000000000002	1	0.3333333333333333	6.999999999999994	0	-6.999999999999994	1	0.0004572473708274183	-5.790717338698157
6	4	1.000000000000001	1.999814688873293	0.6	0.3333539247304615	5.999999999999995	2.000185328298405	-3.99981467170159	0.9803313319401116	0.07658462434754287	-3.308828024428813
8	0	1.000000000000001	2.000000000000002	1	0.3333333333333333	7.999999999999993	0	-7.999999999999993	1	0.000152415790275473	-6.617962672797894
1	2	0.80074782361955	2.199252176380453	0.3333333333333333	0.2669159412065164	1.248832616840328	0.9094000321925866	-0.3394325846477413	0.8243000235038995	0.6060316558662582	-0.2807940218912582
4	0	0.8536599712084679	2.061259214052059	1	0.2928588811398455	4.685706411110591	0	-4.685706411110591	0.9999999999999997	0.007355862377497524	-3.876228765552462
1	0	0.8005407251067006	2.199459274893302	1	0.2668469083688999	1.249155687696855	0	-1.249155687696855	1	0.2668469083688999	-1.033358214211372
0	0	0.8237291585439929	1.37573011634931	0	0.3745143944908698	0	0	0	0	0	0
0	1	0.9238370087675983	2.076162991232405	0	0.3079456695891991	0	0.4816577524129754	0.4816577524129754	0.6920543304108009	0.3079456695891991	0.3984491283166005
3	3	0.8012998266497793	2.198562291352491	0.5	0.2671122188720451	3.743916946223423	1.364528088105472	-2.379388858117951	0.9526425266969878	0.1974032251162265	-1.968338330886978
4	2	1.798184360646881	1.201180365093445	0.6666666666666666	0.5995217404589032	2.22446601557642	1.665028881690396	-0.5594371338860245	0.7674630481464932	0.5433282818030564	-0.4627917587293439
1	1	0.8005407251067007	2.00020687362455	0.5	0.2858310850536295	1.249155687696855	0.4999482869428964	-0.7492074007539591	0.9183005908170647	0.4899627609243239	-0.6197783265467047
0	1	1.000000000000001	2.000000000000002	0	0.3333333333333333	0	0.4999999999999994	0.4999999999999994	0.6666666666666667	0.3333333333333333	0.4136226670498683
3	3	0.8377421104847727	1.367503643339594	0.5	0.3798860553441489	3.581054315467087	2.193778433140896	-1.387275882326191	0.847428805688613	0.4140307653268551	-1.147617500763438
1	4	1.000000000000001	1.881244406459081	0.2	0.3470722573059866	0.9999999999999987	2.126252169184591	1.126252169184593	0.434057607034266	0.8813341894167058	0.9316868519776623
2	1	1.000000000000001	1.813600320960999	0.6666666666666666	0.3554165076503992	1.999999999999998	0.5513894039620125	-1.448610596037986	0.9551034690430869	0.2891696198173924	-1.198356356499863
2	1	0.9998782360813239	1.933321769176856	0.6666666666666666	0.3408830745564228	2.000243557493867	0.517244473187599	-1.482999084306268	0.9603889536381068	0.2693817188333336	-1.226804072966543
0	1	0.8987514271502788	2.00005187401188	0	0.3100422256280584	0	0.4999870318333853	0.4999870318333853	0.6899577743719416	0.3100422256280584	0.4136119391945449
2	2	0.9137773981255563	2.086222601874448	0.5	0.3045924660418517	2.188716862665488	0.9586704689149769	-1.230046393750511	0.9127862985896033	0.3564095433673905	-1.017550139956319
1	2	0.9985751082188342	2.001356020091674	0.3333333333333333	0.3328660110877974	1.001426924994863	0.9993224493403168	-0.002104475654546523	0.7413636184739235	0.7030801704941017	-0.001740917665950102
2	0	1.000000000000001	2.000000000000001	1	0.3333333333333334	1.999999999999999	0	-1.999999999999999	1	0.111111111111111	-1.654490668199474
1	0	1.000000000000001	2.000000000000002	1	0.3333333333333333	0.9999999999999989	0	-0.9999999999999989	1	0.3333333333333333	-0.8272453340997366
2	0	1.000000000000001	2.000000000000002	1	0.3333333333333333	1.999999999999998	0	-1.999999999999998	1	0.1111111111111109	-1.654490668199473
0	2	0.823781063877246	2.074780576592806	0	0.2842033967384098	0	0.963957356533764	0.963957356533764	0.5123647772408304	0.4876352227591696	0.7974292254636733
2	2	0.9000859750591537	1.999397314122595	0.5	0.3104297853405333	2.222009958402651	1.000301433773642	-1.22170852462901	0.908199278723462	0.3667388725691919	-1.010652676629222
1	0	0.8005407251067006	2.199459274893302	1	0.2668469083688999	1.249155687696855	0	-1.249155687696855	1	0.2668469083688999	-1.033358214211372
0	0	0.8237291585439929	1.37573011634931	0	0.3745143944908698	0	0	0	0	0	0
3	0	0.8239787754299546	1.375480499463348	1	0.3746278846058318	3.640870480473955	0	-3.640870480473955	1	0.05257754454515839	-3.011893117033549
2	2	1.000000000000001	2.000000000000001	0.5	0.3333333333333334	1.999999999999999	0.9999999999999993	-0.9999999999999993	0.8888888888888888	0.4074074074074074	-0.8272453340997369
2	0	1.000000000000001	2.000000000000001	1	0.3333333333333334	1.999999999999999	0	-1.999999999999999	1	0.111111111111111	-1.654490668199474
0	6	0.9233162114611427	2.07668378853886	0	0.3077720704870474	0	2.889221764581481	2.889221764581481	0.1100258436918295	0.8899741563081704	2.39009522392944
2	0	1.000000000000002	2.000000000000003	1	0.3333333333333334	1.999999999999997	0	-1.999999999999997	1	0.111111111111111	-1.654490668199472
4	1	0.8005407251067006	2.199459274893302	0.8	0.2668469083688999	4.996622750787422	0.4546572020745921	-4.54196554871283	0.9986469592467696	0.01994021527582657	-3.757319807814442
5	4	0.9214639342559351	2.078536065744069	0.5555555555555556	0.307154644751978	5.426148343003144	1.92443136586523	-3.501716977137913	0.971564179362348	0.1078140157514663	-2.896779030675176
1	0	1.000000000000001	1.933385067128364	1	0.3409030785647758	0.9999999999999987	0	-0.9999999999999987	1	0.3409030785647758	-0.8272453340997363
3	2	0.9995153875842742	2.000277484876402	0.6	0.3331948004678035	3.001454542136356	0.9998612768085927	-2.001593265327763	0.9548008860460483	0.2096713519913329	-1.65580868950785
2	0	0.8989500722791413	2.000203967585741	1	0.3100732351293199	2.224817664154947	0	-2.224817664154947	1	0.09614541114356245	-1.840470031894857
1	6	0.9990298064588597	2.000970193541143	0.1428571428571428	0.3330099354862863	1.000971135730754	2.998545415302625	1.997574279571871	0.263971142626718	0.9412733060104147	1.652484002293475
3	0	0.900903349705206	1.996916385898565	1	0.3108900593906335	3.329990948509251	0	-3.329990948509251	0.9999999999999999	0.03004834157874836	-2.754719474748637
1	6	0.480732846495656	2.519267153504348	0.1428571428571428	0.1602442821652184	2.080157424834994	2.381644992137451	0.3014875673024568	0.6878575905749892	0.7055098405210994	0.249404183340038
1	1	0.9408785204535058	2.058525945997508	0.5	0.3136884441486419	1.062836464284462	0.4857845012565174	-0.5770519630279447	0.9015995600076046	0.5289764483048881	-0.4773635439479615
2	14	0.800613079833732	2.199142371832978	0.125	0.2668927826729673	2.498085592625281	6.366118073715731	3.868032481090449	0.1582224246790323	0.952490885750248	3.199811822128305
3	1	0.9214687487148112	2.078531251285193	0.75	0.3071562495716034	3.255671995587646	0.4811089558464335	-2.774563039741212	0.9910990282110914	0.08921166297993488	-2.295244328791502
2	0	1.000000000000001	2.000000000000001	1	0.3333333333333334	1.999999999999999	0	-1.999999999999999	1	0.111111111111111	-1.654490668199474
1	0	0.8005407251067005	2.199459274893302	1	0.2668469083688999	1.249155687696856	0	-1.249155687696856	1	0.2668469083688999	-1.033358214211373
3	0	0.8990963427617028	2.000407239440626	1	0.3100863017657633	3.33668357585025	0	-3.33668357585025	0.9999999999999997	0.0298158877263478	-2.760255919489346
0	0	0.2902237365661348	2.709776263433867	0	0.09674124552204486	0	0	0	0	0	0
1	0	0.8005407251067005	2.199459274893302	1	0.2668469083688999	1.249155687696856	0	-1.249155687696856	1	0.2668469083688999	-1.033358214211373
1	0	0.9229574718162542	2.077042528183749	1	0.3076524906054177	1.083473540803713	0	-1.083473540803713	1	0.3076524906054177	-0.896298431250393
2	0	0.8005407251067006	2.000000000000002	1	0.2858521991592175	2.498311375393711	0	-2.498311375393711	1	0.08171147976416093	-2.066716428422745
0	0	0	1.267847564993238	0	0	0	0	0	0	0	0
0	0	1.000000000000001	2.000000000000002	0	0.3333333333333333	0	0	0	0	0	0
0	2	0.1768394115449806	2.823160588455023	0	0.05894647051499346	0	0.7084258714076559	0.7084258714076559	0.8855817453561881	0.1144182546438119	0.586041996677524
0	0	1.000000000000001	2.000000000000003	0	0.3333333333333333	0	0	0	0	0	0
0	0	0.8237291585439929	2.075074142618166	0	0.2841617981508961	0	0	0	0	0	0
3	0	1.000000000000001	2.000000000000002	1	0.3333333333333333	2.999999999999997	0	-2.999999999999997	1	0.03703703703703698	-2.48173600229921
5	0	1.000000000000001	1.933640840944282	1	0.3408733564256352	4.999999999999996	0	-4.999999999999996	0.9999999999999999	0.004602197844512323	-4.136226670498684
1	0	0.8005407251067007	2.199459274893302	1	0.2668469083689	1.249155687696855	0	-1.249155687696855	1	0.2668469083689	-1.033358214211372
0	4	0.176831685909136	2.823099409588927	0	0.05894524916739047	0	1.416882447147847	1.416882447147847	0.7842590991018552	0.2157409008981448	1.172109393370874
0	0	1.000000000000001	2.000000000000002	0	0.3333333333333333	0	0	0	0	0	0
1	1	1.666170580314932	1.211187980402257	0.5	0.5790625482211833	0.6001786442604119	0.8256356702515179	0.225457025991106	0.6646865652475896	0.8228116616899563	0.1865082727911456
1	0	0.9229574718162543	2.07704252818375	1	0.3076524906054177	1.083473540803713	0	-1.083473540803713	1	0.3076524906054177	-0.896298431250393
2	3	0.8005407251067006	2.199459274893302	0.4	0.2668469083688999	2.498311375393711	1.363971606223776	-1.134339769169935	0.8779244851306748	0.4026888864813505	-0.9383772813296016
2	1	0.8005407251067006	2.199459274893303	0.6666666666666666	0.2668469083688999	2.498311375393711	0.454657202074592	-2.043654173319119	0.9809985594783814	0.175618936474883	-1.690603379391697
0	2	0.9995328128058532	2.000362150007758	0	0.3331892700231038	0	0.9998189577783421	0.9998189577783421	0.4446365496123211	0.5553634503876789	0.8270955677665959
4	0	1.000000000000001	1.999605931417801	1	0.3333771244835945	3.999999999999996	0	-3.999999999999996	0.9999999999999998	0.01235216786871762	-3.308981336398946
4	0	0.8005407251067006	2.199459274893303	1	0.2668469083688999	4.996622750787422	0	-4.996622750787422	1	0.005070475657749429	-4.13343285684549
0	0	1.800540725106702	1.199459274893302	0	0.6001802417022333	0	0	0	0	0	0
0	0	0.9229574718162541	2.077042528183749	0	0.3076524906054177	0	0	0	0	0	0
2	0	1.000000000000001	2.000000000000002	1	0.3333333333333333	1.999999999999998	0	-1.999999999999998	1	0.1111111111111109	-1.654490668199473
1	0	1.000000000000001	2.000000000000002	1	0.3333333333333333	0.9999999999999991	0	-0.9999999999999991	1	0.3333333333333333	-0.8272453340997368
2	0	0.9441307464014292	2.055483313198486	1	0.3147507404760452	2.118350670839854	0	-2.118350670839854	1	0.0990680286302188	-1.752395708439318
1	0	1.000000000000001	2.000000000000002	1	0.3333333333333333	0.9999999999999989	0	-0.9999999999999989	1	0.3333333333333333	-0.8272453340997366
2	0	0.8005407251067006	2.000000000000002	1	0.2858521991592175	2.498311375393711	0	-2.498311375393711	1	0.08171147976416093	-2.066716428422745
1	0	0.8005407251067005	2.199459274893302	1	0.2668469083688999	1.249155687696856	0	-1.249155687696856	1	0.2668469083688999	-1.033358214211373
1	0	0.8237956465629916	2.075007654599168	1	0.2841847345188008	1.213893280660272	0	-1.213893280660272	1	0.2841847345188008	-1.004187552521233
0	2	0.1769139497109854	2.822879335544035	0	0.05897538026389225	0	0.7084964542469729	0.7084964542469729	0.8855273349494862	0.1144726650505138	0.5861003860020165
0	7	1.122194095437848	1.087299734655114	0	0.507896460335729	0	6.437967173992151	6.437967173992151	0.006988684295673695	0.9930113157043263	5.325778305772279
1	3	0.8012320720131748	2.198767927986828	0.25	0.2670773573377246	1.248077847766879	1.364400472562274	0.1163226247953948	0.7091597655596749	0.71144237462814	0.09622734861222478
7	0	1.000000000000001	1.999003628913283	1	0.3334440780127898	6.999999999999994	0	-6.999999999999994	0.9999999999999999	0.000458311823283708	-5.790717338698157
1	1	0.8237730929295891	2.075065704821547	0.5	0.2841734744162582	1.213926515181133	0.4819124510980237	-0.7320140640831097	0.9192454364381923	0.4875923852707086	-0.6055552190081387
1	1	0.8006095496081189	2.199390450391885	0.5	0.2668698498693727	1.249048303869818	0.4546714294507467	-0.7943768744190713	0.9287804832306985	0.4625201829694439	-0.6571445628799099
1	0	1.000000000000001	1.800747684348759	1	0.3570475147005342	0.9999999999999989	0	-0.9999999999999989	1	0.3570475147005342	-0.8272453340997366
0	3	0.1796947155667777	2.820305284433226	0	0.05989823852225915	0	1.063714632794756	1.063714632794756	0.8308537785284725	0.1691462214715275	0.8799529667930778
0	2	0.0006708806509907695	2.999329119349012	0	0.0002236268836635896	0	0.6668157846025543	0.6668157846025543	0.9995527962416558	0.0004472037583441724	0.5516202465165186
3	2	0.8989347023695886	2.000430690741386	0.6	0.3100453307835911	3.337283555848952	0.9997847009929515	-2.337498854856	0.9652569707228782	0.1766215664763117	-1.933685021143106
0	0	1.000000000000001	1.800540725106702	0	0.3570739004203912	0	0	0	0	0	0
2	0	0.8005407251067005	2.199459274893302	1	0.2668469083688999	2.498311375393711	0	-2.498311375393711	1	0.07120727250603998	-2.066716428422745
0	2	1.000000000000001	1.999931080731828	0	0.3333409912057222	0	1.000034460821593	1.000034460821593	0.4444342340065691	0.555565765993431	0.8272738416536098
1	2	1.000000000000001	2.000000000000002	0.3333333333333333	0.3333333333333333	0.9999999999999989	0.9999999999999989	0	0.7407407407407408	0.7037037037037037	0
1	0	0.9219242811123139	2.078075718887689	1	0.3073080937041043	1.084687778039089	0	-1.084687778039089	1	0.3073080937041044	-0.8973029033378478
1	3	0.9984764965646208	2.000919417876643	0.25	0.3328925307116783	1.001525828039639	1.49931075344532	0.4977849254056803	0.5933762413550395	0.8019461846853824	0.4117902569270349
1	3	0.8240023842769264	2.074800916885233	0.25	0.2842560528155103	1.213588721442249	1.445921859579525	0.2323331381372762	0.6793508614060303	0.7375595727672541	0.1921965044808115
2	0	0.8005407251067007	2.077042528183749	1	0.2781989797137236	2.498311375393711	0	-2.498311375393711	1	0.07739467231375685	-2.066716428422745
1	2	0.838065043358642	2.103881202720701	0.3333333333333333	0.284867558160014	1.193224807459317	0.9506240168948875	-0.2426007905644297	0.8027851573833278	0.6342709646336324	-0.2006903720433321
0	0	1.000000000000001	1.998343002263728	0	0.3335175459395431	0	0	0	0	0	0
1	5	0.8490195614436565	2.093187102499471	0.1666666666666667	0.2885655762555461	1.177829163676299	2.388701895797805	1.210872732121506	0.445212392763763	0.8703390343145644	1.001688817836117
0	0	0.8005407251067006	2.077042528183749	0	0.2781989797137236	0	0	0	0	0	0
2	0	0.9211487509455456	2.078851249054457	1	0.3070495836485149	2.171201988763519	0	-2.171201988763519	0.9999999999999999	0.09427944681872646	-1.796116714592692
4	0	1.000000000000001	2.000000000000002	1	0.3333333333333333	3.999999999999996	0	-3.999999999999996	1	0.01234567901234551	-3.308981336398946
1	0	1.000000000000001	2.000000000000002	1	0.3333333333333333	0.9999999999999989	0	-0.9999999999999989	1	0.3333333333333333	-0.8272453340997366
0	0	0.8005407251067006	2.199459274893303	0	0.2668469083688999	0	0	0	0	0	0
0	0	1.000000000000001	1.933177092281482	0	0.3409272500564162	0	0	0	0	0	0
1	0	0.8005407251067006	2.199459274893303	1	0.2668469083688999	1.249155687696855	0	-1.249155687696855	1	0.2668469083688999	-1.033358214211372
4	0	0.922957471816254	2.077042528183749	1	0.3076524906054177	4.333894163214852	0	-4.333894163214852	0.9999999999999998	0.00895863290690635	-3.585193725001572
1	2	1.000000000000001	2.000000000000002	0.3333333333333333	0.3333333333333333	0.9999999999999989	0.9999999999999989	0	0.7407407407407408	0.7037037037037037	0
1	1	0.8006095903879886	2.199390409612014	0.5	0.2668698634626626	1.249048240248263	0.4546714378810109	-0.7943768023672523	0.9287804759754199	0.462520202900745	-0.6571445032753788
1	2	0.8006095938800363	2.199114091203926	0.3333333333333333	0.2668944469322437	1.249048234800245	0.9094571345796254	-0.3395911002206191	0.8243252578005625	0.6059970009921101	-0.2809251531593035
0	1	0.8242621058271793	2.07454119533498	0	0.2843456489430395	0	0.4820342937747872	0.4820342937747872	0.7156543510569605	0.2843456489430395	0.3987606204012548
2	0	1.000000000000001	2.000000000000002	1	0.3333333333333333	1.999999999999998	0	-1.999999999999998	1	0.1111111111111109	-1.654490668199473
2	0	0.8005407251067003	2.199459274893302	1	0.2668469083688998	2.498311375393712	0	-2.498311375393712	1	0.07120727250603998	-2.066716428422746
1	0	0.8238170849460926	1.37564218994721	1	0.3745543708628369	1.213861691233845	0	-1.213861691233845	1	0.3745543708628369	-1.004161420315614
1	0	0.8005407251067006	2.199459274893302	1	0.2668469083688999	1.249155687696855	0	-1.249155687696855	1	0.2668469083688999	-1.033358214211372
3	1	0.9982832634982454	2.001716736501758	0.75	0.3327610878327481	3.005159066262632	0.4995711839566376	-2.505587882305994	0.9877388800386571	0.110603103373428	-2.072735884814476
2	0	0.8005407251067006	2.199459274893303	1	0.2668469083688999	2.498311375393711	0	-2.498311375393711	1	0.07120727250603998	-2.066716428422745
3	1	0.9405743791300027	2.058130383009157	0.75	0.3136602145717852	3.189540419732559	0.4858778667549319	-2.703662552977627	0.9903208383973673	0.09439750825740889	-2.236592231930926
3	1	0.9183609165524168	2.081639083447586	0.75	0.306120305517472	3.266689539949265	0.4803906728844714	-2.786298867064794	0.9912185030992919	0.08840120558043729	-2.304952737186735
1	1	0.9991460504942759	2.000853949505728	0.5	0.3330486834980915	1.00085467935874	0.4997866037383841	-0.501068075620356	0.8890785744201881	0.5551759414163711	-0.4145062276232739
4	0	0.8005407251067004	2.000000000000002	1	0.2858521991592175	4.996622750787424	0	-4.996622750787424	1	0.006676765925248906	-4.133432856845491
0	0	1.000000000000001	2.000000000000002	0	0.3333333333333333	0	0	0	0	0	0
4	5	0.9999310909416901	2.000068909058314	0.4444444444444444	0.3333103636472297	4.000275655228382	2.499913866644792	-1.50036178858359	0.8551894810467288	0.3496361659227183	-1.241167289067311
2	0	0.8005407251067006	2.07704252818375	1	0.2781989797137235	2.498311375393711	0	-2.498311375393711	0.9999999999999999	0.07739467231375685	-2.066716428422745
1	0	1.000000000000001	2.000000000000002	1	0.3333333333333333	0.9999999999999989	0	-0.9999999999999989	1	0.3333333333333333	-0.8272453340997366
2	0	0.8989725435456072	1.999382061401541	1	0.3101665137906754	2.224762051254499	0	-2.224762051254499	0.9999999999999998	0.09620326627706144	-1.840424026382446
0	1	0.8005407251067005	2.00034529145491	0	0.2858169594810754	0	0.4999136920369736	0.4999136920369736	0.7141830405189246	0.2858169594810754	0.4135512691901595
5	2	0.9997072181884601	2.000292781811543	0.7142857142857143	0.333235739396153	5.00146433778917	0.9998536305213891	-4.001610707267782	0.9931525274239296	0.04521128744197345	-3.310313786470823
3	1	0.8660441499863127	2.033111398541223	0.75	0.2987228989579988	3.464026631953363	0.4918569640195364	-2.972169667933827	0.9920370486763797	0.08273774012549429	-2.458713489951024
3	0	0.8177458349364808	1.597920591191431	1	0.3385176968523966	3.668621559207364	0	-3.668621559207364	0.9999999999999999	0.03879217517853506	-3.034850067431996
3	2	0.8008842580066629	2.199045865861394	0.6	0.2669676375575097	3.745859617052233	0.9094853504642909	-2.836374266587942	0.9800261271798241	0.1222141815667133	-2.34637737779544
4	0	1.000000000000001	2.000000000000002	1	0.3333333333333333	3.999999999999996	0	-3.999999999999996	1	0.01234567901234551	-3.308981336398946
4	0	1.800355494021001	1.199475190369196	1	0.6001523697284854	2.221783427375338	0	-2.221783427375338	1	0.1297316976016157	-1.837959973676371
3	0	0.8238610606188017	2.074942240543358	1	0.2842073004016891	3.641390694866318	0	-3.641390694866318	0.9999999999999999	0.02295650068588939	-3.012323461962362
0	0	1.667453034239188	1.210894471787243	0	0.5793091455246528	0	0	0	0	0	0
1	0	1.000000000000001	2.000000000000002	1	0.3333333333333333	0.9999999999999989	0	-0.9999999999999989	1	0.3333333333333333	-0.8272453340997366
1	0	1.000000000000001	2.000000000000002	1	0.3333333333333333	0.9999999999999989	0	-0.9999999999999989	1	0.3333333333333333	-0.8272453340997366
5	0	1.000000000000001	1.946088367263932	1	0.3394331314402197	4.999999999999996	0	-4.999999999999996	0.9999999999999999	0.004505792145875875	-4.136226670498684
0	0	0	3.000000000000004	0	0	0	0	0	0	0	0
2	0	1.091017943445106	1.213007471751366	1	0.4735268700810191	1.833150418850676	0	-1.833150418850676	1	0.2242276966887263	-1.516465130697201
1	0	0.8005407251067005	2.199459274893302	1	0.2668469083688999	1.249155687696856	0	-1.249155687696856	1	0.2668469083688999	-1.033358214211373
3	0	1.000000000000001	2.000000000000002	1	0.3333333333333333	2.999999999999997	0	-2.999999999999997	1	0.03703703703703698	-2.48173600229921
1	0	1.000000000000001	2.000000000000002	1	0.3333333333333333	0.9999999999999991	0	-0.9999999999999991	1	0.3333333333333333	-0.8272453340997368
1	0	0.8660322944251517	2.067005814326542	1	0.2952679993625233	1.154691350931402	0	-1.154691350931402	1	0.2952679993625233	-0.9552130323833247
4	0	0.8256530626956802	2.073150238466479	1	0.2848254872500896	4.844649866543671	0	-4.844649866543671	1	0.006581356191192822	-4.007713997445167
0	1	0.824038562977351	1.375420711915951	0	0.3746550674448499	0	0.7270502700275664	0.7270502700275664	0.6253449325551501	0.3746550674448499	0.6014489435362584
2	0	1.000000000000001	2.000000000000002	1	0.3333333333333333	1.999999999999998	0	-1.999999999999998	1	0.1111111111111109	-1.654490668199474
0	0	0.8988033011621571	2.000000000000002	0	0.310060120602808	0	0	0	0	0	0
1	0	1.000000000000001	1.999815068708888	1	0.3333538825212976	0.9999999999999989	0	-0.9999999999999989	1	0.3333538825212976	-0.8272453340997366
0	1	0.1782728379442143	2.821451390624842	0	0.05942974232309846	0	0.3544275132021817	0.3544275132021817	0.9405702576769015	0.0594297423230985	0.2931985065730779
0	0	0.8005407251067005	2.199459274893302	0	0.2668469083688999	0	0	0	0	0	0
6	0	1.000000000000001	1.999581549946774	1	0.3333798342697985	5.999999999999994	0	-5.999999999999994	1.000000000000001	0.001372890684260164	-4.96347200459842
2	0	1.000000000000001	2.000000000000002	1	0.3333333333333333	1.999999999999998	0	-1.999999999999998	1	0.1111111111111109	-1.654490668199473
2	0	0.3236257506800736	2.676374249319929	1	0.1078752502266911	6.179977939941924	0	-6.179977939941924	1	0.01163706961147115	-5.112357915656265
6	0	1.000000000000001	2.000000000000002	1	0.3333333333333333	5.999999999999995	0	-5.999999999999995	1	0.001371742112482699	-4.963472004598421
3	0	1.000000000000001	2.000000000000002	1	0.3333333333333333	2.999999999999997	0	-2.999999999999997	1	0.03703703703703698	-2.48173600229921
2	0	0.8005407251067007	2.199459274893303	1	0.2668469083688999	2.498311375393711	0	-2.498311375393711	1	0.07120727250603998	-2.066716428422745
1	0	0.1767872356010924	2.823212764398911	1	0.05892907853369741	5.656516979859494	0	-5.656516979859494	1	0.05892907853369744	-4.679327278844705
0	0	0.8237291585439929	2.109308950207701	0	0.2808450241700314	0	0	0	0	0	0
1	0	0.8005407251067004	2.199459274893302	1	0.2668469083688999	1.249155687696856	0	-1.249155687696856	1	0.2668469083688999	-1.033358214211373
3	0	1.000000000000001	1.999930516684188	1	0.3333410538805736	2.999999999999997	0	-2.999999999999997	1	0.03703961061239103	-2.48173600229921
0	0	0	1.267847564993238	0	0	0	0	0	0	0	0
3	0	0.8650798317318623	2.067958277019832	1	0.2949432634886703	3.467888037563071	0	-3.467888037563071	0.9999999999999998	0.02565756536396524	-2.868794198254346
2	0	1.000000000000001	1.933547955507812	1	0.3408841495576969	1.999999999999998	0	-1.999999999999998	1	0.1162020034196742	-1.654490668199473
0	0	0	3.000000000000004	0	0	0	0	0	0	0	0
1	5	0.9349704835926859	2.060340551442937	0.1666666666666667	0.3121447063949292	1.069552480584664	2.426783279345885	1.357230798761222	0.3943193705295803	0.8940788948892759	1.12276284557168
3	0	0.8005407251067005	2.199459274893302	1	0.2668469083688999	3.747467063090567	0	-3.747467063090567	1	0.01900144052161856	-3.100074642634118
1	0	1.000000000000001	2.000000000000002	1	0.3333333333333333	0.9999999999999991	0	-0.9999999999999991	1	0.3333333333333333	-0.8272453340997368
0	0	0	1.267847564993238	0	0	0	0	0	0	0	0
4	0	0.8005407251067003	2.000000000000002	1	0.2858521991592174	4.996622750787425	0	-4.996622750787425	1	0.006676765925248684	-4.133432856845492
1	0	1.000000000000001	1.999953711963753	1	0.3333384765278283	0.9999999999999989	0	-0.9999999999999989	1	0.3333384765278282	-0.8272453340997366
0	0	0.8005407251067006	2.199459274893302	0	0.2668469083688999	0	0	0	0	0	0
5	1	0.9407612565709812	2.058362961486973	0.8333333333333334	0.3136786568914307	5.314844722905259	0.4858229664595182	-4.829021756445741	0.9990474016643073	0.01345817156801876	-3.994785716285858
3	0	0.8005407251067007	2.199459274893302	1	0.2668469083689	3.747467063090566	0	-3.747467063090566	0.9999999999999998	0.01900144052161878	-3.100074642634117
0	1	0.8247429662464899	1.375547169358395	0	0.3748337334702265	0	0.726983430503831	0.726983430503831	0.6251662665297735	0.3748337334702265	0.6013936508521149
3	0	0.8005407251067005	2.199459274893302	1	0.2668469083688999	3.747467063090567	0	-3.747467063090567	1	0.01900144052161856	-3.100074642634118
1	0	1.000000000000001	2.000000000000002	1	0.3333333333333333	0.9999999999999989	0	-0.9999999999999989	1	0.3333333333333333	-0.8272453340997366
3	0	0.8656811135834405	2.067356995168253	1	0.2951482665705547	3.465479323652634	0	-3.465479323652634	1	0.02571110315310055	-2.866801600910755
1	0	1.000000000000001	1.935469955685494	1	0.3406609555186129	0.9999999999999991	0	-0.9999999999999991	1	0.3406609555186129	-0.8272453340997368
0	2	0.8381711774129781	2.085214846670698	0	0.2867124527886116	0	0.9591337809594277	0.9591337809594277	0.5087791250068386	0.4912208749931614	0.7934389450761262
2	0	1.000000000000001	1.933177090997265	1	0.3409272502056825	1.999999999999998	0	-1.999999999999998	0.9999999999999998	0.1162313899328082	-1.654490668199474
0	0	0.8244622624415446	1.374997012451758	0	0.3748477054577607	0	0	0	0	0	0
0	0	1.000000000000001	2.000000000000002	0	0.3333333333333333	0	0	0	0	0	0
0	0	1.000000000000001	2.000000000000002	0	0.3333333333333333	0	0	0	0	0	0
2	0	0.8005407251067006	2.199459274893302	1	0.2668469083688999	2.498311375393711	0	-2.498311375393711	1	0.07120727250603998	-2.066716428422745
3	1	1.000973995765752	1.999026004234251	0.75	0.3336579985885837	2.997080855936701	0.5002436175826842	-2.496837238354016	0.9876061521139949	0.111399913264134	-2.065496955434834
1	0	0.823743767255104	2.075059533907055	1	0.2841668377170872	1.213969731549194	0	-1.213969731549194	1	0.2841668377170872	-1.004250796162381
0	0	0.8005407251067006	2.199459274893302	0	0.2668469083688999	0	0	0	0	0	0
0	0	1.000000000000001	2.000000000000002	0	0.3333333333333333	0	0	0	0	0	0
1	0	0.8237730449737327	1.37568622991957	1	0.3745343477722244	1.213926585849731	0	-1.213926585849731	1	0.3745343477722245	-1.004215104083814
3	1	1.000000000000001	1.999516728121937	0.75	0.3333870388601308	2.999999999999997	0.5001208471705353	-2.499879152829461	0.987646362690252	0.1111588551257202	-2.068013364991376
0	0	1.000000000000001	2.000000000000002	0	0.3333333333333333	0	0	0	0	0	0
4	0	0.9214095465994653	2.078590453400538	1	0.3071365155331547	4.341174903996074	0	-4.341174903996074	1	0.008898684546598701	-3.591216683841628
5	0	0.8005407251067005	2.199459274893302	1	0.2668469083688999	6.245778438484279	0	-6.245778438484279	0.9999999999999998	0.001353040753230395	-5.166791071056863
1	0	0.8238759379215148	1.375583336971787	1	0.3745811287919763	1.213774979911191	0	-1.213774979911191	1	0.3745811287919762	-1.004089688778535
2	0	0.9229574718162542	2.07704252818375	1	0.3076524906054177	2.166947081607426	0	-2.166947081607426	1	0.09465005497571655	-1.792596862500786
0	0	0.8005407251067006	2.199459274893303	0	0.2668469083688999	0	0	0	0	0	0
4	1	0.999860907785624	1.997985645217464	0.8	0.3335263797221425	4.000556446254846	0.5005040964101413	-3.500052349844704	0.9958728434082434	0.04536289029074114	-2.895401975513854
2	0	0.8659737940633759	2.032829507098783	1	0.2987349275186069	2.309538710883474	0	-2.309538710883474	1	0.08924255691954719	-1.910555122501076
2	1	1.79867382496706	1.201326175032943	0.6666666666666666	0.5995579416556861	1.111930341253855	0.832413395115259	-0.2795169461385962	0.7844770713502004	0.6473633189076103	-0.2312290894949613
3	0	0.8005407251067006	2.199459274893303	1	0.2668469083688999	3.747467063090567	0	-3.747467063090567	1	0.01900144052161856	-3.100074642634118
7	1	1.039390913084857	1.506144291213079	0.875	0.4083192058510632	6.734713486405583	0.663947010810352	-6.070766475595231	0.999227322147166	0.009729957138938206	-5.022013241345262
1	0	1.666499647797794	1.21087020958976	1	0.5791746387830922	0.6000601328187836	0	-0.6000601328187836	1	0.5791746387830922	-0.4963969450536074
1	0	0.922957471816254	2.077042528183749	1	0.3076524906054177	1.083473540803713	0	-1.083473540803713	1	0.3076524906054177	-0.8962984312503931
2	0	1.000000000000001	1.999559239938783	1	0.3333823138696901	1.999999999999998	0	-1.999999999999998	1	0.1111437672011085	-1.654490668199474
1	1	0.8239697361059477	2.074833565056212	0.5	0.2842447901779365	1.213636807494854	0.4819663691785841	-0.7316704383162702	0.9192048992567008	0.4876944796125738	-0.6052709561958443
2	0	1.000000000000001	2.000000000000002	1	0.3333333333333333	1.999999999999998	0	-1.999999999999998	1	0.1111111111111109	-1.654490668199473
4	0	0.8005407251067005	2.199459274893302	1	0.2668469083688999	4.996622750787423	0	-4.996622750787423	1	0.005070475657749429	-4.133432856845491
2	0	0.8658707298641349	2.067167378887559	1	0.2952129149909515	2.309813614226021	0	-2.309813614226021	1	0.08715066517745473	-1.910782535008527
2	0	0.8239497936691089	2.07485350749305	1	0.2842379106367028	2.427332363412403	0	-2.427332363412403	1	0.08079118984311817	-2.007999371942199
2	1	0.8006785455657057	2.199321454434297	0.6666666666666666	0.2668928485219016	2.497881342114562	0.4546856931640387	-2.043195648950523	0.980988743969764	0.1756728657159319	-1.690224067247205
2	0	0.8005407251067006	2.199459274893302	1	0.2668469083688999	2.498311375393711	0	-2.498311375393711	1	0.07120727250603998	-2.066716428422745
5	0	0.8657830847901847	1.333676190103118	1	0.3936345149342148	5.775118603999648	0	-5.775118603999648	0.9999999999999996	0.00945074091983289	-4.777439919031297
0	0	0.9229574718162541	2.077042528183749	0	0.3076524906054177	0	0	0	0	0	0
2	0	0.8242119671348124	2.108826141616882	1	0.2810096345749828	2.426560253611156	0	-2.426560253611156	0.9999999999999999	0.07896641472396548	-2.007360647711705
3	0	0.8240657739266515	2.074737527235507	1	0.2842779203391536	3.640486105502331	0	-3.640486105502331	1	0.02297361765832795	-3.011575144631728
0	0	0.8237291585439929	2.109308950207701	0	0.2808450241700314	0	0	0	0	0	0
1	0	0.8005407251067007	2.199459274893302	1	0.2668469083689	1.249155687696855	0	-1.249155687696855	1	0.2668469083689	-1.033358214211372
1	1	1.000000000000001	1.800922869169222	0.5	0.3570251830235544	0.9999999999999991	0.5552708653543318	-0.4447291346456673	0.8725330186869973	0.5865833847341064	-0.3679001015738422
2	0	0.823860989474155	2.109177119277539	1	0.2808899710562546	2.427594006212793	0	-2.427594006212793	1	0.07889917583998363	-2.008215814728022
3	1	0.9999467245649485	2.000053275435055	0.75	0.3333155748549825	3.000159834820424	0.4999866814960109	-2.500173153324413	0.9876569516631005	0.111095326427749	-2.068256575529048
0	0	0.8238462219218724	2.109191886829823	0	0.2808849361566947	0	0	0	0	0	0
1	0	1.000000000000002	1.981753240053518	1	0.3353731578345002	0.9999999999999982	0	-0.9999999999999982	1	0.3353731578345003	-0.827245334099736
1	0	0.899828109934427	2.00142417510624	1	0.3101516247222237	1.11132336160611	0	-1.11132336160611	1	0.3101516247222237	-0.9193370655646902
2	2	0.9229925448864679	2.077007455113535	0.5	0.3076641816288223	2.16686473913612	0.962923842702661	-1.203940896433459	0.9103894043965511	0.3618423165669722	-0.9959544891064344
2	0	0.8656660178515349	1.333793257041767	1	0.3935812896074328	2.31035983711562	0	-2.31035983711562	1	0.1549062315290499	-1.911234395345326
3	0	0.8005407251067005	2.199459274893302	1	0.2668469083688999	3.747467063090567	0	-3.747467063090567	1	0.01900144052161856	-3.100074642634118
0	1	0.9998934382979759	2.000106561702026	0	0.3332978127659917	0	0.4999733609938423	0.4999733609938423	0.6667021872340082	0.3332978127659918	0.4136006300563198
0	0	0.8660762175033827	2.066961891248311	0	0.2952829746463766	0	0	0	0	0	0
0	0	0.8237291585439929	2.075074142618166	0	0.2841617981508961	0	0	0	0	0	0
1	0	0.8005407251067005	2.000000000000002	1	0.2858521991592175	1.249155687696856	0	-1.249155687696856	1	0.2858521991592176	-1.033358214211373
0	0	0.9998934842444034	2.000106515755599	0	0.3332978280814675	0	0	0	0	0	0
3	0	0.8653006709466575	2.067737437805036	1	0.2950185571625358	3.467002974489706	0	-3.467002974489706	0.9999999999999998	0.02567722011598161	-2.86806203395652
1	0	0.8005407251067006	2.199459274893302	1	0.2668469083688999	1.249155687696855	0	-1.249155687696855	1	0.2668469083688999	-1.033358214211372
2	1	1	2.000000000000001	0.6666666666666666	0.3333333333333333	1.999999999999999	0.4999999999999998	-1.499999999999999	0.962962962962963	0.2592592592592592	-1.240868001149606
1	0	0.8237877778971346	2.075015523265025	1	0.2841820200656146	1.213904875540492	0	-1.213904875540492	1	0.2841820200656147	-1.004197144331795
0	1	0.1768403583739915	2.823159641626012	0	0.05894678612466377	0	0.3542130544994775	0.3542130544994775	0.9410532138753362	0.05894678612466375	0.2930210966119088
1	0	0.8005407251067005	2.199459274893302	1	0.2668469083688999	1.249155687696856	0	-1.249155687696856	1	0.2668469083688999	-1.033358214211373
1	0	1.000000000000001	2.000000000000002	1	0.3333333333333333	0.9999999999999991	0	-0.9999999999999991	1	0.3333333333333333	-0.8272453340997368
0	0	0	1.267847564993238	0	0	0	0	0	0	0	0
0	0	1.000000000000001	1.800540725106702	0	0.3570739004203912	0	0	0	0	0	0
1	0	0.8005407251067006	2.000000000000003	1	0.2858521991592174	1.249155687696855	0	-1.249155687696855	1	0.2858521991592174	-1.033358214211372
3	0	0.8005407251067008	2.199459274893303	1	0.2668469083688999	3.747467063090566	0	-3.747467063090566	1	0.01900144052161856	-3.100074642634117
5	0	1.000000000000001	2.000000000000002	1	0.3333333333333333	4.999999999999995	0	-4.999999999999995	1	0.004115226337448097	-4.136226670498683
1	1	0.8659507179528345	2.067110539260421	0.5	0.2952378562920254	1.15480012807665	0.4837670656731227	-0.6710330624035269	0.9128346082120892	0.5033103207961402	-0.5551089698999756
1	1	1.000483505921447	1.999516494078557	0.5	0.3334945019738152	0.9995167277435509	0.500120905709674	-0.4993958220338769	0.8887814171532371	0.5557704211008673	-0.4131228636464275
0	1	0.9997594733057192	2.000240526694284	0	0.3332531577685727	0	0.4999398755571958	0.4999398755571958	0.6667468422314273	0.3332531577685727	0.4135729293850936
2	0	1.000000000000001	2.000000000000002	1	0.3333333333333333	1.999999999999998	0	-1.999999999999998	1	0.1111111111111109	-1.654490668199473
4	4	1.000000000000001	2.000000000000003	0.5	0.3333333333333333	3.999999999999995	1.999999999999997	-1.999999999999997	0.9120560890108219	0.2586495960981554	-1.654490668199473
4	1	1.795598142666246	1.204190368779313	0.8	0.5985749114696658	2.227669936247809	0.8304334812224911	-1.397236455025318	0.9231590810793273	0.3345018406317763	-1.155857338053752
3	0	0.8655625300465331	2.067475578705161	1	0.2951078362956961	3.465954100206623	0	-3.465954100206623	1	0.02570053865352273	-2.867194357599783
2	0	0.8005407251067006	2.199459274893302	1	0.2668469083688999	2.498311375393711	0	-2.498311375393711	1	0.07120727250603998	-2.066716428422745
1	0	0.8238023833555431	1.37565689153776	1	0.3745476866788117	1.21388335382906	0	-1.21388335382906	1	0.3745476866788117	-1.004179340596431
2	0	0.8005407251067004	2.199459274893302	1	0.2668469083688999	2.498311375393712	0	-2.498311375393712	1	0.07120727250603998	-2.066716428422746
1	0	1.000000000000001	2.000000000000002	1	0.3333333333333333	0.9999999999999989	0	-0.9999999999999989	1	0.3333333333333333	-0.8272453340997366
0	1	0.9230107257516974	2.076989274248306	0	0.3076702419172321	0	0.4814661358142619	0.4814661358142619	0.6923297580827679	0.3076702419172321	0.3982906143793786
1	1	0.8005407251067006	2.199459274893303	0.5	0.2668469083688999	1.249155687696855	0.454657202074592	-0.7944984856222634	0.92879272749396	0.4624865442317597	-0.6572451651803248
3	0	1.800540725106702	1.199459274893301	1	0.6001802417022334	1.666166145629512	0	-1.666166145629512	0.9999999999999998	0.2161947195209959	-1.378328169806958
0	0	1.000000000000001	2.000000000000002	0	0.3333333333333333	0	0	0	0	0	0
3	0	0.8005407251067005	2.199459274893302	1	0.2668469083688999	3.747467063090567	0	-3.747467063090567	1	0.01900144052161856	-3.100074642634118
0	0	1.000000000000001	1.801229794093127	0	0.3569860645166177	0	0	0	0	0	0
2	0	0.8238169834691228	2.109221125282571	1	0.2808749674990553	2.42772368151228	0	-2.42772368151228	0.9999999999999999	0.07889074736759549	-2.008323088014471
0	0	0	3.000000000000004	0	0	0	0	0	0	0	0
1	1	0.8005407251067005	2.199459274893303	0.5	0.2668469083688998	1.249155687696856	0.454657202074592	-0.7944984856222637	0.92879272749396	0.4624865442317596	-0.6572451651803249
0	0	0.8237876463401769	2.075015654821982	0	0.2841819746824189	0	0	0	0	0	0
1	0	1.797482226485397	1.199722068046496	1	0.5997196219706238	0.5563337346346351	0	-0.5563337346346351	1	0.5997196219706238	-0.4602244861787834
1	0	0.8005407251067006	2.199459274893303	1	0.2668469083688999	1.249155687696855	0	-1.249155687696855	1	0.2668469083688999	-1.033358214211372
1	0	0.823935178215257	2.109102930536437	1	0.2809152652182638	1.213687710441155	0	-1.213687710441155	1	0.2809152652182638	-1.004017495516639
0	1	0.8275020148212213	2.071301286340938	0	0.2854633201533431	0	0.482788287051447	0.482788287051447	0.7145366798466569	0.2854633201533431	0.3993843578213142
1	1	0.9991456921130566	2.000854307886947	0.5	0.3330485640376852	1.000855038352952	0.4997865142195564	-0.5010685241333956	0.8890786539924357	0.5551757820678064	-0.4145065986535932
3	1	0.866187523139916	2.033141297728301	0.75	0.2987544968702557	3.463453259087649	0.4918497308167093	-2.971603528270939	0.9920336789640066	0.08276147038437709	-2.458245153556452
3	0	0.8649197236777827	2.033883577484377	1	0.2983713049212507	3.468529989400057	0	-3.468529989400057	1	0.02656263539127701	-2.869325249916209
2	1	0.8245655462729887	1.375447124299141	0.6666666666666666	0.3748003624263466	2.425519728589121	0.7270363086545768	-1.698483419934544	0.9473498022722859	0.3161255395693334	-1.405062484186617
5	1	1.798003667668485	1.201954042718833	0.8333333333333334	0.5993430045506705	2.780861958131387	0.8319785652852328	-1.948883392846155	0.9536496899068998	0.2322596391989136	-1.612204693436447
6	0	0.9402849631913667	2.05764699915335	1	0.3136445306303613	6.381044294950488	0	-6.381044294950488	1	0.0009519766846191047	-5.27868911968154
1	0	0.8237584155319698	2.109279693219725	1	0.2808549991471344	1.213948144437731	0	-1.213948144437731	1	0.2808549991471343	-1.004232938325147
1	0	0.8005407251067006	2.199459274893303	1	0.2668469083688999	1.249155687696855	0	-1.249155687696855	1	0.2668469083688999	-1.033358214211372
0	0	1.000000000000001	2.000000000000002	0	0.3333333333333333	0	0	0	0	0	0
1	0	0.8659883807855541	2.06704972796614	1	0.2952530272967099	1.154749904488189	0	-1.154749904488189	1	0.2952530272967099	-0.9552614705399719
1	0	0.8005407251067005	2.199459274893302	1	0.2668469083688999	1.249155687696856	0	-1.249155687696856	1	0.2668469083688999	-1.033358214211373
0	0	0.01120634215772702	2.988793657842276	0	0.003735447385909004	0	0	0	0	0	0
4	0	1.000000000000002	1.982771785748797	1	0.335258635869442	3.999999999999993	0	-3.999999999999993	0.9999999999999998	0.01263338974026185	-3.308981336398944
0	0	0.8005407251067006	2.199459274893302	0	0.2668469083688999	0	0	0	0	0	0
0	0	1.000000000000001	2.000000000000002	0	0.3333333333333333	0	0	0	0	0	0
1	0	0.8005407251067005	2.077042528183749	1	0.2781989797137236	1.249155687696856	0	-1.249155687696856	1	0.2781989797137236	-1.033358214211373
0	0	0.8005407251067006	2.199459274893302	0	0.2668469083688999	0	0	0	0	0	0
0	0	0.8248260195959186	2.074606987061613	0	0.2844783851539232	0	0	0	0	0	0
0	0	0.1845338443579586	2.815466155642044	0	0.06151128145265278	0	0	0	0	0	0
2	0	0.8005407251067007	2.000000000000003	1	0.2858521991592175	2.498311375393711	0	-2.498311375393711	1	0.08171147976416093	-2.066716428422745
0	0	0.8005407251067006	2.199459274893302	0	0.2668469083688999	0	0	0	0	0	0
1	0	0.8237103332412369	2.075302737692839	1	0.2841347427853553	1.214019006007946	0	-1.214019006007946	1	0.2841347427853553	-1.004291558228474
0	0	0.8005407251067006	2.077042528183749	0	0.2781989797137236	0	0	0	0	0	0
3	1	0.8005407251067005	2.199459274893302	0.75	0.2668469083688999	3.747467063090567	0.4546572020745921	-3.292809861015975	0.9949295243422506	0.06079433511322585	-2.72396159360307
1	1	0.8005407251067007	2.199459274893302	0.5	0.2668469083689	1.249155687696855	0.4546572020745921	-0.7944984856222634	0.9287927274939598	0.4624865442317599	-0.6572451651803248
5	3	0.9999467360804047	2.000053263919598	0.625	0.333315578693468	5.000266333783958	1.499960053124165	-3.500306280659792	0.9803438179456117	0.08792572729214232	-2.895612038595819
0	0	0.8005407251067006	2.077042528183749	0	0.2781989797137236	0	0	0	0	0	0
1	2	0.1763140146923843	2.823685985307619	0.3333333333333333	0.05877133823079469	5.671698881933486	0.7082940562111106	-4.963404825722376	0.9900437900633776	0.1661548044279153	-4.105953483326956
2	4	0.9991455939861255	1.935978925713648	0.3333333333333333	0.3404099510191566	2.001710273295538	2.066138193382195	0.06442792008665643	0.6663340223063241	0.6626631256375835	0.05329769627743729
0	0	1.000000000000001	1.800540725106702	0	0.3570739004203912	0	0	0	0	0	0
1	0	0.6892545748414161	2.310745425158589	1	0.2297515249471383	1.450842745918778	0	-1.450842745918778	1	0.2297515249471382	-1.20020289207376
1	0	0.8988472036068879	2.000061011156991	1	0.3100640437765984	1.112536141835016	0	-1.112536141835016	1	0.3100640437765984	-0.9203403323503406
0	0	0.8005407251067005	2.199459274893302	0	0.2668469083688999	0	0	0	0	0	0
2	0	0.9996345671179355	1.933519199802922	1	0.3408053741987498	2.000731132944148	0	-2.000731132944148	1	0.1161483030827498	-1.655095494516128
1	0	1.000000000000001	2.000000000000002	1	0.3333333333333333	0.9999999999999989	0	-0.9999999999999989	1	0.3333333333333333	-0.8272453340997366
1	0	0.8005407251067006	2.000000000000002	1	0.2858521991592175	1.249155687696855	0	-1.249155687696855	1	0.2858521991592176	-1.033358214211372
3	3	0.8006096409137973	2.199390359086205	0.5	0.2668698803045989	3.747144484265602	1.364014344978046	-2.383130139287556	0.9527912169423434	0.1969950044366479	-1.971433288278088
3	1	0.8008859308090758	2.199114069190926	0.75	0.2669619769363584	3.745851793112812	0.4547285718416185	-3.291123221271194	0.9949207728094251	0.06086644754604253	-2.722566328743893
1	6	0.8006765463575497	2.199115788766776	0.1428571428571428	0.2669106581087274	1.248943789535507	2.728369297627885	1.479425508092378	0.4037934266882013	0.8862115088759078	1.223847848717553
4	1	0.9991467156198059	2.000853284380199	0.8	0.3330489052066015	4.003416052384918	0.4997867698779166	-3.503629282507002	0.9959023010171553	0.0451271811402294	-2.898360976369128
0	1	0.8005407251067005	2.000483533630085	0	0.2858028532276014	0	0.4998791458110111	0.4998791458110111	0.7141971467723986	0.2858028532276014	0.4135226909859213
1	0	0.9221876295799758	2.03249716367571	1	0.3121103244870471	1.084378024519224	0	-1.084378024519224	1	0.3121103244870471	-0.8970466611838188
1	2	0.8005728719315274	2.19933429677852	0.3333333333333333	0.2668658818118601	1.249105528129274	0.9093660763302351	-0.3397394517990386	0.824358791276701	0.6059509427610983	-0.2810478763103574
2	0	0.8238755959842753	2.109162512767419	1	0.2808949510495512	2.427550967340672	0	-2.427550967340672	0.9999999999999999	0.07890197352512984	-2.008180211021875
4	0	1.000000000000001	2.000000000000002	1	0.3333333333333333	3.999999999999996	0	-3.999999999999996	1	0.01234567901234551	-3.308981336398947
2	1	1.624367904837098	1.178491425832484	0.6666666666666666	0.5795395748416132	1.231248163697603	0.8485424484896886	-0.3827057152079145	0.805352292302542	0.6183029410278775	-0.3165915172390502
2	1	0.8005407251067007	2.199459274893303	0.6666666666666666	0.2668469083688999	2.498311375393711	0.454657202074592	-2.043654173319119	0.9809985594783814	0.175618936474883	-1.690603379391697
1	0	0.8006529062976881	2.198857523493515	1	0.2669278620756194	1.248980665821993	0	-1.248980665821993	1	0.2669278620756194	-1.033213428182027
6	0	1.122059415092832	1.763315760731595	1	0.3888781689446087	5.347310418052684	0	-5.347310418052684	1	0.003458449026142008	-4.423537593317
3	0	0.8005407251067004	2.199459274893302	1	0.2668469083688999	3.747467063090568	0	-3.747467063090568	1	0.01900144052161856	-3.100074642634119
3	2	0.8654737044700174	1.336970671329513	0.6	0.3929605278479886	3.46630981912626	1.495919127389052	-1.970390691737208	0.9182558787100245	0.3053486775277605	-1.62999650609316
1	0	0.9229574718162541	2.077042528183749	1	0.3076524906054177	1.083473540803713	0	-1.083473540803713	1	0.3076524906054177	-0.8962984312503931
4	0	0.8638014541917336	2.035001846970425	1	0.2979855355640816	4.630693755595531	0	-4.630693755595531	0.9999999999999998	0.007884619403751403	-3.830719802961193
4	3	0.9995382227397517	1.943434636092659	0.5714285714285714	0.3396355558427768	4.001847962388002	1.543658811202213	-2.458189151185789	0.9509976604250243	0.1831155895888974	-2.033525505653038
0	2	0.9993608812426963	2.000639118757307	0	0.333120293747565	0	0.9996805427069205	0.9996805427069205	0.4447285426113339	0.5552714573886661	0.8269810645445933
2	0	0.8659147679946455	2.067123340757048	1	0.2952279295011208	2.309696143226382	0	-2.309696143226382	1	0.08715953035751878	-1.910685357672183
7	0	1.787008467129001	1.211507844924888	1	0.5959642306914638	3.91716107044874	0	-3.91716107044874	0.9999999999999997	0.02670185059368202	-3.240453218445853
4	1	0.8660370206873279	2.032871201754535	0.8	0.2987459257878234	4.618740197532677	0.4919150800783235	-4.126825117454354	0.9976203671473681	0.03030850298930154	-3.413896823059715
1	1	1.000000000000001	1.800743328780781	0.5	0.3570480699619556	0.9999999999999989	0.5553262277956428	-0.4446737722043561	0.8725166757364425	0.5866128156603536	-0.3678543032525831
3	2	0.9998149935093853	1.992858759430219	0.6	0.3340875337738702	3.000555122173049	1.003583415300251	-1.996971706872799	0.9543590113060419	0.2109951398049075	-1.651985526839711
0	1	0.8005407251067007	2.000206692996655	0	0.2858311034876614	0	0.4999483320905339	0.4999483320905339	0.7141688965123385	0.2858311034876615	0.4135799250128402
1	0	0.8238022872198646	2.075001013942295	1	0.2841870253458018	1.213883495486229	0	-1.213883495486229	1	0.2841870253458019	-1.004179457781663
0	1	0.8005407251067006	2.199459274893303	0	0.2668469083688999	0	0.454657202074592	0.454657202074592	0.7331530916311001	0.2668469083688999	0.3761130490310477
0	1	0.0006506778888875768	1.268394435697432	0	0.000512730305582882	0	0.7883982867286435	0.7883982867286435	0.9994872696944171	0.0005127303055828536	0.6521988041084973
2	4	0.9218454162663571	2.078154583733646	0.3333333333333333	0.3072818054221186	2.169561148441098	1.92478462926157	-0.2447765191795279	0.7307084356488299	0.5954219993318873	-0.2024902333884394
2	0	1.800297100820356	1.199427226112567	1	0.600154182388178	1.110927745808536	0	-1.110927745808536	1	0.3601850426380223	-0.9190097942420502
0	0	0	1.267847564993238	0	0	0	0	0	0	0	0
3	0	0.9229574718162541	2.077042528183749	1	0.3076524906054177	3.250420622411139	0	-3.250420622411139	1	0.02911932514921878	-2.688895293751179
0	0	1.000000000000001	2.000000000000002	0	0.3333333333333333	0	0	0	0	0	0
1	0	0.8005407251067005	2.199459274893302	1	0.2668469083688999	1.249155687696856	0	-1.249155687696856	1	0.2668469083688999	-1.033358214211373
0	0	1.000000000000001	2.000000000000002	0	0.3333333333333333	0	0	0	0	0	0
0	4	0.1792790554447361	2.820720944555267	0	0.0597596851482453	0	1.418077179070497	1.418077179070497	0.7815476729094161	0.2184523270905839	1.173097729779386
0	1	1.000000000000001	1.800678648138154	0	0.3570563158557247	0	0.5553461751956513	0.5553461751956513	0.6429436841442753	0.3570563158557247	0.4594075322407379
3	1	0.8005407251067006	2.077127200081241	0.75	0.2781907940452917	3.747467063090567	0.4814341653996385	-3.266032897690928	0.9940107696527322	0.06814918234823186	-2.701810475631066
1	1	0.8006786849506881	2.199321315049315	0.5	0.2668928949835624	1.248940453637264	0.4546857219803633	-0.7942547316569004	0.9287681826072932	0.4625539725744179	-0.6570435208498099
2	0	1.666851057326836	1.210906451956367	1	0.5792187326242156	1.199867253411017	0	-1.199867253411017	0.9999999999999999	0.3354943402228027	-0.9925845869233308
2	0	1.000000000000001	2.000000000000002	1	0.3333333333333333	1.999999999999998	0	-1.999999999999998	1	0.1111111111111109	-1.654490668199473
0	1	0.8005407251067005	2.077084816800186	0	0.2781948913951516	0	0.4814439891484698	0.4814439891484698	0.7218051086048485	0.2781948913951515	0.3982722936534362
1	4	0.9988011832688535	2.001198816731149	0.2	0.3329337277562842	1.001200255617663	1.998801901419163	0.9976016458015	0.4616949304299521	0.8679176116034875	0.8252613067795098
2	3	1.000000000000001	2.000000000000002	0.4	0.3333333333333333	1.999999999999998	1.499999999999998	-0.4999999999999993	0.7901234567901239	0.5390946502057611	-0.4136226670498682
1	0	1.666633951217883	1.210938359681821	1	0.5791805630409308	0.6000117777927516	0	-0.6000117777927516	1	0.5791805630409308	-0.4963569435839422
0	0	1.666616942610083	1.210966310680366	0	0.579172449903698	0	0	0	0	0	0
2	0	1.000000000000001	1.999398192799372	1	0.3334002142165358	1.999999999999998	0	-1.999999999999998	1	0.1111557028396319	-1.654490668199473
2	0	0.8005407251067006	2.199459274893302	1	0.2668469083688999	2.498311375393711	0	-2.498311375393711	1	0.07120727250603998	-2.066716428422745
0	0	0.9229574718162541	2.077042528183749	0	0.3076524906054177	0	0	0	0	0	0
0	1	0.0001218972625937089	2.99987810273741	0	4.063242086456959e-05	0	0.3333468780239747	0.3333468780239747	0.9999593675791354	4.063242086460583e-05	0.2757596494820474
0	0	0	1.267847564993238	0	0	0	0	0	0	0	0
2	0	1.000000000000001	2.000000000000002	1	0.3333333333333333	1.999999999999998	0	-1.999999999999998	1	0.1111111111111109	-1.654490668199473
0	0	0.8005407251067006	2.077042528183749	0	0.2781989797137236	0	0	0	0	0	0
1	0	0.8237730326293911	1.375686242263912	1	0.3745343421597805	1.213926604040572	0	-1.213926604040572	1	0.3745343421597805	-1.004215119132103
7	2	0.8484567270820456	2.05055658418603	0.7777777777777778	0.2926708628015635	8.250273439488096	0.9753449455743262	-7.27492849391377	0.9996415562698333	0.00367129556545942	-6.018150652499396
0	0	1.000000000000001	2.000000000000002	0	0.3333333333333333	0	0	0	0	0	0
2	0	0.8005407251067005	2.199459274893302	1	0.2668469083688999	2.498311375393711	0	-2.498311375393711	1	0.07120727250603998	-2.066716428422745
1	0	0.922957471816254	2.077042528183749	1	0.3076524906054177	1.083473540803713	0	-1.083473540803713	1	0.3076524906054177	-0.8962984312503931
5	1	0.9407517963534987	2.058023208901717	0.8333333333333334	0.3137120306474724	5.314898169082199	0.4859031694465968	-4.828994999635603	0.9990467933938791	0.01346482545742944	-3.994763581839516
0	0	0.8005407251067006	2.077042528183749	0	0.2781989797137236	0	0	0	0	0	0
0	1	0.8005407251067006	2.199459274893303	0	0.2668469083688999	0	0.454657202074592	0.454657202074592	0.7331530916311001	0.2668469083688999	0.3761130490310477
0	0	0.9229574718162542	2.07704252818375	0	0.3076524906054177	0	0	0	0	0	0
0	0	0.8005407251067006	2.077042528183749	0	0.2781989797137236	0	0	0	0	0	0
2	0	0.9229574718162543	2.07704252818375	1	0.3076524906054177	2.166947081607426	0	-2.166947081607426	1	0.09465005497571655	-1.792596862500786