Observed S Changes	Observed NS Changes	E[S Sites]	E[NS Sites]	Observed S. Prop.	P{S}	dS	dN	dN-dS	P{S leq. observed}	P{S geq. observed}	Scaled dN-dS
0	0	0	3.000000000000001	0	0	0	0	0	0	0	0
0	1	0.8486385900172752	2.037791241412731	0	0.2940097766370573	0	0.4907274011575073	0.4907274011575073	0.7059902233629427	0.2940097766370573	2.287347626694285
2	0	1	2	1	0.3333333333333333	2	0	-2	1	0.1111111111111109	-9.322273919487621
0	1	0.9144546215894762	2.085545378410524	0	0.3048182071964921	0	0.479490885382767	0.479490885382767	0.695181792803508	0.304818207196492	2.234972687717899
0	0	0.9137428696081844	2.086257130391816	0	0.3045809565360614	0	0	0	0	0	0
1	1	1	2	0.5	0.3333333333333333	1	0.5	-0.5	0.8888888888888891	0.5555555555555555	-2.330568479871906
1	0	1.62505762000025	1.237626066424055	1	0.5676692914787461	0.6153627955665018	0	-0.6153627955665018	1	0.5676692914787461	-2.868290270066296
0	0	0.7766637389342791	2.223336261065722	0	0.2588879129780929	0	0	0	0	0	0
0	0	0.7766637389342791	2	0	0.2797111252774068	0	0	0	0	0	0
0	1	0.9139798813757055	2.086020118624295	0	0.3046599604585684	0	0.4793817619839102	0.4793817619839102	0.6953400395414315	0.3046599604585685	2.234464048610315
0	0	1.776663738934279	1.223336261065721	0	0.5922212463114263	0	0	0	0	0	0
1	0	0.7766637389342789	2.086257130391816	1	0.2712836904629846	1.287558501665313	0	-1.287558501665313	1	0.2712836904629845	-6.001486519944555
2	0	1.776663738934279	1.223336261065721	1	0.5922212463114263	1.125705419754718	0	-1.125705419754718	1	0.350726004582659	-5.24706713780264
0	0	1	2	0	0.3333333333333333	0	0	0	0	0	0
1	1	0.7775843423414605	2.22241565765854	0.5	0.2591947807804868	1.286034125878618	0.4499608327334975	-0.8360732931451205	0.9328180656161553	0.451207627177129	-3.897052127733443
0	0	1	2	0	0.3333333333333333	0	0	0	0	0	0
1	0	0.8019260301574356	1.421410230908286	1	0.3606858954268325	1.246997805774777	0	-1.246997805774777	1	0.3606858954268325	-5.812427561216249
1	1	0.8023121661500314	2.084901551421744	0.5	0.2778845782240179	1.246397651924676	0.4796389543276401	-0.7667586975970363	0.9227801611852597	0.4785493176332953	-3.573967304574575
1	5	0.9753574504061558	2.024642549593845	0.1666666666666667	0.3251191501353852	1.025265147237644	2.46957172810728	1.444306580869636	0.3675897438764041	0.9055150517040316	6.732110785292677
0	0	1	2	0	0.3333333333333333	0	0	0	0	0	0
0	1	0.9975467141692506	1.926714555123911	0	0.341127766059827	0	0.5190182413583769	0.5190182413583769	0.6588722339401729	0.3411277660598271	2.419215107576765
0	0	0.776663738934279	2.223336261065722	0	0.2588879129780929	0	0	0	0	0	0
0	0	0.7766637389342791	2.223336261065722	0	0.2588879129780929	0	0	0	0	0	0
1	1	0.7766637389342786	2.223336261065721	0.5	0.2588879129780929	1.287558501665313	0.449774520171171	-0.8377839814941425	0.9329770485138473	0.4507528744700333	-3.905025880423673
0	0	0.7766637389342791	2.223336261065722	0	0.2588879129780929	0	0	0	0	0	0
0	0	1	2	0	0.3333333333333333	0	0	0	0	0	0
0	0	1	2	0	0.3333333333333333	0	0	0	0	0	0
1	0	1	2	1	0.3333333333333333	1	0	-1	1	0.3333333333333333	-4.661136959743811
0	0	1.776663738934279	1.223336261065721	0	0.5922212463114263	0	0	0	0	0	0
0	0	0.7766637389342791	2.086257130391816	0	0.2712836904629846	0	0	0	0	0	0
0	0	1	2	0	0.3333333333333333	0	0	0	0	0	0
0	0	1	2	0	0.3333333333333333	0	0	0	0	0	0
0	0	0.7766637389342791	2.223336261065722	0	0.2588879129780929	0	0	0	0	0	0
0	0	0.776663738934279	2.223336261065722	0	0.2588879129780929	0	0	0	0	0	0
1	1	1	1.999385887958088	0.5	0.3334015819754279	1	0.5001535751666576	-0.4998464248333424	0.8888433851362819	0.5556465490871378	-2.329852644986499
1	0	1	2	1	0.3333333333333333	1	0	-1	1	0.3333333333333333	-4.661136959743811
1	0	1	2	1	0.3333333333333333	1	0	-1	1	0.3333333333333333	-4.661136959743811
0	0	0.7766637389342791	2.223336261065722	0	0.2588879129780929	0	0	0	0	0	0
1	0	1	1.925097485062859	1	0.3418689479945693	0.9999999999999998	0	-0.9999999999999998	1	0.3418689479945693	-4.661136959743811
0	1	0.9931100726832602	2.00688992731674	0	0.3310366908944201	0	0.4982834316862729	0.4982834316862729	0.66896330910558	0.33103669089442	2.322567319860867
0	0	0.1982667890805841	2.801733210919416	0	0.06608892969352802	0	0	0	0	0	0
0	0	1	2	0	0.3333333333333333	0	0	0	0	0	0
0	0	0.8017332109194162	2.084540504835041	0	0.2777744905284726	0	0	0	0	0	0
0	0	1	2	0	0.3333333333333333	0	0	0	0	0	0
0	0	0.9137428696081846	2.086257130391816	0	0.3045809565360614	0	0	0	0	0	0
3	0	1	2	1	0.3333333333333333	3	0	-3	1	0.03703703703703698	-13.98341087923144
0	1	0.7766637389342789	2.223336261065722	0	0.2588879129780929	0	0.4497745201711709	0.4497745201711709	0.741112087021907	0.258887912978093	2.096460639520883
0	1	0.7768017025865971	2.222781488000088	0	0.2589698812236187	0	0.4498867771747253	0.4498867771747253	0.7410301187763813	0.2589698812236187	2.096983884789141
1	1	1.006911163298476	1.216425097767245	0.5	0.4528829853275677	0.993136273039385	0.8220810322275539	-0.1710552408118311	0.79489700160079	0.7006629722559254	-0.797311905105904
0	0	0.9137428696081844	2.086257130391816	0	0.3045809565360614	0	0	0	0	0	0
0	0	0.8017332109194162	2.122528058373746	0	0.2741660669442191	0	0	0	0	0	0
0	0	1	2	0	0.3333333333333333	0	0	0	0	0	0
0	0	1	2	0	0.3333333333333333	0	0	0	0	0	0
0	0	0.776663738934279	2.223336261065722	0	0.2588879129780929	0	0	0	0	0	0
0	0	1	2	0	0.3333333333333333	0	0	0	0	0	0
0	0	1	2	0	0.3333333333333333	0	0	0	0	0	0
1	0	0.8482657247849336	2.075995544508228	1	0.2900786375322655	1.178875876723107	0	-1.178875876723107	1	0.2900786375322655	-5.494901919944462
1	0	1.765820188666522	1.224366969011917	1	0.5905383494581968	0.5663090763251274	0	-0.5663090763251274	1	0.5905383494581968	-2.639644166297431
1	0	1	2	1	0.3333333333333333	0.9999999999999998	0	-0.9999999999999998	1	0.3333333333333333	-4.661136959743811
0	0	0.8485225385863229	1.374813722479399	0	0.3816438176470872	0	0	0	0	0	0
1	1	0.7766637389342786	2.223336261065721	0.5	0.2588879129780929	1.287558501665313	0.449774520171171	-0.8377839814941425	0.9329770485138473	0.4507528744700333	-3.905025880423673
0	0	1	2	0	0.3333333333333333	0	0	0	0	0	0
0	0	1	1.776663738934279	0	0.3601444373612966	0	0	0	0	0	0
0	2	0.5100831497928725	2.489916850207127	0	0.1700277165976242	0	0.8032396743825512	0.8032396743825512	0.6888539912161536	0.3111460087838464	3.744010133797094
2	0	1	1.998437475275838	1	0.3335070376640107	2	0	-2	0.9999999999999999	0.111226944171424	-9.322273919487621
0	0	0.8017332109194162	2.122528058373746	0	0.2741660669442191	0	0	0	0	0	0
0	1	0.1974496409302245	2.802550359069776	0	0.06581654697674148	0	0.3568178522693596	0.3568178522693596	0.9341834530232586	0.06581654697674144	1.663176879109119
0	0	0.7766637389342791	2.086257130391816	0	0.2712836904629846	0	0	0	0	0	0
0	1	0.776663738934279	2.223336261065721	0	0.258887912978093	0	0.4497745201711709	0.4497745201711709	0.741112087021907	0.258887912978093	2.096460639520883
2	0	0.7766637389342789	2.223336261065721	1	0.2588879129780929	2.575117003330626	0	-2.575117003330626	1	0.06702295148615267	-12.00297303988911
1	0	1	2	1	0.3333333333333333	0.9999999999999998	0	-0.9999999999999998	1	0.3333333333333333	-4.661136959743811
1	0	0.7766637389342789	2.223336261065722	1	0.2588879129780929	1.287558501665313	0	-1.287558501665313	1	0.258887912978093	-6.001486519944555
0	3	0.8519658200109276	1.3852797697979	0	0.3808101461421264	0	2.165627525505315	2.165627525505315	0.2373949597235663	0.7626050402764337	10.09428650017136
3	0	0.9137428696081845	2.086257130391816	1	0.3045809565360615	3.283199354853963	0	-3.283199354853963	0.9999999999999998	0.02825584104336221	-15.30344185911684
0	0	1	2	0	0.3333333333333333	0	0	0	0	0	0
0	0	0.776663738934279	2.223336261065722	0	0.2588879129780929	0	0	0	0	0	0
0	0	1	1.924261269293162	0	0.3419667081394938	0	0	0	0	0	0
1	2	0.8021843654692883	2.117495362184111	0.3333333333333333	0.2747508084093931	1.246596222820906	0.9445121041195954	-0.3020841187013106	0.8150167615791097	0.6185287959353116	-1.408055450630316
1	0	0.776663738934279	2.223336261065721	1	0.258887912978093	1.287558501665313	0	-1.287558501665313	1	0.258887912978093	-6.001486519944554
1	0	0.776663738934279	2.086257130391816	1	0.2712836904629845	1.287558501665313	0	-1.287558501665313	1	0.2712836904629845	-6.001486519944554
1	0	1	2	1	0.3333333333333333	0.9999999999999998	0	-0.9999999999999998	1	0.3333333333333333	-4.661136959743811
0	0	1.776663738934279	1.223336261065721	0	0.5922212463114263	0	0	0	0	0	0
0	0	0.1982667890805841	2.801733210919416	0	0.06608892969352802	0	0	0	0	0	0
0	0	0.776663738934279	2.223336261065722	0	0.2588879129780929	0	0	0	0	0	0
1	0	1	2	1	0.3333333333333333	0.9999999999999998	0	-0.9999999999999998	1	0.3333333333333333	-4.661136959743811
0	0	1.776663738934279	1.223336261065721	0	0.5922212463114263	0	0	0	0	0	0
0	0	1.625186277520602	1.237734591805493	0	0.5676672013303516	0	0	0	0	0	0
1	0	1	1.924469212799712	1	0.3419423926992413	0.9999999999999998	0	-0.9999999999999998	1	0.3419423926992413	-4.661136959743811
0	0	0.7766637389342791	2.223336261065722	0	0.2588879129780929	0	0	0	0	0	0
0	0	1	2	0	0.3333333333333333	0	0	0	0	0	0
0	0	0.8485225385863229	1.374813722479399	0	0.3816438176470872	0	0	0	0	0	0
0	0	0.776663738934279	2.086257130391816	0	0.2712836904629845	0	0	0	0	0	0
0	0	0.776663738934279	2.223336261065722	0	0.2588879129780929	0	0	0	0	0	0
1	0	1	1.998323161841558	1	0.3335197528827427	1	0	-1	1	0.3335197528827427	-4.661136959743811
3	0	0.7766637389342788	2.223336261065721	1	0.2588879129780929	3.86267550499594	0	-3.86267550499594	0.9999999999999998	0.01735143203188227	-18.00445955983367
1	0	0.8019261541325144	1.421410106933207	1	0.3606859511876641	1.246997612993122	0	-1.246997612993122	1	0.3606859511876641	-5.81242666263455
2	1	0.7766637389342789	2.223336261065721	0.6666666666666666	0.2588879129780929	2.575117003330626	0.4497745201711709	-2.125342483159455	0.9826485679681177	0.166365990394694	-9.906512400368227
0	0	0.8485225385863229	2.037751177168134	0	0.2939854712859495	0	0	0	0	0	0
1	2	0.8027260552768343	2.086061880544333	0.3333333333333333	0.2778764219148718	1.245755003747988	0.9587443299995128	-0.2870106737484749	0.8112667082481376	0.6234396610843664	-1.337796059249989
0	0	0	1.302954922827355	0	0	0	0	0	0	0	0
2	0	0.7766637389342789	2.223336261065721	1	0.2588879129780929	2.575117003330626	0	-2.575117003330626	1	0.06702295148615267	-12.00297303988911
1	0	1.004272536002165	1.995727463997836	1	0.3347575120007216	0.9957456409002551	0	-0.9957456409002551	1	0.3347575120007216	-4.641306809303968
0	0	0.776663738934279	2.223336261065722	0	0.2588879129780929	0	0	0	0	0	0
0	0	1	2	0	0.3333333333333333	0	0	0	0	0	0
0	0	0.8017332109194162	2.122528058373746	0	0.2741660669442191	0	0	0	0	0	0
2	0	1.105989423020822	1.288280696337869	1	0.4619317653753552	1.808335557619836	0	-1.808335557619836	0.9999999999999998	0.2133809558627924	-8.428899703240754
0	0	0.7766637389342791	2.223336261065722	0	0.2588879129780929	0	0	0	0	0	0
0	1	0.8025500263864558	2.083723689368001	0	0.2780574905303717	0	0.4799100788182249	0.4799100788182249	0.7219425094696283	0.2780574905303717	2.236926605733194
0	0	1	2	0	0.3333333333333333	0	0	0	0	0	0
0	3	0.776663738934279	2.02552696863645	0	0.2771630556178609	0	1.48109605374425	1.48109605374425	0.3776774229629531	0.6223225770370469	6.903591557038032
0	0	0.7766637389342791	2.223336261065722	0	0.2588879129780929	0	0	0	0	0	0
0	0	0.7766637389342791	2.223336261065722	0	0.2588879129780929	0	0	0	0	0	0
0	0	0.776663738934279	2.086257130391816	0	0.2712836904629845	0	0	0	0	0	0
0	0	0.7766637389342791	2	0	0.2797111252774068	0	0	0	0	0	0
0	0	1	2	0	0.3333333333333333	0	0	0	0	0	0
0	1	0.7766637389342789	2.002465809787219	0	0.2794629488544617	0	0.4993843066445462	0.4993843066445462	0.7205370511455383	0.2794629488544617	2.327698648816932
0	0	0.776663738934279	2.223336261065722	0	0.2588879129780929	0	0	0	0	0	0
0	0	1	2	0	0.3333333333333333	0	0	0	0	0	0
0	0	1	2	0	0.3333333333333333	0	0	0	0	0	0
0	0	0.776663738934279	2.223336261065722	0	0.2588879129780929	0	0	0	0	0	0
0	0	0.776663738934279	2	0	0.2797111252774068	0	0	0	0	0	0
1	0	1	2	1	0.3333333333333333	0.9999999999999998	0	-0.9999999999999998	1	0.3333333333333333	-4.661136959743811
0	0	1	2	0	0.3333333333333333	0	0	0	0	0	0
0	0	1	2	0	0.3333333333333333	0	0	0	0	0	0
2	0	0.932483183443136	2.066107407104008	1	0.310973824296897	2.14481079713966	0	-2.14481079713966	1	0.0967047193978372	-9.997256878205254
0	0	1	1.776663738934279	0	0.3601444373612966	0	0	0	0	0	0
0	0	1.776663738934279	1.223336261065721	0	0.5922212463114263	0	0	0	0	0	0
0	2	0.9991699502861412	2.000830049713859	0	0.3330566500953803	0	0.9995851473172457	0.9995851473172457	0.444813431981996	0.555186568018004	4.659203274571377
0	0	1	2	0	0.3333333333333333	0	0	0	0	0	0
0	1	1	1.782814387380963	0	0.359348436796443	0	0.5609108873465209	0.5609108873465209	0.640651563203557	0.359348436796443	2.614482468133566
0	0	1	2	0	0.3333333333333333	0	0	0	0	0	0
1	0	1	2	1	0.3333333333333333	0.9999999999999998	0	-0.9999999999999998	1	0.3333333333333333	-4.661136959743811
0	0	1	2	0	0.3333333333333333	0	0	0	0	0	0
2	0	1.773310062617394	1.223655036811988	1	0.5917019397239661	1.127834348973362	0	-1.127834348973362	1	0.350111185473104	-5.256990368468336
2	0	0.8472938416703495	2.076967427622812	1	0.2897462858628748	2.360456197884329	0	-2.360456197884329	1	0.08395291017133055	-11.002409625815
0	0	0.776663738934279	2.223336261065722	0	0.2588879129780929	0	0	0	0	0	0
0	1	0.7766637389342789	2.223336261065721	0	0.2588879129780929	0	0.4497745201711709	0.4497745201711709	0.741112087021907	0.258887912978093	2.096460639520883
1	1	0.7766637389342789	2.223336261065722	0.5	0.2588879129780929	1.287558501665313	0.4497745201711709	-0.8377839814941421	0.9329770485138473	0.4507528744700333	-3.905025880423671
0	0	0.8017332109194162	2.122528058373746	0	0.2741660669442191	0	0	0	0	0	0
0	2	0.7794263775428667	2.219947421913532	0	0.2598630346388065	0	0.9009222381834867	0.9009222381834867	0.5478027274940767	0.4521972725059233	4.199321942252167
0	0	0.7766637389342791	2.223336261065722	0	0.2588879129780929	0	0	0	0	0	0
0	0	0.776663738934279	2.223336261065722	0	0.2588879129780929	0	0	0	0	0	0
0	0	0	1.302954922827355	0	0	0	0	0	0	0	0
0	2	1	2	0	0.3333333333333333	0	1	1	0.4444444444444445	0.5555555555555555	4.661136959743811
0	0	1	1.924261269293162	0	0.3419667081394938	0	0	0	0	0	0
0	0	1	2	0	0.3333333333333333	0	0	0	0	0	0
1	0	1	2	1	0.3333333333333333	1	0	-1	1	0.3333333333333333	-4.661136959743811
0	0	0.8017332109194162	1.421603050146306	0	0.3605991702465725	0	0	0	0	0	0
1	1	0.776663738934279	2.223336261065722	0.5	0.2588879129780929	1.287558501665313	0.4497745201711709	-0.8377839814941419	0.9329770485138473	0.4507528744700333	-3.90502588042367
0	0	1	1.924261269293162	0	0.3419667081394938	0	0	0	0	0	0
0	0	1	2	0	0.3333333333333333	0	0	0	0	0	0
1	0	0.7766637389342786	2.223336261065721	1	0.2588879129780929	1.287558501665313	0	-1.287558501665313	1	0.258887912978093	-6.001486519944557
0	0	1	2	0	0.3333333333333333	0	0	0	0	0	0
0	2	1	2	0	0.3333333333333333	0	0.9999999999999998	0.9999999999999998	0.4444444444444445	0.5555555555555555	4.661136959743811
0	0	0.7766637389342791	2.086257130391816	0	0.2712836904629846	0	0	0	0	0	0
0	3	0.2099475665200328	2.790052433479967	0	0.06998252217334427	0	1.075248609667945	1.075248609667945	0.8044023505691025	0.1955976494308975	5.011881035436405
1	0	0.9329346039185512	2.066753210629476	1	0.3110105656308503	1.071886492150423	0	-1.071886492150423	1	0.3110105656308504	-4.996209745212481
0	5	0.9011990557132762	1.992918044133085	0	0.311389976501337	0	2.508883902536488	2.508883902536488	0.1548341307579292	0.8451658692420708	11.69425148581912
0	0	1	2	0	0.3333333333333333	0	0	0	0	0	0
0	3	0.7787207449923192	2.211947759881249	0	0.260383504130706	0	1.356270728636493	1.356270728636493	0.4045943058651005	0.5954056941348995	6.321763620666226
1	2	0.7766637389342788	2.223336261065721	0.3333333333333333	0.2588879129780929	1.287558501665313	0.8995490403423421	-0.3880094613229712	0.833634009605306	0.5929463165077031	-1.808565240902788
0	0	0.776663738934279	2.223336261065722	0	0.2588879129780929	0	0	0	0	0	0
0	0	0.7766637389342791	2.223336261065722	0	0.2588879129780929	0	0	0	0	0	0
0	0	0.776663738934279	2.223336261065722	0	0.2588879129780929	0	0	0	0	0	0
0	0	0.776663738934279	2.223336261065722	0	0.2588879129780929	0	0	0	0	0	0
1	0	0.8866605596060966	2.000553420008175	1	0.3070990116654095	1.127827316965869	0	-1.127827316965869	1	0.3070990116654095	-5.256957591318312
2	0	1.596530346514256	1.213562698592824	1	0.5681414532853731	1.25271655773199	0	-1.25271655773199	1	0.3227847109412157	-5.839083447327622
0	0	0.776663738934279	2.223336261065722	0	0.2588879129780929	0	0	0	0	0	0
0	0	0	1.302954922827355	0	0	0	0	0	0	0	0
0	0	1.625186277520602	1.237734591805493	0	0.5676672013303516	0	0	0	0	0	0
1	0	1	2	1	0.3333333333333333	1	0	-1	1	0.3333333333333333	-4.661136959743811
0	0	0.7766637389342791	2.223336261065722	0	0.2588879129780929	0	0	0	0	0	0
0	4	1.537737661189575	1.238926077744703	0	0.5538076647983959	0	3.228602635664476	3.228602635664476	0.03963587247083764	0.9603641275291623	15.04895907342197
1	1	0.7795603931351409	2.207299094005092	0.5	0.2609966744306176	1.282774251752737	0.4530423641798011	-0.829731887572936	0.9318807359361583	0.4538740847973934	-3.867493967844209
0	2	0.7889447613222749	2.162184880827756	0	0.2673365310876323	0	0.9249902807729995	0.9249902807729995	0.536795758678704	0.463204241321296	4.311506385114834
1	4	0.8459312491550907	2.066326232783583	0.2	0.2904726846446143	1.182129163568306	1.935802748151502	0.7536735845831957	0.5479112520434735	0.8201768513190264	3.512975800683337
2	0	0.776663738934279	2	1	0.2797111252774068	2.575117003330626	0	-2.575117003330626	1	0.07823831360395317	-12.00297303988911
0	0	1	2	0	0.3333333333333333	0	0	0	0	0	0
1	0	1	2	1	0.3333333333333333	0.9999999999999998	0	-0.9999999999999998	1	0.3333333333333333	-4.661136959743811
2	0	1.621519686965458	1.234641743929293	1	0.5677269041678376	1.233410865176011	0	-1.233410865176011	0.9999999999999999	0.3223138377159971	-5.749096970221497
0	0	0.7766637389342791	2.223336261065722	0	0.2588879129780929	0	0	0	0	0	0
0	0	1	2	0	0.3333333333333333	0	0	0	0	0	0
1	0	1	2	1	0.3333333333333333	0.9999999999999998	0	-0.9999999999999998	1	0.3333333333333333	-4.661136959743811
0	0	0	3.000000000000001	0	0	0	0	0	0	0	0
0	0	1	2	0	0.3333333333333333	0	0	0	0	0	0
0	0	0.7766637389342791	2.223336261065722	0	0.2588879129780929	0	0	0	0	0	0
0	2	0.7773566196835424	2.22154680267502	0	0.2592136225154497	0	0.9002736280828071	0.9002736280828071	0.5487644570666828	0.4512355429333172	4.196298681739426
2	0	0.8025060651758832	2.121755204117278	1	0.2744303573701747	2.49219300238144	0	-2.49219300238144	1	0.07531202104632184	-11.61645291421503
0	2	0.8011789839881044	1.467636315952257	0	0.3531265784434566	0	1.362735425841739	1.362735425841739	0.4184452235162696	0.5815547764837303	6.351896459743154
0	0	0.776663738934279	2.223336261065722	0	0.2588879129780929	0	0	0	0	0	0
0	0	0.7766637389342791	2.223336261065722	0	0.2588879129780929	0	0	0	0	0	0
0	0	0.8017332109194162	2.084540504835041	0	0.2777744905284726	0	0	0	0	0	0
0	0	1.625186277520602	1.237734591805493	0	0.5676672013303516	0	0	0	0	0	0
1	0	0.776663738934279	2	1	0.2797111252774068	1.287558501665313	0	-1.287558501665313	1	0.2797111252774068	-6.001486519944554
0	1	0.9139793969481301	2.08602060305187	0	0.30465979898271	0	0.4793816506591495	0.4793816506591495	0.69534020101729	0.30465979898271	2.234463529710358
0	0	0	1.302954922827355	0	0	0	0	0	0	0	0
1	0	1	1.999373808862707	1	0.3334029246521883	0.9999999999999998	0	-0.9999999999999998	1	0.3334029246521883	-4.661136959743811
1	0	1	2	1	0.3333333333333333	0.9999999999999998	0	-0.9999999999999998	1	0.3333333333333333	-4.661136959743811
0	1	0.7772775747763615	2.222722425223639	0	0.2590925249254538	0	0.4498987316868345	0.4498987316868345	0.7409074750745461	0.2590925249254539	2.097039606407368
0	0	0.7766637389342791	2.223336261065722	0	0.2588879129780929	0	0	0	0	0	0
2	0	1	2	1	0.3333333333333333	2	0	-2	1	0.1111111111111109	-9.322273919487621
0	0	1	2	0	0.3333333333333333	0	0	0	0	0	0
3	0	1	2	1	0.3333333333333333	3	0	-3	1	0.03703703703703698	-13.98341087923143
0	0	0.7766637389342791	2.223336261065722	0	0.2588879129780929	0	0	0	0	0	0
1	1	0.8356028567220618	2.063811371892162	0.5	0.288197129087498	1.19674076261879	0.4845404059786584	-0.7122003566401318	0.9169424147857238	0.4933366729607201	-3.319663405078042
0	0	0.7766637389342791	2.223336261065722	0	0.2588879129780929	0	0	0	0	0	0
0	0	0.8017332109194162	1.421603050146306	0	0.3605991702465725	0	0	0	0	0	0
0	0	0.9137428696081846	2.086257130391816	0	0.3045809565360614	0	0	0	0	0	0
0	0	0.7766637389342791	2.223336261065722	0	0.2588879129780929	0	0	0	0	0	0
0	0	1.776663738934279	1.223336261065721	0	0.5922212463114263	0	0	0	0	0	0
1	0	0.7766637389342789	2	1	0.2797111252774068	1.287558501665313	0	-1.287558501665313	1	0.2797111252774067	-6.001486519944555
1	0	1	2	1	0.3333333333333333	0.9999999999999998	0	-0.9999999999999998	1	0.3333333333333333	-4.661136959743811
1	3	0.8143765115882968	1.414438643387475	0.25	0.3653853976047419	1.227933254177085	2.120982775764118	0.8930495215870329	0.5357396915556911	0.8378039611220398	4.162626131950848
0	1	0.9999999999999998	1.85429232369236	0	0.350349539078178	0	0.5392892950172764	0.5392892950172764	0.649650460921822	0.350349539078178	2.513701264999211
0	1	1	1.782807384599488	0	0.3593493410769872	0	0.5609130905774505	0.5609130905774505	0.6406506589230128	0.3593493410769872	2.614492737694683
0	0	1	1.924261269293162	0	0.3419667081394938	0	0	0	0	0	0
0	0	0.8862737157544571	2	0	0.3070650267564071	0	0	0	0	0	0
0	1	0.9139799625749235	2.086020037425077	0	0.3046599875249745	0	0.4793817806440495	0.4793817806440495	0.6953400124750255	0.3046599875249745	2.23446413558778
0	0	1	2	0	0.3333333333333333	0	0	0	0	0	0
2	0	1	2	1	0.3333333333333333	2	0	-2	1	0.1111111111111109	-9.322273919487623
2	0	1	2	1	0.3333333333333333	2	0	-2	1	0.1111111111111109	-9.322273919487621
0	0	1	2	0	0.3333333333333333	0	0	0	0	0	0
0	0	0.8017332109194162	2.084540504835041	0	0.2777744905284726	0	0	0	0	0	0
1	1	0.8861822811489621	2.000716540932416	0.5	0.306966865056271	1.128436012852198	0.4998209289227742	-0.6286150839294233	0.9057713437575252	0.519705073870067	-2.930061001155893
0	0	0.7766637389342791	2.223336261065722	0	0.2588879129780929	0	0	0	0	0	0
0	0	0.8017332109194162	1.421603050146306	0	0.3605991702465725	0	0	0	0	0	0
0	0	0.8017332109194162	1.421603050146306	0	0.3605991702465725	0	0	0	0	0	0
0	2	1	2	0	0.3333333333333333	0	1	1	0.4444444444444445	0.5555555555555555	4.661136959743811
0	1	1	2	0	0.3333333333333333	0	0.5	0.5	0.6666666666666667	0.3333333333333333	2.330568479871906
2	0	0.9137428696081844	2.086257130391816	1	0.3045809565360615	2.188799569902642	0	-2.188799569902642	1	0.09276955908442219	-10.20229457274456
1	0	1	2	1	0.3333333333333333	0.9999999999999998	0	-0.9999999999999998	1	0.3333333333333333	-4.661136959743811
0	0	0.776663738934279	2.223336261065722	0	0.2588879129780929	0	0	0	0	0	0
0	0	0.9137428696081846	2.086257130391816	0	0.3045809565360614	0	0	0	0	0	0
0	0	1	1.924261269293162	0	0.3419667081394938	0	0	0	0	0	0
0	0	1	2	0	0.3333333333333333	0	0	0	0	0	0
0	0	0.8862737157544571	2	0	0.3070650267564071	0	0	0	0	0	0
0	0	1	2	0	0.3333333333333333	0	0	0	0	0	0
0	0	0.8862737157544571	2	0	0.3070650267564071	0	0	0	0	0	0
0	2	0.4680863545709849	2.531913645429015	0	0.156028784856995	0	0.7899163558009556	0.7899163558009556	0.7122874119899604	0.2877125880100396	3.681908321129977
0	0	0.9330630434213638	2.066936956578637	0	0.3110210144737878	0	0	0	0	0	0
1	3	0.7766637389342788	2.223336261065722	0.25	0.2588879129780929	1.287558501665313	1.349323560513513	0.06176505884819927	0.723197519260395	0.6983275950970689	0.2878953986180932
2	0	0.9137428696081845	2.086257130391816	1	0.3045809565360614	2.188799569902642	0	-2.188799569902642	1	0.09276955908442208	-10.20229457274456
1	1	1	2	0.5	0.3333333333333333	0.9999999999999998	0.4999999999999999	-0.4999999999999999	0.8888888888888891	0.5555555555555555	-2.330568479871905
0	0	0.7766637389342791	2.223336261065722	0	0.2588879129780929	0	0	0	0	0	0
0	0	0.8862737157544571	2	0	0.3070650267564071	0	0	0	0	0	0
0	1	0.2623470479287456	2.737652952071254	0	0.08744901597624855	0	0.3652763946004989	0.3652763946004989	0.9125509840237515	0.08744901597624855	1.70260330339435
0	0	0.7766637389342791	2.223336261065722	0	0.2588879129780929	0	0	0	0	0	0
0	0	0.9137428696081846	2.086257130391816	0	0.3045809565360614	0	0	0	0	0	0
0	0	0.776663738934279	2	0	0.2797111252774068	0	0	0	0	0	0
0	0	0	1.302954922827355	0	0	0	0	0	0	0	0
0	0	1	2	0	0.3333333333333333	0	0	0	0	0	0
0	0	0.1982667890805841	2.801733210919416	0	0.06608892969352802	0	0	0	0	0	0
1	0	1	2	1	0.3333333333333333	0.9999999999999998	0	-0.9999999999999998	1	0.3333333333333333	-4.661136959743811
0	0	0.8017332109194162	2.084540504835041	0	0.2777744905284726	0	0	0	0	0	0
4	0	1	2	1	0.3333333333333333	4	0	-4	1	0.01234567901234551	-18.64454783897525
0	0	1	1.924261269293162	0	0.3419667081394938	0	0	0	0	0	0
0	0	0.7766637389342791	2.223336261065722	0	0.2588879129780929	0	0	0	0	0	0
0	0	0.1982667890805841	2.801733210919416	0	0.06608892969352802	0	0	0	0	0	0
0	0	1	2	0	0.3333333333333333	0	0	0	0	0	0
0	0	1.625186277520602	1.237734591805493	0	0.5676672013303516	0	0	0	0	0	0
0	0	0.9137428696081844	2.086257130391816	0	0.3045809565360614	0	0	0	0	0	0
1	0	0.776663738934279	2.223336261065722	1	0.2588879129780929	1.287558501665313	0	-1.287558501665313	1	0.258887912978093	-6.001486519944554
0	0	0.7766637389342791	2.223336261065722	0	0.2588879129780929	0	0	0	0	0	0
0	0	1	2	0	0.3333333333333333	0	0	0	0	0	0
2	0	1	1.998958194460018	1	0.3334491297168804	2	0	-2	0.9999999999999999	0.111188322108945	-9.322273919487623
0	0	0.776663738934279	2.223336261065722	0	0.2588879129780929	0	0	0	0	0	0
0	0	1.776663738934279	1.223336261065721	0	0.5922212463114263	0	0	0	0	0	0
0	0	0.9137428696081844	2.086257130391816	0	0.3045809565360614	0	0	0	0	0	0
0	0	1	2	0	0.3333333333333333	0	0	0	0	0	0
0	0	1	2	0	0.3333333333333333	0	0	0	0	0	0
0	0	0.9330630434213638	2.066936956578637	0	0.3110210144737878	0	0	0	0	0	0
0	0	1	2	0	0.3333333333333333	0	0	0	0	0	0
0	0	0.7766637389342791	2	0	0.2797111252774068	0	0	0	0	0	0
0	0	0.7766637389342791	2.223336261065722	0	0.2588879129780929	0	0	0	0	0	0
0	0	0.8017332109194162	2.084540504835041	0	0.2777744905284726	0	0	0	0	0	0
0	0	0.1982667890805841	2.801733210919416	0	0.06608892969352802	0	0	0	0	0	0
1	2	1.13003746410095	1.096035140484344	0.3333333333333333	0.5076372898948954	0.8849264132986892	1.82475901193842	0.9398325986397311	0.488544956096355	0.8806409205951127	4.380688461491722
0	0	0.776663738934279	2.223336261065722	0	0.2588879129780929	0	0	0	0	0	0
1	0	1	1.999583516410702	1	0.3333796157129836	1	0	-1	1	0.3333796157129836	-4.661136959743811
0	0	0.8017332109194162	2.084540504835041	0	0.2777744905284726	0	0	0	0	0	0
0	0	0.7766637389342791	2.223336261065722	0	0.2588879129780929	0	0	0	0	0	0
0	0	1	1.776663738934279	0	0.3601444373612966	0	0	0	0	0	0
0	0	0.1982667890805841	2.801733210919416	0	0.06608892969352802	0	0	0	0	0	0
0	0	0	3.000000000000001	0	0	0	0	0	0	0	0
0	0	0.8862737157544571	2	0	0.3070650267564071	0	0	0	0	0	0
0	0	1	1.776663738934279	0	0.3601444373612966	0	0	0	0	0	0
0	0	0.776663738934279	2.223336261065722	0	0.2588879129780929	0	0	0	0	0	0
0	0	1	2	0	0.3333333333333333	0	0	0	0	0	0
0	0	1	2	0	0.3333333333333333	0	0	0	0	0	0
0	0	0.9137428696081844	2.086257130391816	0	0.3045809565360614	0	0	0	0	0	0
0	0	1	2	0	0.3333333333333333	0	0	0	0	0	0
0	0	0.8017332109194162	2.084540504835041	0	0.2777744905284726	0	0	0	0	0	0
1	0	0.776663738934279	2.086257130391816	1	0.2712836904629846	1.287558501665313	0	-1.287558501665313	1	0.2712836904629845	-6.001486519944554
2	1	0.8200590893009867	2.110445943789207	0.6666666666666666	0.2798354140467867	2.43884864651008	0.4738335056355657	-1.965015140874514	0.9780866878662841	0.1910969525967774	-9.15920469958639
0	0	1	2	0	0.3333333333333333	0	0	0	0	0	0
1	1	0.817837404580498	2.112477446381009	0.5	0.2790954031141554	1.222736933281916	0.4733778349743569	-0.7493590983075593	0.922105755960547	0.480296562188858	-3.492865389241661
1	0	0.776663738934279	2.086257130391816	1	0.2712836904629846	1.287558501665313	0	-1.287558501665313	1	0.2712836904629845	-6.001486519944554
0	0	0.9137428696081846	2.086257130391816	0	0.3045809565360614	0	0	0	0	0	0
0	0	1	2	0	0.3333333333333333	0	0	0	0	0	0
1	0	1	2	1	0.3333333333333333	0.9999999999999998	0	-0.9999999999999998	1	0.3333333333333333	-4.661136959743811
0	0	0.776663738934279	2.223336261065722	0	0.2588879129780929	0	0	0	0	0	0
0	0	1	1.924261269293162	0	0.3419667081394938	0	0	0	0	0	0
1	0	0.776663738934279	2.223336261065721	1	0.258887912978093	1.287558501665313	0	-1.287558501665313	1	0.258887912978093	-6.001486519944554
0	0	0.9137428696081844	2.086257130391816	0	0.3045809565360614	0	0	0	0	0	0
1	0	1	2	1	0.3333333333333333	1	0	-1	1	0.3333333333333333	-4.661136959743811
0	0	0.776663738934279	2.223336261065722	0	0.2588879129780929	0	0	0	0	0	0
0	0	0.7766637389342791	2.223336261065722	0	0.2588879129780929	0	0	0	0	0	0
1	0	0.801926165834031	2.084347549920426	1	0.2778413431327706	1.246997594797228	0	-1.246997594797228	1	0.2778413431327706	-5.812426577820999
0	0	1	2	0	0.3333333333333333	0	0	0	0	0	0
0	0	0.7766637389342791	2.223336261065722	0	0.2588879129780929	0	0	0	0	0	0
0	0	0.8017332109194162	1.421603050146306	0	0.3605991702465725	0	0	0	0	0	0
0	0	0.776663738934279	2.223336261065722	0	0.2588879129780929	0	0	0	0	0	0
0	0	1	2	0	0.3333333333333333	0	0	0	0	0	0
0	0	0.7766637389342791	2.223336261065722	0	0.2588879129780929	0	0	0	0	0	0
2	0	0.9326122065949168	2.066291988023184	1	0.3109843282985175	2.144514071183186	0	-2.144514071183186	1	0.09671125244728018	-9.995873797882622
0	0	0.9137428696081846	2.086257130391816	0	0.3045809565360614	0	0	0	0	0	0
0	0	1	2	0	0.3333333333333333	0	0	0	0	0	0
1	0	0.776663738934279	2	1	0.2797111252774068	1.287558501665313	0	-1.287558501665313	1	0.2797111252774068	-6.001486519944554
1	0	1	2	1	0.3333333333333333	0.9999999999999998	0	-0.9999999999999998	1	0.3333333333333333	-4.661136959743811
1	1	1	2	0.5	0.3333333333333333	0.9999999999999998	0.4999999999999999	-0.4999999999999999	0.8888888888888891	0.5555555555555555	-2.330568479871905
0	0	0.776663738934279	2.086257130391816	0	0.2712836904629845	0	0	0	0	0	0
0	0	1	2	0	0.3333333333333333	0	0	0	0	0	0
0	0	0.8862737157544571	2	0	0.3070650267564071	0	0	0	0	0	0
0	0	0.776663738934279	2	0	0.2797111252774068	0	0	0	0	0	0
1	1	0.9996438857384286	2.000356114261572	0.5	0.3332146285794761	1.000356241124116	0.4999109872839559	-0.5004452538401604	0.8889680113006417	0.555397268459594	-2.332643869002745
0	0	0.8485225385863229	2.037751177168134	0	0.2939854712859495	0	0	0	0	0	0
0	1	0.7957637806030757	1.612508169237628	0	0.3304293689322387	0	0.6201518969499461	0.6201518969499461	0.6695706310677614	0.3304293689322386	2.890612927528629
0	1	0.7766637389342789	2.223336261065721	0	0.2588879129780929	0	0.4497745201711709	0.4497745201711709	0.741112087021907	0.258887912978093	2.096460639520883
0	0	1	2	0	0.3333333333333333	0	0	0	0	0	0
0	0	1.776663738934279	1.223336261065721	0	0.5922212463114263	0	0	0	0	0	0
0	0	0.8017332109194162	2.084540504835041	0	0.2777744905284726	0	0	0	0	0	0
1	0	1.628733048199457	1.237397461932734	1	0.5682689753455564	0.6139741568487769	0	-0.6139741568487769	1	0.5682689753455564	-2.861817634815378
0	0	1	2	0	0.3333333333333333	0	0	0	0	0	0
0	0	1	2	0	0.3333333333333333	0	0	0	0	0	0
2	0	0.9999999999999999	1.941110684652833	1	0.3400076050242357	2	0	-2	1	0.1156051714743166	-9.322273919487625
0	0	0	3.000000000000001	0	0	0	0	0	0	0	0
1	0	1.117032966077421	1.159290003182512	1	0.490718136732849	0.8952287267864668	0	-0.8952287267864668	1	0.490718136732849	-4.172783705848795
1	0	0.7766637389342789	2.223336261065722	1	0.2588879129780929	1.287558501665313	0	-1.287558501665313	1	0.258887912978093	-6.001486519944555
0	0	1	2	0	0.3333333333333333	0	0	0	0	0	0
0	0	1	2	0	0.3333333333333333	0	0	0	0	0	0
0	0	0.8485225385863229	2.075738730706839	0	0.2901664593025314	0	0	0	0	0	0
1	1	0.8032041176761217	2.083069598078336	0.5	0.2782841118955234	1.245013537646271	0.480060772296094	-0.764952765350177	0.9225579530665197	0.4791261768575668	-3.565549607031945
0	0	0.8017332109194162	1.421603050146306	0	0.3605991702465725	0	0	0	0	0	0
1	0	1	2	1	0.3333333333333333	0.9999999999999998	0	-0.9999999999999998	1	0.3333333333333333	-4.661136959743811
0	0	0.8862737157544571	2	0	0.3070650267564071	0	0	0	0	0	0
0	0	1	2	0	0.3333333333333333	0	0	0	0	0	0
0	0	0.1982667890805841	2.801733210919416	0	0.06608892969352802	0	0	0	0	0	0
0	0	0.776663738934279	2.223336261065722	0	0.2588879129780929	0	0	0	0	0	0
1	0	1	1.999583234822817	1	0.3333796470092185	0.9999999999999998	0	-0.9999999999999998	1	0.3333796470092185	-4.661136959743811
0	0	1	2	0	0.3333333333333333	0	0	0	0	0	0
1	0	0.3515332903366057	2.648466709663394	1	0.1171777634455353	2.844680795501513	0	-2.844680795501513	1	0.1171777634455353	-13.25944679458553
3	0	1	2	1	0.3333333333333333	3	0	-3	1	0.03703703703703698	-13.98341087923144
0	0	1	2	0	0.3333333333333333	0	0	0	0	0	0
0	0	0.7766637389342791	2.223336261065722	0	0.2588879129780929	0	0	0	0	0	0
0	0	0.1982667890805841	2.801733210919416	0	0.06608892969352802	0	0	0	0	0	0
0	0	0.8017332109194162	2.122528058373746	0	0.2741660669442191	0	0	0	0	0	0
0	0	0.776663738934279	2.223336261065722	0	0.2588879129780929	0	0	0	0	0	0
0	0	1	2	0	0.3333333333333333	0	0	0	0	0	0
0	0	0	1.302954922827355	0	0	0	0	0	0	0	0
0	0	0.8485225385863229	2.075738730706839	0	0.2901664593025314	0	0	0	0	0	0
0	0	1	1.924261269293162	0	0.3419667081394938	0	0	0	0	0	0
0	0	0	3.000000000000001	0	0	0	0	0	0	0	0
0	4	0.9643390698249059	2.029555094829073	0	0.3221019237119092	0	1.970875296852622	1.970875296852622	0.2111823439842597	0.7888176560157403	9.186519689205813
0	0	0.776663738934279	2.223336261065722	0	0.2588879129780929	0	0	0	0	0	0
0	0	1	2	0	0.3333333333333333	0	0	0	0	0	0
0	0	0	1.302954922827355	0	0	0	0	0	0	0	0
1	0	0.776663738934279	2	1	0.2797111252774068	1.287558501665313	0	-1.287558501665313	1	0.2797111252774068	-6.001486519944554
1	0	1	2	1	0.3333333333333333	0.9999999999999998	0	-0.9999999999999998	1	0.3333333333333333	-4.661136959743811
0	0	0.7766637389342791	2.223336261065722	0	0.2588879129780929	0	0	0	0	0	0
0	0	0.9330630434213638	2.066936956578637	0	0.3110210144737878	0	0	0	0	0	0
0	0	0.776663738934279	2.223336261065722	0	0.2588879129780929	0	0	0	0	0	0
1	0	0.8020549247042397	1.421281336361482	1	0.3607438689097739	1.246797406510225	0	-1.246797406510225	1	0.3607438689097739	-5.81149347279754
0	0	0.776663738934279	2.223336261065722	0	0.2588879129780929	0	0	0	0	0	0
0	0	1	2	0	0.3333333333333333	0	0	0	0	0	0
2	0	0.8478144164848336	2.076446852808328	1	0.2899243051185242	2.359006831108513	0	-2.359006831108513	1	0.0840561026984592	-10.99565392876802
1	0	1	1.926448289178061	1	0.3417111464767641	0.9999999999999998	0	-0.9999999999999998	1	0.3417111464767641	-4.661136959743811
1	2	0.8476262315663061	2.055107876577298	0.3333333333333333	0.2920096019777683	1.179765281865011	0.9731849226965748	-0.2065803591684361	0.7939902654380834	0.6451195271815244	-0.9628993472771489
0	0	1	1.924261269293162	0	0.3419667081394938	0	0	0	0	0	0
0	0	0.8017332109194162	1.421603050146306	0	0.3605991702465725	0	0	0	0	0	0
1	0	1	2	1	0.3333333333333333	0.9999999999999998	0	-0.9999999999999998	1	0.3333333333333333	-4.661136959743811
0	0	1	2	0	0.3333333333333333	0	0	0	0	0	0
0	0	0.776663738934279	2.223336261065722	0	0.2588879129780929	0	0	0	0	0	0
0	0	1	2	0	0.3333333333333333	0	0	0	0	0	0
0	0	0.8017332109194162	2.084540504835041	0	0.2777744905284726	0	0	0	0	0	0
0	0	0.7766637389342791	2.223336261065722	0	0.2588879129780929	0	0	0	0	0	0
1	0	1	2	1	0.3333333333333333	0.9999999999999998	0	-0.9999999999999998	1	0.3333333333333333	-4.661136959743811
0	0	0.8017332109194162	1.421603050146306	0	0.3605991702465725	0	0	0	0	0	0
0	0	1	2	0	0.3333333333333333	0	0	0	0	0	0
0	0	1	2	0	0.3333333333333333	0	0	0	0	0	0
2	0	0.9137428696081846	2.086257130391816	1	0.3045809565360615	2.188799569902641	0	-2.188799569902641	1	0.09276955908442219	-10.20229457274456
1	0	0.7766637389342789	2.223336261065722	1	0.2588879129780929	1.287558501665313	0	-1.287558501665313	1	0.258887912978093	-6.001486519944555
0	0	0.8017332109194162	1.421603050146306	0	0.3605991702465725	0	0	0	0	0	0
0	0	0.9137428696081846	2.086257130391816	0	0.3045809565360614	0	0	0	0	0	0
0	0	0.776663738934279	2.223336261065722	0	0.2588879129780929	0	0	0	0	0	0
3	0	1	1.996764198825517	1	0.3336932550088249	3	0	-3	0.9999999999999999	0.03715714051910568	-13.98341087923144
0	0	0.8485225385863229	2.037751177168134	0	0.2939854712859495	0	0	0	0	0	0
0	0	1.776663738934279	1.223336261065721	0	0.5922212463114263	0	0	0	0	0	0
0	0	0.776663738934279	2.223336261065722	0	0.2588879129780929	0	0	0	0	0	0
4	0	1.052935054469621	1.471277809511976	1	0.4171340180909947	3.798904769121643	0	-3.798904769121643	1	0.03027627458958337	-17.70721542589992
0	0	1.625186277520602	1.237734591805493	0	0.5676672013303516	0	0	0	0	0	0
1	0	0.9137428696081845	2.086257130391816	1	0.3045809565360615	1.094399784951321	0	-1.094399784951321	1	0.3045809565360615	-5.101147286372282
0	0	1	2	0	0.3333333333333333	0	0	0	0	0	0
0	0	0.8017332109194162	2.084540504835041	0	0.2777744905284726	0	0	0	0	0	0
0	0	1	2	0	0.3333333333333333	0	0	0	0	0	0
0	0	0.7766637389342791	2.223336261065722	0	0.2588879129780929	0	0	0	0	0	0
0	0	0.8485225385863229	2.075738730706839	0	0.2901664593025314	0	0	0	0	0	0
0	0	0.8017332109194162	2.084540504835041	0	0.2777744905284726	0	0	0	0	0	0
0	0	0.7766637389342791	2.223336261065722	0	0.2588879129780929	0	0	0	0	0	0
0	0	0.776663738934279	2.223336261065722	0	0.2588879129780929	0	0	0	0	0	0
0	0	0.8485225385863229	1.374813722479399	0	0.3816438176470872	0	0	0	0	0	0
0	0	0.9137428696081844	2.086257130391816	0	0.3045809565360614	0	0	0	0	0	0
1	0	0.8021199046574097	2.122141364635752	1	0.274298303328859	1.246696403110837	0	-1.246696403110837	1	0.274298303328859	-5.811022682119591
0	0	0.8017332109194162	2.084540504835041	0	0.2777744905284726	0	0	0	0	0	0
0	0	0.8017332109194162	2.122528058373746	0	0.2741660669442191	0	0	0	0	0	0
0	0	0.7766637389342791	2.223336261065722	0	0.2588879129780929	0	0	0	0	0	0
0	0	1	1.776663738934279	0	0.3601444373612966	0	0	0	0	0	0
0	0	0.8017332109194162	2.122528058373746	0	0.2741660669442191	0	0	0	0	0	0
1	1	0.999762839613521	2.000237160386479	0.5	0.3332542798711737	1.00023721664487	0.4999407169331779	-0.5002964997116924	0.8889415849475455	0.5554501446898928	-2.331950505636629
0	0	0.8017332109194162	2.122528058373746	0	0.2741660669442191	0	0	0	0	0	0
1	0	1	1.981965432879058	1	0.3353492931118621	1	0	-1	1	0.3353492931118621	-4.661136959743811
1	0	0.887172133382548	2.001285279031773	1	0.3071439203394742	1.127176973184753	0	-1.127176973184753	1	0.3071439203394742	-5.253926249883609
0	1	0.9145745827097752	2.085425417290225	0	0.3048581942365917	0	0.4795184674115016	0.4795184674115016	0.6951418057634082	0.3048581942365918	2.235101251331459
1	0	0.8480713840364504	1.375264877029271	1	0.3814408998258952	1.17914602334586	0	-1.17914602334586	1	0.3814408998258952	-5.496161110352326
1	0	0.776663738934279	2.223336261065722	1	0.2588879129780929	1.287558501665313	0	-1.287558501665313	1	0.258887912978093	-6.001486519944554
0	0	1	2	0	0.3333333333333333	0	0	0	0	0	0
0	0	0.8485225385863229	2.075738730706839	0	0.2901664593025314	0	0	0	0	0	0
0	0	0.8017332109194162	2.084540504835041	0	0.2777744905284726	0	0	0	0	0	0
0	0	0.776663738934279	2	0	0.2797111252774068	0	0	0	0	0	0
0	2	0.9995252907609556	2.000474709239044	0	0.3331750969203185	0	0.9997627017043245	0.9997627017043245	0.4446554513672266	0.5553445486327735	4.660030879887354
1	0	0.8483297193483034	2.075931549944858	1	0.2901005215424399	1.178786947094358	0	-1.178786947094358	1	0.2901005215424399	-5.494487406765085
0	0	0.7766637389342791	2.223336261065722	0	0.2588879129780929	0	0	0	0	0	0
2	0	1	2	1	0.3333333333333333	2	0	-2	1	0.1111111111111109	-9.322273919487623
0	0	0.8017332109194162	2.084540504835041	0	0.2777744905284726	0	0	0	0	0	0
0	0	0.1982667890805841	2.801733210919416	0	0.06608892969352802	0	0	0	0	0	0
1	0	0.7766637389342788	2.223336261065721	1	0.2588879129780929	1.287558501665313	0	-1.287558501665313	1	0.258887912978093	-6.001486519944556
1	0	1	2	1	0.3333333333333333	0.9999999999999998	0	-0.9999999999999998	1	0.3333333333333333	-4.661136959743811
0	0	0	1.302954922827355	0	0	0	0	0	0	0	0
0	0	1	1.776663738934279	0	0.3601444373612966	0	0	0	0	0	0
1	0	0.776663738934279	2	1	0.2797111252774068	1.287558501665313	0	-1.287558501665313	1	0.2797111252774068	-6.001486519944554
1	0	0.776663738934279	2.223336261065721	1	0.258887912978093	1.287558501665313	0	-1.287558501665313	1	0.258887912978093	-6.001486519944554
0	0	1	2	0	0.3333333333333333	0	0	0	0	0	0
0	0	0.8485225385863229	2.075738730706839	0	0.2901664593025314	0	0	0	0	0	0
0	0	1	2	0	0.3333333333333333	0	0	0	0	0	0
0	0	1	2	0	0.3333333333333333	0	0	0	0	0	0
0	0	1	2	0	0.3333333333333333	0	0	0	0	0	0
0	0	1	2	0	0.3333333333333333	0	0	0	0	0	0
1	0	1.776455226282252	1.223356080741199	1	0.5921889893951136	0.5629187751006763	0	-0.5629187751006763	1	0.5921889893951136	-2.623841507955477
0	0	0.8485225385863229	2.075738730706839	0	0.2901664593025314	0	0	0	0	0	0
3	0	0.776663738934279	2.223336261065722	1	0.2588879129780929	3.862675504995939	0	-3.862675504995939	0.9999999999999998	0.01735143203188227	-18.00445955983366
0	0	0.8017332109194162	1.421603050146306	0	0.3605991702465725	0	0	0	0	0	0
1	0	0.7766637389342788	2.223336261065721	1	0.2588879129780929	1.287558501665313	0	-1.287558501665313	1	0.258887912978093	-6.001486519944556
0	0	1	2	0	0.3333333333333333	0	0	0	0	0	0
0	1	0.9139799458358289	2.086020054164172	0	0.3046599819452762	0	0.4793817767972901	0.4793817767972901	0.6953400180547238	0.3046599819452762	2.234464117657507
2	1	0.7766637389342788	2.223336261065721	0.6666666666666666	0.2588879129780929	2.575117003330627	0.4497745201711709	-2.125342483159455	0.9826485679681177	0.166365990394694	-9.906512400368227
2	0	1.776663738934279	1.223336261065721	1	0.5922212463114263	1.125705419754718	0	-1.125705419754718	1	0.350726004582659	-5.247067137802639
1	0	1	2	1	0.3333333333333333	1	0	-1	1	0.3333333333333333	-4.661136959743811
1	0	0.7766637389342791	2.223336261065722	1	0.2588879129780929	1.287558501665313	0	-1.287558501665313	1	0.258887912978093	-6.001486519944554
0	0	1	1.776663738934279	0	0.3601444373612966	0	0	0	0	0	0
0	0	0.8017332109194162	2.122528058373746	0	0.2741660669442191	0	0	0	0	0	0
0	0	0	3.000000000000001	0	0	0	0	0	0	0	0
0	0	0.7766637389342791	2.223336261065722	0	0.2588879129780929	0	0	0	0	0	0
1	0	0.8017973761839498	2.084476339570508	1	0.277796721706404	1.247197895257989	0	-1.247197895257989	1	0.277796721706404	-5.813360205701702
1	0	1.776039891778534	1.223395559377138	1	0.5921247250359172	0.5630504160571502	0	-0.5630504160571502	1	0.5921247250359172	-2.624455104483113
0	0	0.776663738934279	2.223336261065722	0	0.2588879129780929	0	0	0	0	0	0
0	0	0.8017332109194162	2.122528058373746	0	0.2741660669442191	0	0	0	0	0	0
0	0	0.8017332109194162	2.084540504835041	0	0.2777744905284726	0	0	0	0	0	0
0	0	1	2	0	0.3333333333333333	0	0	0	0	0	0
0	1	0.8494559329363663	2.038073411364116	0	0.2941808832568422	0	0.4906594602648212	0.4906594602648212	0.7058191167431578	0.2941808832568422	2.287030944888308
0	0	0.8485225385863229	2.037751177168134	0	0.2939854712859495	0	0	0	0	0	0
1	0	0.8030188813926145	1.420317379673107	1	0.3611774320667535	1.245300730993742	0	-1.245300730993742	1	0.3611774320667536	-5.804517263230918
1	0	1.776663738934279	1.223336261065721	1	0.5922212463114263	0.5628527098773592	0	-0.5628527098773592	1	0.5922212463114263	-2.62353356890132
0	0	0.9330630434213638	2.066936956578637	0	0.3110210144737878	0	0	0	0	0	0
0	0	0.8017332109194162	2.122528058373746	0	0.2741660669442191	0	0	0	0	0	0
0	0	0.776663738934279	2.223336261065722	0	0.2588879129780929	0	0	0	0	0	0
0	0	1	2	0	0.3333333333333333	0	0	0	0	0	0
0	0	0.8485225385863229	2.075738730706839	0	0.2901664593025314	0	0	0	0	0	0
0	0	0.776663738934279	2.223336261065722	0	0.2588879129780929	0	0	0	0	0	0
0	0	0	3.000000000000001	0	0	0	0	0	0	0	0
3	0	1	1.982173968125124	1	0.3353258430555929	3	0	-3	0.9999999999999998	0.03770518494990327	-13.98341087923144
0	0	0.776663738934279	2.223336261065722	0	0.2588879129780929	0	0	0	0	0	0
0	0	1	2	0	0.3333333333333333	0	0	0	0	0	0
0	0	0.776663738934279	2.086257130391816	0	0.2712836904629845	0	0	0	0	0	0
0	0	0.7766637389342791	2.223336261065722	0	0.2588879129780929	0	0	0	0	0	0
0	0	0.8017332109194162	2.084540504835041	0	0.2777744905284726	0	0	0	0	0	0
1	0	0.2140842786859787	2.785915721314022	1	0.07136142622865956	4.67105761402878	0	-4.67105761402878	1	0.0713614262286596	-21.77243928584229
0	0	0.7766637389342791	2	0	0.2797111252774068	0	0	0	0	0	0
1	0	0.776663738934279	2.223336261065721	1	0.258887912978093	1.287558501665313	0	-1.287558501665313	1	0.258887912978093	-6.001486519944554
0	0	0.8017332109194162	2.084540504835041	0	0.2777744905284726	0	0	0	0	0	0
0	0	0.776663738934279	2.086257130391816	0	0.2712836904629845	0	0	0	0	0	0
0	0	0.7766637389342791	2.223336261065722	0	0.2588879129780929	0	0	0	0	0	0
0	0	0.776663738934279	2.223336261065722	0	0.2588879129780929	0	0	0	0	0	0
0	0	1	2	0	0.3333333333333333	0	0	0	0	0	0
0	0	0.7766637389342791	2.086257130391816	0	0.2712836904629846	0	0	0	0	0	0
0	1	0.1966307877516336	2.803369212248366	0	0.06554359591721119	0	0.3567136271707775	0.3567136271707775	0.9344564040827888	0.06554359591721115	1.662691071649985
1	0	1	1.925198834765883	1	0.3418571032215096	0.9999999999999998	0	-0.9999999999999998	1	0.3418571032215096	-4.661136959743811
0	0	1	1.776663738934279	0	0.3601444373612966	0	0	0	0	0	0
1	0	0.7059247834138767	2.294075216586124	1	0.2353082611379588	1.416581516183588	0	-1.416581516183588	1	0.2353082611379588	-6.602880461573246
0	0	0.8862737157544571	2	0	0.3070650267564071	0	0	0	0	0	0
0	0	0.776663738934279	2.223336261065722	0	0.2588879129780929	0	0	0	0	0	0
0	1	0.9980882613954392	1.926173007897723	0	0.3413129571820688	0	0.5191641643298839	0.5191641643298839	0.6586870428179312	0.3413129571820688	2.419895274532532
0	0	1	2	0	0.3333333333333333	0	0	0	0	0	0
0	0	0.776663738934279	2	0	0.2797111252774068	0	0	0	0	0	0
2	1	0.776663738934279	2.223336261065722	0.6666666666666666	0.2588879129780929	2.575117003330626	0.4497745201711709	-2.125342483159455	0.9826485679681177	0.166365990394694	-9.906512400368225
0	0	0.7766637389342791	2.223336261065722	0	0.2588879129780929	0	0	0	0	0	0
0	3	0.7766637389342789	2.223336261065722	0	0.2588879129780929	0	1.349323560513513	1.349323560513513	0.4070536834922969	0.5929463165077031	6.289381918562649
4	0	1	2	1	0.3333333333333333	4	0	-4	1	0.01234567901234551	-18.64454783897525
0	0	0.7766637389342791	2	0	0.2797111252774068	0	0	0	0	0	0
1	0	0.9140243243484418	2.039700106308647	1	0.309448069989761	1.094062787347422	0	-1.094062787347422	1	0.309448069989761	-5.099576494385401
1	0	0.7766637389342789	2.223336261065722	1	0.2588879129780929	1.287558501665313	0	-1.287558501665313	1	0.258887912978093	-6.001486519944555
0	0	0.8017332109194162	2.122528058373746	0	0.2741660669442191	0	0	0	0	0	0
2	0	1	2	1	0.3333333333333333	2	0	-2	1	0.1111111111111109	-9.322273919487623
1	0	1.57846122536827	1.198321006857496	1	0.5684497714835327	0.633528390769745	0	-0.633528390769745	1	0.5684497714835327	-2.952962597263879
1	0	0.776663738934279	2.223336261065722	1	0.2588879129780929	1.287558501665313	0	-1.287558501665313	1	0.258887912978093	-6.001486519944554
0	1	0.7772187713046971	2.220263354798275	0	0.2592905440657822	0	0.4503970206231937	0.4503970206231937	0.7407094559342178	0.2592905440657822	2.099362199385264
2	0	1.137079130673905	1.797639204476308	1	0.3874576708281287	1.758892539708009	0	-1.758892539708009	0.9999999999999999	0.1501234466835586	-8.198439025050661
2	0	0.7766637389342789	2.223336261065722	1	0.2588879129780929	2.575117003330626	0	-2.575117003330626	1	0.06702295148615267	-12.00297303988911
1	0	0.8482650033061214	1.3750712577596	1	0.3815279848400074	1.178876879397936	0	-1.178876879397936	1	0.3815279848400074	-5.494906593549166
0	0	0.9137428696081846	2.086257130391816	0	0.3045809565360614	0	0	0	0	0	0
2	0	0.8479435414738409	2.038330174280616	1	0.2937848676116266	2.358647601140671	0	-2.358647601140671	1	0.08630954843758087	-10.99397950868786
2	0	1	1.93010744389416	1	0.3412844133357049	2	0	-2	0.9999999999999999	0.1164750507858964	-9.322273919487621
0	1	0.9980902868805847	2.001909713119415	0	0.3326967622935282	0	0.4995230271607904	0.4995230271607904	0.6673032377064718	0.3326967622935282	2.328345244142272
0	0	0.8485225385863229	2.075738730706839	0	0.2901664593025314	0	0	0	0	0	0
2	0	1.769408387903489	1.229836825929761	1	0.5899512249757193	1.130321306077751	0	-1.130321306077751	1	0.3480424478503518	-5.268582416144905
1	0	0.8480702027600908	2.038203512994366	1	0.2938287516291259	1.179147665777486	0	-1.179147665777486	1	0.2938287516291259	-5.496168765951081
0	1	1	1.777892814931171	0	0.3599850918023191	0	0.562463603880819	0.562463603880819	0.6400149081976809	0.3599850918023191	2.621719892559588
1	0	1	1.995091390871723	1	0.3338796281969044	1	0	-1	1	0.3338796281969043	-4.661136959743811
0	0	0.7766637389342791	2	0	0.2797111252774068	0	0	0	0	0	0
0	0	0.8017332109194162	2.084540504835041	0	0.2777744905284726	0	0	0	0	0	0
1	1	0.7766637389342788	2.223336261065721	0.5	0.2588879129780929	1.287558501665313	0.4497745201711709	-0.8377839814941423	0.9329770485138473	0.4507528744700333	-3.905025880423672
0	0	0	1.302954922827355	0	0	0	0	0	0	0	0
0	0	0.9137428696081846	2.086257130391816	0	0.3045809565360614	0	0	0	0	0	0
0	0	1.776663738934279	1.223336261065721	0	0.5922212463114263	0	0	0	0	0	0
0	0	0	1.302954922827355	0	0	0	0	0	0	0	0
0	0	0.9137428696081844	2.086257130391816	0	0.3045809565360614	0	0	0	0	0	0
0	0	1	2	0	0.3333333333333333	0	0	0	0	0	0
0	0	0.776663738934279	2.223336261065722	0	0.2588879129780929	0	0	0	0	0	0
0	0	1	2	0	0.3333333333333333	0	0	0	0	0	0
0	1	0.1977225348866568	2.802277465113344	0	0.0659075116288856	0	0.3568526002329869	0.3568526002329869	0.9340924883711144	0.06590751162888564	1.663338844126659
0	0	1	1.776663738934279	0	0.3601444373612966	0	0	0	0	0	0
0	0	0.776663738934279	2.086257130391816	0	0.2712836904629845	0	0	0	0	0	0
0	0	0.776663738934279	2.223336261065722	0	0.2588879129780929	0	0	0	0	0	0
1	0	1.625811395057321	1.237675172741027	1	0.5677733617962666	0.6150774948681813	0	-0.6150774948681813	1	0.5677733617962666	-2.866960444436715
0	0	1	2	0	0.3333333333333333	0	0	0	0	0	0
1	0	0.776663738934279	2.086257130391816	1	0.2712836904629845	1.287558501665313	0	-1.287558501665313	1	0.2712836904629845	-6.001486519944554
0	1	0.9980930581741356	2.001906941825865	0	0.3326976860580452	0	0.4995237186639341	0.4995237186639341	0.6673023139419548	0.3326976860580452	2.328348467333133
0	1	1	2	0	0.3333333333333333	0	0.4999999999999999	0.4999999999999999	0.6666666666666667	0.3333333333333333	2.330568479871905
0	0	1.625186277520602	1.237734591805493	0	0.5676672013303516	0	0	0	0	0	0
0	0	1.625186277520602	1.237734591805493	0	0.5676672013303516	0	0	0	0	0	0
1	0	1	1.999267795819254	1	0.3334147092146698	1	0	-1	1	0.3334147092146698	-4.661136959743811
0	0	0.7766637389342791	2.223336261065722	0	0.2588879129780929	0	0	0	0	0	0
0	1	0.914573663459089	2.085426336540912	0	0.3048578878196963	0	0.4795182560409667	0.4795182560409667	0.6951421121803036	0.3048578878196964	2.235100266104446
0	0	0	3.000000000000001	0	0	0	0	0	0	0	0
0	0	0	1.302954922827355	0	0	0	0	0	0	0	0
0	0	1	2	0	0.3333333333333333	0	0	0	0	0	0
0	0	0.7766637389342791	2.086257130391816	0	0.2712836904629846	0	0	0	0	0	0
0	0	0.8017332109194162	1.421603050146306	0	0.3605991702465725	0	0	0	0	0	0
2	0	0.8318068818321231	2.054466833922333	1	0.2881940397030894	2.404404247768226	0	-2.404404247768226	0.9999999999999999	0.08305580452038597	-11.2072575054375
0	0	1	2	0	0.3333333333333333	0	0	0	0	0	0
0	0	0.7766637389342791	2.223336261065722	0	0.2588879129780929	0	0	0	0	0	0
0	1	0.9138612677303795	2.086138732269621	0	0.3046204225767931	0	0.4793545053027451	0.4793545053027451	0.6953795774232069	0.3046204225767931	2.234337001486336
1	0	0.9326118888714914	2.066291533487071	1	0.3109843024347932	1.072257400889508	0	-1.072257400889508	1	0.3109843024347931	-4.997938601644923
0	0	0.7766637389342791	2.086257130391816	0	0.2712836904629846	0	0	0	0	0	0
0	0	0.7766637389342791	2.223336261065722	0	0.2588879129780929	0	0	0	0	0	0
1	0	0.9137428696081844	2.086257130391816	1	0.3045809565360614	1.094399784951321	0	-1.094399784951321	1	0.3045809565360613	-5.101147286372282
0	0	0.7766637389342791	2.086257130391816	0	0.2712836904629846	0	0	0	0	0	0
0	0	0.9137428696081844	2.086257130391816	0	0.3045809565360614	0	0	0	0	0	0