Observed S Changes	Observed NS Changes	E[S Sites]	E[NS Sites]	Observed S. Prop.	P{S}	dS	dN	dN-dS	P{S leq. observed}	P{S geq. observed}	Scaled dN-dS
0	0	0	2.999999999999996	0	0	0	0	0	0	0	0
0	0	0.8657243346134522	2.032819586938474	0	0.298675596452556	0	0	0	0	0	0
3	0	0.9999999999999989	1.999999999999998	1	0.3333333333333334	3.000000000000004	0	-3.000000000000004	0.9999999999999999	0.0370370370370372	-2.459666412740929
0	1	0.9222876810161328	2.077712318983864	0	0.3074292270053779	0	0.4812985854023645	0.4812985854023645	0.692570772994622	0.307429227005378	0.3946113216713054
0	0	0.9228130420736821	2.077186957926314	0	0.3076043473578944	0	0	0	0	0	0
4	0	0.9999999999999988	1.999999999999998	1	0.3333333333333333	4.000000000000005	0	-4.000000000000005	1	0.01234567901234551	-3.279555216987906
0	0	1.665875043454681	1.211462623312862	0	0.5789640412020731	0	0	0	0	0	0
0	0	0.8001507088412285	2.199849291158768	0	0.2667169029470765	0	0	0	0	0	0
0	0	0.8001507088412285	1.999999999999998	0	0.2857527297780166	0	0	0	0	0	0
0	1	0.9233431079088752	2.076656892091121	0	0.3077810359696254	0	0.4815431975346851	0.4815431975346851	0.6922189640303746	0.3077810359696254	0.3948118764199779
0	0	1.800150708841227	1.199849291158769	0	0.6000502362804099	0	0	0	0	0	0
0	0	0.8001507088412285	2.077186957926314	0	0.2780871769353832	0	0	0	0	0	0
3	0	1.799920897618938	1.199869167240184	1	0.6000156206609303	1.666739912830953	0	-1.666739912830953	0.9999999999999999	0.2160168707530177	-1.366541394121678
0	1	0.9991386676622536	2.000861332337743	0	0.3330462225540849	0	0.4997847596123175	0.4997847596123175	0.6669537774459151	0.3330462225540849	0.409767928939405
1	2	0.8027208905149785	2.197279109485017	0.3333333333333333	0.2675736301716599	1.24576301902204	0.9102166362782861	-0.3355463827437538	0.8235272719562532	0.607091055148246	-0.2751107225171742
1	1	0.999999999999999	1.999999999999998	0.5	0.3333333333333334	1.000000000000001	0.5000000000000006	-0.5000000000000006	0.888888888888889	0.5555555555555556	-0.4099444021234881
0	0	0.8232335910587646	1.376615700100004	0	0.3742227226052959	0	0	0	0	0	0
1	2	0.823451692666894	2.076445992223626	0.3333333333333333	0.2839588779139916	1.214400321118198	0.9631842135504995	-0.2512161075676989	0.8038947773850349	0.6328750559152326	-0.2059692740412601
1	5	0.9793525344962386	2.020647465503758	0.1666666666666667	0.3264508448320799	1.021082771296836	2.474454394128307	1.45337162283147	0.3649003752581308	0.906628190689307	1.19160312196978
1	0	0.9999999999999989	1.999999999999998	1	0.3333333333333334	1.000000000000001	0	-1.000000000000001	1	0.3333333333333334	-0.8198888042469762
1	1	0.9983346585117961	1.934585018853023	0.5	0.3403893622510603	1.001668119476776	0.5169067217283013	-0.4847613977484745	0.8841350820663164	0.564913806568437	-0.3974504427450891
0	1	0.8017275489540403	2.198272451045956	0	0.2672425163180138	0	0.4549026666481636	0.4549026666481636	0.7327574836819862	0.2672425163180138	0.3729696034069233
0	0	0.8001507088412285	2.199849291158768	0	0.2667169029470765	0	0	0	0	0	0
1	1	0.800150708841229	2.199849291158769	0.5	0.2667169029470765	1.249764561788855	0.4545765948690287	-0.7951879669198259	0.9288620936823198	0.4622958995764728	-0.6519657113494793
0	0	0.8001507088412285	2.199849291158768	0	0.2667169029470765	0	0	0	0	0	0
0	0	0.9999999999999989	1.999999999999998	0	0.3333333333333334	0	0	0	0	0	0
0	0	0.9999999999999989	1.999999999999998	0	0.3333333333333334	0	0	0	0	0	0
1	1	0.9981100161229175	2.000461948857131	0.5	0.3328617848028064	1.001893562680018	0.4998845394541508	-0.5020090232258673	0.8892030322178903	0.554926601823503	-0.4115915777738484
0	0	1.800150708841227	1.199849291158769	0	0.6000502362804099	0	0	0	0	0	0
0	0	0.8001507088412285	2.077186957926314	0	0.2780871769353832	0	0	0	0	0	0
0	0	0.9999999999999989	1.999999999999998	0	0.3333333333333334	0	0	0	0	0	0
0	0	0.9999999999999989	1.999999999999998	0	0.3333333333333334	0	0	0	0	0	0
1	0	0.8001507088412285	2.199849291158768	1	0.2667169029470765	1.249764561788855	0	-1.249764561788855	1	0.2667169029470765	-1.02466797215531
0	0	0.8001507088412285	2.199849291158768	0	0.2667169029470765	0	0	0	0	0	0
0	0	0.9999999999999989	1.999999999999998	0	0.3333333333333334	0	0	0	0	0	0
1	0	0.999999999999999	1.999999999999998	1	0.3333333333333334	1.000000000000001	0	-1.000000000000001	1	0.3333333333333334	-0.8198888042469762
0	0	0.9999999999999989	1.999999999999998	0	0.3333333333333334	0	0	0	0	0	0
2	0	0.8001507088412286	2.199849291158768	1	0.2667169029470765	2.499529123577711	0	-2.499529123577711	1	0.07113790631768024	-2.049335944310619
2	0	0.9999999999999989	1.933264771304713	1	0.3409170593063102	2.000000000000002	0	-2.000000000000002	1	0.1162244413260622	-1.639777608493952
6	0	0.9999999999999989	1.999999999999998	1	0.3333333333333334	6.000000000000007	0	-6.000000000000007	0.9999999999999999	0.001371742112482921	-4.919332825481858
0	0	0.1767664089412344	2.823233591058762	0	0.05892213631374487	0	0	0	0	0	0
0	0	0.9999999999999989	1.999999999999998	0	0.3333333333333334	0	0	0	0	0	0
0	0	0.8232335910587646	2.075310330493161	0	0.2840162555197688	0	0	0	0	0	0
0	0	0.9999999999999989	1.999999999999998	0	0.3333333333333334	0	0	0	0	0	0
2	0	0.9176848927374547	2.082315107262541	1	0.3058949642458186	2.179397324536965	0	-2.179397324536965	0.9999999999999999	0.0935717291509508	-1.786863466393669
5	0	0.9999999999999992	1.999999999999998	1	0.3333333333333333	5.000000000000004	0	-5.000000000000004	1	0.004115226337448097	-4.09944402123488
1	1	0.8001507088412286	2.199849291158768	0.5	0.2667169029470765	1.249764561788855	0.454576594869029	-0.7951879669198263	0.9288620936823198	0.4622958995764728	-0.6519657113494798
0	1	0.8003702284321886	2.198991286761972	0	0.2668468687011133	0	0.4547539619734037	0.4547539619734037	0.7331531312988866	0.2668468687011134	0.3728476821089484
1	2	0.9690086193962456	1.231525532512787	0.3333333333333333	0.4403515476256528	1.031982564430711	1.624002058584388	0.5920194941536772	0.5890482275862636	0.8247145284256288	0.4853901551525576
0	0	0.9228130420736821	2.077186957926314	0	0.3076043473578944	0	0	0	0	0	0
0	0	0.8232335910587646	2.109628576247959	0	0.2806929013697047	0	0	0	0	0	0
2	0	0.9999999999999989	1.999999999999998	1	0.3333333333333334	2.000000000000002	0	-2.000000000000002	1	0.111111111111111	-1.639777608493952
0	0	0.9999999999999989	1.999999999999998	0	0.3333333333333334	0	0	0	0	0	0
0	0	0.8001507088412285	2.199849291158768	0	0.2667169029470765	0	0	0	0	0	0
1	0	0.9999999999999989	1.999999999999998	1	0.3333333333333334	1.000000000000001	0	-1.000000000000001	1	0.3333333333333334	-0.8198888042469762
1	0	0.9999999999999989	1.999999999999998	1	0.3333333333333334	1.000000000000001	0	-1.000000000000001	1	0.3333333333333334	-0.8198888042469762
3	0	0.8653969782654931	2.06746518904123	1	0.2950690925445691	3.46661714258914	0	-3.46661714258914	1	0.02569041756119828	-2.842240583819477
2	0	1.789680543540128	1.200754842488565	1	0.5984682203472815	1.117517876147798	0	-1.117517876147798	0.9999999999999999	0.3581642107656424	-0.9162403951994373
0	0	0.9999999999999989	1.999999999999998	0	0.3333333333333334	0	0	0	0	0	0
1	0	0.8656879502067075	1.334161340952061	1	0.3935214806241146	1.155150651873139	0	-1.155150651873139	1	0.3935214806241146	-0.9470950866893822
1	2	0.8001507088412292	2.199849291158769	0.3333333333333333	0.2667169029470765	1.249764561788854	0.9091531897380575	-0.3406113720507969	0.8245336451573412	0.6057106719433798	-0.2792634505436495
1	0	0.9999999999999988	1.999999999999998	1	0.3333333333333333	1.000000000000001	0	-1.000000000000001	1	0.3333333333333333	-0.8198888042469764
1	0	0.9999999999999989	1.80034911894161	1	0.3570983322172161	1.000000000000001	0	-1.000000000000001	1	0.3570983322172161	-0.8198888042469762
0	2	0.5845483743683678	2.415451625631631	0	0.1948494581227894	0	0.8280025063540687	0.8280025063540687	0.6482673950851661	0.3517326049148339	0.678869984848136
2	0	0.9999999999999989	1.999712455551157	1	0.3333652857791207	2.000000000000002	0	-2.000000000000002	1	0.1111324137625948	-1.639777608493952
0	3	0.8368625223821948	2.095970280164969	0	0.2853427313194875	0	1.431318005026234	1.431318005026234	0.3650004884652309	0.6349995115347691	1.173521607638125
0	0	0.1767664089412344	2.823233591058762	0	0.05892213631374487	0	0	0	0	0	0
2	0	0.8001507088412285	2.077186957926314	1	0.2780871769353833	2.499529123577711	0	-2.499529123577711	0.9999999999999999	0.07733247797589127	-2.049335944310619
0	6	0.8010103136696525	2.198989686330344	0	0.2670034378898845	0	2.728525757668628	2.728525757668628	0.1550999387633399	0.8449000612366601	2.237087720812004
1	1	0.800493507674961	2.199506492325035	0.5	0.2668311692249873	1.249229369647865	0.4546474418190641	-0.7945819278288011	0.928801127130026	0.462463465580001	-0.6514688266838122
1	0	0.9999999999999989	1.999999999999998	1	0.3333333333333334	1.000000000000001	0	-1.000000000000001	1	0.3333333333333334	-0.8198888042469762
0	0	0.8001507088412285	2.199849291158768	0	0.2667169029470765	0	0	0	0	0	0
1	3	0.8674309834242542	1.337898804956605	0.25	0.3933339076969151	1.152829468982557	2.242322056709892	1.089492587727335	0.4867500481590863	0.8645437998891347	0.8932627749877073
1	1	0.9230117953232058	2.076988204676791	0.5	0.3076705984410689	1.08340977338197	0.4814663837513772	-0.601943389630593	0.9053388028549146	0.5206799997370524	-0.4935266459485981
0	0	0.9999999999999989	1.999999999999998	0	0.3333333333333334	0	0	0	0	0	0
0	0	0.8001507088412285	2.199849291158768	0	0.2667169029470765	0	0	0	0	0	0
1	0	0.9999999999999989	1.932919634014167	1	0.3409571774155095	1.000000000000001	0	-1.000000000000001	1	0.3409571774155095	-0.8198888042469762
2	2	0.8234885922181628	2.10696403879238	0.5	0.2810107160593104	2.428691810548056	0.9492330970899306	-1.479458713458126	0.9299450537502421	0.3149848707949048	-1.212991635509951
3	0	0.8001507088412284	2.199849291158768	1	0.2667169029470765	3.749293685366567	0	-3.749293685366567	1	0.0189736820551909	-3.07400391646593
1	0	0.8001507088412285	2.077186957926314	1	0.2780871769353833	1.249764561788855	0	-1.249764561788855	1	0.2780871769353833	-1.02466797215531
1	0	0.9999999999999989	1.999999999999998	1	0.3333333333333334	1.000000000000001	0	-1.000000000000001	1	0.3333333333333334	-0.8198888042469762
0	0	1.800150708841227	1.199849291158769	0	0.6000502362804099	0	0	0	0	0	0
0	0	0.1767664089412344	2.823233591058762	0	0.05892213631374487	0	0	0	0	0	0
0	0	0.8001507088412285	2.199849291158768	0	0.2667169029470765	0	0	0	0	0	0
0	0	0.9999999999999989	1.999999999999998	0	0.3333333333333334	0	0	0	0	0	0
0	0	1.800150708841227	1.199849291158769	0	0.6000502362804099	0	0	0	0	0	0
0	0	1.665875043454681	1.211462623312862	0	0.5789640412020731	0	0	0	0	0	0
2	0	0.9999999999999989	1.933437297497897	1	0.3408970087252108	2.000000000000002	0	-2.000000000000002	1	0.1162107705577964	-1.639777608493952
3	0	0.8001507088412285	2.199849291158769	1	0.2667169029470764	3.749293685366566	0	-3.749293685366566	0.9999999999999998	0.01897368205519112	-3.07400391646593
0	0	0.9999999999999989	1.999999999999998	0	0.3333333333333334	0	0	0	0	0	0
2	0	0.8655058271080232	1.334343464050745	1	0.3934386917260678	2.310787446322278	0	-2.310787446322278	1	0.1547940041471196	-1.894588756234094
1	0	0.8001507088412285	2.077186957926314	1	0.2780871769353833	1.249764561788855	0	-1.249764561788855	1	0.2780871769353833	-1.02466797215531
0	0	0.8001507088412285	2.199849291158768	0	0.2667169029470765	0	0	0	0	0	0
0	2	0.9972564042250678	2.002743595774929	0	0.3324188014083563	0	0.9986300813640263	0.9986300813640263	0.4456646567130557	0.5543353432869442	0.8187656232946112
2	0	0.8001507088412291	2.199849291158769	1	0.2667169029470765	2.499529123577709	0	-2.499529123577709	1	0.07113790631768013	-2.049335944310618
0	0	0.8232335910587646	1.376615700100004	0	0.3742227226052959	0	0	0	0	0	0
2	0	0.8001507088412286	2.199849291158768	1	0.2667169029470765	2.499529123577711	0	-2.499529123577711	1	0.07113790631768024	-2.049335944310619
1	0	0.8656879577931257	2.0328559637588	1	0.2986630464200876	1.155150641750028	0	-1.155150641750028	1	0.2986630464200877	-0.9470950783895563
1	2	0.825175431527653	2.074242498052849	0.3333333333333333	0.2846003755129715	1.211863516281251	0.9642074163833098	-0.2476560998979408	0.8031116447387729	0.6338608882951144	-0.2030504636097921
0	0	0	1.268551330773092	0	0	0	0	0	0	0	0
0	0	0.8001507088412285	2.199849291158768	0	0.2667169029470765	0	0	0	0	0	0
1	0	1.002057382701609	1.997942617298388	1	0.3340191275672033	0.9979468414313141	0	-0.9979468414313141	1	0.3340191275672033	-0.818205442523166
0	0	0.8001507088412285	2.199849291158768	0	0.2667169029470765	0	0	0	0	0	0
0	0	0.9999999999999989	1.999999999999998	0	0.3333333333333334	0	0	0	0	0	0
0	0	0.8232335910587646	2.109628576247959	0	0.2806929013697047	0	0	0	0	0	0
2	0	1.094892049232749	1.296396979716045	1	0.4578668809909864	1.826664100265875	0	-1.826664100265875	0.9999999999999999	0.2096420807084143	-1.497661444927866
0	0	0.8001507088412285	2.199849291158768	0	0.2667169029470765	0	0	0	0	0	0
0	2	0.8246523248872867	2.073891596664639	0	0.2845057198394134	0	0.9643705597807157	0.9643705597807157	0.511932064942516	0.488067935057484	0.7906766251095972
0	0	0.9999999999999989	1.999999999999998	0	0.3333333333333334	0	0	0	0	0	0
0	3	0.8001507088412287	2.026208163166635	0	0.283103011710893	0	1.480598121424743	1.480598121424743	0.3684429642617315	0.6315570357382685	1.213925823345251
0	0	0.8001507088412285	2.199849291158768	0	0.2667169029470765	0	0	0	0	0	0
0	0	0.8001507088412285	2.199849291158768	0	0.2667169029470765	0	0	0	0	0	0
0	0	0.8001507088412285	2.077186957926314	0	0.2780871769353832	0	0	0	0	0	0
0	0	0.8001507088412285	1.999999999999998	0	0.2857527297780166	0	0	0	0	0	0
1	0	0.9999999999999988	1.999999999999998	1	0.3333333333333333	1.000000000000001	0	-1.000000000000001	1	0.3333333333333333	-0.8198888042469764
0	0	0.8001507088412285	1.999999999999998	0	0.2857527297780166	0	0	0	0	0	0
0	0	0.8001507088412285	2.199849291158768	0	0.2667169029470765	0	0	0	0	0	0
0	0	0.9999999999999989	1.999999999999998	0	0.3333333333333334	0	0	0	0	0	0
0	0	0.9999999999999989	1.999999999999998	0	0.3333333333333334	0	0	0	0	0	0
0	0	0.8001507088412285	2.199849291158768	0	0.2667169029470765	0	0	0	0	0	0
0	0	0.8001507088412285	1.999999999999998	0	0.2857527297780166	0	0	0	0	0	0
0	1	0.9999999999999988	1.999999999999998	0	0.3333333333333333	0	0.5000000000000007	0.5000000000000007	0.6666666666666667	0.3333333333333333	0.4099444021234882
0	0	0.9999999999999989	1.999999999999998	0	0.3333333333333334	0	0	0	0	0	0
0	0	0.9999999999999989	1.999999999999998	0	0.3333333333333334	0	0	0	0	0	0
0	0	0.9410346651066158	2.058965334893381	0	0.3136782217022056	0	0	0	0	0	0
0	0	0.9999999999999989	1.800150708841227	0	0.3571236351109918	0	0	0	0	0	0
1	0	1.79833205170943	1.199611803456107	1	0.5998551469237345	0.5560708318852661	0	-0.5560708318852661	1	0.5998551469237345	-0.4559162494310317
0	1	0.9999339415071182	2.000066058492878	0	0.3333113138357064	0	0.4999834859222279	0.4999834859222279	0.6666886861642936	0.3333113138357064	0.4099308624160098
0	0	0.9999999999999989	1.999999999999998	0	0.3333333333333334	0	0	0	0	0	0
0	1	0.9999999999999989	1.802204892663303	0	0.3568618421223183	0	0.5548758657081424	0.5548758657081424	0.6431381578776818	0.3568618421223182	0.4549365100409541
1	0	0.9999999999999989	1.999999999999998	1	0.3333333333333334	1.000000000000001	0	-1.000000000000001	1	0.3333333333333334	-0.8198888042469762
1	0	0.9999999999999989	1.999999999999998	1	0.3333333333333334	1.000000000000001	0	-1.000000000000001	1	0.3333333333333334	-0.8198888042469762
0	0	0.9999999999999989	1.999999999999998	0	0.3333333333333334	0	0	0	0	0	0
1	0	1.799805455910912	1.199879151647231	1	0.5999982302726226	0.5556156065178073	0	-0.5556156065178073	1	0.5999982302726226	-0.4555430152488429
1	0	0.8653601010513439	2.067502066255379	1	0.2950565187473548	1.155588290683935	0	-1.155588290683935	1	0.2950565187473548	-0.9474539018506579
0	0	0.8001507088412285	2.199849291158768	0	0.2667169029470765	0	0	0	0	0	0
0	0	0.8001507088412285	2.199849291158768	0	0.2667169029470765	0	0	0	0	0	0
0	2	0.8001507088412285	2.199849291158768	0	0.2667169029470765	0	0.909153189738058	0.909153189738058	0.5377041004235272	0.4622958995764728	0.7454045216116598
0	0	0.8232335910587646	2.109628576247959	0	0.2806929013697047	0	0	0	0	0	0
0	1	0.8001507088412285	2.199849291158768	0	0.2667169029470765	0	0.4545765948690291	0.4545765948690291	0.7332830970529235	0.2667169029470765	0.37270226080583
0	0	0.8001507088412285	2.199849291158768	0	0.2667169029470765	0	0	0	0	0	0
0	0	0.8001507088412285	2.199849291158768	0	0.2667169029470765	0	0	0	0	0	0
0	0	0	1.268551330773092	0	0	0	0	0	0	0	0
0	3	0.9994851019467115	2.000514898053286	0	0.333161700648904	0	1.499613925854448	1.499613925854448	0.296525198796148	0.7034748012038521	1.229516668500916
1	0	0.9999999999999989	1.933034560333079	1	0.3409438175479385	1.000000000000001	0	-1.000000000000001	1	0.3409438175479385	-0.8198888042469762
0	0	0.9999999999999989	1.999999999999998	0	0.3333333333333334	0	0	0	0	0	0
0	0	0.9999999999999989	1.999999999999998	0	0.3333333333333334	0	0	0	0	0	0
0	0	0.8232335910587646	1.376615700100004	0	0.3742227226052959	0	0	0	0	0	0
2	1	0.8001507088412286	2.199849291158769	0.6666666666666666	0.2667169029470765	2.499529123577711	0.4545765948690289	-2.044952528708682	0.9810263179448091	0.1754663548426587	-1.676633683504789
0	0	0.9999999999999989	1.932862167306724	0	0.3409638581544079	0	0	0	0	0	0
0	0	0.9999999999999989	1.999999999999998	0	0.3333333333333334	0	0	0	0	0	0
1	0	0.8001507088412291	2.199849291158769	1	0.2667169029470765	1.249764561788855	0	-1.249764561788855	1	0.2667169029470764	-1.024667972155309
0	0	0.9999999999999989	1.999999999999998	0	0.3333333333333334	0	0	0	0	0	0
0	2	0.999999999999999	1.999999999999998	0	0.3333333333333334	0	1.000000000000001	1.000000000000001	0.4444444444444444	0.5555555555555556	0.8198888042469762
0	0	0.8001507088412285	2.077186957926314	0	0.2780871769353832	0	0	0	0	0	0
0	5	0.2293849413187665	2.762097136492778	0	0.07667936338986053	0	1.810218740659077	1.810218740659077	0.671062100148873	0.328937899851127	1.484178078704436
0	0	0.9410346651066158	2.058965334893381	0	0.3136782217022056	0	0	0	0	0	0
0	8	0.9172542802441774	1.988230103690665	0	0.3156975426596365	0	4.023679143148446	4.023679143148446	0.0480822515783934	0.9519177484216066	3.298969481349473
1	1	0.9999999999999988	1.99931444842052	0.5	0.3334095231417343	1.000000000000001	0.5001714466626352	-0.4998285533373661	0.8888380898784014	0.5556571361618698	-0.4098038349242686
0	3	0.8011598106086497	2.194404889366302	0	0.2674486752415492	0	1.367113249946475	1.367113249946475	0.3931100747736369	0.6068899252263631	1.120880847768812
1	2	0.8001507088412291	2.199849291158769	0.3333333333333333	0.2667169029470765	1.249764561788855	0.9091531897380575	-0.3406113720507972	0.8245336451573413	0.6057106719433796	-0.2792634505436497
0	0	0.8001507088412285	2.199849291158768	0	0.2667169029470765	0	0	0	0	0	0
0	0	0.8001507088412285	2.199849291158768	0	0.2667169029470765	0	0	0	0	0	0
1	0	0.8001507088412284	2.199849291158768	1	0.2667169029470765	1.249764561788856	0	-1.249764561788856	1	0.2667169029470765	-1.02466797215531
1	0	0.8001507088412285	2.199849291158768	1	0.2667169029470765	1.249764561788855	0	-1.249764561788855	1	0.2667169029470765	-1.02466797215531
0	0	0.8985439215519281	1.999999999999998	0	0.3099983805216357	0	0	0	0	0	0
3	0	1.645712192868766	1.193958359982043	1	0.5795433527373794	1.822918984862397	0	-1.822918984862397	0.9999999999999997	0.1946515143238375	-1.494590866737941
0	0	0.8001507088412285	2.199849291158768	0	0.2667169029470765	0	0	0	0	0	0
0	0	0	1.268551330773092	0	0	0	0	0	0	0	0
1	0	1.665655746039383	1.211283553955732	1	0.5789679838021647	0.6003641523032671	0	-0.6003641523032671	1	0.5789679838021647	-0.4922318469446746
0	0	0.9999999999999989	1.999999999999998	0	0.3333333333333334	0	0	0	0	0	0
1	0	0.8001507088412284	2.199849291158767	1	0.2667169029470765	1.249764561788856	0	-1.249764561788856	1	0.2667169029470765	-1.02466797215531
2	4	1.564680428250758	1.236182739136185	0.3333333333333333	0.5586422237508026	1.278216282308784	3.235767555527515	1.957551273218731	0.2411596640956603	0.9364726222878175	1.604974372651449
0	3	0.805241270635296	2.17465950092649	0	0.2702241894495244	0	1.379526311462499	1.379526311462499	0.3886586983871687	0.6113413016128313	1.131058177932229
0	4	0.8052866470150211	2.150185897733921	0	0.2724730596620811	0	1.860304266815067	1.860304266815067	0.2801536722447291	0.7198463277552709	1.525242640854552
3	3	0.859290383853305	2.060465435206253	0.5	0.2943021393241299	3.491252848131662	1.455981715946474	-2.035271132185187	0.9339612626232981	0.2452092991804458	-1.668696014885701
1	0	0.8001507088412286	1.999999999999998	1	0.2857527297780166	1.249764561788855	0	-1.249764561788855	1	0.2857527297780166	-1.02466797215531
0	0	0.9999999999999989	1.999999999999998	0	0.3333333333333334	0	0	0	0	0	0
0	0	0.9999999999999989	1.999999999999998	0	0.3333333333333334	0	0	0	0	0	0
4	0	1.663760331481278	1.209735835456844	1	0.5790021057359238	2.404192433437045	0	-2.404192433437045	1	0.1123881630215219	-1.971170459430325
0	0	0.8001507088412285	2.199849291158768	0	0.2667169029470765	0	0	0	0	0	0
0	0	0.9999999999999989	1.999999999999998	0	0.3333333333333334	0	0	0	0	0	0
0	0	0.9999999999999989	1.999999999999998	0	0.3333333333333334	0	0	0	0	0	0
0	0	0	2.999999999999996	0	0	0	0	0	0	0	0
0	0	0.9999999999999989	1.999999999999998	0	0.3333333333333334	0	0	0	0	0	0
0	0	0.8001507088412285	2.199849291158768	0	0.2667169029470765	0	0	0	0	0	0
1	1	0.8004320414932037	2.199132678205106	0.5	0.2668493985933097	1.249325299540112	0.4547247239380675	-0.7946005756020443	0.9287913984703889	0.4624901956570083	-0.6514841157843184
2	0	0.8237065666309473	2.109155600675776	1	0.280854168945609	2.428049114844653	0	-2.428049114844653	1	0.0788790642141286	-1.990730285422909
1	5	0.8230708851775937	1.475610322219393	0.1666666666666667	0.3580622152080124	1.214962183705757	3.388428452086012	2.173466268380255	0.304170659349136	0.9300226268898991	1.782000659853423
0	0	0.8001507088412285	2.199849291158768	0	0.2667169029470765	0	0	0	0	0	0
0	0	0.8001507088412285	2.199849291158768	0	0.2667169029470765	0	0	0	0	0	0
0	0	0.8232335910587646	2.075310330493161	0	0.2840162555197688	0	0	0	0	0	0
0	0	1.665875043454681	1.211462623312862	0	0.5789640412020731	0	0	0	0	0	0
0	0	0.8001507088412285	1.999999999999998	0	0.2857527297780166	0	0	0	0	0	0
0	1	0.9228791227855707	2.077120877214425	0	0.3076263742618573	0	0.4814356309109342	0.4814356309109342	0.6923736257381428	0.3076263742618572	0.394723683749454
0	0	0	1.268551330773092	0	0	0	0	0	0	0	0
3	0	0.9999999999999988	1.998330573484613	1	0.333518928447511	3.000000000000004	0	-3.000000000000004	1	0.03709893652703555	-2.459666412740929
0	0	0.9999999999999989	1.999999999999998	0	0.3333333333333334	0	0	0	0	0	0
0	0	0.8001507088412285	2.199849291158768	0	0.2667169029470765	0	0	0	0	0	0
2	0	0.8001507088412286	2.199849291158768	1	0.2667169029470765	2.499529123577711	0	-2.499529123577711	1	0.07113790631768024	-2.049335944310619
1	0	0.9999999999999989	1.999999999999998	1	0.3333333333333334	1.000000000000001	0	-1.000000000000001	1	0.3333333333333334	-0.8198888042469762
1	1	0.9999999999999989	1.999999999999998	0.5	0.3333333333333334	1.000000000000001	0.5000000000000006	-0.5000000000000006	0.888888888888889	0.5555555555555556	-0.4099444021234881
2	0	0.999999999999999	1.999999999999998	1	0.3333333333333334	2.000000000000002	0	-2.000000000000002	1	0.111111111111111	-1.639777608493952
0	0	0.8001507088412285	2.199849291158768	0	0.2667169029470765	0	0	0	0	0	0
0	2	0.8508761510160443	2.067766998974095	0	0.2915314093875845	0	0.9672269656069969	0.9672269656069969	0.5019277438843424	0.4980722561156576	0.7930185602669511
0	0	0.8001507088412285	2.199849291158768	0	0.2667169029470765	0	0	0	0	0	0
0	0	0.8232335910587646	1.376615700100004	0	0.3742227226052959	0	0	0	0	0	0
1	2	0.9232753420348446	2.076724657965151	0.3333333333333333	0.3077584473449486	1.083100516684501	0.9630549684712036	-0.1200455482132977	0.7741530581554009	0.6682789782442859	-0.09842400097977329
0	2	0.8004671811754264	2.199216346490371	0	0.2668505439966561	0	0.9094148482443343	0.9094148482443343	0.5375081248379991	0.4624918751620009	0.7456190524914917
2	0	1.800150708841227	1.199849291158769	1	0.6000502362804099	1.111018088750701	0	-1.111018088750701	0.9999999999999999	0.3600602860601758	-0.9109112922825724
1	0	0.8001507088412285	1.999999999999998	1	0.2857527297780166	1.249764561788855	0	-1.249764561788855	1	0.2857527297780166	-1.02466797215531
1	0	0.9999999999999988	1.999999999999998	1	0.3333333333333333	1.000000000000001	0	-1.000000000000001	1	0.3333333333333333	-0.8198888042469764
0	4	0.8306385980289078	1.371780406930069	0	0.3771483065477723	0	2.915918597315198	2.915918597315198	0.1505007271702406	0.8494992728297593	2.390729012034275
2	2	0.9999999999999998	1.892692662009675	0.5	0.3456986679342762	2	1.056695595721487	-0.9433044042785135	0.877591747491737	0.4293827318995324	-0.7734047200648158
0	1	0.9999999999999987	1.807340903068748	0	0.3562089658961203	0	0.5532990474027697	0.5532990474027697	0.6437910341038797	0.3562089658961203	0.4536436943660473
0	0	0.9999999999999989	1.932862167306724	0	0.3409638581544079	0	0	0	0	0	0
0	0	0.8985439215519281	1.999999999999998	0	0.3099983805216357	0	0	0	0	0	0
1	0	0.9208969444954764	2.07910305550452	1	0.3069656481651591	1.085897836861497	0	-1.085897836861497	1	0.3069656481651591	-0.89031547899875
1	0	0.9999999999999988	1.999999999999998	1	0.3333333333333333	1.000000000000001	0	-1.000000000000001	1	0.3333333333333333	-0.8198888042469764
2	0	0.9999999999999992	1.999999999999998	1	0.3333333333333333	2.000000000000002	0	-2.000000000000002	1	0.1111111111111109	-1.639777608493952
1	0	0.9999999999999989	1.999999999999998	1	0.3333333333333334	1.000000000000001	0	-1.000000000000001	1	0.3333333333333334	-0.8198888042469762
0	0	0.9999999999999989	1.999999999999998	0	0.3333333333333334	0	0	0	0	0	0
0	0	0.8232335910587646	2.075310330493161	0	0.2840162555197688	0	0	0	0	0	0
0	1	0.8993255539850965	1.999482760339955	0	0.3102397456019758	0	0.5001293433657704	0.5001293433657704	0.6897602543980241	0.3102397456019759	0.4100504493009864
0	0	0.8001507088412285	2.199849291158768	0	0.2667169029470765	0	0	0	0	0	0
0	0	0.8232335910587646	1.376615700100004	0	0.3742227226052959	0	0	0	0	0	0
1	0	0.8237077469584364	1.376141544200332	1	0.3744382627796059	1.214022817792509	0	-1.214022817792509	1	0.3744382627796059	-0.9953637164084438
0	2	0.9999999999999993	1.999999999999999	0	0.3333333333333333	0	1.000000000000001	1.000000000000001	0.4444444444444445	0.5555555555555555	0.8198888042469759
2	1	0.9999999999999987	1.999999999999997	0.6666666666666666	0.3333333333333333	2.000000000000003	0.5000000000000007	-1.500000000000002	0.962962962962963	0.2592592592592592	-1.229833206370465
1	2	0.923606208566042	2.076393791433955	0.3333333333333333	0.307868736188681	1.082712513975587	0.9632084281174829	-0.1195040858581045	0.7740120664084359	0.6684375036866371	-0.09798006205682913
1	0	0.9999999999999991	1.999999999999998	1	0.3333333333333333	1.000000000000001	0	-1.000000000000001	1	0.3333333333333333	-0.8198888042469761
0	0	0.8001507088412285	2.199849291158768	0	0.2667169029470765	0	0	0	0	0	0
0	0	0.9228130420736821	2.077186957926314	0	0.3076043473578944	0	0	0	0	0	0
2	0	0.9999999999999988	1.93314978764229	1	0.3409304237421213	2.000000000000003	0	-2.000000000000003	1	0.1162335538329824	-1.639777608493953
1	1	0.9998285902043464	1.999999999999998	0.5	0.3332952400911146	1.000171439182009	0.5000000000000006	-0.5001714391820081	0.8889142829326063	0.5555047631148354	-0.4100849631894254
0	0	0.8985439215519281	1.999999999999998	0	0.3099983805216357	0	0	0	0	0	0
0	1	0.9999999999999989	1.999999999999998	0	0.3333333333333334	0	0.5000000000000006	0.5000000000000006	0.6666666666666666	0.3333333333333334	0.4099444021234881
3	0	0.9001768218658482	2.002266011507513	1	0.3101445484180712	3.332678566175174	0	-3.332678566175174	1	0.02983269274359812	-2.732425844560888
0	4	0.5115809485349994	2.488419051465	0	0.1705269828449998	0	1.607446301154579	1.607446301154579	0.4733790696445355	0.5266209303554645	1.317927225744851
1	0	0.9408812796973227	2.058752478603515	1	0.3136653856803809	1.062833347392878	0	-1.062833347392878	1	0.3136653856803809	-0.8714051623077567
1	5	0.8001507088412287	2.199849291158768	0.1666666666666667	0.2667169029470765	1.249764561788855	2.272882974345145	1.02311841255629	0.4947455595989865	0.8445359257806589	0.8388433318738402
1	0	0.9228130420736822	2.077186957926315	1	0.3076043473578943	1.083643115568532	0	-1.083643115568532	1	0.3076043473578943	-0.8884668582539508
1	0	0.9999999999999991	1.999999999999998	1	0.3333333333333333	1.000000000000001	0	-1.000000000000001	1	0.3333333333333333	-0.8198888042469761
0	0	0.8001507088412285	2.199849291158768	0	0.2667169029470765	0	0	0	0	0	0
2	0	0.8988353136966474	2.000404371257388	1	0.3100244930977127	2.225101717215119	0	-2.225101717215119	0.9999999999999998	0.09611518632049387	-1.824335986255395
0	1	0.2734342304281065	2.726565769571891	0	0.09114474347603559	0	0.3667617378461456	0.3667617378461456	0.9088552565239644	0.09114474347603563	0.300703842686219
0	0	0.8001507088412285	2.199849291158768	0	0.2667169029470765	0	0	0	0	0	0
1	0	0.922813042073682	2.077186957926314	1	0.3076043473578944	1.083643115568532	0	-1.083643115568532	1	0.3076043473578944	-0.888466858253951
1	0	0.8001507088412285	1.999999999999998	1	0.2857527297780166	1.249764561788855	0	-1.249764561788855	1	0.2857527297780166	-1.02466797215531
0	0	0	1.268551330773092	0	0	0	0	0	0	0	0
0	0	0.9999999999999989	1.999999999999998	0	0.3333333333333334	0	0	0	0	0	0
0	0	0.1767664089412344	2.823233591058762	0	0.05892213631374487	0	0	0	0	0	0
0	0	0.9999999999999989	1.999999999999998	0	0.3333333333333334	0	0	0	0	0	0
0	0	0.8232335910587646	2.075310330493161	0	0.2840162555197688	0	0	0	0	0	0
4	0	0.9999999999999989	1.999999999999998	1	0.3333333333333334	4.000000000000004	0	-4.000000000000004	1	0.01234567901234573	-3.279555216987905
1	0	0.9999999999999988	1.933092093775831	1	0.3409371298371605	1.000000000000001	0	-1.000000000000001	1	0.3409371298371604	-0.8198888042469764
1	0	0.8001507088412285	2.199849291158768	1	0.2667169029470765	1.249764561788855	0	-1.249764561788855	1	0.2667169029470765	-1.02466797215531
0	1	0.1758541063230794	2.824145893676917	0	0.05861803544102652	0	0.3540893557372288	0.3540893557372288	0.9413819645589735	0.05861803544102651	0.2903138984719784
0	0	0.9999999999999989	1.999999999999998	0	0.3333333333333334	0	0	0	0	0	0
1	0	1.665692279492341	1.211313385688706	1	0.578967326916098	0.6003509845796809	0	-0.6003509845796809	1	0.578967326916098	-0.4922210508755289
0	0	0.9228130420736821	2.077186957926314	0	0.3076043473578944	0	0	0	0	0	0
1	0	0.8001507088412284	2.199849291158768	1	0.2667169029470765	1.249764561788856	0	-1.249764561788856	1	0.2667169029470765	-1.02466797215531
1	0	0.8001507088412285	2.199849291158768	1	0.2667169029470765	1.249764561788855	0	-1.249764561788855	1	0.2667169029470765	-1.02466797215531
1	0	0.9999999999999989	1.999999999999998	1	0.3333333333333334	1.000000000000001	0	-1.000000000000001	1	0.3333333333333334	-0.8198888042469762
0	0	0.9999999999999989	1.999999999999998	0	0.3333333333333334	0	0	0	0	0	0
1	0	0.8001507088412284	2.199849291158767	1	0.2667169029470765	1.249764561788856	0	-1.249764561788856	1	0.2667169029470765	-1.02466797215531
1	0	1.799695249487253	1.19978981540947	1	0.6000014037573542	0.555649630283187	0	-0.555649630283187	1	0.6000014037573542	-0.4555709109531562
0	0	0.9228130420736821	2.077186957926314	0	0.3076043473578944	0	0	0	0	0	0
1	0	0.9999999999999989	1.999999999999998	1	0.3333333333333334	1.000000000000001	0	-1.000000000000001	1	0.3333333333333334	-0.8198888042469762
0	0	0.9999999999999989	1.999999999999998	0	0.3333333333333334	0	0	0	0	0	0
1	0	0.9466131346005759	2.05338686539942	1	0.3155377115335258	1.056397765304567	0	-1.056397765304567	1	0.3155377115335258	-0.8661287006047386
0	0	0.9999999999999989	1.999999999999998	0	0.3333333333333334	0	0	0	0	0	0
0	0	0.8001507088412285	1.999999999999998	0	0.2857527297780166	0	0	0	0	0	0
1	0	0.8001507088412285	2.199849291158768	1	0.2667169029470765	1.249764561788855	0	-1.249764561788855	1	0.2667169029470765	-1.02466797215531
1	0	0.823306365264864	2.075237556287061	1	0.2840413626798013	1.214614683172396	0	-1.214614683172396	1	0.2840413626798013	-0.9958489802070347
0	0	0.1767664089412344	2.823233591058762	0	0.05892213631374487	0	0	0	0	0	0
1	2	1.123863847518382	1.082668556252747	0.3333333333333333	0.5093348484697593	0.8897874971315368	1.847287416309801	0.9574999191782639	0.4859993541614752	0.8818712406914464	0.7850434638016424
0	1	0.8007565875956091	2.199243412404387	0	0.26691886253187	0	0.4547018280740106	0.4547018280740106	0.73308113746813	0.26691886253187	0.3728049381085143
2	0	0.9999999999999989	1.999712682798651	1	0.33336526052456	2.000000000000002	0	-2.000000000000002	0.9999999999999999	0.1111323969246079	-1.639777608493952
0	0	0.8232335910587646	2.075310330493161	0	0.2840162555197688	0	0	0	0	0	0
0	0	0.8001507088412285	2.199849291158768	0	0.2667169029470765	0	0	0	0	0	0
0	0	0.9999999999999989	1.800150708841227	0	0.3571236351109918	0	0	0	0	0	0
0	0	0.1767664089412344	2.823233591058762	0	0.05892213631374487	0	0	0	0	0	0
0	0	0	2.999999999999996	0	0	0	0	0	0	0	0
0	0	0.8985439215519281	1.999999999999998	0	0.3099983805216357	0	0	0	0	0	0
0	0	0.9999999999999989	1.800150708841227	0	0.3571236351109918	0	0	0	0	0	0
0	0	0.8001507088412285	2.199849291158768	0	0.2667169029470765	0	0	0	0	0	0
0	0	0.9999999999999989	1.999999999999998	0	0.3333333333333334	0	0	0	0	0	0
0	0	0.9999999999999989	1.999999999999998	0	0.3333333333333334	0	0	0	0	0	0
2	0	0.9221729490869959	2.077827050913001	1	0.307390983028999	2.168790574457985	0	-2.168790574457985	0.9999999999999999	0.09448921644753439	-1.778167110754468
2	0	0.9999999999999988	1.998223097331622	1	0.3335308839725722	2.000000000000003	0	-2.000000000000003	1	0.1112428505635252	-1.639777608493953
0	0	0.8232335910587646	2.075310330493161	0	0.2840162555197688	0	0	0	0	0	0
1	0	0.8001507088412284	2.077186957926314	1	0.2780871769353832	1.249764561788856	0	-1.249764561788856	1	0.2780871769353832	-1.02466797215531
1	1	0.8321903318814119	2.118068829800056	0.5	0.2820736370180829	1.201648182741086	0.4721281886266176	-0.7295199941144686	0.9204344632993908	0.4845817373355567	-0.598125275648772
1	0	0.9999999999999988	1.999828974187882	1	0.333352337284735	1.000000000000001	0	-1.000000000000001	1	0.3333523372847349	-0.8198888042469764
1	1	0.8443541430055573	2.096391653074698	0.5	0.2871224517709092	1.184337174494587	0.47701010378158	-0.7073270707130067	0.9175606976890619	0.4918056012308804	-0.5799295462184029
1	0	0.8001507088412284	2.077186957926314	1	0.2780871769353832	1.249764561788856	0	-1.249764561788856	1	0.2780871769353832	-1.02466797215531
1	0	0.9228130420736821	2.077186957926314	1	0.3076043473578944	1.083643115568532	0	-1.083643115568532	1	0.3076043473578944	-0.888466858253951
2	0	0.9999999999999988	1.999999999999998	1	0.3333333333333333	2.000000000000003	0	-2.000000000000003	1	0.1111111111111109	-1.639777608493953
0	0	0.9999999999999989	1.999999999999998	0	0.3333333333333334	0	0	0	0	0	0
1	0	0.8001507088412284	2.199849291158768	1	0.2667169029470765	1.249764561788856	0	-1.249764561788856	1	0.2667169029470764	-1.02466797215531
1	0	0.9999999999999989	1.933323222805162	1	0.3409102659486978	1.000000000000001	0	-1.000000000000001	1	0.3409102659486978	-0.8198888042469762
1	0	0.8001507088412285	2.199849291158768	1	0.2667169029470765	1.249764561788855	0	-1.249764561788855	1	0.2667169029470765	-1.02466797215531
0	0	0.9228130420736821	2.077186957926314	0	0.3076043473578944	0	0	0	0	0	0
1	0	0.9999999999999989	1.999999999999998	1	0.3333333333333334	1.000000000000001	0	-1.000000000000001	1	0.3333333333333334	-0.8198888042469762
0	0	0.8001507088412285	2.199849291158768	0	0.2667169029470765	0	0	0	0	0	0
0	0	0.8001507088412285	2.199849291158768	0	0.2667169029470765	0	0	0	0	0	0
1	0	0.8239977941794075	2.074546127372518	1	0.2842799062151959	1.213595481764447	0	-1.213595481764447	1	0.2842799062151959	-0.9950133483833845
0	0	0.9999999999999989	1.999999999999998	0	0.3333333333333334	0	0	0	0	0	0
2	0	0.8001507088412285	2.199849291158768	1	0.2667169029470765	2.499529123577711	0	-2.499529123577711	1	0.07113790631768024	-2.049335944310619
0	0	0.8232335910587646	1.376615700100004	0	0.3742227226052959	0	0	0	0	0	0
1	0	0.8001507088412285	2.199849291158768	1	0.2667169029470765	1.249764561788855	0	-1.249764561788855	1	0.2667169029470765	-1.02466797215531
1	0	0.9999999999999989	1.999999999999998	1	0.3333333333333334	1.000000000000001	0	-1.000000000000001	1	0.3333333333333334	-0.8198888042469762
0	0	0.8001507088412285	2.199849291158768	0	0.2667169029470765	0	0	0	0	0	0
0	0	0.9410346651066158	2.058965334893381	0	0.3136782217022056	0	0	0	0	0	0
0	0	0.9228130420736821	2.077186957926314	0	0.3076043473578944	0	0	0	0	0	0
0	0	0.9999999999999989	1.999999999999998	0	0.3333333333333334	0	0	0	0	0	0
1	0	0.8001507088412283	1.999999999999997	1	0.2857527297780166	1.249764561788856	0	-1.249764561788856	1	0.2857527297780166	-1.02466797215531
0	0	0.9999999999999989	1.999999999999998	0	0.3333333333333334	0	0	0	0	0	0
0	1	0.9999999999999989	1.999999999999998	0	0.3333333333333334	0	0.5000000000000006	0.5000000000000006	0.6666666666666666	0.3333333333333334	0.4099444021234881
0	0	0.8001507088412285	2.077186957926314	0	0.2780871769353832	0	0	0	0	0	0
0	0	0.9999999999999989	1.999999999999998	0	0.3333333333333334	0	0	0	0	0	0
1	0	0.8986530032275675	2.000151375028927	1	0.3100081571451428	1.112776562709342	0	-1.112776562709342	1	0.3100081571451428	-0.9123530453938219
1	0	0.8001507088412284	1.999999999999998	1	0.2857527297780166	1.249764561788856	0	-1.249764561788856	1	0.2857527297780166	-1.02466797215531
2	0	0.9999999999999988	1.999999999999998	1	0.3333333333333333	2.000000000000003	0	-2.000000000000003	1	0.1111111111111109	-1.639777608493953
0	0	0.8657243346134522	2.032819586938474	0	0.298675596452556	0	0	0	0	0	0
0	1	0.8180905120984459	1.56003973361977	0	0.3440057640120444	0	0.6410093143459196	0.6410093143459196	0.6559942359879556	0.3440057640120444	0.5255563602502495
2	4	0.8001507088412292	2.19984929115877	0.3333333333333333	0.2667169029470765	2.499529123577709	1.818306379476115	-0.6812227441015943	0.8032625135947631	0.5052544404010132	-0.5585269010872994
0	0	0.9999999999999989	1.999999999999998	0	0.3333333333333334	0	0	0	0	0	0
2	0	1.800150708841227	1.199849291158769	1	0.6000502362804099	1.111018088750701	0	-1.111018088750701	0.9999999999999999	0.3600602860601758	-0.9109112922825721
0	0	0.8232335910587646	2.075310330493161	0	0.2840162555197688	0	0	0	0	0	0
1	0	1.665989643716728	1.211452711681412	1	0.5789828041528957	0.6002438273079879	0	-0.6002438273079879	1	0.5789828041528957	-0.4921331938281741
0	0	0.9999999999999989	1.999999999999998	0	0.3333333333333334	0	0	0	0	0	0
0	0	0.9999999999999989	1.999999999999998	0	0.3333333333333334	0	0	0	0	0	0
1	0	0.9999999999999992	1.948234624232151	1	0.3391860307795019	1.000000000000001	0	-1.000000000000001	1	0.3391860307795018	-0.8198888042469761
0	0	0	2.999999999999996	0	0	0	0	0	0	0	0
4	0	1.094608945089777	1.19749837758369	1	0.4775557122748719	3.654273078932248	0	-3.654273078932248	0.9999999999999999	0.05201111653211299	-2.996097585077674
2	0	0.8001507088412285	2.199849291158768	1	0.2667169029470765	2.499529123577711	0	-2.499529123577711	1	0.07113790631768024	-2.049335944310619
1	0	0.9999999999999988	1.999999999999998	1	0.3333333333333333	1.000000000000001	0	-1.000000000000001	1	0.3333333333333333	-0.8198888042469764
0	0	0.9999999999999989	1.999999999999998	0	0.3333333333333334	0	0	0	0	0	0
0	0	0.8657243346134522	2.067137832693271	0	0.2951807092279606	0	0	0	0	0	0
0	1	0.8240722970827126	2.074471624469213	0	0.2843056097771641	0	0.4820504595987744	0.4820504595987744	0.7156943902228359	0.2843056097771641	0.395227774907144
0	0	0.8232335910587646	1.376615700100004	0	0.3742227226052959	0	0	0	0	0	0
1	0	0.9999999999999989	1.999999999999998	1	0.3333333333333334	1.000000000000001	0	-1.000000000000001	1	0.3333333333333334	-0.8198888042469762
1	0	0.8985802689457614	2.000050440074014	1	0.3100016384114114	1.112866634800725	0	-1.112866634800725	1	0.3100016384114114	-0.912426894493122
1	0	0.9999999999999988	1.999999999999998	1	0.3333333333333333	1.000000000000001	0	-1.000000000000001	1	0.3333333333333333	-0.8198888042469764
0	0	0.1767664089412344	2.823233591058762	0	0.05892213631374487	0	0	0	0	0	0
1	0	0.8001507088412284	2.199849291158767	1	0.2667169029470765	1.249764561788856	0	-1.249764561788856	1	0.2667169029470765	-1.02466797215531
3	0	0.9999999999999988	1.999999999999998	1	0.3333333333333333	3.000000000000004	0	-3.000000000000004	1	0.03703703703703698	-2.459666412740929
0	0	0.9999999999999989	1.999999999999998	0	0.3333333333333334	0	0	0	0	0	0
1	0	0.3571784910509719	2.642821508949027	1	0.1190594970169907	2.799720658031709	0	-2.799720658031709	1	0.1190594970169907	-2.295459622539173
4	0	0.9999999999999989	1.999999999999998	1	0.3333333333333334	4.000000000000004	0	-4.000000000000004	1	0.01234567901234573	-3.279555216987905
0	0	0.9999999999999989	1.999999999999998	0	0.3333333333333334	0	0	0	0	0	0
0	0	0.8001507088412285	2.199849291158768	0	0.2667169029470765	0	0	0	0	0	0
0	0	0.1767664089412344	2.823233591058762	0	0.05892213631374487	0	0	0	0	0	0
0	0	0.8232335910587646	2.109628576247959	0	0.2806929013697047	0	0	0	0	0	0
1	0	0.8001507088412284	2.199849291158768	1	0.2667169029470765	1.249764561788856	0	-1.249764561788856	1	0.2667169029470765	-1.02466797215531
1	0	0.9999999999999988	1.999999999999998	1	0.3333333333333333	1.000000000000001	0	-1.000000000000001	1	0.3333333333333333	-0.8198888042469764
0	0	0	1.268551330773092	0	0	0	0	0	0	0	0
3	0	0.8649946721901298	2.067867495116593	1	0.2949319207129543	3.468229454412854	0	-3.468229454412854	1	0.02565460530160757	-2.843562500232695
1	0	0.9999999999999989	1.933092192473453	1	0.3409371183647341	1.000000000000001	0	-1.000000000000001	1	0.3409371183647341	-0.8198888042469762
0	1	0.009284565090686793	2.99071543490931	0	0.003094855030228934	0	0.33436815429761	0.33436815429761	0.9969051449697711	0.003094855030228882	0.2741447062053356
1.5	9.5	0.9269365612504832	2.069332791932434	0.1363636363636364	0.309363562480057	1.618233720305979	4.590851716571158	2.972617996265179	0.1951498998936078	0.9409417260996104	2.437216214440898
0	0	0.8001507088412285	2.199849291158768	0	0.2667169029470765	0	0	0	0	0	0
0	0	0.9999999999999989	1.999999999999998	0	0.3333333333333334	0	0	0	0	0	0
0	0	0	1.268551330773092	0	0	0	0	0	0	0	0
2	0	0.8001507088412284	1.999999999999998	1	0.2857527297780166	2.499529123577711	0	-2.499529123577711	1	0.08165462257558809	-2.04933594431062
1	0	0.9999999999999988	1.999999999999998	1	0.3333333333333333	1.000000000000001	0	-1.000000000000001	1	0.3333333333333333	-0.8198888042469764
0	0	0.8001507088412285	2.199849291158768	0	0.2667169029470765	0	0	0	0	0	0
0	0	0.9410346651066158	2.058965334893381	0	0.3136782217022056	0	0	0	0	0	0
1	0	0.8001507088412284	2.199849291158767	1	0.2667169029470765	1.249764561788856	0	-1.249764561788856	1	0.2667169029470765	-1.02466797215531
0	0	0.8232335910587646	1.376615700100004	0	0.3742227226052959	0	0	0	0	0	0
0	0	0.8001507088412285	2.199849291158768	0	0.2667169029470765	0	0	0	0	0	0
0	0	0.9999999999999989	1.999999999999998	0	0.3333333333333334	0	0	0	0	0	0
4	0	0.8653964866181912	2.067465680688532	1	0.2950689249106083	4.622158816048881	0	-4.622158816048881	1	0.007580430970542396	-3.789656264729932
1	0	0.9999999999999989	1.934071488997954	1	0.3408233247723354	1.000000000000001	0	-1.000000000000001	1	0.3408233247723353	-0.8198888042469762
1	3	0.8148231968907186	2.110777541343791	0.25	0.2785148315837635	1.22726010233373	1.421277202944892	0.1940171006111626	0.6893616821795189	0.7290372253087871	0.1590724486235512
0	0	0.9999999999999989	1.932862167306724	0	0.3409638581544079	0	0	0	0	0	0
2	0	0.8247639551892433	1.375085335969524	1	0.3749183903206387	2.42493623468438	0	-2.42493623468438	0.9999999999999999	0.1405637994006189	-1.988178069830539
0	0	0.9999999999999989	1.999999999999998	0	0.3333333333333334	0	0	0	0	0	0
0	0	0.9999999999999989	1.999999999999998	0	0.3333333333333334	0	0	0	0	0	0
0	0	0.8001507088412285	2.199849291158768	0	0.2667169029470765	0	0	0	0	0	0
0	0	0.9999999999999989	1.999999999999998	0	0.3333333333333334	0	0	0	0	0	0
0	0	0.8232335910587646	2.075310330493161	0	0.2840162555197688	0	0	0	0	0	0
0	0	0.8001507088412285	2.199849291158768	0	0.2667169029470765	0	0	0	0	0	0
1	0	0.999999999999999	1.999999999999998	1	0.3333333333333334	1.000000000000001	0	-1.000000000000001	1	0.3333333333333334	-0.8198888042469762
0	0	0.8232335910587646	1.376615700100004	0	0.3742227226052959	0	0	0	0	0	0
0	0	0.9999999999999989	1.999999999999998	0	0.3333333333333334	0	0	0	0	0	0
1	0	0.9999999999999988	1.999999999999998	1	0.3333333333333333	1.000000000000001	0	-1.000000000000001	1	0.3333333333333333	-0.8198888042469764
3	1	0.9190427209935462	2.080957279006451	0.75	0.3063475736645157	3.264266101533126	0.480548067991789	-2.783718033541338	0.9911923960020662	0.08857864067092891	-2.282339249880949
1	2	0.8001507088412283	2.199849291158768	0.3333333333333333	0.2667169029470765	1.249764561788856	0.9091531897380583	-0.3406113720507975	0.8245336451573413	0.6057106719433796	-0.27926345054365
0	0	0.8232335910587646	1.376615700100004	0	0.3742227226052959	0	0	0	0	0	0
0	0	0.9228130420736821	2.077186957926314	0	0.3076043473578944	0	0	0	0	0	0
1	0	0.8001507088412286	2.199849291158768	1	0.2667169029470765	1.249764561788855	0	-1.249764561788855	1	0.2667169029470765	-1.02466797215531
2	0	0.999999999999999	1.99850534280403	1	0.3334994891370968	2.000000000000002	0	-2.000000000000002	0.9999999999999999	0.1112219092547047	-1.639777608493952
0	0	0.8657243346134522	2.032819586938474	0	0.298675596452556	0	0	0	0	0	0
1	0	1.800150708841227	1.199849291158769	1	0.6000502362804098	0.5555090443753505	0	-0.5555090443753505	1	0.6000502362804098	-0.4554556461412861
1	0	0.8001507088412285	2.199849291158768	1	0.2667169029470765	1.249764561788855	0	-1.249764561788855	1	0.2667169029470765	-1.02466797215531
5	0	1.026476387030146	1.570181726906601	1	0.3953067142419931	4.871032654210638	0	-4.871032654210638	1	0.009653192221149243	-3.993705138308731
0	0	1.665875043454681	1.211462623312862	0	0.5789640412020731	0	0	0	0	0	0
0	0	0.9228130420736821	2.077186957926314	0	0.3076043473578944	0	0	0	0	0	0
1	0	0.9999999999999987	1.999538510306362	1	0.3333846178550522	1.000000000000001	0	-1.000000000000001	1	0.3333846178550521	-0.8198888042469764
0	1	0.8235574670375539	2.074986454514372	0	0.2841279929947063	0	0.4819308568614435	0.4819308568614435	0.7158720070052937	0.2841279929947063	0.3951297139618491
0	0	0.9999999999999989	1.999999999999998	0	0.3333333333333334	0	0	0	0	0	0
2	0	0.8001507088412285	2.199849291158768	1	0.2667169029470765	2.499529123577711	0	-2.499529123577711	1	0.07113790631768024	-2.049335944310619
0	0	0.8657243346134522	2.067137832693271	0	0.2951807092279606	0	0	0	0	0	0
0	0	0.8232335910587646	2.075310330493161	0	0.2840162555197688	0	0	0	0	0	0
1	0	0.8001507088412284	2.199849291158768	1	0.2667169029470765	1.249764561788856	0	-1.249764561788856	1	0.2667169029470765	-1.02466797215531
1	0	0.8001507088412283	2.199849291158768	1	0.2667169029470765	1.249764561788856	0	-1.249764561788856	1	0.2667169029470764	-1.02466797215531
0	0	0.8657243346134522	1.334124956545316	0	0.393538020123839	0	0	0	0	0	0
0	0	0.9228130420736821	2.077186957926314	0	0.3076043473578944	0	0	0	0	0	0
1	0	0.8233791586770537	2.109483008629669	1	0.2807425346664589	1.214507301358864	0	-1.214507301358864	1	0.2807425346664589	-0.9957609390603396
3	0	0.8237432749990856	2.07480064655284	1	0.2841920968918907	3.641911370995205	0	-3.641911370995205	1	0.02295281674766159	-2.985962359138721
0	0	0.8232335910587646	2.109628576247959	0	0.2806929013697047	0	0	0	0	0	0
1	0	0.8001507088412284	2.199849291158767	1	0.2667169029470765	1.249764561788856	0	-1.249764561788856	1	0.2667169029470765	-1.02466797215531
0	0	0.9999999999999989	1.800150708841227	0	0.3571236351109918	0	0	0	0	0	0
0	0	0.8232335910587646	2.109628576247959	0	0.2806929013697047	0	0	0	0	0	0
2	0	0.9999999999999996	1.999999999999999	1	0.3333333333333333	2.000000000000001	0	-2.000000000000001	1	0.1111111111111109	-1.639777608493951
1	0	0.8232699690279494	2.109592198278774	1	0.2807053049424298	1.214668380507939	0	-1.214668380507939	1	0.2807053049424298	-0.9958930060512637
3	0	0.9999999999999991	1.984868881729999	1	0.3350230913394124	3.000000000000003	0	-3.000000000000003	1	0.03760314981258495	-2.459666412740928
1	0	0.8989442784789697	2.000555584070903	1	0.310034254558792	1.112416001681459	0	-1.112416001681459	1	0.310034254558792	-0.9120574254438131
1	1	0.9231441997810008	2.076855800218995	0.5	0.307714733260334	1.083254382400097	0.4814970783694055	-0.6017573040306918	0.9053116429345214	0.5207411094551896	-0.4933740764486075
3	0	0.8653238555488979	1.33452543560987	1	0.3933559717143576	3.466910083158427	0	-3.466910083158427	1	0.06086354486904	-2.842480762512544
0	0	0.8001507088412285	2.199849291158768	0	0.2667169029470765	0	0	0	0	0	0
1	1	0.9999338394615255	2.000066160538471	0.5	0.3333112798205088	1.000066164915981	0.4999834604125162	-0.5000827045034648	0.8889035907444143	0.5555261503854323	-0.4100122106199393
0	0	0.8657243346134522	2.067137832693271	0	0.2951807092279606	0	0	0	0	0	0
0	0	0.8232335910587646	2.075310330493161	0	0.2840162555197688	0	0	0	0	0	0
0	0	0.8001507088412285	1.999999999999998	0	0.2857527297780166	0	0	0	0	0	0
0	1	0.9999339550802678	2.000066044919729	0	0.3333113183600896	0	0.4999834893152912	0.4999834893152912	0.6666886816399104	0.3333113183600896	0.4099308651979445
2	0	0.8654695120501508	2.067392655256572	1	0.2950938239436326	2.310884406849108	0	-2.310884406849108	1	0.08708036492967564	-1.894668253084496
0	0	0.8001507088412285	2.199849291158768	0	0.2667169029470765	0	0	0	0	0	0
5	1	0.9999999999999992	1.999999999999998	0.8333333333333334	0.3333333333333333	5.000000000000004	0.5000000000000004	-4.500000000000004	0.9986282578875173	0.01783264746227697	-3.689499619111392
0	0	0.8232335910587646	2.075310330493161	0	0.2840162555197688	0	0	0	0	0	0
0	0	0.1767664089412344	2.823233591058762	0	0.05892213631374487	0	0	0	0	0	0
1	0	0.8001507088412285	2.199849291158768	1	0.2667169029470765	1.249764561788855	0	-1.249764561788855	1	0.2667169029470765	-1.02466797215531
0	0	0.9999999999999989	1.999999999999998	0	0.3333333333333334	0	0	0	0	0	0
0	0	0	1.268551330773092	0	0	0	0	0	0	0	0
0	0	0.9999999999999989	1.800150708841227	0	0.3571236351109918	0	0	0	0	0	0
1	0	0.8001507088412287	1.999999999999998	1	0.2857527297780166	1.249764561788855	0	-1.249764561788855	1	0.2857527297780166	-1.02466797215531
2	0	0.8001507088412285	2.199849291158768	1	0.2667169029470765	2.499529123577711	0	-2.499529123577711	1	0.07113790631768024	-2.049335944310619
3	0	0.9999999999999988	1.999999999999998	1	0.3333333333333333	3.000000000000004	0	-3.000000000000004	1	0.03703703703703698	-2.459666412740929
0	0	0.8657243346134522	2.067137832693271	0	0.2951807092279606	0	0	0	0	0	0
0	0	0.9999999999999989	1.999999999999998	0	0.3333333333333334	0	0	0	0	0	0
0	0	0.9999999999999989	1.999999999999998	0	0.3333333333333334	0	0	0	0	0	0
0	0	0.9999999999999989	1.999999999999998	0	0.3333333333333334	0	0	0	0	0	0
0	1	0.9999999999999988	1.999999999999998	0	0.3333333333333333	0	0.5000000000000007	0.5000000000000007	0.6666666666666667	0.3333333333333333	0.4099444021234882
0	0	1.800150708841227	1.199849291158769	0	0.6000502362804099	0	0	0	0	0	0
2	0	0.8646725916068588	2.068189575699864	1	0.2948221028746457	2.313014219964244	0	-2.313014219964244	1	0.08692007234342802	-1.896414463012734
2	0	0.8001507088412284	2.199849291158767	1	0.2667169029470765	2.499529123577711	0	-2.499529123577711	1	0.07113790631768024	-2.04933594431062
0	0	0.8232335910587646	1.376615700100004	0	0.3742227226052959	0	0	0	0	0	0
2	0	0.8001507088412285	2.199849291158768	1	0.2667169029470765	2.499529123577711	0	-2.499529123577711	1	0.07113790631768024	-2.049335944310619
0	0	0.9999999999999989	1.999999999999998	0	0.3333333333333334	0	0	0	0	0	0
0	0	0.9228130420736821	2.077186957926314	0	0.3076043473578944	0	0	0	0	0	0
0	0	0.8001507088412285	2.199849291158768	0	0.2667169029470765	0	0	0	0	0	0
2	0	1.800150708841227	1.199849291158769	1	0.6000502362804099	1.111018088750701	0	-1.111018088750701	0.9999999999999999	0.3600602860601758	-0.9109112922825721
1	0	0.9999999999999987	1.999999999999997	1	0.3333333333333333	1.000000000000001	0	-1.000000000000001	1	0.3333333333333333	-0.8198888042469764
2	0	0.8001507088412284	2.199849291158768	1	0.2667169029470765	2.499529123577711	0	-2.499529123577711	1	0.07113790631768024	-2.04933594431062
0	1	0.9999999999999988	1.801691445444468	0	0.3569272418010173	0	0.5550339945990614	0.5550339945990614	0.6430727581989827	0.3569272418010173	0.4550661581482466
0	0	0.8232335910587646	2.109628576247959	0	0.2806929013697047	0	0	0	0	0	0
0	0	0	2.999999999999996	0	0	0	0	0	0	0	0
0	0	0.8001507088412285	2.199849291158768	0	0.2667169029470765	0	0	0	0	0	0
0	0	0.8232335910587646	2.075310330493161	0	0.2840162555197688	0	0	0	0	0	0
4	0	1.799460665275644	1.199908972152379	1	0.5999462829858783	2.222888267128236	0	-2.222888267128236	1	0.1295535947321449	-1.822521203310401
0	0	0.8001507088412285	2.199849291158768	0	0.2667169029470765	0	0	0	0	0	0
0	0	0.8232335910587646	2.109628576247959	0	0.2806929013697047	0	0	0	0	0	0
1	1	0.8275829461800993	2.070960975371827	0.5	0.2855167865584726	1.208338094224551	0.4828676213082465	-0.7254704729163041	0.9184801645933236	0.4895137377102687	-0.5948051185558363
0	0	0.9999999999999989	1.999999999999998	0	0.3333333333333334	0	0	0	0	0	0
1	1	0.8657158846293862	2.032914874427082	0.5	0.2986637335316158	1.155113378135716	0.4919045123725709	-0.663208865763145	0.910799974272956	0.5081274413361876	-0.5437575239165378
2	0	0.8651416269803328	2.033402294571593	1	0.2984745618472886	2.311760222405141	0	-2.311760222405141	1	0.08908706406993094	-1.895386324453473
1	0	0.8235245592829824	1.376324731875786	1	0.374354989949876	1.21429286926266	0	-1.21429286926266	1	0.3743549899498759	-0.9955851285853908
2	0	1.80003575128223	1.19985923369238	1	0.6000329212515633	1.111089042856692	0	-1.111089042856692	1	0.3600395065856847	-0.9109694667596897
1	0	0.9406344090865526	2.058409890853299	1	0.3136447197880398	1.063112289259222	0	-1.063112289259222	1	0.3136447197880399	-0.8716338636210077
0	0	0.8232335910587646	2.109628576247959	0	0.2806929013697047	0	0	0	0	0	0
0	0	0.8001507088412285	2.199849291158768	0	0.2667169029470765	0	0	0	0	0	0
0	0	0.9999999999999989	1.999999999999998	0	0.3333333333333334	0	0	0	0	0	0
0	0	0.8657243346134522	2.067137832693271	0	0.2951807092279606	0	0	0	0	0	0
0	0	0.8001507088412285	2.199849291158768	0	0.2667169029470765	0	0	0	0	0	0
0	2	0.003084503283506749	2.99691549671649	0	0.001028167761168918	0	0.6673528173187598	0.6673528173187598	0.9979447216066074	0.00205527839339259	0.5471551034023282
2	0	0.9999999999999991	1.987171297804661	1	0.3347648662582297	2.000000000000002	0	-2.000000000000002	1	0.1120675156808904	-1.639777608493952
0	0	0.8001507088412285	2.199849291158768	0	0.2667169029470765	0	0	0	0	0	0
1	0	0.9999999999999988	1.999999999999998	1	0.3333333333333333	1.000000000000001	0	-1.000000000000001	1	0.3333333333333333	-0.8198888042469764
0	0	0.8001507088412285	2.077186957926314	0	0.2780871769353832	0	0	0	0	0	0
0	0	0.8001507088412285	2.199849291158768	0	0.2667169029470765	0	0	0	0	0	0
0	1	0.8241415093689496	2.074923517023282	0	0.2842783800522612	0	0.4819454749997802	0.4819454749997802	0.7157216199477388	0.2842783800522612	0.3951416992098103
1	0	0.183193335321837	2.816806664678159	1	0.06106444510727908	5.458713867746247	0	-5.458713867746247	1	0.06106444510727904	-4.475538385752852
0	0	0.8001507088412285	1.999999999999998	0	0.2857527297780166	0	0	0	0	0	0
0	0	0.8001507088412285	2.199849291158768	0	0.2667169029470765	0	0	0	0	0	0
0	0	0.8232335910587646	2.075310330493161	0	0.2840162555197688	0	0	0	0	0	0
0	0	0.8001507088412285	2.077186957926314	0	0.2780871769353832	0	0	0	0	0	0
1	2	0.8001507088412283	2.199849291158767	0.3333333333333333	0.2667169029470765	1.249764561788856	0.9091531897380584	-0.3406113720507974	0.8245336451573412	0.6057106719433798	-0.2792634505436499
0	0	0.8001507088412285	2.199849291158768	0	0.2667169029470765	0	0	0	0	0	0
2	0	0.9999999999999988	1.999999999999998	1	0.3333333333333333	2.000000000000003	0	-2.000000000000003	1	0.1111111111111109	-1.639777608493953
0	0	0.8001507088412285	2.077186957926314	0	0.2780871769353832	0	0	0	0	0	0
0	0	0.1767664089412344	2.823233591058762	0	0.05892213631374487	0	0	0	0	0	0
3	0	0.9999999999999987	1.935441957325673	1	0.3406642047560861	3.000000000000004	0	-3.000000000000004	0.9999999999999999	0.0395347964937538	-2.459666412740929
0	0	0.9999999999999989	1.800150708841227	0	0.3571236351109918	0	0	0	0	0	0
1	0	0.7367594248707933	2.263240575129204	1	0.2455864749569313	1.357295158016298	0	-1.357295158016298	1	0.2455864749569313	-1.112831104116192
0	0	0.8985439215519281	1.999999999999998	0	0.3099983805216357	0	0	0	0	0	0
0	0	0.8001507088412285	2.199849291158768	0	0.2667169029470765	0	0	0	0	0	0
0	1	0.9992416133464941	1.933620553960229	0	0.3407052757150561	0	0.5171645481073884	0.5171645481073884	0.6592947242849438	0.3407052757150562	0.424017422946694
0	0	0.9999999999999989	1.999999999999998	0	0.3333333333333334	0	0	0	0	0	0
0	0	0.8001507088412285	1.999999999999998	0	0.2857527297780166	0	0	0	0	0	0
2	3	0.8001507088412284	2.199849291158768	0.4	0.2667169029470765	2.499529123577711	1.363729784607087	-1.135799338970624	0.878073717077775	0.4024154557357544	-0.9312291618931299
1	0	0.8001507088412284	2.199849291158768	1	0.2667169029470765	1.249764561788856	0	-1.249764561788856	1	0.2667169029470764	-1.02466797215531
1	7	0.8003195582369739	2.198993128266563	0.125	0.266834319021919	1.249500889623268	3.183275068038983	1.933774178415715	0.326565158178208	0.9165133525181871	1.585479798824937
5	0	0.9999999999999993	1.999999999999999	1	0.3333333333333333	5.000000000000004	0	-5.000000000000004	1	0.004115226337448097	-4.09944402123488
0	0	0.8001507088412285	1.999999999999998	0	0.2857527297780166	0	0	0	0	0	0
1	0	0.9183846097957977	2.027533357360743	1	0.3117481953111684	1.088868421066365	0	-1.088868421066365	1	0.3117481953111685	-0.8927510277303941
1	1	0.8001507088412285	2.199849291158768	0.5	0.2667169029470765	1.249764561788855	0.4545765948690291	-0.7951879669198262	0.9288620936823198	0.4622958995764728	-0.6519657113494797
0	0	0.8232335910587646	2.109628576247959	0	0.2806929013697047	0	0	0	0	0	0
1	0	0.999999999999999	1.999999999999998	1	0.3333333333333334	1.000000000000001	0	-1.000000000000001	1	0.3333333333333334	-0.8198888042469762
3	0	1.624651004579436	1.17728093663928	1	0.5798324294318102	1.846550423164016	0	-1.846550423164016	1	0.1949429366368951	-1.513966018429691
1	1	0.8001507088412285	2.199849291158768	0.5	0.2667169029470765	1.249764561788855	0.4545765948690291	-0.7951879669198262	0.9288620936823198	0.4622958995764728	-0.6519657113494797
1	1	0.8003485768875477	2.198781734663642	0.5	0.2668602207129829	1.249455585825955	0.4547973017217076	-0.7946582841042471	0.928785622601018	0.4625060640269838	-0.6515314303391844
1	0	1.122662333232453	1.775120813458009	1	0.3874210996480664	0.8907397802514009	0	-0.8907397802514009	1	0.3874210996480665	-0.7303075733255346
3	0	0.8001507088412284	2.199849291158768	1	0.2667169029470765	3.749293685366567	0	-3.749293685366567	1	0.0189736820551909	-3.07400391646593
0	0	0.8657243346134522	1.334124956545316	0	0.393538020123839	0	0	0	0	0	0
0	0	0.9228130420736821	2.077186957926314	0	0.3076043473578944	0	0	0	0	0	0
5	0	0.8630707293150194	2.035473192236906	1	0.2977601004758685	5.793267956113256	0	-5.793267956113256	0.9999999999999998	0.002340628623320851	-4.749835537220016
3	0	0.9999999999999991	1.944721199253257	1	0.3395907226305792	3.000000000000003	0	-3.000000000000003	1	0.03916223339785208	-2.459666412740928
0	1	0.9993383481134501	2.000661651886546	0	0.3331127827044837	0	0.4998346417331681	0.4998346417331681	0.6668872172955163	0.3331127827044837	0.4098088267318225
0	0	0.8657243346134522	2.067137832693271	0	0.2951807092279606	0	0	0	0	0	0
2	0	1.795919572929965	1.203975510745329	1	0.5986607940734084	1.1136356160633	0	-1.1136356160633	1	0.3583947463606039	-0.9130573736209825
1	1	0.865497014633787	2.03313376810252	0.5	0.2985882230287909	1.155405487358179	0.4918515523615933	-0.663553934996586	0.910845073068509	0.5080215191260908	-0.5440404423177261
1	0	0.9999999999999988	1.800884761429278	1	0.3570300405682182	1.000000000000001	0	-1.000000000000001	1	0.3570300405682183	-0.8198888042469764
3	0	0.9999999999999989	1.990326567688118	1	0.3344116361087343	3.000000000000004	0	-3.000000000000004	0.9999999999999999	0.03739763528616202	-2.459666412740929
0	0	0.8001507088412285	1.999999999999998	0	0.2857527297780166	0	0	0	0	0	0
1	0	0.8235978688659412	2.074946052685984	1	0.2841419316582149	1.214184783378516	0	-1.214184783378516	1	0.2841419316582149	-0.995496510179084
0	1	0.8001507088412284	2.199849291158768	0	0.2667169029470765	0	0.4545765948690291	0.4545765948690291	0.7332830970529235	0.2667169029470765	0.37270226080583
0	0	0	1.268551330773092	0	0	0	0	0	0	0	0
0	1	0.923011450042329	2.076988549957667	0	0.3076704833474433	0	0.4814663037118725	0.4814663037118725	0.6923295166525567	0.3076704833474433	0.3947488320355382
0	0	1.800150708841227	1.199849291158769	0	0.6000502362804099	0	0	0	0	0	0
0	0	0	1.268551330773092	0	0	0	0	0	0	0	0
0	0	0.9228130420736821	2.077186957926314	0	0.3076043473578944	0	0	0	0	0	0
0	0	0.9999999999999989	1.999999999999998	0	0.3333333333333334	0	0	0	0	0	0
0	0	0.8001507088412285	2.199849291158768	0	0.2667169029470765	0	0	0	0	0	0
0	0	0.9999999999999989	1.999999999999998	0	0.3333333333333334	0	0	0	0	0	0
0	1	0.1824161406388722	2.817583859361124	0	0.06080538021295748	0	0.3549140149556173	0.3549140149556173	0.9391946197870426	0.06080538021295745	0.2909900273324542
0	0	0.9999999999999989	1.800150708841227	0	0.3571236351109918	0	0	0	0	0	0
1	0	0.8001507088412283	2.077186957926314	1	0.2780871769353833	1.249764561788856	0	-1.249764561788856	1	0.2780871769353832	-1.02466797215531
0	0	0.8001507088412285	2.199849291158768	0	0.2667169029470765	0	0	0	0	0	0
0	0	1.665875043454681	1.211462623312862	0	0.5789640412020731	0	0	0	0	0	0
0	0	0.9999999999999989	1.999999999999998	0	0.3333333333333334	0	0	0	0	0	0
1	0	0.8001507088412284	2.077186957926314	1	0.2780871769353833	1.249764561788856	0	-1.249764561788856	1	0.2780871769353832	-1.02466797215531
0	3	0.9984746083987945	2.001525391601202	0	0.3328248694662652	0	1.498856828191436	1.498856828191436	0.296974765321518	0.703025234678482	1.228895932603291
0	2	0.9999999999999988	1.999999999999998	0	0.3333333333333333	0	1.000000000000001	1.000000000000001	0.4444444444444445	0.5555555555555555	0.8198888042469764
0	0	1.665875043454681	1.211462623312862	0	0.5789640412020731	0	0	0	0	0	0
0	0	1.665875043454681	1.211462623312862	0	0.5789640412020731	0	0	0	0	0	0
1	0	0.9999999999999989	1.999712567766692	1	0.3333652733083378	1.000000000000001	0	-1.000000000000001	1	0.3333652733083379	-0.8198888042469762
0	0	0.8001507088412285	2.199849291158768	0	0.2667169029470765	0	0	0	0	0	0
0	0	0.9228130420736821	2.077186957926314	0	0.3076043473578944	0	0	0	0	0	0
0	0	0	2.999999999999996	0	0	0	0	0	0	0	0
0	0	0	1.268551330773092	0	0	0	0	0	0	0	0
1	0	0.9999999999999989	1.999999999999998	1	0.3333333333333334	1.000000000000001	0	-1.000000000000001	1	0.3333333333333334	-0.8198888042469762
0	0	0.8001507088412285	2.077186957926314	0	0.2780871769353832	0	0	0	0	0	0
0	0	0.8232335910587646	1.376615700100004	0	0.3742227226052959	0	0	0	0	0	0
4	0	0.8457868433945517	2.052757078157377	1	0.2917971458378673	4.729323979486446	0	-4.729323979486446	1	0.007249768826133485	-3.877519782437689
0	0	0.9999999999999989	1.999999999999998	0	0.3333333333333334	0	0	0	0	0	0
0	0	0.8001507088412285	2.199849291158768	0	0.2667169029470765	0	0	0	0	0	0
0	0	0.9228130420736821	2.077186957926314	0	0.3076043473578944	0	0	0	0	0	0
1	0	0.9402694191829266	2.057903386374922	1	0.3136141510722487	1.063524963801309	0	-1.063524963801309	1	0.3136141510722487	-0.871972210857863
0	0	0.8001507088412285	2.077186957926314	0	0.2780871769353832	0	0	0	0	0	0
0	0	0.8001507088412285	2.199849291158768	0	0.2667169029470765	0	0	0	0	0	0
1	0	0.9228130420736821	2.077186957926314	1	0.3076043473578944	1.083643115568532	0	-1.083643115568532	1	0.3076043473578944	-0.888466858253951
0	0	0.8001507088412285	2.077186957926314	0	0.2780871769353832	0	0	0	0	0	0
0	0	0.9228130420736821	2.077186957926314	0	0.3076043473578944	0	0	0	0	0	0