Observed S Changes	Observed NS Changes	E[S Sites]	E[NS Sites]	Observed S. Prop.	P{S}	dS	dN	dN-dS	P{S leq. observed}	P{S geq. observed}	Scaled dN-dS
0	0	0	3	0	0	0	0	0	0	0	0
0	1	0.8622646366396448	2.034117005553426	0	0.2977040815611436	0	0.4916138045500132	0.4916138045500132	0.7022959184388564	0.2977040815611436	0.3930775599292254
5	0	1	2	1	0.3333333333333333	4.999999999999999	0	-4.999999999999999	1	0.004115226337448097	-3.997828745767416
0	1	0.9203425944651004	2.0796574055349	0	0.3067808648217001	0	0.4808484307744882	0.4808484307744882	0.6932191351782999	0.3067808648217001	0.3844699357814805
0	0	0.9207004815035891	2.079299518496411	0	0.3069001605011963	0	0	0	0	0	0
4	0	1	2	1	0.3333333333333333	4	0	-4	1	0.01234567901234551	-3.198262996613933
0	0	1.656510579956982	1.217503003883515	0	0.5763753481441148	0	0	0	0	0	0
0	0	0.7947140653440863	2.205285934655913	0	0.2649046884480288	0	0	0	0	0	0
0	0	0.7947140653440863	2	0	0.2843632825264508	0	0	0	0	0	0
0	0	0.9207004815035891	2.079299518496411	0	0.3069001605011963	0	0	0	0	0	0
2	0	1.788859342214411	1.210673042755384	1	0.5963794060627968	1.118030888624379	0	-1.118030888624379	1	0.3556683959758142	-0.8939392050396863
2	0	0.7947140653440864	2.079299518496411	1	0.2765171569864756	2.516628416704897	0	-2.516628416704897	0.9999999999999998	0.07646173810788337	-2.012209885343595
5	0	1.793452817653486	1.205397427866856	1	0.5980468082167594	2.787918338739399	0	-2.787918338739399	1	0.07650254525283828	-2.229124015092902
0	2	0.9987351335689021	2.001264866431098	0	0.332911711189634	0	0.9993679665034274	0.9993679665034274	0.4450067850679423	0.5549932149320578	0.7990603968173061
3	4	0.7971697424098857	2.202830257590115	0.4285714285714285	0.2657232474699618	3.763313934784885	1.815845767606252	-1.947468167178632	0.9140151076417883	0.2768804458912359	-1.557128844042744
2	1	1	2	0.6666666666666666	0.3333333333333333	2	0.4999999999999999	-1.5	0.962962962962963	0.2592592592592592	-1.199348623730224
0	0	0.8183394562376798	1.386946478418234	0	0.3710808849671295	0	0	0	0	0	0
1	2	0.8186032653618659	2.079336742705125	0.3333333333333333	0.2824776438032263	1.221592977103441	0.961845168665701	-0.25974780843774	0.805698969365898	0.6305919872196943	-0.2076854510444971
2	8	0.9804153905121517	2.019584609487848	0.2	0.3268051301707172	2.039951656567973	3.961210618469083	1.921258961901109	0.3146475556441656	0.8880817936493721	1.536172861190304
2	0	1	2	1	0.3333333333333333	2	0	-2	1	0.1111111111111109	-1.599131498306966
0	1	0.9984834818410662	1.932414775465382	0	0.3406749037950883	0	0.5174872458523666	0.5174872458523666	0.6593250962049118	0.3406749037950882	0.4137650774073203
0	1	0.7953869293799342	2.204613070620066	0	0.2651289764599781	0	0.45359433513598	0.45359433513598	0.734871023540022	0.265128976459978	0.362678494384776
0	0	0.7947140653440863	2.205285934655913	0	0.2649046884480288	0	0	0	0	0	0
1	1	0.7947140653440864	2.205285934655913	0.5	0.2649046884480288	1.258314208352448	0.4534559370669672	-0.804858271285481	0.9298255060382528	0.4596348829343104	-0.6435371066427531
0	0	0.7947140653440863	2.205285934655913	0	0.2649046884480288	0	0	0	0	0	0
0	0	1	2	0	0.3333333333333333	0	0	0	0	0	0
0	0	1	2	0	0.3333333333333333	0	0	0	0	0	0
1	1	0.9993690887511751	2.000155006317831	0.5	0.3331758829322503	1.000631309549121	0.4999612514236793	-0.5006700581254415	0.8889938310323156	0.555345596896816	-0.4003186301037867
0	0	1.794714065344086	1.205285934655914	0	0.5982380217813621	0	0	0	0	0	0
0	0	0.7947140653440863	2.079299518496411	0	0.2765171569864756	0	0	0	0	0	0
0	0	1	2	0	0.3333333333333333	0	0	0	0	0	0
1	0	1	2	1	0.3333333333333333	1	0	-1	1	0.3333333333333333	-0.7995657491534832
2	0	0.7947140653440864	2.205285934655914	1	0.2649046884480288	2.516628416704897	0	-2.516628416704897	1	0.07017449396174724	-2.012209885343595
0	0	0.7947140653440863	2.205285934655913	0	0.2649046884480288	0	0	0	0	0	0
0	0	1	2	0	0.3333333333333333	0	0	0	0	0	0
1	0	1	2	1	0.3333333333333333	0.9999999999999998	0	-0.9999999999999998	1	0.3333333333333333	-0.7995657491534831
0	0	1	2	0	0.3333333333333333	0	0	0	0	0	0
1	0	0.7947140653440863	2.205285934655913	1	0.2649046884480288	1.258314208352449	0	-1.258314208352449	1	0.2649046884480288	-1.006104942671798
1	0	1	1.9311080209103	1	0.3411679108603561	0.9999999999999998	0	-0.9999999999999998	1	0.3411679108603561	-0.7995657491534831
3	0	1	2	1	0.3333333333333333	3	0	-3	1	0.03703703703703698	-2.398697247460449
0	0	0.1816605437623202	2.81833945623768	0	0.06055351458744007	0	0	0	0	0	0
0	0	1	2	0	0.3333333333333333	0	0	0	0	0	0
0	0	0.8183394562376798	2.077411776128469	0	0.2826000545526855	0	0	0	0	0	0
1	0	1	2	1	0.3333333333333333	1	0	-1	1	0.3333333333333333	-0.7995657491534832
1	0	0.9207004815035892	2.079299518496411	1	0.3069001605011963	1.086129550368984	0	-1.086129550368984	1	0.3069001605011963	-0.8684319876185123
3	1	0.9992415806051111	2.000758419394888	0.75	0.3330805268683705	3.002276985094324	0.4998104670240205	-2.502466518070304	0.9876917312114112	0.1108865220755717	-2.000886516252391
0	2	0.7947140653440864	2.205285934655914	0	0.2649046884480288	0	0.9069118741339344	0.9069118741339344	0.5403651170656896	0.4596348829343104	0.7251356720580887
0	1	0.7948581920645403	2.204720252685986	0	0.2649899666586811	0	0.4535722837315579	0.4535722837315579	0.735010033341319	0.264989966658681	0.3626608628370793
0	4	0.9611283132786328	1.244157621377281	0	0.4358293399393561	0	3.215026722717019	3.215026722717019	0.1013075906678756	0.8986924093321244	2.570625250097701
1	0	0.9178900294817852	2.082109970518215	1	0.305963343160595	1.089455128480447	0	-1.089455128480447	1	0.305963343160595	-0.8710910059725733
0	0	0.8183394562376798	2.112558801068768	0	0.2792111442959981	0	0	0	0	0	0
1	0	1	2	1	0.3333333333333333	0.9999999999999998	0	-0.9999999999999998	1	0.3333333333333333	-0.7995657491534831
0	0	1	2	0	0.3333333333333333	0	0	0	0	0	0
0	0	0.7947140653440863	2.205285934655913	0	0.2649046884480288	0	0	0	0	0	0
1	0	1	2	1	0.3333333333333333	1	0	-1	1	0.3333333333333333	-0.7995657491534832
1	0	1	2	1	0.3333333333333333	1	0	-1	1	0.3333333333333333	-0.7995657491534832
3	0	0.8615326091028447	2.069365648203603	1	0.2939483166824801	3.482166511519563	0	-3.482166511519563	1	0.02539878445813026	-2.784221075460311
2	0	1.784112367117501	1.206223115659718	1	0.5966261569623416	1.121005625464778	0	-1.121005625464778	1	0.3559627711716526	-0.8963177027300147
0	0	1	2	0	0.3333333333333333	0	0	0	0	0	0
1	0	0.8617306049958348	1.343555329660079	1	0.3907568589876709	1.160455476691388	0	-1.160455476691388	1	0.3907568589876709	-0.9278604525800125
0	3	0.7947140653440863	2.205285934655913	0	0.2649046884480288	0	1.360367811200902	1.360367811200902	0.3972198640812205	0.6027801359187795	1.087703508087133
1	0	1	2	1	0.3333333333333333	0.9999999999999998	0	-0.9999999999999998	1	0.3333333333333333	-0.7995657491534831
1	1	1	1.795916166573928	0.5	0.3576645151078991	1	0.55681886416096	-0.44318113583904	0.8720760946326315	0.5874051248484295	-0.3543524568878336
0	3	0.6124113787967798	2.38758862120322	0	0.2041371262655932	0	1.256497862889025	1.256497862889025	0.5040977247127484	0.4959022752872516	1.004652655050614
3	0	1	1.99978998806031	1	0.3333566696269323	3	0	-3	1	0.0370448163461653	-2.39869724746045
0	2	0.8351113493546583	2.095786907951789	0	0.2849335855561707	0	0.9542954927390964	0.9542954927390964	0.5113199770655541	0.4886800229344459	0.7630219905657281
1	0	0.1907633724386636	2.809236627561337	1	0.06358779081288786	5.242096463363434	0	-5.242096463363434	1	0.0635877908128879	-4.191400785864009
2	0	0.7947140653440864	2.079299518496411	1	0.2765171569864756	2.516628416704897	0	-2.516628416704897	0.9999999999999998	0.07646173810788337	-2.012209885343595
0	6	0.7947140653440863	2.205285934655913	0	0.2649046884480288	0	2.720735622401804	2.720735622401804	0.1577836204207032	0.8422163795792967	2.175407016174267
1	0	0.7947140653440864	2.205285934655913	1	0.2649046884480288	1.258314208352448	0	-1.258314208352448	1	0.2649046884480288	-1.006104942671798
1	0	1	2	1	0.3333333333333333	0.9999999999999998	0	-0.9999999999999998	1	0.3333333333333333	-0.7995657491534831
1	0	0.7947140653440864	2.205285934655914	1	0.2649046884480288	1.258314208352448	0	-1.258314208352448	1	0.2649046884480288	-1.006104942671798
0	2	0.8630473183087003	1.348269864768363	0	0.390286533706469	0	1.483382557351459	1.483382557351459	0.3717505109796727	0.6282494890203273	1.186061885749929
1	0	0.9207004815035893	2.079299518496411	1	0.3069001605011965	1.086129550368983	0	-1.086129550368983	1	0.3069001605011965	-0.8684319876185121
0	0	1	2	0	0.3333333333333333	0	0	0	0	0	0
0	0	0.7947140653440863	2.205285934655913	0	0.2649046884480288	0	0	0	0	0	0
0	0	1	1.930898257306448	0	0.3411923281564265	0	0	0	0	0	0
1	2	0.8185046899706518	2.110230248417525	0.3333333333333333	0.2794738025767242	1.221740097831151	0.9477638762404306	-0.2739762215907202	0.8093401226252819	0.625933059552773	-0.2190620028664249
2	1	0.7947140653440862	2.205285934655913	0.6666666666666666	0.2649046884480288	2.516628416704898	0.4534559370669672	-2.06317247963793	0.9814104475400652	0.1733443769653722	-1.649642049314552
1	0	0.7947140653440864	2.079299518496411	1	0.2765171569864756	1.258314208352448	0	-1.258314208352448	1	0.2765171569864756	-1.006104942671798
1	0	1	2	1	0.3333333333333333	0.9999999999999998	0	-0.9999999999999998	1	0.3333333333333333	-0.7995657491534831
1	0	1.794714065344086	1.205285934655914	1	0.5982380217813621	0.5571918219787718	0	-0.5571918219787718	1	0.5982380217813621	-0.4455114965626509
0	0	0.1816605437623202	2.81833945623768	0	0.06055351458744007	0	0	0	0	0	0
0	0	0.7947140653440863	2.205285934655913	0	0.2649046884480288	0	0	0	0	0	0
1	0	1	2	1	0.3333333333333333	1	0	-1	1	0.3333333333333333	-0.7995657491534832
0	0	1.794714065344086	1.205285934655914	0	0.5982380217813621	0	0	0	0	0	0
0	0	1.656510579956982	1.217503003883515	0	0.5763753481441148	0	0	0	0	0	0
1	0	1	1.931265499000623	1	0.341149582097199	1	0	-1	1	0.341149582097199	-0.7995657491534832
3	0	0.7947140653440864	2.205285934655914	1	0.2649046884480288	3.774942625057345	0	-3.774942625057345	1	0.01858955245993477	-3.018314828015393
1	0	1	2	1	0.3333333333333333	0.9999999999999998	0	-0.9999999999999998	1	0.3333333333333333	-0.7995657491534831
3	0	0.8614993848879425	1.343786549767971	1	0.3906520108569778	3.482300803256195	0	-3.482300803256195	1	0.05961701021946486	-2.784328450533316
1	0	0.7947140653440863	2.079299518496411	1	0.2765171569864756	1.258314208352449	0	-1.258314208352449	1	0.2765171569864756	-1.006104942671798
1	0	0.7947140653440864	2.205285934655914	1	0.2649046884480288	1.258314208352448	0	-1.258314208352448	1	0.2649046884480288	-1.006104942671798
0	1	0.9967255880937712	2.003274411906229	0	0.3322418626979237	0	0.4991827350544767	0.4991827350544767	0.6677581373020763	0.3322418626979237	0.3991294175183174
1	0	0.7947140653440863	2.205285934655913	1	0.2649046884480288	1.258314208352449	0	-1.258314208352449	1	0.2649046884480288	-1.006104942671798
0	0	0.8183394562376798	1.386946478418234	0	0.3710808849671295	0	0	0	0	0	0
1	0	0.7947140653440863	2.205285934655914	1	0.2649046884480288	1.258314208352449	0	-1.258314208352449	1	0.2649046884480288	-1.006104942671798
0	0	0.8617965146128955	2.033954717753253	0	0.2976072339987274	0	0	0	0	0	0
1	3	0.8202295056959487	2.076426368811013	0.25	0.2831642905581802	1.219170967461747	1.444789974285405	0.2256190068236581	0.6812579086698312	0.7359546480262806	0.180397230214223
0	0	0	1.276406970774209	0	0	0	0	0	0	0	0
0	0	0.7947140653440863	2.205285934655913	0	0.2649046884480288	0	0	0	0	0	0
0	0	1	2	0	0.3333333333333333	0	0	0	0	0	0
0	0	0.7947140653440863	2.205285934655913	0	0.2649046884480288	0	0	0	0	0	0
1	0	1	2	1	0.3333333333333333	1	0	-1	1	0.3333333333333333	-0.7995657491534832
0	0	0.8183394562376798	2.112558801068768	0	0.2792111442959981	0	0	0	0	0	0
3	0	1.095148578880115	1.308502954248919	1	0.4556186967145225	2.739354328585956	0	-2.739354328585956	1	0.0945811548011779	-2.190293895932667
0	0	0.7947140653440863	2.205285934655913	0	0.2649046884480288	0	0	0	0	0	0
0	2	0.8196332483260544	2.076117984040095	0	0.2830468443438504	0	0.9633363880929492	0.9633363880929492	0.5140218274053111	0.4859781725946889	0.7702507808323495
0	0	1	2	0	0.3333333333333333	0	0	0	0	0	0
0	3	0.7947140653440863	2.03249387876365	0	0.2810950170822675	0	1.476019205442762	1.476019205442762	0.3715476180954704	0.6284523819045296	1.180174401764771
0	0	0.7947140653440863	2.205285934655913	0	0.2649046884480288	0	0	0	0	0	0
0	2	0.7947320021104747	2.205188850594154	0	0.264917656542162	0	0.9069518011852504	0.9069518011852504	0.5403460516634668	0.4596539483365332	0.7251675963607858
0	0	0.7947140653440863	2.079299518496411	0	0.2765171569864756	0	0	0	0	0	0
0	0	0.7947140653440863	2	0	0.2843632825264508	0	0	0	0	0	0
1	0	1	2	1	0.3333333333333333	0.9999999999999998	0	-0.9999999999999998	1	0.3333333333333333	-0.7995657491534831
0	0	0.7947140653440863	2	0	0.2843632825264508	0	0	0	0	0	0
0	0	0.7947140653440863	2.205285934655913	0	0.2649046884480288	0	0	0	0	0	0
0	0	1	2	0	0.3333333333333333	0	0	0	0	0	0
0	0	1	2	0	0.3333333333333333	0	0	0	0	0	0
0	0	0.7947140653440863	2.205285934655913	0	0.2649046884480288	0	0	0	0	0	0
0	0	0.7947140653440863	2	0	0.2843632825264508	0	0	0	0	0	0
0	0	1	2	0	0.3333333333333333	0	0	0	0	0	0
1	0	1	2	1	0.3333333333333333	0.9999999999999998	0	-0.9999999999999998	1	0.3333333333333333	-0.7995657491534831
2	0	1.002419730502514	1.997580269497486	1	0.3341399101675047	1.995172220919273	0	-1.995172220919273	1	0.111649479566748	-1.595271371509537
0	0	0.9392082907413645	2.060791709258635	0	0.3130694302471215	0	0	0	0	0	0
0	0	1	1.794714065344086	0	0.3578183587367746	0	0	0	0	0	0
1	0	1.794438207557177	1.205250058686858	1	0.5982082297518291	0.5572774787053437	0	-0.5572774787053437	1	0.5982082297518291	-0.4455799847474025
0	2	0.998963102204756	2.001036897795245	0	0.3329877007349186	0	0.9994818197523557	0.9994818197523557	0.4449054073708905	0.5550945926291095	0.799151429975579
0	0	1	2	0	0.3333333333333333	0	0	0	0	0	0
1	1	1	1.798767060735661	0.5	0.3573001890829557	1	0.5559363531990736	-0.4440636468009264	0.8723365748812841	0.5869369530471955	-0.3550580824262105
3	0	1	2	1	0.3333333333333333	3	0	-3	1	0.03703703703703698	-2.398697247460449
2	0	1	1.999790055243609	1	0.3333566621610762	2	0	-2	1	0.1111266642071738	-1.599131498306966
0	0	1	2	0	0.3333333333333333	0	0	0	0	0	0
1	0	1.793978013669084	1.205351000990843	1	0.5981264492493468	0.5574204323467586	0	-0.5574204323467586	1	0.5981264492493468	-0.4456942855827946
1	0	0.8615650686365647	2.069333188669883	1	0.2939593916263609	1.160678440204766	0	-1.160678440204766	1	0.2939593916263609	-0.92803872656862
0	0	0.7947140653440863	2.205285934655913	0	0.2649046884480288	0	0	0	0	0	0
0	1	0.7947140653440864	2.205285934655913	0	0.2649046884480288	0	0.4534559370669672	0.4534559370669672	0.7350953115519712	0.2649046884480288	0.3625678360290444
0	4	0.7947140653440863	2.205285934655914	0	0.2649046884480288	0	1.813823748267869	1.813823748267869	0.2919944597414164	0.7080055402585836	1.450271344116177
0	0	0.8183394562376798	2.112558801068768	0	0.2792111442959981	0	0	0	0	0	0
0	0	0.7947140653440863	2.205285934655913	0	0.2649046884480288	0	0	0	0	0	0
0	0	0.7947140653440863	2.205285934655913	0	0.2649046884480288	0	0	0	0	0	0
0	0	0.7947140653440863	2.205285934655913	0	0.2649046884480288	0	0	0	0	0	0
0	0	0	1.276406970774209	0	0	0	0	0	0	0	0
2	1	1	2	0.6666666666666666	0.3333333333333333	2	0.4999999999999999	-1.5	0.962962962962963	0.2592592592592592	-1.199348623730224
1	0	1	1.931055523369446	1	0.3411740214495947	0.9999999999999998	0	-0.9999999999999998	1	0.3411740214495946	-0.7995657491534831
0	0	1	2	0	0.3333333333333333	0	0	0	0	0	0
1	0	1	2	1	0.3333333333333333	0.9999999999999998	0	-0.9999999999999998	1	0.3333333333333333	-0.7995657491534831
0	0	0.8183394562376798	1.386946478418234	0	0.3710808849671295	0	0	0	0	0	0
1	1	0.7947140653440865	2.205285934655914	0.5	0.2649046884480288	1.258314208352448	0.4534559370669671	-0.804858271285481	0.9298255060382528	0.4596348829343104	-0.6435371066427531
0	0	1	1.930898257306448	0	0.3411923281564265	0	0	0	0	0	0
0	2	0.9994472208180255	2.000235558131652	0	0.3331843046310305	0	0.9998822348044487	0.9998822348044487	0.4446431715904023	0.5553568284095978	0.7994715881366781
1	0	0.7947140653440861	2.205285934655913	1	0.2649046884480288	1.258314208352449	0	-1.258314208352449	1	0.2649046884480288	-1.006104942671798
0	0	1	2	0	0.3333333333333333	0	0	0	0	0	0
0	3	1	2	0	0.3333333333333333	0	1.5	1.5	0.2962962962962963	0.7037037037037037	1.199348623730225
0	0	0.7947140653440863	2.079299518496411	0	0.2765171569864756	0	0	0	0	0	0
0	2	0.2481104418554748	2.740918867503103	0	0.08300702876303255	0	0.7296823060734889	0.7296823060734889	0.8408761092980018	0.1591238907019982	0.5834289796996904
1	0	0.9391093011359695	2.060653233541783	1	0.3130612141060201	1.064838777329088	0	-1.064838777329088	1	0.3130612141060201	-0.8514086147228114
0	11	0.9132474654620968	1.989177914134996	0	0.314649765634585	0	5.529922648866431	5.529922648866431	0.01566888964545845	0.9843311103545416	4.421536745501702
1	0	1	1.999844067439273	1	0.3333506600740151	0.9999999999999998	0	-0.9999999999999998	1	0.3333506600740151	-0.7995657491534831
1	5	0.7955580545343859	2.200717781349925	0.1666666666666667	0.2655156261004213	1.256979291832156	2.271986004917446	1.01500671308529	0.4975274777203862	0.8430015503314321	0.8115646029438544
1	4	0.7947140653440863	2.205285934655913	0.2	0.2649046884480288	1.258314208352449	1.813823748267869	0.5555095399154204	0.601397265286818	0.785356241644934	0.4441664014443799
0	0	0.7947140653440863	2.205285934655913	0	0.2649046884480288	0	0	0	0	0	0
0	0	0.7947140653440863	2.205285934655913	0	0.2649046884480288	0	0	0	0	0	0
1	0	0.7947140653440865	2.205285934655914	1	0.2649046884480288	1.258314208352448	0	-1.258314208352448	1	0.2649046884480288	-1.006104942671797
0	0	0.7947140653440863	2.205285934655913	0	0.2649046884480288	0	0	0	0	0	0
0	0	0.8957512323661487	2	0	0.3093329365983628	0	0	0	0	0	0
2	0	1.636916142130799	1.200574471788963	1	0.5768886543978846	1.221809687450799	0	-1.221809687450799	1	0.3328005195730019	-0.9769171780695816
0	0	0.7947140653440863	2.205285934655913	0	0.2649046884480288	0	0	0	0	0	0
0	0	0	1.276406970774209	0	0	0	0	0	0	0	0
1	0	1.656411608150201	1.217421374036253	1	0.5763771306187666	0.6037146776076695	0	-0.6037146776076695	1	0.5763771306187666	-0.4827095784763299
0	0	1	2	0	0.3333333333333333	0	0	0	0	0	0
2	0	0.7947140653440864	2.205285934655913	1	0.2649046884480288	2.516628416704897	0	-2.516628416704897	1	0.07017449396174724	-2.012209885343595
3	7	1.560821059018604	1.235647290766859	0.3	0.5581400766214092	1.922065301890728	5.665047018114455	3.742981716223727	0.09284894312541823	0.9757635435451908	2.992759980000215
1	4	0.7996987757375068	2.178305824572974	0.2	0.2685351042285603	1.250470840195759	1.836289447917233	0.5858186077214744	0.5937616010270643	0.7906044527812206	0.4684004939508712
0	3	0.7995471530900211	2.163187986646947	0	0.2698679144032446	0	1.386842021367803	1.386842021367803	0.3892282034539019	0.6107717965460981	1.108871379772479
2	1	0.8506806058324725	2.063516530251386	0.6666666666666666	0.2919090803086952	2.351058653844363	0.484609638614417	-1.866449015229946	0.9751261612890716	0.2058850560781489	-1.492348705119113
1	0	0.7947140653440863	2	1	0.2843632825264508	1.258314208352449	0	-1.258314208352449	1	0.2843632825264508	-1.006104942671798
0	0	1	2	0	0.3333333333333333	0	0	0	0	0	0
0	0	1	2	0	0.3333333333333333	0	0	0	0	0	0
4	0	1.654396443776847	1.215759309198224	1	0.5764134723566747	2.417800168179967	0	-2.417800168179967	1	0.1103917178516438	-1.933190202774233
0	0	0.7947140653440863	2.205285934655913	0	0.2649046884480288	0	0	0	0	0	0
0	0	1	2	0	0.3333333333333333	0	0	0	0	0	0
0	0	1	2	0	0.3333333333333333	0	0	0	0	0	0
0	0	0	3	0	0	0	0	0	0	0	0
1	0	1	2	1	0.3333333333333333	1	0	-1	1	0.3333333333333333	-0.7995657491534832
0	0	0.7947140653440863	2.205285934655913	0	0.2649046884480288	0	0	0	0	0	0
0	1	0.7949691282481119	2.204634493955555	0	0.2650247260549998	0	0.4535899273742198	0.4535899273742198	0.7349752739450002	0.2650247260549998	0.3626749700894421
2	0	0.8189987147086299	2.111899542597818	1	0.2794360782285584	2.442006274346264	0	-2.442006274346264	0.9999999999999999	0.07808452181575709	-1.952544576185177
0	7	0.8190953377683725	1.502195845914531	0	0.3528619517990914	0	4.659845132069599	4.659845132069599	0.04753117419502886	0.9524688258049712	3.72585256396244
0	0	0.7947140653440863	2.205285934655913	0	0.2649046884480288	0	0	0	0	0	0
0	0	0.7947140653440863	2.205285934655913	0	0.2649046884480288	0	0	0	0	0	0
0	0	0.8183394562376798	2.077411776128469	0	0.2826000545526855	0	0	0	0	0	0
0	0	1.656510579956982	1.217503003883515	0	0.5763753481441148	0	0	0	0	0	0
0	0	0.7947140653440863	2	0	0.2843632825264508	0	0	0	0	0	0
0	0	0.9207004815035891	2.079299518496411	0	0.3069001605011963	0	0	0	0	0	0
0	0	0	1.276406970774209	0	0	0	0	0	0	0	0
4	0	1	1.997901303182629	1	0.3335666851134762	3.999999999999999	0	-3.999999999999999	0.9999999999999999	0.01238028596542184	-3.198262996613932
1	0	1	2	1	0.3333333333333333	1	0	-1	1	0.3333333333333333	-0.7995657491534832
0	2	0.7959627717288182	2.204037228271182	0	0.2653209239096061	0	0.9074256887978133	0.9074256887978133	0.5397533448450347	0.4602466551549653	0.7255465006647391
1	0	0.7947140653440864	2.205285934655913	1	0.2649046884480288	1.258314208352448	0	-1.258314208352448	1	0.2649046884480288	-1.006104942671798
3	0	1	2	1	0.3333333333333333	3	0	-3	1	0.03703703703703698	-2.39869724746045
1	1	1	1.999894697756144	0.5	0.3333450339933526	1	0.5000263269471072	-0.4999736730528928	0.8888810883119707	0.5555711562986758	-0.3997618244515549
4	0	1	2	1	0.3333333333333333	3.999999999999999	0	-3.999999999999999	1	0.01234567901234551	-3.198262996613932
0	1	0.7947140653440864	2.20450526470746	0	0.2649736407675219	0	0.4536165170522743	0.4536165170522743	0.7350263592324781	0.2649736407675219	0.3626962302852955
1	2	0.8461593894947967	2.071428721950224	0.3333333333333333	0.2900201663749279	1.181810439516667	0.9655171712194013	-0.2162932682972654	0.7964530859480101	0.6421194967425777	-0.1729406891029583
0	0	0.7947140653440863	2.205285934655913	0	0.2649046884480288	0	0	0	0	0	0
0	0	0.8183394562376798	1.386946478418234	0	0.3710808849671295	0	0	0	0	0	0
1	3	0.9213030558370762	2.078696944162925	0.25	0.3071010186123586	1.085419171969881	1.443211819993355	0.3577926480234743	0.6391541927507736	0.7694953496476373	0.2860787466584978
0	2	0.7949727949709413	2.204768475402205	0	0.2650137872964132	0	0.9071247263888559	0.9071247263888559	0.5402047328643622	0.4597952671356378	0.725305861430754
1	0	1.794714065344087	1.205285934655914	1	0.5982380217813621	0.5571918219787716	0	-0.5571918219787716	1	0.5982380217813621	-0.4455114965626508
1	0	0.7947140653440863	2	1	0.2843632825264508	1.258314208352449	0	-1.258314208352449	1	0.2843632825264508	-1.006104942671798
1	0	1	2	1	0.3333333333333333	1	0	-1	1	0.3333333333333333	-0.7995657491534832
0	3	0.8231939491533157	1.383906988108438	0	0.3729752161560013	0	2.167775743441026	2.167775743441026	0.2465211138988206	0.7534788861011794	1.733279236301173
2	2	0.9999999999999999	1.895630476131512	0.5	0.3453479331160978	2	1.055057947834579	-0.944942052165421	0.8779206059329568	0.4287598211622625	-0.7555432998462748
0	2	1	1.810880312478427	0	0.3557604340393539	0	1.104435222040013	1.104435222040013	0.4150446183491617	0.5849553816508383	0.8830685757019165
0	0	1	1.930898257306448	0	0.3411923281564265	0	0	0	0	0	0
0	0	0.8957512323661487	2	0	0.3093329365983628	0	0	0	0	0	0
1	0	0.9201391055864822	2.079860894413518	1	0.306713035195494	1.086792196884857	0	-1.086792196884857	1	0.3067130351954941	-0.8689618170764002
0	0	1	2	0	0.3333333333333333	0	0	0	0	0	0
2	0	1	2	1	0.3333333333333333	2	0	-2	1	0.1111111111111109	-1.599131498306966
2	0	1	1.999808258927106	1	0.3333546392587285	2	0	-2	0.9999999999999999	0.1111253155153171	-1.599131498306966
0	0	1	2	0	0.3333333333333333	0	0	0	0	0	0
0	0	0.8183394562376798	2.077411776128469	0	0.2826000545526855	0	0	0	0	0	0
0	1	0.8964628872147773	1.999528276531678	0	0.3095530464447449	0	0.5001179586890214	0.5001179586890214	0.6904469535552551	0.3095530464447449	0.3998771903042982
1	0	0.7947140653440863	2.205285934655913	1	0.2649046884480288	1.258314208352449	0	-1.258314208352449	1	0.2649046884480288	-1.006104942671798
0	0	0.8183394562376798	1.386946478418234	0	0.3710808849671295	0	0	0	0	0	0
1	0	0.8190326177520915	1.386253316903823	1	0.3713952031711857	1.220952594958415	0	-1.220952594958415	1	0.3713952031711857	-0.9762318762688148
1	4	1	2.000000000000001	0.2	0.3333333333333333	0.9999999999999996	1.999999999999999	0.9999999999999996	0.4609053497942389	0.868312757201646	0.7995657491534829
2	1	1	2	0.6666666666666666	0.3333333333333333	2	0.4999999999999999	-1.5	0.962962962962963	0.2592592592592592	-1.199348623730224
1	2	0.9210753980438714	2.078924601956129	0.3333333333333333	0.3070251326812904	1.085687449826306	0.9620358516697208	-0.1236515981565848	0.7750898032501154	0.6672236515219834	-0.09886758271409517
2	0	0.9999999999999999	2	1	0.3333333333333334	2	0	-2	1	0.111111111111111	-1.599131498306967
0	0	0.7947140653440863	2.205285934655913	0	0.2649046884480288	0	0	0	0	0	0
0	0	0.9207004815035891	2.079299518496411	0	0.3069001605011963	0	0	0	0	0	0
2	0	1	1.931160621921999	1	0.3411617884468875	2	0	-2	1	0.1163913658962789	-1.599131498306966
2	1	0.9998441867925454	2	0.6666666666666666	0.3332987063776754	2.000311674977987	0.4999999999999999	-1.500311674977987	0.9629745040825313	0.2592130911841577	-1.199597828367492
0	0	0.8957512323661487	2	0	0.3093329365983628	0	0	0	0	0	0
1	0	1	2	1	0.3333333333333333	0.9999999999999998	0	-0.9999999999999998	1	0.3333333333333333	-0.7995657491534831
4	0	0.9002416757162091	1.98719526320441	1	0.3117788179480508	4.443251304509651	0	-4.443251304509651	1	0.009449012525195477	-3.552671557967451
0	2	0.5438625651559057	2.456137434844094	0	0.1812875217186352	0	0.8142866810411007	0.8142866810411007	0.6702901220936142	0.3297098779063858	0.6510757401523312
0	0	0.9392082907413645	2.060791709258635	0	0.3130694302471215	0	0	0	0	0	0
1	5	0.7947140653440864	2.205285934655913	0.1666666666666667	0.2649046884480288	1.258314208352448	2.267279685334836	1.008965476982388	0.4989444480268797	0.8422163795792967	0.8067342374734245
2	0	0.9178893953918187	2.082110604608181	1	0.3059631317972729	2.17891176218052	0	-2.17891176218052	1	0.09361343801919531	-1.742183215467204
2	0	1	2	1	0.3333333333333333	2	0	-2	1	0.1111111111111109	-1.599131498306966
1	0	0.7947140653440863	2.205285934655913	1	0.2649046884480288	1.258314208352449	0	-1.258314208352449	1	0.2649046884480288	-1.006104942671798
1	0	0.8959826680467081	2.000323753404641	1	0.3093535481641919	1.116093017937563	0	-1.116093017937563	1	0.3093535481641918	-0.8923897500122194
0	1	0.3124550584023027	2.687544941597698	0	0.1041516861341009	0	0.3720868010510432	0.3720868010510432	0.8958483138658991	0.1041516861341009	0.2975078618325004
0	0	0.7947140653440863	2.205285934655913	0	0.2649046884480288	0	0	0	0	0	0
0	0	0.9207004815035891	2.079299518496411	0	0.3069001605011963	0	0	0	0	0	0
0	0	0.7947140653440863	2	0	0.2843632825264508	0	0	0	0	0	0
0	0	0	1.276406970774209	0	0	0	0	0	0	0	0
0	0	1	2	0	0.3333333333333333	0	0	0	0	0	0
0	0	0.1816605437623202	2.81833945623768	0	0.06055351458744007	0	0	0	0	0	0
0	0	1	2	0	0.3333333333333333	0	0	0	0	0	0
0	0	0.8183394562376798	2.077411776128469	0	0.2826000545526855	0	0	0	0	0	0
6	0	1	2	1	0.3333333333333333	5.999999999999999	0	-5.999999999999999	1	0.001371742112482699	-4.797394494920899
1	0	1	1.931003176709693	1	0.3411801146945829	1	0	-1	1	0.341180114694583	-0.7995657491534832
0	0	0.7947140653440863	2.205285934655913	0	0.2649046884480288	0	0	0	0	0	0
0	0	0.1816605437623202	2.81833945623768	0	0.06055351458744007	0	0	0	0	0	0
0	0	1	2	0	0.3333333333333333	0	0	0	0	0	0
1	0	1.656378379998295	1.217393968161254	1	0.5763777291054698	0.6037267885620613	0	-0.6037267885620613	1	0.5763777291054698	-0.4827192619806511
0	0	0.9207004815035891	2.079299518496411	0	0.3069001605011963	0	0	0	0	0	0
1	0	0.7947140653440864	2.205285934655914	1	0.2649046884480288	1.258314208352448	0	-1.258314208352448	1	0.2649046884480288	-1.006104942671798
0	0	0.7947140653440863	2.205285934655913	0	0.2649046884480288	0	0	0	0	0	0
0	0	1	2	0	0.3333333333333333	0	0	0	0	0	0
1	0	1	1.999789775689032	1	0.3333566932270468	1	0	-1	1	0.3333566932270468	-0.7995657491534832
1	0	0.7947140653440863	2.205285934655913	1	0.2649046884480288	1.258314208352449	0	-1.258314208352449	1	0.2649046884480288	-1.006104942671798
0	0	1.794714065344086	1.205285934655914	0	0.5982380217813621	0	0	0	0	0	0
0	0	0.9207004815035891	2.079299518496411	0	0.3069001605011963	0	0	0	0	0	0
0	0	1	2	0	0.3333333333333333	0	0	0	0	0	0
0	0	1	2	0	0.3333333333333333	0	0	0	0	0	0
1	0	0.9474919809469392	2.052508019053062	1	0.3158306603156463	1.055417903379597	0	-1.055417903379597	1	0.3158306603156462	-0.8438760065857064
0	0	1	2	0	0.3333333333333333	0	0	0	0	0	0
0	0	0.7947140653440863	2	0	0.2843632825264508	0	0	0	0	0	0
2	0	0.7947140653440863	2.205285934655913	1	0.2649046884480288	2.516628416704897	0	-2.516628416704897	1	0.07017449396174724	-2.012209885343596
2	0	0.8184383691793661	2.077312863186783	1	0.2826342125081689	2.44367819901377	0	-2.44367819901377	1	0.07988209808011271	-1.95388138988448
0	1	0.1811081542967569	2.818891845703243	0	0.06036938476558564	0	0.3547493322683776	0.3547493322683776	0.9396306152344144	0.06036938476558562	0.2836454156168633
1	5	1.123307560593935	1.088745035079266	0.1666666666666667	0.507812320010445	0.890228139719154	4.592443445343449	3.702215305624295	0.1022213977392665	0.9857837703085369	2.960164554368981
1	0	0.7947140653440864	2.205285934655913	1	0.2649046884480288	1.258314208352448	0	-1.258314208352448	1	0.2649046884480288	-1.006104942671798
3	0	1	1.999580198558067	1	0.3333799844660635	3	0	-3	1	0.03705258959104318	-2.39869724746045
0	0	0.8183394562376798	2.077411776128469	0	0.2826000545526855	0	0	0	0	0	0
1	0	0.7947140653440864	2.205285934655914	1	0.2649046884480288	1.258314208352448	0	-1.258314208352448	1	0.2649046884480288	-1.006104942671798
0	0	1	1.794714065344086	0	0.3578183587367746	0	0	0	0	0	0
0	0	0.1816605437623202	2.81833945623768	0	0.06055351458744007	0	0	0	0	0	0
0	0	0	3	0	0	0	0	0	0	0	0
0	0	0.8957512323661487	2	0	0.3093329365983628	0	0	0	0	0	0
0	0	1	1.794714065344086	0	0.3578183587367746	0	0	0	0	0	0
0	0	0.7947140653440863	2.205285934655913	0	0.2649046884480288	0	0	0	0	0	0
0	0	1	2	0	0.3333333333333333	0	0	0	0	0	0
1	0	1	2	1	0.3333333333333333	0.9999999999999998	0	-0.9999999999999998	1	0.3333333333333333	-0.7995657491534831
1	0	0.9184505410524291	2.081549458947571	1	0.3061501803508097	1.08879025630942	0	-1.08879025630942	1	0.3061501803508097	-0.8705593969570546
2	1	0.9974714726533631	2.000214927359851	0.6666666666666666	0.3327471054507123	2.005069874008348	0.499946273933638	-1.50512360007471	0.9631580287955044	0.2584779661484915	-1.203445278862323
0	1	0.8183981560112342	2.077353076354914	0	0.282620325552797	0	0.4813818177479381	0.4813818177479381	0.717379674447203	0.282620325552797	0.3848964137364957
1	0	0.7947140653440864	2.079299518496411	1	0.2765171569864756	1.258314208352448	0	-1.258314208352448	1	0.2765171569864756	-1.006104942671798
3	1	0.826027826245789	2.124951161034693	0.75	0.2799165394962798	3.631838909876305	0.470599051092108	-3.161239858784197	0.9938607652239174	0.06931179943212951	-2.527619115942638
1	0	1	1.999533017646466	1	0.3333852283395212	0.9999999999999998	0	-0.9999999999999998	1	0.3333852283395212	-0.7995657491534831
1	3	0.8477369325245715	2.094152376881779	0.25	0.2881607169290941	1.179611223285963	1.432560511411801	0.2529492881258373	0.6725182637909666	0.7432397416371569	0.2022495870581754
1	0	0.7947140653440863	2.079299518496411	1	0.2765171569864756	1.258314208352449	0	-1.258314208352449	1	0.2765171569864756	-1.006104942671798
0	0	0.9207004815035891	2.079299518496411	0	0.3069001605011963	0	0	0	0	0	0
0	0	1	2	0	0.3333333333333333	0	0	0	0	0	0
0	0	1	2	0	0.3333333333333333	0	0	0	0	0	0
2	0	0.7947140653440864	2.205285934655914	1	0.2649046884480288	2.516628416704897	0	-2.516628416704897	1	0.07017449396174724	-2.012209885343595
0	0	1	1.930898257306448	0	0.3411923281564265	0	0	0	0	0	0
1	0	0.7947140653440862	2.205285934655913	1	0.2649046884480288	1.258314208352449	0	-1.258314208352449	1	0.2649046884480288	-1.006104942671798
1	0	0.9207004815035892	2.079299518496411	1	0.3069001605011963	1.086129550368984	0	-1.086129550368984	1	0.3069001605011963	-0.8684319876185123
1	0	1	2	1	0.3333333333333333	0.9999999999999998	0	-0.9999999999999998	1	0.3333333333333333	-0.7995657491534831
0	0	0.7947140653440863	2.205285934655913	0	0.2649046884480288	0	0	0	0	0	0
0	0	0.7947140653440863	2.205285934655913	0	0.2649046884480288	0	0	0	0	0	0
1	0	0.8189662032801442	2.076785029086004	1	0.2828164913223428	1.22105160871691	0	-1.22105160871691	1	0.2828164913223428	-0.9763110442788019
0	0	1	2	0	0.3333333333333333	0	0	0	0	0	0
3	0	0.7947140653440865	2.205285934655914	1	0.2649046884480288	3.774942625057345	0	-3.774942625057345	1	0.01858955245993477	-3.018314828015392
0	0	0.8183394562376798	1.386946478418234	0	0.3710808849671295	0	0	0	0	0	0
1	0	0.7947140653440864	2.205285934655914	1	0.2649046884480288	1.258314208352448	0	-1.258314208352448	1	0.2649046884480288	-1.006104942671798
1	0	1	2	1	0.3333333333333333	1	0	-1	1	0.3333333333333333	-0.7995657491534832
0	0	0.7947140653440863	2.205285934655913	0	0.2649046884480288	0	0	0	0	0	0
1	1	0.9389847040686856	2.060540781161346	0.5	0.3130444160892587	1.0649800744005	0.4853094921209896	-0.5796705822795102	0.9020031935553351	0.5280920257338524	-0.4634847433825524
0	1	0.9207606289014267	2.079239371098573	0	0.3069202096338089	0	0.4809451061287121	0.4809451061287121	0.6930797903661912	0.3069202096338088	0.3845472340835052
0	0	1	2	0	0.3333333333333333	0	0	0	0	0	0
2	0	0.7947140653440863	2	1	0.2843632825264508	2.516628416704897	0	-2.516628416704897	0.9999999999999998	0.08086247644921829	-2.012209885343596
1	0	1	2	1	0.3333333333333333	1	0	-1	1	0.3333333333333333	-0.7995657491534832
1	3	1	2	0.25	0.3333333333333333	1	1.5	0.5	0.5925925925925928	0.802469135802469	0.3997828745767416
0	0	0.7947140653440863	2.079299518496411	0	0.2765171569864756	0	0	0	0	0	0
1	0	1	2	1	0.3333333333333333	1	0	-1	1	0.3333333333333333	-0.7995657491534832
0	0	0.8957512323661487	2	0	0.3093329365983628	0	0	0	0	0	0
1	0	0.7947140653440864	2	1	0.2843632825264508	1.258314208352448	0	-1.258314208352448	1	0.2843632825264508	-1.006104942671798
2	0	1	2	1	0.3333333333333333	2	0	-2	1	0.1111111111111109	-1.599131498306966
2	0	0.8615983115196487	2.0341529208465	1	0.2975387878245425	2.321267315940405	0	-2.321267315940405	1	0.08852933026009802	-1.856005840455385
1	1	0.8142597842472036	1.537098540812681	0.5	0.3462933639544139	1.228109283236328	0.650576377147095	-0.5775329060892326	0.8800809060811359	0.5726676339899637	-0.4617755307180255
0	4	0.7947140653440865	2.205285934655913	0	0.2649046884480288	0	1.813823748267869	1.813823748267869	0.2919944597414164	0.7080055402585836	1.450271344116178
1	0	1	2	1	0.3333333333333333	1	0	-1	1	0.3333333333333333	-0.7995657491534832
1	0	1.794714065344087	1.205285934655914	1	0.5982380217813621	0.5571918219787718	0	-0.5571918219787718	1	0.5982380217813621	-0.4455114965626509
0	0	0.8183394562376798	2.077411776128469	0	0.2826000545526855	0	0	0	0	0	0
0	0	1.656510579956982	1.217503003883515	0	0.5763753481441148	0	0	0	0	0	0
0	0	1	2	0	0.3333333333333333	0	0	0	0	0	0
1	0	1	2	1	0.3333333333333333	0.9999999999999998	0	-0.9999999999999998	1	0.3333333333333333	-0.7995657491534831
1	0	1	1.946948813521591	1	0.3393340241987456	0.9999999999999998	0	-0.9999999999999998	1	0.3393340241987456	-0.7995657491534831
0	0	0	3	0	0	0	0	0	0	0	0
3	0	1.090766454523357	1.222555846712761	1	0.4715151252121282	2.750359609574665	0	-2.750359609574665	0.9999999999999999	0.1048303137584214	-2.199093341671048
2	0	0.7947140653440864	2.205285934655914	1	0.2649046884480288	2.516628416704897	0	-2.516628416704897	1	0.07017449396174724	-2.012209885343595
0	1	0.9975129324029126	2.002487067597087	0	0.3325043108009709	0	0.4993790053285908	0.4993790053285908	0.6674956891990291	0.3325043108009709	0.3992863485070759
0	0	1	2	0	0.3333333333333333	0	0	0	0	0	0
0	0	0.8617965146128955	2.069101742693552	0	0.2940383592178677	0	0	0	0	0	0
0	1	0.8193383001699416	2.076412932196206	0	0.2829449888554315	0	0.4815997745411398	0.4815997745411398	0.7170550111445686	0.2829449888554314	0.385070684523135
0	0	0.8183394562376798	1.386946478418234	0	0.3710808849671295	0	0	0	0	0	0
1	0	1	2	1	0.3333333333333333	0.9999999999999998	0	-0.9999999999999998	1	0.3333333333333333	-0.7995657491534831
0	0	0.8957512323661487	2	0	0.3093329365983628	0	0	0	0	0	0
2	0	1	1.99989506435744	1	0.3333449932570205	2	0	-2	1	0.1111188845295229	-1.599131498306966
0	0	0.1816605437623202	2.81833945623768	0	0.06055351458744007	0	0	0	0	0	0
0	0	0.7947140653440863	2.205285934655913	0	0.2649046884480288	0	0	0	0	0	0
5	0	1	2	1	0.3333333333333333	5	0	-5	1	0.004115226337448097	-3.997828745767416
0	0	1	2	0	0.3333333333333333	0	0	0	0	0	0
1	0	0.3600560045773938	2.639943995422607	1	0.1200186681924646	2.777345710908844	0	-2.777345710908844	1	0.1200186681924645	-2.220670504001044
3	0	1	2	1	0.3333333333333333	3	0	-3	1	0.03703703703703698	-2.39869724746045
1	0	1	2	1	0.3333333333333333	0.9999999999999998	0	-0.9999999999999998	1	0.3333333333333333	-0.7995657491534831
0	0	0.7947140653440863	2.205285934655913	0	0.2649046884480288	0	0	0	0	0	0
0	0	0.1816605437623202	2.81833945623768	0	0.06055351458744007	0	0	0	0	0	0
0	0	0.8183394562376798	2.112558801068768	0	0.2792111442959981	0	0	0	0	0	0
0	0	0.7947140653440863	2.205285934655913	0	0.2649046884480288	0	0	0	0	0	0
2	0	1	2	1	0.3333333333333333	2	0	-2	1	0.1111111111111109	-1.599131498306966
0	0	0	1.276406970774209	0	0	0	0	0	0	0	0
4	0	0.861434067669547	2.069464189636901	1	0.2939146951014334	4.643419792789565	0	-4.643419792789565	1	0.007462514734085879	-3.712719425255901
1	0	1	1.931108158819576	1	0.3411678948083318	1	0	-1	1	0.3411678948083318	-0.7995657491534832
0	0	0	3	0	0	0	0	0	0	0	0
0	7	0.9358221350258736	2.059902942456188	0	0.3123858534483552	0	3.398218360547288	3.398218360547288	0.07267978285628481	0.9273202171437152	2.717099009238114
0	0	0.7947140653440863	2.205285934655913	0	0.2649046884480288	0	0	0	0	0	0
0	0	1	2	0	0.3333333333333333	0	0	0	0	0	0
0	0	0	1.276406970774209	0	0	0	0	0	0	0	0
1	0	0.7947140653440864	2	1	0.2843632825264508	1.258314208352448	0	-1.258314208352448	1	0.2843632825264508	-1.006104942671798
1	0	1	2	1	0.3333333333333333	1	0	-1	1	0.3333333333333333	-0.7995657491534832
0	0	0.7947140653440863	2.205285934655913	0	0.2649046884480288	0	0	0	0	0	0
0	0	0.9392082907413645	2.060791709258635	0	0.3130694302471215	0	0	0	0	0	0
1	0	0.7947140653440864	2.205285934655913	1	0.2649046884480288	1.258314208352448	0	-1.258314208352448	1	0.2649046884480288	-1.006104942671798
0	0	0.8183394562376798	1.386946478418234	0	0.3710808849671295	0	0	0	0	0	0
0	0	0.7947140653440863	2.205285934655913	0	0.2649046884480288	0	0	0	0	0	0
0	0	1	2	0	0.3333333333333333	0	0	0	0	0	0
4	0	0.8614665286734888	2.069431728632959	1	0.2939257705469426	4.643244823637334	0	-4.643244823637334	0.9999999999999998	0.007463639623022211	-3.712579525914618
2	0	1	1.931581111124558	1	0.3411128541541185	2	0	-2	1	0.1163579792691689	-1.599131498306966
1	2	0.7883368566467835	2.141316965886242	0.3333333333333333	0.2690887403089745	1.268493273615967	0.934004648476806	-0.3344886251391613	0.8217425082531675	0.6095243498119011	-0.2674456481427122
0	0	1	1.930898257306448	0	0.3411923281564265	0	0	0	0	0	0
2	0	0.8201211396069209	1.385164795048993	1	0.3718887998688852	2.438664123398389	0	-2.438664123398389	1	0.1383012794679198	-1.949872306758756
0	0	1	2	0	0.3333333333333333	0	0	0	0	0	0
0	0	1	2	0	0.3333333333333333	0	0	0	0	0	0
0	0	0.7947140653440863	2.205285934655913	0	0.2649046884480288	0	0	0	0	0	0
1	0	1.000603744359816	1.999396255640184	1	0.333534581453272	0.9993966199274997	0	-0.9993966199274997	1	0.333534581453272	-0.7990833071137903
0	0	0.8183394562376798	2.077411776128469	0	0.2826000545526855	0	0	0	0	0	0
0	0	0.7947140653440863	2.205285934655913	0	0.2649046884480288	0	0	0	0	0	0
1	0	1	2	1	0.3333333333333333	0.9999999999999998	0	-0.9999999999999998	1	0.3333333333333333	-0.7995657491534831
0	0	0.8183394562376798	1.386946478418234	0	0.3710808849671295	0	0	0	0	0	0
1	0	1	2	1	0.3333333333333333	1	0	-1	1	0.3333333333333333	-0.7995657491534832
1	1	1	2	0.5	0.3333333333333333	0.9999999999999998	0.4999999999999999	-0.4999999999999999	0.8888888888888891	0.5555555555555555	-0.3997828745767416
2	0	0.9190123655241836	2.080987634475816	1	0.3063374551747279	2.176249281324137	0	-2.176249281324137	1	0.09384263644292845	-1.740054386966663
1	2	0.7947140653440864	2.205285934655913	0.3333333333333333	0.2649046884480288	1.258314208352448	0.9069118741339345	-0.3514023342185139	0.8266556230346278	0.6027801359187795	-0.2809692706137087
0	0	0.8183394562376798	1.386946478418234	0	0.3710808849671295	0	0	0	0	0	0
1	0	0.9207004815035891	2.079299518496411	1	0.3069001605011963	1.086129550368984	0	-1.086129550368984	1	0.3069001605011963	-0.8684319876185123
1	0	0.7947140653440864	2.205285934655914	1	0.2649046884480288	1.258314208352448	0	-1.258314208352448	1	0.2649046884480288	-1.006104942671798
4	0	1	1.998324945996168	1	0.3335195544216635	3.999999999999999	0	-3.999999999999999	1	0.0123732904492021	-3.198262996613932
1	0	0.8616644686640462	2.034086763702102	1	0.2975616341048645	1.160544546475769	0	-1.160544546475769	1	0.2975616341048645	-0.9279316697288877
0	0	1.794714065344086	1.205285934655914	0	0.5982380217813621	0	0	0	0	0	0
0	0	0.7947140653440863	2.205285934655913	0	0.2649046884480288	0	0	0	0	0	0
6	0	1.021179682185079	1.598173379740079	1	0.3898595027256607	5.875557558256001	0	-5.875557558256001	1	0.003511144855206649	-4.69789458076137
0	0	1.656510579956982	1.217503003883515	0	0.5763753481441148	0	0	0	0	0	0
0	0	0.9207004815035891	2.079299518496411	0	0.3069001605011963	0	0	0	0	0	0
1	0	1	2	1	0.3333333333333333	1	0	-1	1	0.3333333333333333	-0.7995657491534832
0	0	0.8183394562376798	2.077411776128469	0	0.2826000545526855	0	0	0	0	0	0
0	0	1	2	0	0.3333333333333333	0	0	0	0	0	0
1	0	0.7947140653440865	2.205285934655914	1	0.2649046884480288	1.258314208352448	0	-1.258314208352448	1	0.2649046884480288	-1.006104942671797
0	0	0.8617965146128955	2.069101742693552	0	0.2940383592178677	0	0	0	0	0	0
0	0	0.8183394562376798	2.077411776128469	0	0.2826000545526855	0	0	0	0	0	0
0	0	0.7947140653440863	2.205285934655913	0	0.2649046884480288	0	0	0	0	0	0
1	0	0.7947140653440864	2.205285934655914	1	0.2649046884480288	1.258314208352448	0	-1.258314208352448	1	0.2649046884480288	-1.006104942671798
0	0	0.8617965146128955	1.343489420043018	0	0.3907867460948369	0	0	0	0	0	0
0	0	0.9207004815035891	2.079299518496411	0	0.3069001605011963	0	0	0	0	0	0
1	0	0.818471408717609	2.112426848588838	1	0.2792561654698312	1.221789777075796	0	-1.221789777075796	1	0.2792561654698311	-0.9769012584156759
2	0	0.8187028332130207	2.077048399153128	1	0.2827255408069186	2.442888822249396	0	-2.442888822249396	0.9999999999999998	0.07993373142456484	-1.953250231260509
0	0	0.8183394562376798	2.112558801068768	0	0.2792111442959981	0	0	0	0	0	0
1	0	0.7947140653440864	2.205285934655913	1	0.2649046884480288	1.258314208352448	0	-1.258314208352448	1	0.2649046884480288	-1.006104942671798
0	0	1	1.794714065344086	0	0.3578183587367746	0	0	0	0	0	0
1	0	0.8183723229464693	2.112525934359978	1	0.2792223581648888	1.221937707276803	0	-1.221937707276803	1	0.2792223581648888	-0.9770195383376665
2	0	1	2	1	0.3333333333333333	2	0	-2	1	0.1111111111111109	-1.599131498306966
1	0	0.8185707454390123	2.112327511867435	1	0.2792900583970782	1.22164150816761	0	-1.22164150816761	1	0.2792900583970781	-0.9767827076750264
3	0	0.9999999999999999	1.987141428687281	1	0.3347682136494811	3	0	-3	1	0.03751739231152318	-2.39869724746045
1	0	0.8963779538663094	2.000876715374864	1	0.3093887338875467	1.115600841906856	0	-1.115600841906856	1	0.3093887338875467	-0.8919962229155123
1	1	0.9210019965152799	2.07899800348472	0.5	0.3070006655050933	1.085773976368801	0.48100094291762	-0.6047730334511809	0.9057505913794299	0.5197519223896163	-0.4835558035592181
3	0	0.8614334022493144	1.343852532406599	1	0.3906220906377486	3.482567534723648	0	-3.482567534723648	0.9999999999999999	0.05960331298496291	-2.784541719878913
0	0	0.7947140653440863	2.205285934655913	0	0.2649046884480288	0	0	0	0	0	0
2	0	1	2	1	0.3333333333333333	2	0	-2	1	0.1111111111111109	-1.599131498306966
0	0	0.8617965146128955	2.069101742693552	0	0.2940383592178677	0	0	0	0	0	0
0	0	0.8183394562376798	2.077411776128469	0	0.2826000545526855	0	0	0	0	0	0
0	0	0.7947140653440863	2	0	0.2843632825264508	0	0	0	0	0	0
0	1	0.9996986278421282	2.000301372157872	0	0.3332328759473761	0	0.4999246683119688	0.4999246683119688	0.6667671240526238	0.3332328759473762	0.399722641939166
1	0	0.8616645974018056	2.069233659904642	1	0.2939933500774919	1.160544373083587	0	-1.160544373083587	1	0.2939933500774919	-0.9279315310904379
1	0	0.7947140653440864	2.205285934655914	1	0.2649046884480288	1.258314208352448	0	-1.258314208352448	1	0.2649046884480288	-1.006104942671798
3	1	1	2	0.75	0.3333333333333333	3	0.4999999999999999	-2.5	0.9876543209876545	0.1111111111111109	-1.998914372883708
0	0	0.8183394562376798	2.077411776128469	0	0.2826000545526855	0	0	0	0	0	0
0	0	0.1816605437623202	2.81833945623768	0	0.06055351458744007	0	0	0	0	0	0
0	0	0.7947140653440863	2.205285934655913	0	0.2649046884480288	0	0	0	0	0	0
0	0	1	2	0	0.3333333333333333	0	0	0	0	0	0
0	0	0	1.276406970774209	0	0	0	0	0	0	0	0
0	0	1	1.794714065344086	0	0.3578183587367746	0	0	0	0	0	0
1	0	0.7947140653440864	2	1	0.2843632825264508	1.258314208352448	0	-1.258314208352448	1	0.2843632825264508	-1.006104942671798
1	0	0.7947140653440862	2.205285934655913	1	0.2649046884480288	1.258314208352449	0	-1.258314208352449	1	0.2649046884480288	-1.006104942671798
4	0	1	2	1	0.3333333333333333	4	0	-4	1	0.01234567901234551	-3.198262996613933
0	0	0.8617965146128955	2.069101742693552	0	0.2940383592178677	0	0	0	0	0	0
0	0	1	2	0	0.3333333333333333	0	0	0	0	0	0
0	0	1	2	0	0.3333333333333333	0	0	0	0	0	0
0	0	1	2	0	0.3333333333333333	0	0	0	0	0	0
1	0	1	2	1	0.3333333333333333	1	0	-1	1	0.3333333333333333	-0.7995657491534832
0	0	1.794714065344086	1.205285934655914	0	0.5982380217813621	0	0	0	0	0	0
2	0	0.860355354127072	2.070542903179376	1	0.2935466463164624	2.324620856261453	0	-2.324620856261453	1	0.08616963356364216	-1.858687216434501
3	0	0.7947140653440863	2.205285934655913	1	0.2649046884480288	3.774942625057346	0	-3.774942625057346	1	0.01858955245993477	-3.018314828015393
0	0	0.8183394562376798	1.386946478418234	0	0.3710808849671295	0	0	0	0	0	0
1	0	0.7947140653440864	2.205285934655913	1	0.2649046884480288	1.258314208352448	0	-1.258314208352448	1	0.2649046884480288	-1.006104942671798
0	0	1	2	0	0.3333333333333333	0	0	0	0	0	0
0	0	0.9207004815035891	2.079299518496411	0	0.3069001605011963	0	0	0	0	0	0
1	1	0.7947140653440865	2.205285934655914	0.5	0.2649046884480288	1.258314208352448	0.4534559370669672	-0.8048582712854809	0.9298255060382528	0.4596348829343104	-0.643537106642753
3	0	1.794023244829565	1.205196091785498	1	0.5981634030321739	1.672219135758748	0	-1.672219135758748	0.9999999999999998	0.2140225406389039	-1.337049146031734
1	0	1	2	1	0.3333333333333333	1	0	-1	1	0.3333333333333333	-0.7995657491534832
3	0	0.7947140653440864	2.205285934655913	1	0.2649046884480288	3.774942625057345	0	-3.774942625057345	1	0.01858955245993477	-3.018314828015393
0	1	1	1.795806845384056	0	0.3576785004482781	0	0.5568527609583409	0.5568527609583409	0.6423214995517219	0.3576785004482781	0.4452403949838414
0	0	0.8183394562376798	2.112558801068768	0	0.2792111442959981	0	0	0	0	0	0
0	0	0	3	0	0	0	0	0	0	0	0
1	0	0.7947140653440863	2.205285934655913	1	0.2649046884480288	1.258314208352449	0	-1.258314208352449	1	0.2649046884480288	-1.006104942671798
0	0	0.8183394562376798	2.077411776128469	0	0.2826000545526855	0	0	0	0	0	0
2	0	1.791858138584774	1.205538396124811	1	0.597804834240387	1.116159787950411	0	-1.116159787950411	1	0.3573706198411766	-0.8924431370275637
0	0	0.7947140653440863	2.205285934655913	0	0.2649046884480288	0	0	0	0	0	0
0	0	0.8183394562376798	2.112558801068768	0	0.2792111442959981	0	0	0	0	0	0
1	1	0.8251824412936248	2.070568791072524	0.5	0.2849631667494308	1.211853221733992	0.4829590807664085	-0.7288941409675835	0.9187959935961363	0.4887223270949976	-0.5827987898763306
0	0	1	2	0	0.3333333333333333	0	0	0	0	0	0
1	0	0.8612612496874623	2.034489982678687	1	0.2974223890716319	1.161087881711715	0	-1.161087881711715	1	0.2974223890716319	-0.9283661019738583
2	0	0.8612685617723238	2.034482670593825	1	0.2974249141797212	2.322156048380992	0	-2.322156048380992	1	0.08846157957481449	-1.85671644047504
1	0	0.8185045167639891	1.386781417891925	1	0.3711557326427598	1.221740356367935	0	-1.221740356367935	1	0.3711557326427598	-0.9768617433103712
1	0	1.794714065344087	1.205285934655914	1	0.5982380217813621	0.5571918219787718	0	-0.5571918219787718	1	0.5982380217813621	-0.4455114965626509
5	0	0.937919381622847	2.058988665257884	1	0.3129623488445235	5.330948584673329	0	-5.330948584673329	1	0.003002344082615682	-4.262443898803031
0	0	0.8183394562376798	2.112558801068768	0	0.2792111442959981	0	0	0	0	0	0
0	0	0.7947140653440863	2.205285934655913	0	0.2649046884480288	0	0	0	0	0	0
0	0	1	2	0	0.3333333333333333	0	0	0	0	0	0
1	0	0.8615317386367501	2.069366518669697	1	0.2939480196861267	1.160723343265747	0	-1.160723343265747	1	0.2939480196861267	-0.9280746295182124
0	0	0.7947140653440863	2.205285934655913	0	0.2649046884480288	0	0	0	0	0	0
0	2	0.009558990126423795	2.990441009873577	0	0.003186330042141265	0	0.668797676796357	0.668797676796357	0.9936374926148548	0.006362507385145211	0.5347477154797884
2	0	0.9999999999999999	1.988610706436516	1	0.3346036330012197	2	0	-2	1	0.1119595912176148	-1.599131498306967
0	0	0.7947140653440863	2.205285934655913	0	0.2649046884480288	0	0	0	0	0	0
2	0	1	2	1	0.3333333333333333	2	0	-2	1	0.1111111111111109	-1.599131498306966
0	0	0.7947140653440863	2.079299518496411	0	0.2765171569864756	0	0	0	0	0	0
0	0	0.7947140653440863	2.205285934655913	0	0.2649046884480288	0	0	0	0	0	0
0	1	0.8187533947330989	2.077235382766021	0	0.2827198092390908	0	0.4814090922466437	0.4814090922466437	0.7172801907609092	0.2827198092390908	0.384918221491486
1	0	0.1873173878452925	2.812682612154708	1	0.06243912928176417	5.338532698448213	0	-5.338532698448213	1	0.06243912928176421	-4.268507896415112
0	0	0.7947140653440863	2	0	0.2843632825264508	0	0	0	0	0	0
0	0	0.7947140653440863	2.205285934655913	0	0.2649046884480288	0	0	0	0	0	0
0	0	0.8183394562376798	2.077411776128469	0	0.2826000545526855	0	0	0	0	0	0
0	0	0.7947140653440863	2.079299518496411	0	0.2765171569864756	0	0	0	0	0	0
1	0	0.7947140653440865	2.205285934655914	1	0.2649046884480288	1.258314208352448	0	-1.258314208352448	1	0.2649046884480288	-1.006104942671797
1	0	0.7947140653440863	2.205285934655913	1	0.2649046884480288	1.258314208352449	0	-1.258314208352449	1	0.2649046884480288	-1.006104942671798
2	1	0.9999999999999999	2	0.6666666666666666	0.3333333333333334	2	0.5000000000000001	-1.5	0.9629629629629628	0.2592592592592594	-1.199348623730225
0	0	0.7947140653440863	2.079299518496411	0	0.2765171569864756	0	0	0	0	0	0
0	2	0.1808324924161066	2.819167507583893	0	0.06027749747203553	0	0.7094292888307502	0.7094292888307502	0.8830783817574203	0.1169216182425797	0.5672353607953816
3	0	1	1.934225303979659	1	0.3408054584778172	2.999999999999999	0	-2.999999999999999	0.9999999999999999	0.03958399526128575	-2.398697247460449
0	0	1	1.794714065344086	0	0.3578183587367746	0	0	0	0	0	0
1	0	0.7651839856980741	2.234816014301926	1	0.2550613285660246	1.306875233526619	0	-1.306875233526619	1	0.2550613285660246	-1.044932675144845
0	0	0.8957512323661487	2	0	0.3093329365983628	0	0	0	0	0	0
0	0	0.7947140653440863	2.205285934655913	0	0.2649046884480288	0	0	0	0	0	0
0	1	0.9993092848227229	1.931588972483725	0	0.3409566614369983	0	0.5177084846959726	0.5177084846959726	0.6590433385630017	0.3409566614369983	0.41394197240905
0	0	1	2	0	0.3333333333333333	0	0	0	0	0	0
1	0	0.7947140653440863	2	1	0.2843632825264508	1.258314208352449	0	-1.258314208352449	1	0.2843632825264508	-1.006104942671798
2	2	0.7947140653440864	2.205285934655913	0.5	0.2649046884480288	2.516628416704897	0.9069118741339345	-1.609716542570962	0.9404151689686229	0.2871039228993675	-1.287074213285506
1	0	0.7947140653440863	2.205285934655913	1	0.2649046884480288	1.258314208352449	0	-1.258314208352449	1	0.2649046884480288	-1.006104942671798
0	5	0.7947140653440863	2.204661401325813	0	0.2649598471999337	0	2.267921957082915	2.267921957082915	0.2145632401897132	0.7854367598102868	1.813352718636635
5	0	0.9999999999999998	2	1	0.3333333333333334	5.000000000000001	0	-5.000000000000001	1	0.004115226337448541	-3.997828745767417
0	0	0.7947140653440863	2	0	0.2843632825264508	0	0	0	0	0	0
1	0	0.9143678804431404	2.026042670617399	1	0.31096605884282	1.093651714357419	0	-1.093651714357419	1	0.31096605884282	-0.874446452303181
1	1	0.7947140653440864	2.205285934655914	0.5	0.2649046884480288	1.258314208352448	0.4534559370669672	-0.8048582712854812	0.9298255060382528	0.4596348829343104	-0.6435371066427532
1	0	0.8185379415215663	2.112360315784881	1	0.2792788659521122	1.221690466957606	0	-1.221690466957606	1	0.2792788659521122	-0.9768218534466271
1	0	1	2	1	0.3333333333333333	1	0	-1	1	0.3333333333333333	-0.7995657491534832
3	0	1.613680145795257	1.182177370124314	1	0.5771682342919788	1.859104487228809	0	-1.859104487228809	0.9999999999999998	0.1922681122206513	-1.486476272085705
1	0	0.7947140653440863	2.205285934655914	1	0.2649046884480288	1.258314208352449	0	-1.258314208352449	1	0.2649046884480288	-1.006104942671798
0	1	0.794839890741985	2.204604895474376	0	0.2649956733308076	0	0.4535960171606281	0.4535960171606281	0.7350043266691924	0.2649956733308076	0.3626798392740739
1	0	1.125986416159503	1.746995095776716	1	0.3919226112251085	0.8881101811252612	0	-0.8881101811252612	1	0.3919226112251084	-0.7101024823022551
4	0	0.7947140653440866	2.205285934655914	1	0.2649046884480288	5.033256833409792	0	-5.033256833409792	0.9999999999999999	0.004924459602787423	-4.02441977068719
2	1	0.8614659562132305	1.347495419986987	0.6666666666666666	0.3899868804836669	2.321623954580231	0.7421175502100463	-1.579506404370184	0.9406869862339227	0.337643273315991	-1.262919221502971
0	0	0.9207004815035891	2.079299518496411	0	0.3069001605011963	0	0	0	0	0	0
6	0	0.8573584592675965	2.038392773098553	1	0.2960746246724514	6.998239692095107	0	-6.998239692095107	0.9999999999999994	0.0006736078264160117	-5.595552762165666
3	0	1	1.944372577293183	1	0.3396309311233021	2.999999999999999	0	-2.999999999999999	1	0.03917614579936202	-2.398697247460449
0	2	0.9995175232106246	2.000482476789375	0	0.3331725077368749	0	0.9997588197872399	0.9997588197872399	0.4446589044379282	0.5553410955620719	0.7993729097159867
0	0	0.8617965146128955	2.069101742693552	0	0.2940383592178677	0	0	0	0	0	0
3	0	1.789568154489665	1.210144903602873	1	0.5965797794098406	1.676382088311979	0	-1.676382088311979	0.9999999999999996	0.212327177989193	-1.340377700308649
1	1	0.8617594308340507	2.034070915906713	0.5	0.2975862974168894	1.16041665947555	0.4916249439387109	-0.6687917155368388	0.9114423955897066	0.5066149904234853	-0.5347429490608557
1	0	1	1.795862414353814	1	0.3576713914340174	0.9999999999999998	0	-0.9999999999999998	1	0.3576713914340174	-0.7995657491534831
4	0	1	1.988779966614784	1	0.3345846837740422	4	0	-4	0.9999999999999999	0.01253211079650618	-3.198262996613933
0	0	0.7947140653440863	2	0	0.2843632825264508	0	0	0	0	0	0
1	0	0.8184384364990945	2.077312795867054	1	0.2826342357559286	1.221838999005891	0	-1.221838999005891	1	0.2826342357559286	-0.9769406145850872
0	1	0.7947140653440864	2.205285934655914	0	0.2649046884480288	0	0.4534559370669672	0.4534559370669672	0.7350953115519712	0.2649046884480288	0.3625678360290444
0	0	0	1.276406970774209	0	0	0	0	0	0	0	0
0	1	0.9208811481151375	2.079118851884862	0	0.3069603827050458	0	0.480972984826448	0.480972984826448	0.6930396172949542	0.3069603827050458	0.3845695249353459
0	0	1.794714065344086	1.205285934655914	0	0.5982380217813621	0	0	0	0	0	0
0	0	0	1.276406970774209	0	0	0	0	0	0	0	0
0	0	0.9207004815035891	2.079299518496411	0	0.3069001605011963	0	0	0	0	0	0
0	0	1	2	0	0.3333333333333333	0	0	0	0	0	0
0	0	0.7947140653440863	2.205285934655913	0	0.2649046884480288	0	0	0	0	0	0
0	0	1	2	0	0.3333333333333333	0	0	0	0	0	0
0	2	0.1884229534289079	2.811577046571092	0	0.06280765114296931	0	0.7113445468048386	0.7113445468048386	0.8783294987561584	0.1216705012438416	0.5687667354722558
0	0	1	1.794714065344086	0	0.3578183587367746	0	0	0	0	0	0
0	0	0.7947140653440863	2.079299518496411	0	0.2765171569864756	0	0	0	0	0	0
0	0	0.7947140653440863	2.205285934655913	0	0.2649046884480288	0	0	0	0	0	0
1	0	1.656931028578918	1.217465836587	1	0.5764447660860065	0.6035254230573852	0	-0.6035254230573852	1	0.5764447660860065	-0.4825582570200511
0	0	1	2	0	0.3333333333333333	0	0	0	0	0	0
1	0	0.7947140653440864	2.079299518496411	1	0.2765171569864757	1.258314208352448	0	-1.258314208352448	1	0.2765171569864757	-1.006104942671798
0	2	0.9991515963151764	2.000848403684824	0	0.3330505321050588	0	0.9995759780284896	0.9995759780284896	0.4448215927253453	0.5551784072746547	0.7992267157081751
0	3	1	2	0	0.3333333333333333	0	1.5	1.5	0.2962962962962963	0.7037037037037037	1.199348623730225
0	0	1.656510579956982	1.217503003883515	0	0.5763753481441148	0	0	0	0	0	0
0	0	1.656510579956982	1.217503003883515	0	0.5763753481441148	0	0	0	0	0	0
1	0	1	1.999212648739014	1	0.3334208397728781	0.9999999999999998	0	-0.9999999999999998	1	0.3334208397728782	-0.7995657491534831
0	0	0.7947140653440863	2.205285934655913	0	0.2649046884480288	0	0	0	0	0	0
0	0	0.9207004815035891	2.079299518496411	0	0.3069001605011963	0	0	0	0	0	0
0	0	0	3	0	0	0	0	0	0	0	0
0	0	0	1.276406970774209	0	0	0	0	0	0	0	0
1	0	1	2	1	0.3333333333333333	1	0	-1	1	0.3333333333333333	-0.7995657491534832
0	0	0.7947140653440863	2.079299518496411	0	0.2765171569864756	0	0	0	0	0	0
0	0	0.8183394562376798	1.386946478418234	0	0.3710808849671295	0	0	0	0	0	0
5	0	0.8396999074351608	2.056051324930987	1	0.2899765346034346	5.954508218623432	0	-5.954508218623432	1	0.002050285202823354	-4.761020824664217
0	0	1	2	0	0.3333333333333333	0	0	0	0	0	0
0	0	0.7947140653440863	2.205285934655913	0	0.2649046884480288	0	0	0	0	0	0
0	0	0.9207004815035891	2.079299518496411	0	0.3069001605011963	0	0	0	0	0	0
1	1	0.9381255851539503	2.059338934396882	0.5	0.3129730407266098	1.065955364425858	0.4855927226437206	-0.580362641782137	0.9020478757783397	0.5279939572315595	-0.464038090457229
0	0	0.7947140653440863	2.079299518496411	0	0.2765171569864756	0	0	0	0	0	0
0	0	0.7947140653440863	2.205285934655913	0	0.2649046884480288	0	0	0	0	0	0
1	0	0.9207004815035891	2.079299518496411	1	0.3069001605011963	1.086129550368984	0	-1.086129550368984	1	0.3069001605011963	-0.8684319876185123
0	0	0.7947140653440863	2.079299518496411	0	0.2765171569864756	0	0	0	0	0	0
0	0	0.9207004815035891	2.079299518496411	0	0.3069001605011963	0	0	0	0	0	0