Observed S Changes	Observed NS Changes	E[S Sites]	E[NS Sites]	Observed S. Prop.	P{S}	dS	dN	dN-dS	P{S leq. observed}	P{S geq. observed}	Scaled dN-dS
0	0	0	3	0	0	0	0	0	0	0	0
2	6	0.8651005360773124	2.03341614829719	0.25	0.2984631900657838	2.311870027348201	2.950699494062974	0.6388294667147729	0.5556805590878725	0.7416519295768367	0.5178269358388095
10	1	0.9999442377522296	2.00005576224777	0.9090909090909091	0.3333147459174099	10.00055765357372	0.4999860598267251	-9.500571593746995	0.999994358432339	0.0001297664381140207	-7.701040940404502
0	6	0.9224839147186565	2.077516085281343	0	0.3074946382395523	0	2.888064281431287	2.888064281431287	0.1102906869595693	0.8897093130404307	2.341027700318653
0	2	0.9222501948601668	2.077749805139832	0	0.3074167316200557	0	0.9625798039073336	0.9625798039073336	0.4796715836398459	0.5203284163601541	0.7802547883725069
10	0	1	2	1	0.3333333333333333	9.999999999999998	0	-9.999999999999998	1.000000000000001	1.693508780764574e-05	-8.105871172501985
1	1	1.663144315005683	1.213287600083253	0.5	0.5781970038231413	0.6012707321773113	0.8242068903789856	0.2229361582016743	0.6656882247699423	0.8220822324162249	0.1807091778075294
0	2	0.7989557587291678	2.201044241270831	0	0.266318586243056	0	0.9086596091522663	0.9086596091522663	0.5382884168923882	0.4617115831076118	0.7365477731444277
0	6	0.7990044287964819	2.000747671967489	0	0.2853839911678098	0	2.998878911152119	2.998878911152119	0.1331792136389975	0.8668207863610026	2.43085261157321
2	4	0.9223324952652973	2.077667504734702	0.3333333333333333	0.3074441650884325	2.168415414470164	1.925235867088734	-0.24317954738143	0.7304026271077542	0.5957665663869507	-0.1971182082861214
0	1	1.798381203920338	1.201618796079661	0	0.5994604013067796	0	0.8322106838396236	0.8322106838396236	0.4005395986932204	0.5994604013067796	0.6745792591583769
2	1	0.7989555850016493	2.07765025367262	0.6666666666666666	0.2777424610143532	2.503268063387868	0.4813129631574516	-2.021955100230417	0.9785747036298231	0.1885720312105753	-1.63897075590511
13	0	1.797320114711874	1.202236812381054	1	0.5991952006237725	7.232990881028456	0	-7.232990881028456	1	0.001283477441130776	-5.862969227349829
1	3	0.9992557283211561	2.000744271678843	0.25	0.3330852427737188	1.000744826031765	1.499442003891218	0.4986971778594529	0.5930336424152616	0.802174938375438	0.4042375077819035
5	3	0.7995342088543301	2.200465791145668	0.625	0.2665114029514435	6.253641113323479	1.363347711230746	-4.890293402092732	0.9940160704196408	0.03569697071606259	-3.964008831310014
3	4	0.9999999999999998	2	0.4285714285714285	0.3333333333333334	3.000000000000001	2	-1	0.826703246456333	0.4293552812071331	-0.8105871172501989
0	0	0.8220591137049083	1.379177752330793	0	0.3734532736521847	0	0	0	0	0	0
4	5	0.8227358676789149	2.074484707660258	0.4444444444444444	0.2839741905334903	4.861827661998881	2.410237097211159	-2.451590564787723	0.9196340962555816	0.2345818953815777	-1.987227728589066
1	8	0.9778563384182219	2.022143661581779	0.1111111111111111	0.3259521128060738	1.022645107171466	3.956197649054355	2.933552541882888	0.1537256814518493	0.971277861926044	2.377899898226843
3	1	0.9999999999999999	2	0.75	0.3333333333333334	3	0.5000000000000001	-2.5	0.9876543209876543	0.1111111111111112	-2.026467793125497
2	6	0.9968260533540231	1.935643281310365	0.25	0.3399271874971224	2.006368105318471	3.099744698795019	1.093376593476549	0.4520958374972897	0.8155009553398107	0.8862769809749981
0	2	0.7995038051156574	2.200496194884342	0	0.2665012683718859	0	0.9088859161172601	0.9088859161172601	0.5380203893000521	0.4619796106999479	0.7367312146547956
0	1	0.7987631339642981	2.201044387636128	0	0.2662714618230407	0	0.4543297743640588	0.4543297743640588	0.7337285381769594	0.2662714618230406	0.3682738620826956
2	1	0.7987631339642984	2.201236866035702	0.6666666666666666	0.2662543779880994	2.503871191543239	0.4542900473046051	-2.049581144238634	0.9811248560396493	0.1749238934727881	-1.661364071278758
2	1	0.7987631339642981	2.201236866035701	0.6666666666666666	0.2662543779880994	2.503871191543241	0.4542900473046054	-2.049581144238635	0.9811248560396493	0.1749238934727881	-1.661364071278759
2	3	0.9968408305672338	2.003134754578951	0.4	0.3322829810692139	2.006338362827631	1.49765261330638	-0.5086857495212511	0.7916770787177319	0.5370182510322059	-0.4123341152906875
3	0	1	2	1	0.3333333333333333	3	0	-3	1	0.03703703703703698	-2.431761351750596
4	2	0.998804552718722	2.001195447281277	0.6666666666666666	0.3329348509062408	4.004787512343727	0.9994026334194887	-3.005384878924238	0.9822655376112858	0.09974408175690064	-2.436126265234535
1	0	1.798730809806398	1.201239675918054	1	0.5995828353531382	0.5559475573266199	0	-0.5559475573266199	1	0.5995828353531382	-0.4506439278356744
2	0	0.7987631339642981	2.077724584868889	1	0.2776869613364131	2.503871191543241	0	-2.503871191543241	1	0.07711004849625058	-2.029605731118855
2	0	1.001910146433642	1.998089853566358	1	0.3339700488112139	1.99618699053914	0	-1.99618699053914	1	0.1115359935029645	-1.618083458153471
4	0	1	1.999903047548531	1	0.3333441061760922	4	0	-4	0.9999999999999998	0.01234727506642197	-3.242348469000794
2	0	0.7987631339642981	2.201236866035701	1	0.2662543779880994	2.503871191543241	0	-2.503871191543241	0.9999999999999998	0.07089139379782994	-2.029605731118855
1	1	0.7987631339642982	2.201044485373492	0.5	0.2662714531475941	1.25193559577162	0.4543297541895485	-0.7976058415820715	0.9290995132386686	0.4616424195338568	-0.6465290198299298
1	0	0.9999999999999999	2	1	0.3333333333333334	1	0	-1	1	0.3333333333333334	-0.8105871172501987
3	0	1	2	1	0.3333333333333333	3	0	-3	1	0.03703703703703698	-2.431761351750596
1	0	0.9999999999999999	2	1	0.3333333333333334	1	0	-1	1	0.3333333333333334	-0.8105871172501987
3	0	0.7987631339642983	2.201236866035702	1	0.2662543779880994	3.755806787314859	0	-3.755806787314859	0.9999999999999999	0.01887514396035073	-3.044408596678281
6	0	0.9999999999999999	1.932834232063425	1	0.340967105834836	6.000000000000001	0	-6.000000000000001	0.9999999999999998	0.001571357126740835	-4.863522703501192
10	3	0.9990432058757407	2.000956794124259	0.7692307692307693	0.3330144019585803	10.00957710455996	1.499282747538276	-8.510294357021687	0.9997894213496338	0.001634039615145411	-6.898334969808841
1	4	0.1792428942530498	2.82075710574695	0.2	0.05974763141768327	5.579021718920862	1.418058999780763	-4.160962719140099	0.9683798184013011	0.2651102659189244	-3.37282277549332
1	0	0.9999999999999999	2	1	0.3333333333333334	1	0	-1	1	0.3333333333333334	-0.8105871172501987
1	1	0.8221259354211082	2.075697786456798	0.5	0.2837046053609975	1.216358658588944	0.4817657014063658	-0.7345929571825781	0.9195116968969606	0.4869209076189557	-0.5954515875149246
3	0	1	2	1	0.3333333333333333	3	0	-3	1	0.03703703703703698	-2.431761351750596
5	0	0.9195965423246729	2.080403457675327	1	0.306532180774891	5.437167029097744	0	-5.437167029097744	1	0.002706327650149998	-4.407297548124167
9	4	0.9995224159003169	2.000477584099684	0.6923076923076923	0.3331741386334389	9.004300310657142	1.999522529916376	-7.004777780740765	0.9983591201868619	0.008792382937473753	-5.6779826282689
1	7	0.798763133964298	2.201044263140614	0.125	0.2662714728736176	1.25193559577162	3.180308600433087	1.928373004661467	0.3278730562135162	0.915999235807799	1.563114314831642
0	2	0.7988134900179684	2.201040310461953	0	0.2662841402104906	0	0.908661231915485	0.908661231915485	0.5383389629066592	0.4616610370933408	0.736549088535387
2	6	0.9868478047972344	1.215343703270264	0.25	0.4481207929383165	2.026654961664464	4.9368750451869	2.910220083522436	0.2233618608493892	0.9354973543352866	2.358986908066083
3	1	0.921477374429531	2.078522625570469	0.75	0.3071591248098437	3.25564152007231	0.4811109524129146	-2.774530567659396	0.9910986949243834	0.08921391832118042	-2.248998734561586
2	0	0.8221203556999117	2.110244061096563	1	0.2803609097801204	2.432733828001742	0	-2.432733828001742	1	0.07860223973273683	-1.971942700676973
1	0	0.9999999999999998	2	1	0.3333333333333334	1	0	-1	1	0.3333333333333334	-0.8105871172501987
1	0	0.9999999999999999	2	1	0.3333333333333334	1	0	-1	1	0.3333333333333334	-0.8105871172501987
1	0	0.7987631339642981	2.201236866035701	1	0.2662543779880994	1.25193559577162	0	-1.25193559577162	1	0.2662543779880995	-1.014802865559427
2	0	0.9999999999999999	2	1	0.3333333333333334	2	0	-2	1	0.111111111111111	-1.621174234500397
3	0	0.9999999999999999	2	1	0.3333333333333334	3	0	-3	0.9999999999999999	0.0370370370370372	-2.431761351750596
8	0	0.8640647325370976	2.068299684259377	1	0.2946648539273519	9.258565589767928	0	-9.258565589767928	0.9999999999999997	5.683641918408089e-05	-7.504873991281869
6	0	1.78779272140413	1.202153417308808	1	0.5979347581738409	3.356093761970127	0	-3.356093761970127	1	0.04570069441309321	-2.72040636773674
2	3	0.9999257268416695	2.00007427315833	0.4	0.3333085756138899	2.000148557350485	1.499944297199864	-0.5002042601506207	0.7901601335308526	0.5390457451605906	-0.40545912927176
4	0	0.8645554025016657	1.336681463534036	1	0.3927589146999338	4.626655490701526	0	-4.626655490701526	1	0.02379601341751969	-3.750307336717553
3	6	0.798851711999859	2.201148288000141	0.3333333333333333	0.266283903999953	3.755390337074886	2.725849972357525	-1.02954036471736	0.8025622891202421	0.4448847788241437	-0.834532156328963
3	0	0.9999999999999999	2	1	0.3333333333333334	3	0	-3	0.9999999999999999	0.0370370370370372	-2.431761351750596
1	0	0.9999999999999999	1.798859312903378	1	0.3572884122434352	1	0	-1	1	0.3572884122434352	-0.8105871172501987
1	6	0.5451996325476908	2.454727057728127	0.1428571428571428	0.1817376518949415	1.834190524536948	2.44426360197987	0.6100730774429222	0.6274659838160505	0.7543889087478011	0.4945173771564154
3	4	0.9996634952125265	1.999948744220998	0.4285714285714285	0.3332642406477554	3.001009854183188	2.000051257092613	-1.000958597090575	0.8268093805812196	0.4291960552684811	-0.8113641437024518
2	6	0.8296338952934769	2.102704599161806	0.25	0.2829256911718139	2.410701890732797	2.853467863432534	0.4427659726997368	0.5952704199480798	0.7094403329471987	0.3589003934271598
0	1	0.1778133552046911	2.822186644795308	0	0.05927111840156373	0	0.3543351754726093	0.3543351754726093	0.9407288815984363	0.05927111840156374	0.2872195284266856
2	0	0.798763133964298	2.077724584868889	1	0.277686961336413	2.503871191543241	0	-2.503871191543241	1	0.07711004849625058	-2.029605731118855
0	18	0.7992225900431339	2.200567052144024	0	0.2664262116260985	0	8.17970985363182	8.17970985363182	0.003784325548411084	0.9962156744515889	6.630367430198461
3	2	0.7994367288581269	2.200563271141872	0.6	0.2664789096193757	3.752642193816941	0.9088582119986943	-2.843783981818246	0.9801621300372939	0.1216533324898598	-2.305134659904343
3	0	0.9999999999999999	2	1	0.3333333333333334	3	0	-3	0.9999999999999999	0.0370370370370372	-2.431761351750596
4	0	0.798763133964298	2.201236866035701	1	0.2662543779880994	5.007742383086481	0	-5.007742383086481	0.9999999999999999	0.005025589714599099	-4.05921146223771
2	4	0.8658208640049898	1.343243356811499	0.3333333333333333	0.3919401056095034	2.309946645023876	2.977866951447229	0.667920306423353	0.5610292149394439	0.7539748140856829	0.5414075957365749
5	3	0.9220312460724006	2.077968753927598	0.625	0.3073437486908003	5.422809716372003	1.44371757002104	-3.979092146350964	0.9871625314005672	0.06387189311323127	-3.225400832183533
1	2	1.000479707975197	1.999520292024804	0.3333333333333333	0.3334932359917322	0.9995205220342075	1.000239911531336	0.0007193894971281312	0.7405275116355258	0.7039168561146038	0.0005831278586571619
0	0	0.7987631339642981	2.201236866035701	0	0.2662543779880994	0	0	0	0	0	0
0	0	0.9999999999999999	1.932364416796475	0	0.3410217346357216	0	0	0	0	0	0
1	5	0.8225438219142112	2.107259659896747	0.1666666666666667	0.2807505100669017	1.215740697769531	2.372749830101617	1.157009132332086	0.46268729137528	0.8615549681792803	0.9378566972092194
4	1	0.7987742679218686	2.201176898487184	0.8	0.266262423490714	5.007672581149367	0.4543024237112773	-4.55337015743809	0.9986617125573214	0.01977783614035133	-3.690903189690824
2	0	0.798763133964298	2.077724584868889	1	0.277686961336413	2.503871191543241	0	-2.503871191543241	1	0.07711004849625058	-2.029605731118855
3	0	1	2	1	0.3333333333333333	3	0	-3	1	0.03703703703703698	-2.431761351750596
1	1	1.797472592185231	1.202382979134565	0.5	0.5991863772942998	0.5563367165361202	0.8316817664200188	0.2753450498838986	0.640975685264933	0.8393484398535326	0.2231911502345015
0	2	0.1776000239238378	2.822399976076162	0	0.0592000079746126	0	0.7086167860518825	0.7086167860518825	0.8851046249949691	0.1148953750050309	0.5743956378408961
0	0	0.7987631339642981	2.201236866035701	0	0.2662543779880994	0	0	0	0	0	0
6	0	0.9999999999999998	2	1	0.3333333333333334	6.000000000000002	0	-6.000000000000002	0.9999999999999999	0.001371742112482921	-4.863522703501193
1	0	1.798635568660661	1.201220165215609	1	0.5995740222935823	0.5559769957983437	0	-0.5559769957983437	1	0.5995740222935823	-0.4506677902816052
0	0	1.663491967557248	1.21299575127594	0	0.5783066469103589	0	0	0	0	0	0
5	0	0.9999999999999998	1.932672033716274	1	0.340985963825216	5.000000000000001	0	-5.000000000000001	0.9999999999999999	0.004609804541205076	-4.052935586250993
4	0	0.7987631339642981	2.201236866035701	1	0.2662543779880994	5.007742383086481	0	-5.007742383086481	0.9999999999999999	0.005025589714599099	-4.05921146223771
0	0	0.9999999999999999	2	0	0.3333333333333334	0	0	0	0	0	0
6	1	0.8642892640255525	1.337330042957695	0.8571428571428571	0.3925698059079243	6.942120248091629	0.7477585695961469	-6.194361678495482	0.9985631274346898	0.01699996064971321	-5.021069776176754
1	0	0.798763133964298	2.077724584868888	1	0.2776869613364131	1.25193559577162	0	-1.25193559577162	1	0.277686961336413	-1.014802865559427
0	0	0.7987631339642981	2.201236866035701	0	0.2662543779880994	0	0	0	0	0	0
0	3	0.9981703464714142	2.001829653528585	0	0.3327234488238048	0	1.498629014068185	1.498629014068185	0.2971102197874163	0.7028897802125837	1.214769372341038
3	1	0.7988593040561899	2.201140695943812	0.75	0.2662864346853965	3.755354647267132	0.4543098957021541	-3.301044751564978	0.9949719895491587	0.06044381829977208	-2.675784349084954
0	0	0.8220591137049083	1.379177752330793	0	0.3734532736521847	0	0	0	0	0	0
2	2	0.7987631339642982	2.201236866035702	0.5	0.2662543779880994	2.50387119154324	0.9085800946092106	-1.595291096934029	0.9395761933023945	0.2894239802479709	-1.293122411438662
5	0	0.8644941800782019	2.033329541799705	1	0.2983253168753739	5.783728931000671	0	-5.783728931000671	0.9999999999999999	0.00236292835032148	-4.688216161136407
3	5	0.8253195015697745	2.073249185705691	0.375	0.2847334635169679	3.634955910158356	2.411673442089453	-1.223282468068903	0.8326764320257977	0.4093390202147859	-0.9915770093746797
0	0	0	1.2705423328141	0	0	0	0	0	0	0	0
1	2	0.7988592847691117	2.201140715230887	0.3333333333333333	0.2662864282563707	1.251784912644562	0.9086197834427008	-0.3431651292018614	0.8250385364703078	0.605015860193963	-0.2781652328205287
1	0	1.000190884568316	1.999809115431683	1	0.3333969615227721	0.9998091518616484	0	-0.9998091518616484	1	0.3333969615227721	-0.8104324182078996
0	0	0.7987631339642981	2.201236866035701	0	0.2662543779880994	0	0	0	0	0	0
1	3	0.9995906945235066	2.000409305476492	0.25	0.3331968981745023	1.000409473076066	1.499693083703891	0.4992836106278251	0.5928351439759104	0.8023073852279045	0.4047128626290794
0	0	0.8220591137049083	2.110305303091566	0	0.2803400249287518	0	0	0	0	0	0
7	0	1.095525896864479	1.296116455575895	1	0.458064265230389	6.389625311491773	0	-6.389625311491773	0.9999999999999997	0.004231407862427705	-5.179347961551018
5	2	0.7989554550286457	2.201044544971353	0.7142857142857143	0.2663184850095486	6.258171176540412	0.90865948377525	-5.349511692765161	0.9980726099535205	0.01707140421319175	-4.336245261734742
0	5	0.8235752014515332	2.073293532113068	0	0.2842984191548516	0	2.411621857954709	2.411621857954709	0.1877845606683237	0.8122154393316763	1.954829609737076
1	0	0.9999999999999999	2	1	0.3333333333333334	1	0	-1	1	0.3333333333333334	-0.8105871172501987
1	8	0.7987631339642984	2.027331753983405	0.1111111111111111	0.2826384695612101	1.25193559577162	3.946073445690964	2.694137849919344	0.2287019226769831	0.9496913400241476	2.183833433240769
0	0	0.7987631339642981	2.201236866035701	0	0.2662543779880994	0	0	0	0	0	0
0	2	0.7988132355902255	2.200967018439778	0	0.2662905839576327	0	0.9086914902603859	0.9086914902603859	0.5383295071892316	0.4616704928107684	0.736573615559953
3	0	0.798763133964298	2.077724584868889	1	0.277686961336413	3.755806787314861	0	-3.755806787314861	0.9999999999999999	0.02141245505542733	-3.044408596678283
1	0	0.7987631339642981	2	1	0.2853986192225181	1.25193559577162	0	-1.25193559577162	1	0.2853986192225181	-1.014802865559427
3	0	0.9999999999999999	2	1	0.3333333333333334	3	0	-3	0.9999999999999999	0.0370370370370372	-2.431761351750596
0	1	0.798763133964298	2.000385769891158	0	0.2853592864831548	0	0.4999035761259242	0.4999035761259242	0.7146407135168451	0.2853592864831549	0.4052153986749781
0	2	0.7988104424655216	2.201141051445878	0	0.2662744527992404	0	0.9086196446548699	0.9086196446548699	0.5383531786150541	0.4616468213849459	0.7365153784376908
3	0	0.9999999999999999	2	1	0.3333333333333334	3	0	-3	0.9999999999999999	0.0370370370370372	-2.431761351750596
2	2	0.9999353361815323	1.999594277597104	0.5	0.3333640486789096	2.000129336000295	1.000202902362465	-0.9999264336378302	0.888861584472623	0.4074620124660936	-0.8105274853047607
0	1	0.7987631339642981	2.201236866035701	0	0.2662543779880994	0	0.4542900473046054	0.4542900473046054	0.7337456220119005	0.2662543779880995	0.3682416598400964
1	2	0.798763133964298	2.000144203510889	0.3333333333333333	0.285383915097682	1.25193559577162	0.9999279034428438	-0.2520076923287765	0.8021536661848554	0.6350626098907521	-0.2042741888496579
4	3	0.9999999999999999	2	0.5714285714285714	0.3333333333333334	4.000000000000001	1.5	-2.500000000000001	0.954732510288066	0.173296753543667	-2.026467793125497
1	0	0.9999999999999998	2	1	0.3333333333333334	1	0	-1	1	0.3333333333333334	-0.8105871172501987
1	1	0.9996141023678172	2.000385897632183	0.5	0.3332047007892724	1.000386046606654	0.4999035442029861	-0.500482502403668	0.8889746273719314	0.5553840289504763	-0.4056846688575548
6	0	0.9402996809679078	2.059236342300073	1	0.3134817097290452	6.380944417447673	0	-6.380944417447673	1	0.0009490153574636118	-5.172311340672657
2	0	0.9999999999999998	1.799040829477456	1	0.3572652422461043	2	0	-2	1	0.1276384533171674	-1.621174234500397
4	0	1.798337863399519	1.201181189711571	1	0.5995420704310211	2.224276139322636	0	-2.224276139322636	0.9999999999999998	0.1292048015728789	-1.802969583741937
0	4	0.9995531241690033	2.000446875830996	0	0.3331843747230012	0	1.999553223995703	1.999553223995703	0.1977074669142969	0.8022925330857031	1.620812083627017
1	1	0.9999999999999999	2	0.5	0.3333333333333334	1	0.5000000000000001	-0.5000000000000001	0.888888888888889	0.5555555555555556	-0.4052935586250994
1	3	0.9999999999999999	1.801552292863976	0.25	0.3569449703106266	1	1.665230596904195	0.6652305969041945	0.5506680714655361	0.829001398819421	0.5392273518511999
7	0	0.9999999999999999	2	1	0.3333333333333334	7.000000000000001	0	-7.000000000000001	1	0.0004572473708274183	-5.674109820751391
3	0	0.9999999999999998	1.999789233244719	1	0.3333567535070959	3.000000000000001	0	-3.000000000000001	1	0.03704484431014188	-2.431761351750596
2	0	0.9999999999999999	2	1	0.3333333333333334	2	0	-2	1	0.111111111111111	-1.621174234500397
4	0	1.797534537698761	1.201343665754199	1	0.5994023150486902	2.225270177629453	0	-2.225270177629453	0.9999999999999998	0.1290843713007439	-1.803775338387496
4	0	0.8640039851091875	2.068360431687287	1	0.2946441377341114	4.629608276048061	0	-4.629608276048061	1	0.007536873377692377	-3.752700826479459
0	0	0.7987631339642981	2.201236866035701	0	0.2662543779880994	0	0	0	0	0	0
2	4	0.7989315617479342	2.200848333235388	0.3333333333333333	0.2663300607768011	2.503343334721087	1.817480986579272	-0.6858623481418153	0.8039131144087592	0.5043592089063882	-0.5559511836107262
0	7	0.7989557340547739	2.201044265945225	0	0.2663185780182581	0	3.18030859638068	3.18030859638068	0.1144333613811621	0.8855666386188379	2.577917177106241
0	0	0.8220591137049083	2.110305303091566	0	0.2803400249287518	0	0	0	0	0	0
2	6	0.7990254332453868	2.200803182920433	0.25	0.2663570275113408	2.503049235712857	2.726277409340207	0.22322817362735	0.6374123488221956	0.6723259590987508	0.1809458817496205
0	0	0.7987631339642981	2.201236866035701	0	0.2662543779880994	0	0	0	0	0	0
0	0	0.7987631339642981	2.201236866035701	0	0.2662543779880994	0	0	0	0	0	0
0	0	0	1.2705423328141	0	0	0	0	0	0	0	0
3	6	0.9998556599552941	2.000144340044707	0.3333333333333333	0.333285219985098	3.000433082645286	2.999783505557349	-0.0006495770879371143	0.6504256379721489	0.6227034453982331	-0.0005265388191427243
2	0	0.9999999999999998	1.932784206238844	1	0.3409729218647328	2	0	-2	1	0.1162625334449732	-1.621174234500397
2	0	0.9999999999999997	1.999999999999999	1	0.3333333333333333	2.000000000000001	0	-2.000000000000001	1	0.1111111111111109	-1.621174234500398
2.5	2.5	0.9995810797429685	2.000320934194605	0.5	0.3332045763824636	2.501047739561905	1.249799448310319	-1.251248291251586	0.8725551171260757	0.3742630599782044	-1.01424574536986
2	0	0.8221818785968504	1.379054987438851	1	0.3735090445207525	2.432551789408487	0	-2.432551789408487	1	0.1395090063388055	-1.971795142538438
4	1	0.7987631339642983	2.201236866035702	0.8	0.2662543779880994	5.007742383086479	0.4542900473046052	-4.553452335781874	0.9986619147365159	0.01977560751905927	-3.690969802397613
6	0	0.9999999999999998	1.932752987470455	1	0.3409765514764731	6.000000000000002	0	-6.000000000000002	1	0.001571618327965152	-4.863522703501193
2	4	0.999233832709512	2.000326222746033	0.3333333333333333	0.3331267966754404	2.001533509505799	1.99967383045593	-0.0018596790498695	0.6807919981753223	0.6484259191930282	-0.001507431880044307
2	0	0.7987631339642985	2.201236866035703	1	0.2662543779880994	2.503871191543239	0	-2.503871191543239	0.9999999999999998	0.07089139379782994	-2.029605731118854
0	1	0.999951840579186	2	0	0.3333226310680142	0	0.5000000000000001	0.5000000000000001	0.6666773689319858	0.3333226310680142	0.4052935586250994
0	7	0.9999999999999998	2	0	0.3333333333333334	0	3.500000000000001	3.500000000000001	0.05852766346593506	0.9414723365340649	2.837054910375695
0	0	0.7987631339642981	2.077724584868889	0	0.2776869613364131	0	0	0	0	0	0
0	9	0.217949184022137	2.773983328827307	0	0.0728456217130939	0	3.244431899237377	3.244431899237377	0.5062540162718633	0.4937459837281367	2.629894700317412
2	0	0.940421944672136	2.059406849447874	1	0.31349187210799	2.126704944871602	0	-2.126704944871602	0.9999999999999999	0.09827715387777247	-1.723879630505215
2	17	0.9178461152563199	1.987770446614554	0.1052631578947368	0.3158868679717792	2.179014506632711	8.552295376437119	6.373280869804407	0.03407014322646306	0.9927977747969627	5.166099367680593
5	0	0.9999999999999998	1.999615176417865	1	0.3333760969946145	5.000000000000001	0	-5.000000000000001	1	0.004117866747020749	-4.052935586250993
2	10	0.7996316256421918	2.196603870471642	0.1666666666666667	0.2668787639287123	2.501151700189173	4.552482190543014	2.051330490353841	0.340234118927219	0.870594696200057	1.662782068703356
3	6	0.7988578687006215	2.200995393785478	0.3333333333333333	0.2662989815837111	3.755361394736758	2.726039326089019	-1.029322068647739	0.8025317784435783	0.4449268116140785	-0.8343552083471818
3	0	0.7987631339642981	2.201236866035702	1	0.2662543779880994	3.755806787314861	0	-3.755806787314861	0.9999999999999999	0.01887514396035073	-3.044408596678283
1	0	0.7987631339642982	2.201236866035702	1	0.2662543779880994	1.25193559577162	0	-1.25193559577162	1	0.2662543779880995	-1.014802865559427
2	0	0.7987631339642979	2.201236866035701	1	0.2662543779880994	2.503871191543241	0	-2.503871191543241	0.9999999999999998	0.07089139379782994	-2.029605731118855
1	0	0.7987631339642982	2.201236866035702	1	0.2662543779880994	1.25193559577162	0	-1.25193559577162	1	0.2662543779880995	-1.014802865559427
3	1	0.8977826362651545	2.000334279105104	0.75	0.3097813726919487	3.341566074924586	0.4999164441892049	-2.841649630735382	0.9907908149572229	0.09128450162641277	-2.303404582412884
8	0	1.640789230280958	1.193667577887281	1	0.5788725464267401	4.875702407328778	0	-4.875702407328778	1.000000000000001	0.0126085058958737	-3.952181558926488
3	0	0.798763133964298	2.201236866035702	1	0.2662543779880994	3.755806787314861	0	-3.755806787314861	0.9999999999999999	0.01887514396035062	-3.044408596678283
0	0	0	1.2705423328141	0	0	0	0	0	0	0	0
4	0	1.663308057985988	1.212844662278728	1	0.5783100620028621	2.404846162317874	0	-2.404846162317874	1	0.1118518044104536	-1.949337318143449
2	0	0.9999999999999998	2	1	0.3333333333333334	2	0	-2	1	0.111111111111111	-1.621174234500397
8	4	0.7990006770167771	2.199469576951249	0.6666666666666666	0.2664694358596419	10.01250716065666	1.818620290053987	-8.193886870602672	0.9993433672059304	0.004299616898945646	-6.641859137516071
3	11	1.563049918008912	1.236011094879623	0.2142857142857143	0.5584193809322855	1.919324498491733	8.899596488712184	6.980271990220452	0.009650621547299164	0.9982396668270423	5.658118550175102
2	8	0.8040525501899118	2.176176637162061	0.2	0.2697955424375726	2.487399610296135	3.676172174347369	1.188772564051234	0.4670816871841337	0.7976694852661858	0.9636037257604166
0	5	0.804005518524603	2.145997905386642	0	0.2725439272401308	0	2.329918397147343	2.329918397147343	0.2037200942689618	0.7962799057310382	1.888601836971868
3	16	0.8645462447077341	2.057979376928633	0.1578947368421053	0.2958216134384687	3.470028374264897	7.774616295659239	4.304587921394343	0.1416748472196736	0.9500182280412208	3.489243514153065
4	0	0.7987631339642981	2	1	0.2853986192225181	5.007742383086481	0	-5.007742383086481	1	0.00663448888066176	-4.05921146223771
1	1	0.9999999999999999	1.999613526996523	0.5	0.3333762803107798	1	0.5000966369246505	-0.4999033630753498	0.8888602557261485	0.555612816347708	-0.4052152259789271
1	0	0.9999999999999999	2	1	0.3333333333333334	1	0	-1	1	0.3333333333333334	-0.8105871172501987
5	0	1.661429039382733	1.211154009366112	1	0.5783745887195042	3.009457449869565	0	-3.009457449869565	1	0.06472111914615375	-2.439427438776904
3	0	0.7987631339642982	2.201236866035702	1	0.2662543779880994	3.75580678731486	0	-3.75580678731486	0.9999999999999999	0.01887514396035073	-3.044408596678282
3	0	0.9999999999999997	1.999999999999999	1	0.3333333333333333	3.000000000000001	0	-3.000000000000001	1	0.03703703703703698	-2.431761351750596
5	0	0.9999999999999998	2	1	0.3333333333333334	5.000000000000001	0	-5.000000000000001	1	0.004115226337448541	-4.052935586250993
0	2	0.0008447449612146369	2.999155255038786	0	0.0002815816537382123	0	0.6668544406428655	0.6668544406428655	0.9994369159807512	0.0005630840192487607	0.5405436186661939
0	0	0.9999999999999999	2	0	0.3333333333333334	0	0	0	0	0	0
0	0	0.7987631339642981	2.201236866035701	0	0.2662543779880994	0	0	0	0	0	0
0	4	0.799331253570534	2.199788768695277	0	0.2665219289779026	0	1.818356406270977	1.818356406270977	0.2894333268996326	0.7105666731003674	1.473936277492622
2	0	0.8226808200567017	2.109683596739773	1	0.2805520403072744	2.431076489497049	0	-2.431076489497049	1	0.07870944732057439	-1.970599283436146
3	8	0.8221388856337969	1.460933870553769	0.2727272727272727	0.3601019211523779	3.649018496050413	5.475949432925113	1.8269309368747	0.3978511895803327	0.8187429539729739	1.480886681536467
0	1	0.798763133964298	2.201044338395007	0	0.2662714661938229	0	0.4543297845281918	0.4543297845281918	0.7337285338061772	0.2662714661938228	0.3682738703216109
0	0	0.7987631339642981	2.201236866035701	0	0.2662543779880994	0	0	0	0	0	0
0	0	0.8220591137049083	2.075764608172999	0	0.2836815460852742	0	0	0	0	0	0
2	0	1.663878708582074	1.212813719740005	1	0.5783999332707888	1.202010693258021	0	-1.202010693258021	0.9999999999999999	0.334546482807653	-0.9743343827519321
3	0	0.798763133964298	1.999999999999999	1	0.2853986192225181	3.755806787314861	0	-3.755806787314861	1	0.02324639445956467	-3.044408596678283
0	0	0.9222754151311104	2.077724584868889	0	0.3074251383770369	0	0	0	0	0	0
0	0	0	1.2705423328141	0	0	0	0	0	0	0	0
7	0	0.9999999999999999	1.997394631717909	1	0.3336230703218635	7.000000000000001	0	-7.000000000000001	1	0.0004600367470714017	-5.674109820751391
6	3	0.9997769022652341	2.000223097734765	0.6666666666666666	0.3332589674217448	6.00133888511083	1.499832695361569	-4.501506189749262	0.9917301609065788	0.04237671193824055	-3.648862925632779
3	2	0.7991001145709439	2.200899885429056	0.6	0.2663667048569813	3.754222963177489	0.9087192076481521	-2.845503755529337	0.9801932616284958	0.1215247543957184	-2.306528686319139
4	0	0.798763133964298	2.201236866035701	1	0.2662543779880994	5.007742383086481	0	-5.007742383086481	0.9999999999999999	0.005025589714599099	-4.05921146223771
6	0	0.9999999999999999	2	1	0.3333333333333334	6.000000000000001	0	-6.000000000000001	0.9999999999999999	0.001371742112482921	-4.863522703501192
1	7	0.9999999999999999	2	0.125	0.3333333333333334	1	3.5	2.5	0.1950922115531168	0.9609815576893767	2.026467793125496
8	0	0.9999999999999999	2	1	0.3333333333333334	8.000000000000002	0	-8.000000000000002	1	0.0001524157902758061	-6.48469693800159
0	2	0.7987631339642981	2.20061035155427	0	0.2663099936772956	0	0.9088387676570815	0.9088387676570815	0.5383010253778099	0.4616989746221901	0.7366929967203767
2	3	0.850614247889084	2.066606016316824	0.4	0.2915838266743387	2.351242064147496	1.45165550487785	-0.8995865592696466	0.8478745811442947	0.454393483636555	-0.7291932757954077
1	0	0.7987631339642982	2.201236866035702	1	0.2662543779880994	1.25193559577162	0	-1.25193559577162	1	0.2662543779880995	-1.014802865559427
0	0	0.8220591137049083	1.379177752330793	0	0.3734532736521847	0	0	0	0	0	0
3	3	0.9228520812684596	2.07714791873154	0.5	0.3076173604228199	3.250791823405222	1.444288089907445	-1.806503733497777	0.9233180705656018	0.2699237096630475	-1.464328653637684
1	4	0.7990443382024106	2.200866743322387	0.2	0.2663560073908163	1.25149500746063	1.81746578348568	0.5659707760250503	0.5983436524959567	0.787466776852443	0.4587686197860033
3	5	1.795249779711605	1.204513238321953	0.375	0.5984638682853185	1.671076656799217	4.15105441843517	2.479977761635953	0.1760579001461467	0.9492345745504733	2.010238024649087
1	0	0.7987631339642981	2	1	0.2853986192225181	1.25193559577162	0	-1.25193559577162	1	0.2853986192225182	-1.014802865559427
2	0	0.9999999999999998	2	1	0.3333333333333334	2	0	-2	1	0.111111111111111	-1.621174234500397
3	6	0.8302939977795857	1.383667744715514	0.3333333333333333	0.3750263529142367	3.613177992401188	4.336301126419347	0.7231231340181585	0.5456882323221268	0.7183305817183642	0.5861542966207081
2	7	1	1.882633474990932	0.2222222222222222	0.3469050119190564	1.999999999999999	3.718195863926044	1.718195863926045	0.3445179714236988	0.8750444977542734	1.392747432211027
2	3	1.00044534337753	1.81185307637368	0.4	0.3557393967692924	1.999109709729816	1.655763394460398	-0.3433463152694178	0.7558523842592418	0.5825618744464864	-0.2783120999127152
2	0	0.9999999999999998	1.932412875240332	1	0.3410160992142155	2	0	-2	1	0.1162919799232797	-1.621174234500397
3	3	0.8976610642303452	2.000382277446502	0.5	0.3097472875305399	3.342018629907047	1.499713346705668	-1.842305283201379	0.9215216521676893	0.2739469005156591	-1.493348928605016
3	2	0.919045822179438	2.080954177820562	0.6	0.306348607393146	3.264255086743943	0.9610975682773818	-2.303157518466562	0.9667543201587889	0.1715801007454651	-1.866909813466931
2	1	0.9999999999999998	1.999951940112594	0.6666666666666666	0.3333386734063706	2	0.5000120152605774	-1.499987984739423	0.9629611829101005	0.2592663793851585	-1.215870936459864
5	0	1	2	1	0.3333333333333333	5	0	-5	1	0.004115226337448097	-4.052935586250992
5	0	0.9999999999999999	1.999940958428008	1	0.3333398936371093	5.000000000000001	0	-5.000000000000001	0.9999999999999999	0.004115631310412038	-4.052935586250993
1	0	0.9999999999999999	2	1	0.3333333333333334	1	0	-1	1	0.3333333333333334	-0.8105871172501987
1	2	0.8221519388730835	2.075671783004823	0.3333333333333333	0.2837135788026111	1.216320186960443	0.9635434736722788	-0.2527767132881646	0.8041939538246922	0.6324976211247013	-0.2048975473322333
2	2	0.8991264491997987	1.998873178132517	0.5	0.3102576138104849	2.224381233340375	1.000563728544567	-1.223817504795808	0.9083365125459382	0.3664339069182202	-0.9920107032527646
3	1	0.798763133964298	2.201236866035701	0.75	0.2662543779880994	3.755806787314861	0.4542900473046055	-3.301516740010256	0.9949744102854009	0.0604238066976055	-2.676166936838186
0	0	0.8220591137049083	1.379177752330793	0	0.3734532736521847	0	0	0	0	0	0
3	0	0.8224162376307232	1.378820628404978	1	0.3736155114973368	3.64778789952229	0	-3.64778789952229	0.9999999999999999	0.05215244766860561	-2.95684987781393
0	4	0.9999999999999999	2	0	0.3333333333333334	0	2	2	0.1975308641975308	0.8024691358024691	1.621174234500397
3	2	1	2	0.6	0.3333333333333333	3	0.9999999999999998	-2	0.9547325102880663	0.2098765432098761	-1.621174234500397
3	6	0.9228940424531361	2.077105957546864	0.3333333333333333	0.3076313474843787	3.250644019789886	2.8886345341218	-0.3620094856680862	0.7120212329353517	0.5573774259146793	-0.2934402254049211
5	1	1	1.999881851456596	0.8333333333333334	0.3333464614662905	4.999999999999998	0.5000295388808389	-4.499970461119159	0.9986279337041686	0.01783588920000767	-3.647618083789626
3	0	0.7987631339642982	2.201236866035702	1	0.2662543779880994	3.75580678731486	0	-3.75580678731486	0.9999999999999999	0.01887514396035073	-3.044408596678282
4	3	0.9224490519340792	2.07755094806592	0.5714285714285714	0.3074830173113599	4.336282845771574	1.444007908827857	-2.892274936943718	0.9679619778640958	0.1359447970368846	-2.344440803432208
4	3	0.9996325357068834	1.932898793126809	0.5714285714285714	0.3408770183895872	4.001470397491041	1.552072985232178	-2.449397412258864	0.9502371606195367	0.1850816891577308	-1.985449987403008
4	3	0.9993247100795479	2.000144440186219	0.5714285714285714	0.333167190598044	4.002702984980321	1.499891677683383	-2.502811307296937	0.9548281588359168	0.1730415953936182	-2.028746602603025
1	1	0.8978771887816398	2.000117920092167	0.5	0.3098270200775338	1.113738061835532	0.4999705217149993	-0.613767540120533	0.9040072176298755	0.5236612577849431	-0.4975120610080485
1	8	0.9993717479256607	2.000628252074339	0.1111111111111111	0.3331239159752203	1.000628647023136	3.998743890428045	2.998115243404909	0.1433620138902399	0.9739140724029018	2.430233592335462
7	1	0.8991089896915868	2.000398491171466	0.875	0.3100902465766229	7.78548549759373	0.499900397052581	-7.285585100541149	0.9999145120602085	0.001607082742935084	-5.905601424128648
0	7	0.4954578408045612	2.504542159195439	0	0.1651526136015204	0	2.794922007720838	2.794922007720838	0.282650425260732	0.717349574739268	2.265527773177571
2	0	0.9403600409628585	2.059320519453427	1	0.3134867270108116	2.126844945423403	0	-2.126844945423403	0.9999999999999999	0.09827392801195123	-1.723993113148912
3	18	0.7987631339642988	2.201236866035702	0.1428571428571428	0.2662543779880995	3.755806787314858	8.177220851482891	4.421414064168034	0.1498565092558242	0.9455463360708785	3.583941280443451
6	1	0.9204286290732817	2.079571370926718	0.8571428571428571	0.3068095430244273	6.518702059540456	0.4808683241077563	-6.037833735432701	0.9997440930700757	0.004303192029466607	-4.89419024204039
6	0	0.9999999999999999	2	1	0.3333333333333334	6.000000000000001	0	-6.000000000000001	0.9999999999999999	0.001371742112482921	-4.863522703501192
3	0	0.798763133964298	2.201236866035701	1	0.2662543779880994	3.755806787314861	0	-3.755806787314861	0.9999999999999999	0.01887514396035073	-3.044408596678283
2	0	0.8979665662510344	2.000199208643277	1	0.309839614431228	2.227254415885326	0	-2.227254415885326	1	0.09600058667089206	-1.805383736355262
0	2	0.2809403691493287	2.719059630850672	0	0.09364678971644289	0	0.7355484143517255	0.7355484143517255	0.8214761417913099	0.1785238582086901	0.5962260687873198
1	0	0.7987631339642982	2.201236866035702	1	0.2662543779880994	1.25193559577162	0	-1.25193559577162	1	0.2662543779880995	-1.014802865559427
3	0	0.920132144944386	2.079867855055614	1	0.306710714981462	3.260401254845112	0	-3.260401254845112	0.9999999999999997	0.02885272557929675	-2.642839254243829
0	0	0.7987631339642981	2	0	0.2853986192225181	0	0	0	0	0	0
0	0	0	1.2705423328141	0	0	0	0	0	0	0	0
0	0	0.9999999999999999	2	0	0.3333333333333334	0	0	0	0	0	0
0	1	0.1797088650955461	2.820291134904453	0	0.05990295503184872	0	0.3545733231664674	0.3545733231664674	0.9400970449681513	0.05990295503184873	0.2874125678793299
1	0	0.9999999999999999	2	1	0.3333333333333334	1	0	-1	1	0.3333333333333334	-0.8105871172501987
2	1	0.8222705249625786	2.075553196915328	0.6666666666666666	0.283754501267494	2.432289543749631	0.481799262715209	-1.950490281034422	0.9771530475023801	0.1958559459734537	-1.581042294128222
8	1	0.9999999999999999	1.999851968576332	0.8888888888888888	0.3333497820809402	8.000000000000002	0.5000370105952825	-7.499962989404719	0.9999491721686806	0.000965661078020319	-6.079373379064752
3	0	0.9999999999999998	1.932704065329142	1	0.34098223950454	3.000000000000001	0	-3.000000000000001	0.9999999999999998	0.0396456256981671	-2.431761351750596
3	0	0.7987631339642981	2.201236866035701	1	0.2662543779880995	3.755806787314861	0	-3.755806787314861	1	0.0188751439603505	-3.044408596678283
0	0	0.1779408862950917	2.822059113704908	0	0.05931362876503057	0	0	0	0	0	0
3	1	1.000234689852711	1.999765310147289	0.75	0.333411563284237	2.999296095641077	0.5000586793489016	-2.499237416292176	0.9876427272847098	0.1111806610850979	-2.025849652596109
2	0	1.663539375619386	1.212917082393465	1	0.5783294132561327	1.202255882434607	0	-1.202255882434607	1	0.3344649102371827	-0.9745331299397616
5	0	0.9222754151311103	2.077724584868889	1	0.3074251383770368	5.421374047240761	0	-5.421374047240761	1	0.00274597694083567	-4.39449596048793
1	4	0.7989555160731769	2.201044483926822	0.2	0.2663185053577257	1.251634139676444	1.817319017952655	0.5656848782762107	0.5984225396205042	0.787412450483348	0.4585368747539431
1	1	0.798763133964298	2.201236866035701	0.5	0.2662543779880994	1.25193559577162	0.4542900473046054	-0.7976455484670149	0.9291086062021701	0.4616173621783692	-0.6465612057193311
1	0	0.9999999999999999	2	1	0.3333333333333334	1	0	-1	1	0.3333333333333334	-0.8105871172501987
3	0	0.9999999999999999	1.999773451429509	1	0.3333585072977631	3	0	-3	1	0.03704542899225793	-2.431761351750596
2	0	0.7987631339642982	2.201236866035702	1	0.2662543779880994	2.50387119154324	0	-2.50387119154324	0.9999999999999998	0.07089139379782994	-2.029605731118855
0	0	1.798763133964298	1.201236866035702	0	0.5995877113214327	0	0	0	0	0	0
1	1	0.922312552707323	2.077687447292677	0.5	0.3074375175691077	1.084231150345548	0.4813043469570201	-0.6029268033885282	0.9054821727909446	0.5203572079291601	-0.4887246994715843
2	0	0.9999999999999999	2	1	0.3333333333333334	2	0	-2	1	0.111111111111111	-1.621174234500397
0	0	0.9999999999999999	2	0	0.3333333333333334	0	0	0	0	0	0
1	0	0.9439530224333058	2.056046977566693	1	0.3146510074777687	1.05937475301707	0	-1.05937475301707	1	0.3146510074777686	-0.8587155271357477
1	0	0.9999999999999999	2	1	0.3333333333333334	1	0	-1	1	0.3333333333333334	-0.8105871172501987
2	0	0.7987631339642982	2	1	0.2853986192225181	2.50387119154324	0	-2.50387119154324	1	0.0814523718541198	-2.029605731118855
3	0	0.7987631339642982	2.201236866035702	1	0.2662543779880994	3.75580678731486	0	-3.75580678731486	0.9999999999999999	0.01887514396035073	-3.044408596678282
0	0	0.8220591137049083	2.075764608172999	0	0.2836815460852742	0	0	0	0	0	0
0	2	0.1785455736546153	2.821358242706906	0	0.05951709940859606	0	0.7088784294479148	0.7088784294479148	0.8845080863048206	0.1154919136951794	0.5746077226070335
5	8	1.120501910996206	1.095535278463876	0.3846153846153846	0.5056331709258031	4.462286008557224	7.302366393182099	2.840080384624875	0.276529276783438	0.8752284859292502	2.302132571731913
1	7	0.7993878782344026	2.200612121765597	0.125	0.2664626260781343	1.250957172641505	3.180933127998838	1.929975955357333	0.3274285036890271	0.9161741493460954	1.564413646015299
7	0	0.9999999999999999	1.999044708354575	1	0.3334395106595959	7.000000000000001	0	-7.000000000000001	1	0.0004582678809775809	-5.674109820751391
2	4	0.8223265264891518	2.07559533451688	0.3333333333333333	0.2837642165422901	2.432123901607331	1.927157925960095	-0.504965975647236	0.7737710534857568	0.5440850650644999	-0.409318914509327
1	1	0.7991487695615698	2.20085123043843	0.5	0.26638292318719	1.25133146428871	0.454369648511313	-0.7969618157773972	0.9290401382342477	0.4618059846086275	-0.6460069808094843
1	0	0.9999999999999999	1.798907545004289	1	0.3572822552802356	1	0	-1	1	0.3572822552802356	-0.8105871172501987
0	2	0.1795138418031229	2.820486158196877	0	0.05983794726770764	0	0.7090976121927115	0.7090976121927115	0.8839046853977977	0.1160953146022023	0.5747853893162893
0	1	8.494012950168864e-05	2.999915059870498	0	2.831337650056289e-05	0	0.3333427713927236	0.3333427713927236	0.9999716866234994	2.831337650055499e-05	0.2702033561194198
0	1	0.897733153426149	2.000090568451758	0	0.3097956396203361	0	0.4999773589123447	0.4999773589123447	0.6902043603796639	0.3097956396203361	0.4052752060511253
2	0	0.9999999999999999	1.798925953014286	1	0.357279905501986	2	0	-2	1	0.127648930875508	-1.621174234500397
2	0	0.7987631339642982	2.201236866035702	1	0.2662543779880994	2.50387119154324	0	-2.50387119154324	0.9999999999999998	0.07089139379782994	-2.029605731118855
1	1	0.9999999999999999	2	0.5	0.3333333333333334	1	0.5000000000000001	-0.5000000000000001	0.888888888888889	0.5555555555555556	-0.4052935586250994
2	0	0.9999999999999999	2	1	0.3333333333333334	2	0	-2	1	0.111111111111111	-1.621174234500397
2	0	0.9210292743401336	2.078970725659866	1	0.3070097581133779	2.171483638707238	0	-2.171483638707238	0.9999999999999999	0.09425499157683492	-1.760176662855671
3	4	0.9990360177067783	2.000094155961604	0.4285714285714285	0.3331085881093345	3.002894737355219	1.99990584847086	-1.002988888884359	0.8270483594001609	0.4288373499444683	-0.8130098720747526
1	0	0.8221612028796285	2.075662518998278	1	0.2837167756866987	1.216306481621231	0	-1.216306481621231	1	0.2837167756866987	-0.9859223646300852
2	0	0.798763133964298	2.077724584868889	1	0.277686961336413	2.503871191543241	0	-2.503871191543241	0.9999999999999997	0.0771100484962508	-2.029605731118855
4	4	0.8349160165502333	2.108740053440657	0.5	0.2836323254818343	4.790901025623501	1.896867275543769	-2.894033750079732	0.9538409512566396	0.1654657573587908	-2.345866474701912
1	0	0.9999999999999999	1.999855784678122	1	0.333349358028322	1	0	-1	1	0.333349358028322	-0.8105871172501987
4	6	0.8447759124337247	2.095973071742215	0.4	0.2872655629499261	4.73498349222145	2.862632197374883	-1.872351294846567	0.8707056670889937	0.3167592562240226	-1.517703838569356
2	0	0.7987631339642981	2.077724584868889	1	0.2776869613364131	2.503871191543241	0	-2.503871191543241	1	0.07711004849625058	-2.029605731118855
1	1	0.9220312703165763	2.077968729683423	0.5	0.3073437567721921	1.084561914756593	0.4812391956217499	-0.6033227191348434	0.9055398151731554	0.52022732871754	-0.4890456236750639
3	0	0.9999999999999997	1.999999999999999	1	0.3333333333333333	3.000000000000001	0	-3.000000000000001	1	0.03703703703703698	-2.431761351750596
0	0	0.9999999999999999	2	0	0.3333333333333334	0	0	0	0	0	0
3	0	0.7987631339642982	2.201236866035701	1	0.2662543779880995	3.75580678731486	0	-3.75580678731486	1	0.0188751439603505	-3.044408596678282
3	0	0.9999999999999998	1.932477635851447	1	0.341008568240845	3.000000000000001	0	-3.000000000000001	0.9999999999999999	0.03965481004594507	-2.431761351750596
3	0	0.798763133964298	2.201236866035702	1	0.2662543779880994	3.755806787314861	0	-3.755806787314861	0.9999999999999999	0.01887514396035062	-3.044408596678283
6	0	0.9222754151311103	2.077724584868888	1	0.3074251383770369	6.505648856688913	0	-6.505648856688913	1	0.0008441823410164639	-5.273395152585516
3	0	0.9999999999999998	2	1	0.3333333333333334	3.000000000000001	0	-3.000000000000001	0.9999999999999999	0.0370370370370372	-2.431761351750596
2	2	0.7988111894537264	2.201188810546273	0.5	0.2662703964845756	2.503720561760929	0.9085999303729226	-1.595120631388007	0.9395661941446122	0.2894515348651856	-1.292984234263121
0	5	0.7988703835676022	2.200952970491298	0	0.2663058084692532	0	2.271743225337476	2.271743225337476	0.2126059450592098	0.7873940549407902	1.841445792158973
3	1	0.8227386074610974	2.075085114416809	0.75	0.2839160302435269	3.646358603807045	0.4819079434633429	-3.164450660343703	0.9935022999995531	0.07205086804968819	-2.565062938448489
2	0	0.9999999999999999	2	1	0.3333333333333334	2	0	-2	1	0.111111111111111	-1.621174234500397
3	0	0.7987631339642982	2.201236866035701	1	0.2662543779880995	3.75580678731486	0	-3.75580678731486	1	0.0188751439603505	-3.044408596678282
0	0	0.8220591137049083	1.379177752330793	0	0.3734532736521847	0	0	0	0	0	0
1	0	0.7987631339642983	2.201236866035702	1	0.2662543779880994	1.25193559577162	0	-1.25193559577162	1	0.2662543779880995	-1.014802865559427
1	3	0.997245496660966	2.002754503339033	0.25	0.3324151655536554	1.002762111584617	1.497936963815754	0.4951748522311372	0.594224887769264	0.8013786868021257	0.4013823560048306
1	0	0.7987631339642981	2.201236866035702	1	0.2662543779880994	1.25193559577162	0	-1.25193559577162	1	0.2662543779880995	-1.014802865559427
6	1	0.9398637366564114	2.058666275602087	0.8571428571428571	0.3134414972716929	6.383904140556746	0.4857513876101824	-5.898152752946563	0.9997027680760801	0.004854604655290196	-4.780966637112277
1	2	0.9223496660098188	2.077650333990181	0.3333333333333333	0.3074498886699397	1.084187523291578	0.9626258891018243	-0.121561634189754	0.7745473662166185	0.667835198053391	-0.09853629462609584
1	0	0.9999999999999998	2	1	0.3333333333333334	1	0	-1	1	0.3333333333333334	-0.8105871172501987
4	0	0.798763133964298	2	1	0.2853986192225181	5.007742383086481	0	-5.007742383086481	1	0.00663448888066176	-4.05921146223771
3	0	0.9999999999999998	1.999773040774111	1	0.333358552933039	3.000000000000001	0	-3.000000000000001	1	0.0370454442063165	-2.431761351750596
3	8	0.9999519139061946	2.000048086093805	0.2727272727272727	0.3333173046353983	3.000144265218567	3.999903830124607	0.9997595649060407	0.4726025545115956	0.7658549466667901	0.8103922236605002
7	0	0.7987631339642981	2.077724584868889	1	0.2776869613364131	8.76354917040134	0	-8.76354917040134	1	0.0001273175922487102	-7.103620058915991
2	0	0.9999999999999999	2	1	0.3333333333333334	2	0	-2	1	0.111111111111111	-1.621174234500397
3	0	0.8979257634326463	2.000142305638174	1	0.3098359810853372	3.341033437476406	0	-3.341033437476406	1	0.02974373836154032	-2.708198662720521
1	0	0.7987631339642981	2	1	0.2853986192225181	1.25193559577162	0	-1.25193559577162	1	0.2853986192225181	-1.014802865559427
7	4	0.999739787481447	2.000260212518552	0.6363636363636364	0.3332465958271491	7.001821961727121	1.999739821332321	-5.002082140394799	0.9911923198167564	0.03857467272661519	-4.054623342431324
4	1	0.8646656450570203	2.033404000134534	0.8	0.2983591669343296	4.626065604510308	0.4917861870704681	-4.13427941743984	0.9976357307742507	0.03016411607127112	-3.35119363488939
1	3	0.8165565153868237	1.583512624420045	0.25	0.3402220802074607	1.22465497630164	1.894522313075172	0.6698673367735322	0.5803472323444928	0.8105078998124547	0.5429858334553254
4	4	0.7987631339642984	2.201236866035702	0.5	0.2662543779880994	5.007742383086478	1.817160189218421	-3.190582193868058	0.9644461053756895	0.1375226602917222	-2.586244822877323
4	0	0.9999999999999997	1.999999999999999	1	0.3333333333333333	4.000000000000002	0	-4.000000000000002	1	0.01234567901234551	-3.242348469000796
7	0	1.798244895842757	1.201281915566656	1	0.5995095256367455	3.892684481509073	0	-3.892684481509073	1	0.02783380729517326	-3.155359892231024
2	0	0.8221306564105459	2.075693065467361	1	0.2837062345109702	2.432703347582338	0	-2.432703347582338	0.9999999999999998	0.08048922750039378	-1.971917993641675
1	0	1.663588982071316	1.212987317974388	1	0.5783225642389129	0.6011100162222229	0	-0.6011100162222229	1	0.5783225642389129	-0.4872520351997918
1	0	0.9999999999999999	2	1	0.3333333333333334	1	0	-1	1	0.3333333333333334	-0.8105871172501987
1	0	0.9999999999999999	2	1	0.3333333333333334	1	0	-1	1	0.3333333333333334	-0.8105871172501987
4	0	1	1.947102541789765	1	0.3393163236840424	4	0	-4	0.9999999999999998	0.01325619890779661	-3.242348469000794
0	0	0	3	0	0	0	0	0	0	0	0
4	0	1.096097002929497	1.193957206430986	1	0.4786336491290271	3.649312049307089	0	-3.649312049307089	1	0.05248230602662729	-2.958085333994247
3	0	0.7987631339642981	2.201236866035701	1	0.2662543779880994	3.755806787314861	0	-3.755806787314861	0.9999999999999999	0.01887514396035073	-3.044408596678283
4	2	0.9974445481092208	2.002555451890779	0.6666666666666666	0.332481516036407	4.010247995823421	0.9987239045548697	-3.011524091268551	0.9823767390435306	0.09929802261934784	-2.441102631670899
2	0	1	2	1	0.3333333333333333	2	0	-2	1	0.1111111111111109	-1.621174234500397
1	0	0.8647187132621442	2.067645703534331	1	0.2948878755686256	1.1564454251574	0	-1.1564454251574	1	0.2948878755686255	-0.9373997634355169
2	4	0.8236537647199482	2.074169957157959	0.3333333333333333	0.284231838707631	2.428204769609744	1.928482276100858	-0.499722493508886	0.7729404006469982	0.5451321658340519	-0.405068615438449
1	0	0.8220794950636353	1.379157370972066	1	0.3734625327006049	1.216427372297605	0	-1.216427372297605	1	0.3734625327006049	-0.9860203570549497
3	0	0.9999999999999998	2	1	0.3333333333333334	3.000000000000001	0	-3.000000000000001	0.9999999999999999	0.0370370370370372	-2.431761351750596
0	2	0.8977150140773686	2.000108707800539	0	0.3097893799749878	0	0.9999456490539166	0.9999456490539166	0.4763906999953118	0.5236093000046882	0.8105430610734929
3	0	0.9999999999999997	1.99991911529497	1	0.3333423207650963	3.000000000000001	0	-3.000000000000001	1	0.03704003292839919	-2.431761351750596
0	1	0.1789248938984329	2.821075106101567	0	0.05964163129947764	0	0.3544747879406502	0.3544747879406502	0.9403583687005224	0.05964163129947764	0.2873326964946871
1	0	0.7987631339642981	2.201236866035701	1	0.2662543779880994	1.25193559577162	0	-1.25193559577162	1	0.2662543779880995	-1.014802865559427
10	0	1	2	1	0.3333333333333333	10	0	-10	1.000000000000001	1.693508780764574e-05	-8.105871172501985
0	0	0.9999999999999999	2	0	0.3333333333333334	0	0	0	0	0	0
1	0	0.3463666382954735	2.653633361704526	1	0.1154555460984912	2.887114085008771	0	-2.887114085008771	1	0.1154555460984912	-2.340257483339705
9	0	1	2	1	0.3333333333333333	9	0	-9	1.000000000000001	5.080526342449154e-05	-7.295284055251787
4	0	0.9999999999999998	2	1	0.3333333333333334	4.000000000000001	0	-4.000000000000001	1	0.01234567901234573	-3.242348469000795
0	0	0.7987631339642981	2.201236866035701	0	0.2662543779880994	0	0	0	0	0	0
2	0	0.1791877709831164	2.820812229016883	1	0.05972925699437214	11.16147597030182	0	-11.16147597030182	0.9999999999999999	0.003567584141099811	-9.047348631024319
0	0	0.8220591137049083	2.110305303091566	0	0.2803400249287518	0	0	0	0	0	0
1	0	0.798763133964298	2.201236866035701	1	0.2662543779880994	1.25193559577162	0	-1.25193559577162	1	0.2662543779880995	-1.014802865559427
1	0	0.9999999999999998	2	1	0.3333333333333334	1	0	-1	1	0.3333333333333334	-0.8105871172501987
0	0	0	1.2705423328141	0	0	0	0	0	0	0	0
6	1	0.863760279678735	2.068620302279829	0.8571428571428571	0.2945594050762065	6.946371743594908	0.4834139928424267	-6.462957750752482	0.9998075977005534	0.00341789342867449	-5.238790292092282
4	0	0.9999999999999998	1.93273635066901	1	0.3409784857653099	4.000000000000001	0	-4.000000000000001	0.9999999999999999	0.01351785896958757	-3.242348469000795
0	1	0.000794509696035564	2.999146498913035	0	0.0002648417731400459	0	0.3334281937752707	0.3334281937752707	0.99973515822686	0.0002648417731400121	0.2702725984022373
0.5	18.5	0.9109578549829143	2.08366716340292	0.02631578947368421	0.3041976372300328	0.5488728125730667	8.878577310680903	8.329704498107837	0.00523983611347436	0.9989832080851525	6.751951156667244
0	0	0.7987631339642981	2.201236866035701	0	0.2662543779880994	0	0	0	0	0	0
0	0	0.9999999999999999	2	0	0.3333333333333334	0	0	0	0	0	0
0	0	0	1.2705423328141	0	0	0	0	0	0	0	0
7	0	0.7987631339642981	2	1	0.2853986192225181	8.76354917040134	0	-8.76354917040134	1	0.0001542279455571949	-7.103620058915991
2	0	0.9999999999999999	2	1	0.3333333333333334	2	0	-2	1	0.111111111111111	-1.621174234500397
0	0	0.7987631339642981	2.201236866035701	0	0.2662543779880994	0	0	0	0	0	0
5	1	0.9399869131414686	2.058838034545962	0.8333333333333334	0.3134517451131476	5.319222991402963	0.485710863710817	-4.833512127692146	0.999051528790763	0.01341299751028602	-3.917982661779851
2	0	0.798763133964298	2.201236866035702	1	0.2662543779880994	2.503871191543241	0	-2.503871191543241	1	0.0708913937978296	-2.029605731118855
1	0	0.8220794974247766	1.379157368610925	1	0.3734625337732479	1.216427368803835	0	-1.216427368803835	1	0.3734625337732479	-0.9860203542229447
5	0	0.7987631339642982	2.201236866035702	1	0.2662543779880994	6.2596779788581	0	-6.2596779788581	0.9999999999999998	0.001338085263484112	-5.074014327797137
1	1	0.9999519127880575	2.000048087211942	0.5	0.3333173042626859	1.000048089524434	0.499987978486055	-0.5000601110383787	0.888899574679056	0.5555341832044278	-0.4053422838584135
9	0	0.8643103665701627	2.068054050226312	1	0.2947486204713933	10.41292612943501	0	-10.41292612943501	0.9999999999999998	1.67905928266654e-05	-8.440583773397993
2	0	1	1.933966510697646	1	0.3408355195445695	2	0	-2	1	0.1161688513832166	-1.621174234500397
3	4	0.8200412872499886	2.102504292248891	0.4285714285714285	0.2805914450068555	3.658352386207908	1.902493143413039	-1.755859242794869	0.8977239980417341	0.3093824942935957	-1.423276881914209
0	0	0.9999999999999999	1.932364416796475	0	0.3410217346357216	0	0	0	0	0	0
3	0	0.8227735109960279	1.378463355039673	1	0.3737778172313618	3.646203918704528	0	-3.646203918704528	1	0.05222044526592862	-2.955565923369081
0	0	0.9999999999999999	2	0	0.3333333333333334	0	0	0	0	0	0
2	0	1	2	1	0.3333333333333333	2	0	-2	1	0.1111111111111109	-1.621174234500397
3	0	0.7987631339642981	2.201236866035702	1	0.2662543779880994	3.755806787314861	0	-3.755806787314861	0.9999999999999999	0.01887514396035073	-3.044408596678283
2	0	1.002862548469223	1.997137451530778	1	0.3342875161564076	1.994291244650442	0	-1.994291244650442	0.9999999999999999	0.1117481434580205	-1.616546790958512
1	0	0.8220692948823326	2.075754426995574	1	0.2836850594726992	1.216442465647784	0	-1.216442465647784	1	0.2836850594726992	-0.986032591530161
1	0	0.7987631339642982	2.201236866035702	1	0.2662543779880994	1.25193559577162	0	-1.25193559577162	1	0.2662543779880995	-1.014802865559427
1	0	0.9999999999999998	2	1	0.3333333333333334	1	0	-1	1	0.3333333333333334	-0.8105871172501987
1	0	0.8220692953389986	1.379167570696703	1	0.3734578990672173	1.216442464972041	0	-1.216442464972041	1	0.3734578990672173	-0.986032590982412
1	0	0.9999999999999999	2	1	0.3333333333333334	1	0	-1	1	0.3333333333333334	-0.8105871172501987
2	0	0.9999999999999999	2	1	0.3333333333333334	2	0	-2	1	0.111111111111111	-1.621174234500397
7	2	0.9206073091348645	2.079392690865136	0.7777777777777778	0.3068691030449548	7.60367632381521	0.9618192892502165	-6.641857034564993	0.9994853190515696	0.004946736190873935	-5.383803746835991
4	2	0.7987631339642982	2.201236866035702	0.6666666666666666	0.2662543779880994	5.00774238308648	0.9085800946092106	-4.099162288477269	0.9937528437167156	0.04683250999061017	-3.322728142557517
1	0	0.8221411725057669	1.379095693529935	1	0.3734905521487085	1.216336115307478	0	-1.216336115307478	1	0.3734905521487085	-0.9859463853143939
3	0	0.9204939333509015	2.079506066649098	1	0.3068313111169673	3.25911979569383	0	-3.25911979569383	1	0.02888677292750885	-2.641800519964518
2	0	0.798763133964298	2.201236866035701	1	0.2662543779880994	2.503871191543241	0	-2.503871191543241	0.9999999999999998	0.07089139379782994	-2.029605731118855
8	0	0.9999999999999998	1.997751740532045	1	0.3335833272913115	8.000000000000002	0	-8.000000000000002	0.9999999999999992	0.0001533326669532764	-6.48469693800159
2	0	0.8646778068307812	2.033145915047126	1	0.298388683998499	2.313000269233697	0	-2.313000269233697	0.9999999999999998	0.08903580673835632	-1.874888220437076
1	0	1.798763133964298	1.201236866035702	1	0.5995877113214327	0.5559375668302129	0	-0.5559375668302129	1	0.5995877113214327	-0.4506358296679919
3	0	0.7987631339642981	2.201236866035701	1	0.2662543779880994	3.755806787314861	0	-3.755806787314861	0.9999999999999999	0.01887514396035073	-3.044408596678283
12	2	1.036702221703001	1.526072974254682	0.8571428571428571	0.4045232774760004	11.57516570215069	1.310553318052682	-10.26461238409801	0.9999321051783197	0.0006874688126414785	-8.320362562116692
5	0	1.663605891448241	1.212883739326731	1	0.5783458677026551	3.005519531820895	0	-3.005519531820895	1	0.06470505108417335	-2.436235413137866
2	1	0.921975533654337	2.078024466345662	0.6666666666666666	0.3073251778847791	2.169254960674294	0.4812262878495187	-1.688028672824775	0.970973516507083	0.2252933278998993	-1.368294295740713
6	0	0.9999999999999998	1.999254870145826	1	0.3334161461081095	6.000000000000002	0	-6.000000000000002	0.9999999999999994	0.001373788142767007	-4.863522703501193
0	1	0.8221862034557761	2.075637518422131	0	0.2837254030493498	0	0.4817796899143476	0.4817796899143476	0.7162745969506501	0.2837254030493499	0.3905244099973656
2	0	0.9999999999999999	2	1	0.3333333333333334	2	0	-2	1	0.111111111111111	-1.621174234500397
3	0	0.798763133964298	2.201236866035701	1	0.2662543779880994	3.755806787314861	0	-3.755806787314861	0.9999999999999999	0.01887514396035073	-3.044408596678283
3	0	0.8645859130821879	2.067778503714287	1	0.294842587820897	3.469869164656189	0	-3.469869164656189	1	0.02563130054049589	-2.812631243414015
0	0	0.8220591137049083	2.075764608172999	0	0.2836815460852742	0	0	0	0	0	0
2	1	0.7988592735478256	2.201140726452173	0.6666666666666666	0.266286424515942	2.50356986045586	0.4543098894053052	-2.049259971050555	0.9811180397502273	0.1749614591449082	-1.661103732430095
4	0	0.798763133964298	2.201236866035701	1	0.2662543779880994	5.007742383086481	0	-5.007742383086481	0.9999999999999999	0.005025589714599099	-4.05921146223771
2	0	0.8646265447310088	1.336610321304693	1	0.3927912339066674	2.313137402717856	0	-2.313137402717856	0.9999999999999999	0.1542849534339225	-1.874999379072679
0	0	0.9222754151311104	2.077724584868889	0	0.3074251383770369	0	0	0	0	0	0
3	0	0.8223551888341808	2.110009227962293	1	0.2804409929829188	3.6480586986421	0	-3.6480586986421	1	0.02205588499418576	-2.957069384091811
3	0	0.8222939161699927	2.075529805707914	1	0.283762573258636	3.648330531220676	0	-3.648330531220676	1	0.02284890234134329	-2.957289728078054
1	0	0.8221101680523898	2.110254248744085	1	0.2803574355708906	1.216381987305957	0	-1.216381987305957	1	0.2803574355708907	-0.985983568565403
1	0	0.798763133964298	2.201236866035701	1	0.2662543779880994	1.25193559577162	0	-1.25193559577162	1	0.2662543779880995	-1.014802865559427
2	2	1.000744402370292	1.798333555417706	0.5	0.3575264488743077	1.998512302704808	1.112140733833692	-0.8863715688711158	0.8662143113700432	0.4503617767596638	-0.7184813748237736
3	0	0.8221202482549623	2.110244168541512	1	0.2803608731390574	3.649101218912707	0	-3.649101218912707	1	0.02203698680201749	-2.957914437592637
5	3	0.9995699336977504	2.000430066302251	0.625	0.3331899778992499	5.00215125669426	1.499677519617284	-3.502473737076976	0.9803823740384703	0.08779716038988661	-2.839060089781756
3	0	0.8221713569590399	2.110193059837434	1	0.2803783023179769	3.648874379540637	0	-3.648874379540637	1	0.02204109697394863	-2.957730564519952
5	0	1	1.982856333489713	1	0.3352491331119783	4.999999999999998	0	-4.999999999999998	0.9999999999999999	0.00423485278456126	-4.052935586250991
2	2	0.8983476453800214	2.002214001200107	0.5	0.3097150672316196	2.226309614418764	0.9988942234952011	-1.227415390923563	0.9087681917120241	0.365473011480312	-0.9949271033972564
4	4	0.9231867190804874	2.076813280919511	0.5	0.3077289063601626	4.332817963395401	1.926027744886625	-2.406790218508776	0.9358077947956372	0.208362572285965	-1.950913145047004
8	0	0.8639529911103914	1.33728387492531	1	0.3924852452004949	9.259763068495243	0	-9.259763068495243	0.9999999999999993	0.0005631014928970668	-7.505844652111412
2	1	0.7987631339642981	2.201236866035701	0.6666666666666666	0.2662543779880994	2.503871191543241	0.4542900473046054	-2.049581144238635	0.9811248560396493	0.1749238934727881	-1.661364071278759
2	2	0.9998698898515348	2.000130110148466	0.5	0.3332899632838449	2.000260254158638	0.9999349491576545	-1.000325305000983	0.8889274362820676	0.4073303050975319	-0.8108508052931727
1	0	0.864698223669925	2.067666193126549	1	0.294880888172345	1.156472827891136	0	-1.156472827891136	1	0.294880888172345	-0.9374219757384608
1	1	0.8223052277964239	2.075518494081483	0.5	0.2837664767488124	1.216093448268296	0.4818073184370966	-0.7342861298311998	0.9194765866735657	0.4870095401711905	-0.5952028772166773
2	0	0.7987631339642982	2	1	0.2853986192225181	2.50387119154324	0	-2.50387119154324	1	0.0814523718541198	-2.029605731118855
2	3	0.9998328108023027	2.000167189197696	0.4	0.3332776036007676	2.000334434309198	1.499874618582937	-0.5004598157262614	0.7902060124545256	0.5389845621829891	-0.4056662793291158
6	0	0.8643413065162215	2.068023110280253	1	0.2947591716654678	6.941702259010798	0	-6.941702259010798	1	0.0006558491565640256	-5.626854422940754
1	0	0.7987631339642981	2.201236866035701	1	0.2662543779880994	1.25193559577162	0	-1.25193559577162	1	0.2662543779880995	-1.014802865559427
4	1	1	2.000000000000001	0.8	0.3333333333333333	3.999999999999998	0.4999999999999998	-3.499999999999998	0.9958847736625519	0.04526748971193373	-2.837054910375694
1	0	0.8220897045044691	2.075734017373438	1	0.2836921025588546	1.216412265621025	0	-1.216412265621025	1	0.2836921025588546	-0.9860081117775292
1	2	0.1800489956177751	2.819951004382225	0.3333333333333333	0.0600163318725917	5.554043756638852	0.7092321805917851	-4.844811576047067	0.9896264725901563	0.1694592917756916	-3.927141849048383
5	0	0.7987631339642981	2.201236866035702	1	0.2662543779880994	6.259677978858101	0	-6.259677978858101	0.9999999999999998	0.001338085263484112	-5.074014327797138
4	0	1.000763626827269	1.999236373172731	1	0.3335878756090897	3.996947823414847	0	-3.996947823414847	0.9999999999999997	0.01238343219563198	-3.239874413981296
0	1	0.0007172384395671493	1.271065527893043	0	0.0005639630120444403	0	0.786741499989879	0.786741499989879	0.9994360369879556	0.0005639630120444217	0.6377225244978931
2	0	0.9999999999999997	1.799061135401603	1	0.3572626504481554	2.000000000000001	0	-2.000000000000001	1	0.1276366014052408	-1.621174234500398
2	0	0.7987631339642981	2	1	0.2853986192225181	2.503871191543241	0	-2.503871191543241	1	0.0814523718541198	-2.029605731118855
6	0	0.798763133964298	2.201236866035701	1	0.2662543779880994	7.511613574629722	0	-7.511613574629722	0.9999999999999994	0.0003562710595245155	-6.088817193356566
12	0	1	2	1	0.3333333333333333	12	0	-12	0.9999999999999999	1.881676423232115e-06	-9.727045407002382
2	0	0.8646472061316601	2.067717210664815	1	0.294863490082949	2.313082128545569	0	-2.313082128545569	1	0.08694447778389724	-1.874954574540706
2	2	1.001002383326977	1.998997616673023	0.5	0.3336674611089922	1.997997240878398	1.000501442982531	-0.9974957978958674	0.8885916631389327	0.4080014121927398	-0.8085572432855979
1	2	1.000138857674285	1.999861142325715	0.3333333333333333	0.3333796192247616	0.999861161604492	1.000069433657841	0.0002082720533486127	0.7406790240766509	0.7037654139409397	0.0001688226433276315
4	0	0.9999999999999998	2	1	0.3333333333333334	4.000000000000001	0	-4.000000000000001	1	0.01234567901234573	-3.242348469000795
7	2	0.9999999999999998	2	0.7777777777777778	0.3333333333333334	7.000000000000002	1	-6.000000000000002	0.9990346999949192	0.008281257938322684	-4.863522703501193
3	1	1.793769046175458	1.206171960574635	0.75	0.5979347734303249	1.672456109328221	0.8290691814155483	-0.8433869279126726	0.87217516413117	0.471634387536066	-0.6836385786232343
8	0	0.8637717768163167	2.068592639980158	1	0.2945649496592798	9.26170571292146	0	-9.26170571292146	1.000000000000001	5.668244174616976e-05	-7.507419334656701
3	0	0.7987631339642981	2.201236866035702	1	0.2662543779880994	3.755806787314861	0	-3.755806787314861	0.9999999999999999	0.01887514396035062	-3.044408596678283
0	0	0.8220591137049083	1.379177752330793	0	0.3734532736521847	0	0	0	0	0	0
4	0	0.7987631339642983	2.201236866035702	1	0.2662543779880994	5.007742383086479	0	-5.007742383086479	0.9999999999999999	0.005025589714599099	-4.059211462237709
0	0	0.9999999999999999	2	0	0.3333333333333334	0	0	0	0	0	0
1	0	0.9222754151311104	2.077724584868889	1	0.3074251383770369	1.084274809448152	0	-1.084274809448152	1	0.3074251383770369	-0.8788991920975859
0	0	0.7987631339642981	2.201236866035701	0	0.2662543779880994	0	0	0	0	0	0
3	0	1.798763133964298	1.201236866035702	1	0.5995877113214327	1.667812700490639	0	-1.667812700490639	1	0.2155550341245838	-1.351907489003976
2	0	1	2	1	0.3333333333333333	2	0	-2	1	0.1111111111111109	-1.621174234500397
7	0	0.7987631339642981	2.201236866035701	1	0.2662543779880994	8.76354917040134	0	-8.76354917040134	0.9999999999999994	9.485872934922313e-05	-7.103620058915991
2	1	0.9999999999999997	1.799503605361457	0.6666666666666666	0.3572061840123564	2.000000000000001	0.5557088060399497	-1.444291193960051	0.9544218276224741	0.2916324289349568	-1.170723835381925
1	0	0.822069306885338	2.110295109911136	1	0.2803435010248234	1.21644244788655	0	-1.21644244788655	1	0.2803435010248234	-0.9860325771331335
0	0	0	3	0	0	0	0	0	0	0	0
1	3	0.7987631339642981	2.201236866035702	0.25	0.2662543779880994	1.25193559577162	1.362870141913816	0.1109345461421956	0.7105760197520291	0.7101441352922226	0.08992211396086143
5	1	0.8222512849936091	2.075670280883096	0.8333333333333334	0.2837382814896352	6.080866143053655	0.4817720854848627	-5.599094057568792	0.9994781957594518	0.008425180551254297	-4.538553511337405
7	0	1.796758540268084	1.201411121849806	1	0.5992851448569673	3.895904676738351	0	-3.895904676738351	1.000000000000001	0.02776096684583074	-3.157970140998906
1	0	0.7987631339642981	2.201236866035702	1	0.2662543779880994	1.25193559577162	0	-1.25193559577162	1	0.2662543779880995	-1.014802865559427
1	0	0.8221610752097848	2.110203341586689	1	0.2803747960180109	1.216306670496213	0	-1.216306670496213	1	0.280374796018011	-0.9859225177297125
1	2	0.8254550438575625	2.072417525893715	0.3333333333333333	0.2848486342960245	1.211453013027511	0.9650564980324194	-0.2463965149950911	0.8028082877150959	0.6342419300551563	-0.1997258407903662
1	0	0.9999999999999999	2	1	0.3333333333333334	1	0	-1	1	0.3333333333333334	-0.8105871172501987
3	3	0.8648162699627726	2.03294286103142	0.5	0.2984431178950552	3.468944912575639	1.475693221637297	-1.993251690938342	0.9307589881464169	0.2528117140140709	-1.615704142111794
5	1	0.8640638281796511	2.033784294950734	0.8333333333333334	0.2981742974322101	5.78660955005332	0.4916942285780724	-5.294915321475247	0.9992972170320301	0.01062780644240136	-4.291990146518529
1	1	0.8223843780780798	1.379043467141904	0.5	0.3735686272269808	1.2159764055064	0.7251403047305829	-0.4908361007758173	0.860446480751749	0.6075837352057107	-0.3978654199701977
8	0	1.798218408426595	1.201633653291218	1	0.5994356959712461	4.448847794300937	0	-4.448847794300937	0.9999999999999997	0.01667020000691377	-3.606178708667301
8	1	0.939448944086653	2.05810678712287	0.8888888888888888	0.313404996712966	8.515630413292683	0.485883437271955	-8.029746976020729	0.999970828870415	0.0006043335175948128	-6.508809453541142
1	0	0.8220896268159702	2.110274789980504	1	0.2803504305628153	1.216412380573507	0	-1.216412380573507	1	0.2803504305628153	-0.9860082049565303
1	0	0.7987631339642982	2.201236866035702	1	0.2662543779880994	1.25193559577162	0	-1.25193559577162	1	0.2662543779880995	-1.014802865559427
0	0	0.9999999999999999	2	0	0.3333333333333334	0	0	0	0	0	0
1	0	0.8646062553094663	2.067758161487008	1	0.2948495249625299	1.156595842164099	0	-1.156595842164099	1	0.2948495249625298	-0.9375216895233625
0	0	0.7987631339642981	2.201236866035701	0	0.2662543779880994	0	0	0	0	0	0
0	4	0.009420050350277197	2.990579949649722	0	0.003140016783425733	0	1.337533210061316	1.337533210061316	0.9874989673573505	0.01250103264264946	1.084187188970006
5	0	1	1.984004814263885	1	0.335120102762531	4.999999999999998	0	-4.999999999999998	0.9999999999999996	0.004226709525893213	-4.052935586250991
1	0	0.7987631339642981	2.201236866035701	1	0.2662543779880994	1.25193559577162	0	-1.25193559577162	1	0.2662543779880995	-1.014802865559427
4	0	0.9999999999999998	2	1	0.3333333333333334	4.000000000000001	0	-4.000000000000001	1	0.01234567901234573	-3.242348469000795
2	0	0.7987631339642981	2.077724584868889	1	0.2776869613364131	2.503871191543241	0	-2.503871191543241	1	0.07711004849625058	-2.029605731118855
1	0	0.7987631339642982	2.201236866035701	1	0.2662543779880995	1.25193559577162	0	-1.25193559577162	1	0.2662543779880995	-1.014802865559427
1	2	0.8227977781010678	2.075392208763827	0.3333333333333333	0.2839005661568536	1.215365459916405	0.9636732717577594	-0.2516921881586451	0.8039659108367707	0.6327853566926733	-0.2040184452339107
1	0	0.1822258787099983	2.817774121290001	1	0.06074195956999947	5.487694761463824	0	-5.487694761463824	1	0.0607419595699995	-4.448254677043977
2	0	0.7987631339642981	2	1	0.2853986192225181	2.503871191543241	0	-2.503871191543241	1	0.0814523718541198	-2.029605731118855
2	0	0.7987631339642981	2.201236866035701	1	0.2662543779880994	2.503871191543241	0	-2.503871191543241	0.9999999999999998	0.07089139379782994	-2.029605731118855
1	1	0.822041441296107	2.075904488988323	0.5	0.2836634847826249	1.216483682894754	0.481717730899721	-0.734765951995033	0.9195350274009775	0.4868619969662273	-0.5955918148812516
0	0	0.7987631339642981	2.077724584868889	0	0.2776869613364131	0	0	0	0	0	0
5	2	0.798763133964298	2.2012368660357	0.7142857142857143	0.2662543779880995	6.259677978858102	0.9085800946092112	-5.351097884248891	0.9980752549594245	0.01705318439005499	-4.337531008116946
1	0	0.7987631339642981	2.201236866035701	1	0.2662543779880994	1.25193559577162	0	-1.25193559577162	1	0.2662543779880995	-1.014802865559427
3	2	0.9999999999999998	2	0.6	0.3333333333333334	3.000000000000001	1	-2.000000000000001	0.9547325102880658	0.2098765432098766	-1.621174234500398
1	0	0.7987631339642982	2.077724584868889	1	0.277686961336413	1.25193559577162	0	-1.25193559577162	1	0.277686961336413	-1.014802865559427
0	1	0.1782853639986605	2.821666592125148	0	0.05942940640590136	0	0.3544004818963557	0.3544004818963557	0.9405705935940987	0.05942940640590133	0.2872724649724481
6	3	0.9994887403630278	1.934930103112658	0.6666666666666666	0.3406087520822961	6.00306912694256	1.550443602677947	-4.452625524264612	0.9905383303277819	0.04706650059267536	-3.609240887908306
2	0	0.9999999999999998	1.799005305441034	1	0.3572697765367157	2	0	-2	1	0.1276416932265947	-1.621174234500397
2	0	0.7182862052589808	2.28171379474102	1	0.2394287350863269	2.784405415775586	0	-2.784405415775586	0.9999999999999999	0.0573261191850386	-2.257003159229372
1	1	0.8978568343595839	2.000089485539372	0.5	0.3098252124942362	1.113763310286848	0.4999776296160699	-0.6137856806707778	0.9040083377029012	0.5236587626913738	-0.4975267655043767
1	0	0.7987631339642982	2.201236866035702	1	0.2662543779880994	1.25193559577162	0	-1.25193559577162	1	0.2662543779880995	-1.014802865559427
4	1	0.9985100385177322	1.934097164569107	0.8	0.3404854347580911	4.005968739120458	0.5170371056424083	-3.48893163347805	0.9954239296518657	0.04889492716370492	-2.828083035063999
3	0	0.9999999999999999	2	1	0.3333333333333334	3	0	-3	0.9999999999999999	0.0370370370370372	-2.431761351750596
0	0	0.7987631339642981	2	0	0.2853986192225181	0	0	0	0	0	0
4	3	0.7987631339642982	2.201236866035702	0.5714285714285714	0.2662543779880994	5.00774238308648	1.362870141913816	-3.644872241172664	0.9829468156099447	0.08653827745801634	-2.95448648271742
3	1	0.7990040632502151	2.200995936749784	0.75	0.2663346877500718	3.754674272614461	0.4543397756002686	-3.300334497014192	0.9949683441082231	0.0604739480266816	-2.675208625896118
3	11	0.7987742627413339	2.199749851239764	0.2142857142857143	0.2663891409166667	3.755754460220367	5.000568584559956	1.24481412433959	0.4643889538677365	0.7635267233082887	1.009030292560758
6	2	0.9994110749794156	2.000588925020587	0.75	0.3331370249931382	6.003535632345859	0.9997056241723518	-5.003830008173507	0.9974189685824275	0.01960138824708191	-4.056040141535401
0	0	0.7987631339642981	2	0	0.2853986192225181	0	0	0	0	0	0
4	0	0.9204135690392312	2.031503465669115	1	0.3118019775681702	4.345872480101938	0	-4.345872480101938	1	0.009451820412230361	-3.5227082455828
2	1	0.7987631339642981	2.201236866035701	0.6666666666666666	0.2662543779880995	2.503871191543241	0.4542900473046055	-2.049581144238635	0.9811248560396495	0.174923893472788	-1.661364071278759
3	0	0.8223039787173355	2.110060438079139	1	0.2804235292200413	3.648285886539825	0	-3.648285886539825	1	0.02205176482520532	-2.957253539674902
3	0	0.9999999999999998	2	1	0.3333333333333334	3.000000000000001	0	-3.000000000000001	0.9999999999999999	0.0370370370370372	-2.431761351750596
9	1	1.62146521177237	1.180085656477799	0.9	0.5787741461875104	5.550535364346421	0.8473961144352009	-4.703139249911221	0.9957821490397698	0.03491493519732169	-3.812304086611797
5	1	0.7987631339642981	2.201236866035701	0.8333333333333334	0.2662543779880994	6.259677978858101	0.4542900473046054	-5.805387931553496	0.9996437289404755	0.006247156283284427	-4.705772667957041
2	1	0.7990417122210904	2.199736442217497	0.6666666666666666	0.2664557600029209	2.502998240780966	0.4545999151570749	-2.048398325623891	0.981081994882721	0.1751600058816445	-1.660405293747603
7	0	1.123216655401406	1.776128543867295	1	0.3874035612195174	6.23210131931172	0	-6.23210131931172	1	0.001309619884934166	-5.051661042832047
6	0	0.7987631339642982	2.201236866035702	1	0.2662543779880994	7.51161357462972	0	-7.51161357462972	0.9999999999999994	0.0003562710595245155	-6.088817193356564
5	3	0.8643944378349896	1.338130313702704	0.625	0.3924561743206346	5.784396313936584	2.24193411454732	-3.542462199389264	0.9547052080782078	0.1622115304365704	-2.871474222170742
1	0	0.9219199327952931	2.078080067204707	1	0.3073066442650977	1.084692894065069	0	-1.084692894065069	1	0.3073066442650978	-0.879238086101979
15	3	0.8620655513350087	2.035904622693224	0.8333333333333334	0.2974721959048742	17.40006891212711	1.47354643560434	-15.92652247652277	0.9999997016280445	3.874198143516416e-06	-12.90983394206508
8	1	0.9999756053819878	1.943180185832249	0.8888888888888888	0.3397630558215999	8.000195161704992	0.5146203153423508	-7.485574846362642	0.9999396627675153	0.0011155780063834	-6.067710535673692
0	6	0.9987361132525329	2.001263886747466	0	0.3329120377508444	0	2.998105367179458	2.998105367179458	0.08812489706039568	0.9118751029396043	2.430225586794345
1	0	0.8646880134943166	2.067676403302158	1	0.2948774062805482	1.156486483441432	0	-1.156486483441432	1	0.2948774062805481	-0.9374330447516102
6	2	1.782518423345897	1.216183205026717	0.75	0.5944300714950637	3.366024115889715	1.644489080044534	-1.72153503584518	0.8993248404850405	0.3038613342426537	-1.395454121950962
4	2	0.8646883726530811	2.033453065304491	0.6666666666666666	0.298359618108376	4.625944012323186	0.9835486415323375	-3.642395370790848	0.9893413163728988	0.06917548542249563	-2.952478763494822
3	1	0.9999999999999999	1.800533565019615	0.75	0.3570748133465045	3	0.5553909237949174	-2.444609076205083	0.9837431323008901	0.133341011516434	-1.981568623884749
4	1	0.9999353750470891	1.992466213868256	0.8	0.3341581486760056	4.000258516518262	0.5018905681008056	-3.498367948417456	0.995833606540467	0.04567606702923865	-2.835731990388197
0	0	0.7987631339642981	2	0	0.2853986192225181	0	0	0	0	0	0
2	0	0.8221918638058625	2.075631858072045	1	0.2837273563600511	2.43252224698765	0	-2.43252224698765	1	0.08050121274706346	-1.971771195832694
3	1	0.7987631339642981	2.201236866035702	0.75	0.2662543779880994	3.755806787314861	0.4542900473046053	-3.301516740010255	0.9949744102854009	0.0604238066976055	-2.676166936838186
0	2	0.002850739172323748	1.272671020154111	0	0.002234959263908708	0	1.571498029206177	1.571498029206177	0.9955350765150939	0.004464923484906125	1.273836057258603
1	5	0.9224999741305897	2.07750002586941	0.1666666666666667	0.3074999913768633	1.084010870507016	2.40673883886358	1.322727968356564	0.404114989127671	0.8897144282913542	1.072186250776359
4	1	1.796185720812543	1.20309223924737	0.8	0.5988727102761301	2.226941208613169	0.8311914642767368	-1.395749744336432	0.9229677440039852	0.3350147916733334	-1.13137676166437
0	1	0.002401175388232177	1.272293888611304	0	0.001883725336393905	0	0.7859819252071467	0.7859819252071467	0.9981162746636061	0.001883725336393915	0.6371068229644222
0	0	0.9222754151311104	2.077724584868889	0	0.3074251383770369	0	0	0	0	0	0
0	0	0.9999999999999999	2	0	0.3333333333333334	0	0	0	0	0	0
0	0	0.7987631339642981	2.201236866035701	0	0.2662543779880994	0	0	0	0	0	0
0	1	0.9999999999999998	2	0	0.3333333333333334	0	0.5000000000000001	0.5000000000000001	0.6666666666666666	0.3333333333333334	0.4052935586250994
0	6	0.1806688887698578	2.819331111230141	0	0.06022296292328595	0	2.128164363561418	2.128164363561418	0.6888885627487664	0.3111114372512336	1.725062616493854
1	0	0.9999999999999999	1.798811249289052	1	0.3572945479099449	1	0	-1	1	0.3572945479099449	-0.8105871172501987
1	1	0.7987631339642981	2.077872312299804	0.5	0.2776727009331874	1.25193559577162	0.4812615260719235	-0.7706740696996968	0.9228978711564686	0.4782432730228435	-0.6246984724973558
1	1	0.7990038242417664	2.200996175758233	0.5	0.2663346080805889	1.251558465253872	0.454339726263043	-0.7972187389908294	0.9290658765385593	0.4617350926997368	-0.6462152394564149
1	0	1.663653819178103	1.212981681798414	1	0.5783332016215994	0.6010865893326482	0	-0.6010865893326482	1	0.5783332016215994	-0.4872330456649053
2	1	0.9999519250586447	2.000048074941354	0.6666666666666666	0.3333173083528817	2.000096154505333	0.4999879815535546	-1.500108172951778	0.9629683043663174	0.2592378928754655	-1.215968359476444
1	0	0.7987631339642979	2.077724584868888	1	0.277686961336413	1.251935595771621	0	-1.251935595771621	1	0.277686961336413	-1.014802865559428
1	4	0.9992179617044605	2.000782038295538	0.2	0.3330726539014869	1.000782650358091	1.999218267376886	0.9984356170187942	0.4614203727222281	0.868055094611153	0.8093190485591877
1	8	0.9999999999999999	2	0.1111111111111111	0.3333333333333334	1	4.000000000000001	3.000000000000001	0.143067621805619	0.9739877051262511	2.431761351750596
2	0	1.663766736954314	1.212897343210335	1	0.5783667090038147	1.20209158866897	0	-1.20209158866897	1	0.3345080500839032	-0.9743999555298919
0	1	1.662856909860527	1.213749028074971	0	0.5780621140808524	0	0.8238935536665427	0.8238935536665427	0.4219378859191476	0.5780621140808524	0.6678375005875846
1	0	1	1.99993493330047	1	0.3333405631234206	1	0	-1	1	0.3333405631234205	-0.8105871172501986
0	2	0.7990558899818095	2.200896022596869	0	0.2663562327887324	0	0.9087208025575741	0.9087208025575741	0.5382331771679407	0.4617668228320593	0.7365973757304309
3	1	0.9218712160627489	2.07812878393725	0.75	0.3072904053542497	3.254250645565008	0.481202131325753	-2.773048514239255	0.9910834674091503	0.08931692998734397	-2.247797401152144
0	1	0.004746022010011578	2.995253977989988	0	0.001582007336670526	0	0.333861504683174	0.333861504683174	0.9984179926633294	0.001582007336670577	0.2706238346419477
0	0	0	1.2705423328141	0	0	0	0	0	0	0	0
4	0	0.9999999999999999	2	1	0.3333333333333334	4.000000000000001	0	-4.000000000000001	1	0.01234567901234573	-3.242348469000795
0	0	0.7987631339642981	2.077724584868889	0	0.2776869613364131	0	0	0	0	0	0
1	0	0.8220896887613294	1.379147177274372	1	0.3734671635960126	1.2164122889155	0	-1.2164122889155	1	0.3734671635960125	-0.9860081306597311
5	1	0.8467434814862018	2.051080240391707	0.8333333333333334	0.2921997894811481	5.904976075191053	0.4875479663384715	-5.417428108852581	0.9993775859433498	0.009668515036574177	-4.391297433665009
0	0	0.9999999999999999	2	0	0.3333333333333334	0	0	0	0	0	0
0	0	0.7987631339642981	2.201236866035701	0	0.2662543779880994	0	0	0	0	0	0
1	0	0.9222754151311103	2.077724584868888	1	0.3074251383770369	1.084274809448152	0	-1.084274809448152	1	0.3074251383770369	-0.8788991920975859
6	0	0.9395948802908243	2.058253437733455	1	0.3134230890340912	6.385730835552099	0	-6.385730835552099	1	0.000947951066882724	-5.176191149525878
0	0	0.7987631339642981	2.077724584868889	0	0.2776869613364131	0	0	0	0	0	0
1	2	0.798763133964298	2.201236866035701	0.3333333333333333	0.2662543779880994	1.25193559577162	0.908580094609211	-0.3433555011624093	0.8250761065272119	0.6049640965311598	-0.2783195458792346
2	2	0.9222053578080749	2.077794642191924	0.5	0.3074017859360251	2.168714357454677	0.9625590322487998	-1.206155325205878	0.9105956194886551	0.3613779854216833	-0.9776939680146081
0	0	0.7987631339642981	2.077724584868889	0	0.2776869613364131	0	0	0	0	0	0
0	0	0.9222754151311104	2.077724584868889	0	0.3074251383770369	0	0	0	0	0	0