Observed S Changes	Observed NS Changes	E[S Sites]	E[NS Sites]	Observed S. Prop.	P{S}	dS	dN	dN-dS	P{S leq. observed}	P{S geq. observed}	Scaled dN-dS
0	0	0	3.000000000000001	0	0	0	0	0	0	0	0
1	3	0.8623546797541797	2.03381996817069	0.25	0.2977564493122206	1.159615670300597	1.475056812771062	0.3154411424704646	0.655655459569956	0.7568070182628673	0.2600165356085162
10	4	0.9996017312824285	2.000398268717572	0.7142857142857143	0.3332005770941427	10.00398427398741	1.999601810575623	-8.004382463411783	0.9993116693356521	0.004026223488244107	-6.597971911722853
0	5	0.9211784893106633	2.078821510689337	0	0.3070594964368877	0	2.405208900470729	2.405208900470729	0.1597642984427867	0.8402357015572133	1.982601511068659
1	1	0.920890283866727	2.079109716133273	0.5	0.3069634279555756	1.085905690959295	0.4809750982549392	-0.6049305927043562	0.9057734538977621	0.5197003098089135	-0.4986412227863414
9	0	1.000000000000001	2.000000000000001	1	0.3333333333333334	8.999999999999995	0	-8.999999999999995	0.9999999999999998	5.080526342549074e-05	-7.418654403002477
1	0	1.657730115300555	1.216643904854212	1	0.5767273513038836	0.6032345016659694	0	-0.6032345016659694	1	0.5767273513038836	-0.4972431435363613
0	1	0.795811412273395	2.204188587726605	0	0.2652704707577983	0	0.4536816883855648	0.4536816883855648	0.7347295292422017	0.2652704707577983	0.3739675172336856
0	4	0.7958135215892689	2.000310876301125	0	0.2846130602020748	0	1.999689172013402	1.999689172013402	0.261917206074574	0.738082793925426	1.64833365339929
0	2	0.921194138962513	2.078805861037487	0	0.3070647129875043	0	0.9620908029390697	0.9620908029390697	0.4801593119870897	0.5198406880129103	0.7930465745902358
1	2	1.789238165018624	1.210761834981376	0.3333333333333333	0.5964127216728746	0.5588970879064561	1.651852529718005	1.092955441811549	0.3571733096042838	0.9342626179608972	0.9009176334089743
4	2	0.7959619840007633	2.078948045035499	0.6666666666666666	0.2768650065433834	5.0253656335378	0.9620250033549294	-4.063340630182871	0.9924911131799691	0.05359841764465589	-3.349391095222781
11	1	1.790651349875315	1.20886046839053	0.9166666666666666	0.596980928353392	6.143016059919169	0.8272253300923922	-5.315790729826777	0.9979510777235565	0.0186475380346931	-4.38177936702991
1	3	0.9993852616599244	2.000614738340075	0.25	0.3331284205533081	1.000615116475757	1.499539087915108	0.4989239714393516	0.5929568819448824	0.8022261642170555	0.4112605019424478
4	7	0.7977457225509205	2.202105057256859	0.3636363636363636	0.2659284681493516	5.014129047548328	3.17877658785264	-1.835352459695688	0.8581779189068461	0.3313800039071253	-1.512871734020317
3	7	1	2	0.3	0.3333333333333333	3	3.5	0.5	0.5592643397856023	0.7008586089518871	0.4121474668334712
1	2	0.818980159605234	1.386761063735461	0.3333333333333333	0.3712947606631984	1.221030800650924	1.44220951417015	0.2211787135192262	0.6887938444815012	0.7514915052864332	0.1823164929888703
1	4	0.8195347060786078	2.078193185936979	0.2	0.2828197596940547	1.22020457777182	1.924748876604824	0.7045442988330042	0.5638370047145005	0.8102675664812427	0.5807522960719737
2	17	0.9766171780809934	2.023382821919009	0.1052631578947368	0.325539059360331	2.047885338173045	8.401771437338253	6.353886099165208	0.02813308391790097	0.994278264376492	5.237476120638692
4	2	1	2	0.6666666666666666	0.3333333333333333	3.999999999999999	0.9999999999999998	-2.999999999999999	0.982167352537723	0.1001371742112481	-2.472884801000826
1	5	0.9969652060878984	1.934222736805642	0.1666666666666667	0.3401232624830389	1.003044031921646	2.585017694630905	1.58197366270926	0.3378912763364681	0.9174386261242166	1.304012875365779
1	3	0.7964784357890912	2.203420442028384	0.25	0.2655017613022194	1.25552677268566	1.361519546055548	0.1059927733698882	0.7118701376077066	0.7089530618482869	0.08736930609410726
1	2	0.7954747666635111	2.204342634604571	0.3333333333333333	0.2651743957239692	1.257110900191513	0.9072999671662988	-0.3498109330252138	0.8263403995642369	0.6032171967326676	-0.2883473798339898
2	3	0.7955359160298203	2.20436298199159	0.4	0.2651875756728061	2.514028543150063	1.360937388491968	-1.153091154658095	0.8798222638231884	0.3991980472281205	-0.9504871968408327
0	2	0.7955863943296834	2.204286499351735	0	0.2652067012590478	0	0.9073230728347633	0.9073230728347633	0.5399211918746103	0.4600788081253897	0.7479018121368176
8	4	0.9975622310592448	2.002437768940756	0.6666666666666666	0.3325207436864149	8.019549809444303	1.997565198800615	-6.021984610643688	0.9962165312939338	0.01846956047300752	-4.963891405173887
2	0	1	2	1	0.3333333333333333	2	0	-2	1	0.1111111111111109	-1.648589867333885
7	2	0.9987967370699748	2.000845178771262	0.7777777777777778	0.3329719896882647	7.008432987611559	0.999577589120723	-6.008855398490835	0.9990426028332013	0.008225893114389371	-4.953069062113252
3	0	1.79516094174011	1.20456332208145	1	0.5984419846153222	1.671159354153505	0	-1.671159354153505	1	0.2143217089440926	-1.377528188978853
3	0	0.7954633445510849	2.078987568302606	1	0.2767357553381793	3.771386853398043	0	-3.771386853398043	0.9999999999999999	0.0211931653203542	-3.108735076154119
1	0	1.000579772707704	1.999420227292297	1	0.3335265909025679	0.9994205632339189	0	-0.9994205632339189	1	0.3335265909025679	-0.8238173068762814
5	0	1	1.999664436415457	1	0.3333706223470054	5	0	-5	0.9999999999999998	0.004117528643462931	-4.121474668334712
1	0	0.7954633445510849	2.204536655448916	1	0.2651544481836949	1.257128951132681	0	-1.257128951132681	1	0.2651544481836949	-1.036245025384706
0	0	0.7954633445510849	2.204536655448916	0	0.2651544481836949	0	0	0	0	0	0
1	2	1	1.99965093264441	0.3333333333333333	0.3333721231084802	1	1.000174564145117	0.0001745641451171842	0.7406890195360147	0.7037554203946648	0.0001438923404199959
3	0	0.9999999999999999	2	1	0.3333333333333334	3	0	-3	0.9999999999999999	0.0370370370370372	-2.472884801000828
0	1	1.000193263834003	1.999806736165998	0	0.3333977546113341	0	0.5000483206278155	0.5000483206278155	0.6666022453886659	0.3333977546113341	0.4121872972821711
5	0	0.7954633445510849	2.204536655448916	1	0.2651544481836949	6.285644755663406	0	-6.285644755663406	1	0.001310673702581977	-5.181225126923532
4	0	1	1.931842254642006	1	0.3410824707286667	3.999999999999999	0	-3.999999999999999	0.9999999999999999	0.01353435616530485	-3.297179734667769
15	0	1	2.000000000000001	1	0.3333333333333333	14.99999999999999	0	-14.99999999999999	1.000000000000001	6.969171806314733e-08	-12.36442400500413
1	4	0.1830174156212206	2.81698258437878	0.2	0.0610058052070735	5.463960883753468	1.419959080393856	-4.044001803359612	0.9671194468107249	0.2700139908787441	-3.333450198249307
1	0	1	2	1	0.3333333333333333	1	0	-1	1	0.3333333333333333	-0.8242949336669424
1	1	0.819031592315816	2.077041693196066	0.5	0.2828076196873768	1.220954123604066	0.4814539849035198	-0.7395001387005464	0.9200198502467599	0.4856350896215137	-0.6095662177768616
0	0	1	2	0	0.3333333333333333	0	0	0	0	0	0
2	0	0.9206525512538836	2.079347448746117	1	0.3068841837512945	2.172372191090003	0	-2.172372191090003	0.9999999999999999	0.09417790223669842	-1.790675391154444
9	2	1.000000000000001	2.000000000000002	0.8181818181818182	0.3333333333333333	8.999999999999989	0.9999999999999989	-7.99999999999999	0.9998701643268023	0.001371742112482588	-6.594359469335531
2	3	0.7954633445510848	2.204536655448915	0.4	0.2651544481836949	2.514257902265363	1.360830173807703	-1.153427728457659	0.8798599979606336	0.3991283358927341	-0.9507646329186182
0	3	0.7955856138282174	2.204347416668554	0	0.265201124738599	0	1.36094699833383	1.36094699833383	0.3967395063509441	0.603260493649056	1.121821715715809
2	5	0.9841916750555708	1.221092793549003	0.2857142857142857	0.446287854953394	2.032124484173343	4.094692906562752	2.062568422389409	0.3237002535089865	0.894005385495084	1.700164700917008
0	1	0.9210893106880291	2.078910689311971	0	0.307029770229343	0	0.4810211449395916	0.4810211449395916	0.692970229770657	0.307029770229343	0.3965032927603774
2	0	0.8190280611568572	2.112126426652724	1	0.2794216628850933	2.441918775255452	0	-2.441918775255452	1	0.0780764656894708	-2.012861274869254
7	0	1	2	1	0.3333333333333333	7	0	-7	1	0.0004572473708274183	-5.770064535668596
2	0	1	2	1	0.3333333333333333	2	0	-2	1	0.1111111111111109	-1.648589867333885
0	0	0.7954633445510849	2.204536655448916	0	0.2651544481836949	0	0	0	0	0	0
5	0	1	2	1	0.3333333333333333	4.999999999999999	0	-4.999999999999999	1	0.004115226337448097	-4.121474668334711
3	0	1	2	1	0.3333333333333333	3	0	-3	1	0.03703703703703698	-2.472884801000827
9	0	0.8618242504987722	2.06933023731081	1	0.2940221179344265	10.44296443827305	0	-10.44296443827305	1	1.64217718677806e-05	-8.608082678932519
7	0	1.782915793602151	1.20581942491841	1	0.5965452484896617	3.926152892424271	0	-3.926152892424271	0.9999999999999997	0.02688460971324336	-3.236307938027138
2	1	0.9999615309188945	2.000038469081106	0.6666666666666666	0.3333205103062981	2.000076941122065	0.4999903829147037	-1.500086558207361	0.96296723714088	0.2592421620543134	-1.236513749992209
3	0	0.8621824475220017	1.342354207926914	1	0.3910946299717721	3.479541956139677	0	-3.479541956139677	0.9999999999999999	0.05981988287900841	-2.868168805927498
1	6	0.7954633445510854	2.204536655448917	0.1428571428571428	0.2651544481836949	1.25712895113268	2.721660347615404	1.464531396482723	0.4079731131612231	0.8842895753368216	1.207205810316881
4	1	0.9999502986236807	1.999849735397743	0.8	0.3333389850266731	4.000198815386676	0.5000375689732077	-3.500161246413468	0.9958844247807622	0.04527028073075923	-2.885165182435992
3	2	0.9999999999999999	1.796436051805467	0.6	0.357598021722817	3	1.113315443647407	-1.886684556352593	0.9416284876082716	0.2470833145368762	-1.555184521229106
0	5	0.5463864380554053	2.453461692671229	0	0.1821380330753803	0	2.037936852625648	2.037936852625648	0.3659317252384456	0.6340682747615545	1.679861022752476
3	2	0.9997017632810847	1.999762983809201	0.6	0.3332933865120012	3.000894977071771	1.000118522141233	-2.000776454930539	0.9547522341584671	0.209817366280149	-1.649229895199348
1	5	0.8297284573842324	2.101314725395369	0.1666666666666667	0.2830829863780358	1.205213574513954	2.379462695222504	1.17424912070855	0.4574421528234911	0.8642270287488931	0.9679276010629195
0	0	0.1810457261159098	2.818954273884091	0	0.06034857537196992	0	0	0	0	0	0
3	0	0.7954633445510849	2.078987568302606	1	0.2767357553381793	3.771386853398043	0	-3.771386853398043	0.9999999999999999	0.0211931653203542	-3.108735076154119
1	12	0.7954633445510847	2.204387453749514	0.07692307692307693	0.2651676360043342	1.257128951132682	5.443689120798076	4.186560169665394	0.1036679577582666	0.9817842279810373	3.450960337346999
2	3	0.7956623213393129	2.204337678660687	0.4	0.265220773779771	2.513629144375549	1.36095301053092	-1.152676133844629	0.8797844432028977	0.399267906444864	-0.9501450972869262
1	0	1	2	1	0.3333333333333333	0.9999999999999998	0	-0.9999999999999998	1	0.3333333333333333	-0.8242949336669422
5	0	0.7954633445510845	2.204536655448915	1	0.2651544481836949	6.28564475566341	0	-6.28564475566341	0.9999999999999998	0.00131067370258231	-5.181225126923534
1	3	0.8627136285929342	1.355553281539127	0.25	0.3889133560314316	1.159133189574131	2.213118466722111	1.05398527714798	0.4944418126595286	0.8605523604861413	0.8687947241126283
2	4	0.921204510086829	2.078795489913171	0.3333333333333333	0.307068170028943	2.171070569130722	1.924191205632775	-0.2468793634979471	0.7311106585642052	0.5949683977810299	-0.2035014085582773
1	0	1.000774148128735	1.999225851871266	1	0.3335913827095781	0.9992264507129983	0	-0.9992264507129983	1	0.3335913827095781	-0.8236573009087252
1	0	0.7954633445510848	2.204536655448915	1	0.2651544481836949	1.257128951132681	0	-1.257128951132681	1	0.2651544481836949	-1.036245025384706
2	0	1	1.931204650344309	1	0.3411566639956499	2	0	-2	0.9999999999999999	0.1163878693886409	-1.648589867333885
4	4	0.8197204928867634	2.109497464609974	0.5	0.2798427787829361	4.879712090536405	1.896186208851198	-2.983525881685207	0.956318288971335	0.1591502678458385	-2.459305268737313
3	1	0.7954633445510846	2.204536655448915	0.75	0.2651544481836949	3.771386853398045	0.4536100579359011	-3.317776795462144	0.9950569424289873	0.05973955664258723	-2.734826603537189
1	1	0.7944943008247779	2.078008605673503	0.5	0.2765860737781828	1.258662269775734	0.4812299608720294	-0.777432308903705	0.9235001437919697	0.4766722913483352	-0.6408335134983173
1	0	1	2	1	0.3333333333333333	0.9999999999999998	0	-0.9999999999999998	1	0.3333333333333333	-0.8242949336669422
2	0	1.795066609687051	1.204485178560425	1	0.5984449465817825	1.114164783193575	0	-1.114164783193575	0.9999999999999999	0.3581363540892726	-0.9184003860565916
0	0	0.1810457261159098	2.818954273884091	0	0.06034857537196992	0	0	0	0	0	0
0	0	0.7954633445510849	2.204536655448916	0	0.2651544481836949	0	0	0	0	0	0
2	0	1	2	1	0.3333333333333333	2	0	-2	1	0.1111111111111109	-1.648589867333884
1	0	1.795109512294405	1.204490745232111	1	0.5984495793365014	0.5570690774858956	0	-0.5570690774858956	1	0.5984495793365014	-0.4591892182741411
1	0	1.657730094744186	1.216643887959105	1	0.5767273516667182	0.6032345091462648	0	-0.6032345091462648	1	0.5767273516667182	-0.4972431497023309
4	0	1	1.931338436140991	1	0.3411410936624796	3.999999999999999	0	-3.999999999999999	0.9999999999999999	0.01354366333655654	-3.297179734667769
5	0	0.7954633445510849	2.204536655448916	1	0.2651544481836949	6.285644755663406	0	-6.285644755663406	1	0.001310673702581977	-5.181225126923532
1	0	1	2	1	0.3333333333333333	0.9999999999999998	0	-0.9999999999999998	1	0.3333333333333333	-0.8242949336669422
8	1	0.8619172037391648	1.343006187533931	0.8888888888888888	0.3909057372018283	9.281633972839202	0.744598207575075	-8.537035765264127	0.9997868681275789	0.003201976740149992	-7.037035329840708
2	0	0.7954633445510847	2.078987568302605	1	0.2767357553381792	2.514257902265363	0	-2.514257902265363	0.9999999999999999	0.07658267828259269	-2.072490050769413
1	0	0.7954633445510848	2.204536655448916	1	0.2651544481836949	1.257128951132681	0	-1.257128951132681	1	0.2651544481836949	-1.036245025384706
0	7	0.996715354651554	2.003284645348446	0	0.3322384515505181	0	3.494261295444832	3.494261295444832	0.05920383682273443	0.9407961631772656	2.880301882743662
3	3	0.7964091958511186	2.203441596754938	0.5	0.2654829359560431	3.766907785129119	1.36150647442536	-2.40540131070376	0.9536363074912398	0.1946651775770856	-1.982760113848932
2	0	0.8190069593152866	1.385529696133629	1	0.3715097942649132	2.441981691672141	0	-2.441981691672141	1	0.1380195272347582	-2.012913136552775
3	2	0.7954633445510846	2.204536655448915	0.6	0.2651544481836949	3.771386853398045	0.9072201158718023	-2.864166737526243	0.9805274069552659	0.1201400020393664	-2.360918130920257
1	0	0.8622773835764757	2.033795901935407	1	0.2977401807786323	1.159719620445443	0	-1.159719620445443	1	0.2977401807786323	-0.955951007607328
1	3	0.8209354849858976	2.075797250793432	0.25	0.2834004928539032	1.218122517894544	1.445227851059784	0.2271053331652404	0.6808454493953287	0.7363024950890058	0.1872017755368507
0	0	0	1.275382048761679	0	0	0	0	0	0	0	0
0	0	0.7954633445510849	2.204536655448916	0	0.2651544481836949	0	0	0	0	0	0
4	0	1	2.000000000000001	1	0.3333333333333333	3.999999999999998	0	-3.999999999999998	1	0.01234567901234551	-3.297179734667768
1	0	0.7954633445510848	2.204536655448915	1	0.2651544481836949	1.257128951132681	0	-1.257128951132681	1	0.2651544481836949	-1.036245025384706
2	4	0.9995582252935478	2.000441774706452	0.3333333333333333	0.3331860750978493	2.000883939915201	1.999558322854443	-0.001325617060757844	0.6806749361070875	0.6485430744968878	-0.001092699427165155
0	0	0.8189542738840905	2.112200213925491	0	0.2793964894344705	0	0	0	0	0	0
6	0	1.096926306637263	1.289557352478088	1	0.4596412392967669	5.469829617263533	0	-5.469829617263533	1.000000000000001	0.009430048396390056	-4.508752841531721
5	1	0.7954633445510849	2.204536655448916	0.8333333333333334	0.2651544481836949	6.285644755663406	0.453610057935901	-5.832034697727505	0.9996524690376428	0.006126387403707301	-4.8073166543066
0	4	0.820566658660482	2.074155411701562	0	0.2834699286200741	0	1.928495799993379	1.928495799993379	0.2635953146246733	0.7364046853753267	1.589649317532519
0	0	1	2	0	0.3333333333333333	0	0	0	0	0	0
0	12	0.7954633445510848	2.028244339084871	0	0.2817088146768805	0	5.916446933318849	5.916446933318849	0.01886281229375477	0.9811371877062453	4.876897232444046
0	0	0.7954633445510849	2.204536655448916	0	0.2651544481836949	0	0	0	0	0	0
0	7	0.7954690516234456	2.204505699597699	0	0.2651585821846162	0	3.175314992960749	3.175314992960749	0.1157058680968417	0.8842941319031583	2.617396061494228
0	0	0.7954633445510849	2.078987568302606	0	0.2767357553381793	0	0	0	0	0	0
0	0	0.7954633445510849	2	0	0.2845550974945178	0	0	0	0	0	0
3	0	1	2	1	0.3333333333333333	3	0	-3	1	0.03703703703703698	-2.472884801000827
0	0	0.7954633445510849	2	0	0.2845550974945178	0	0	0	0	0	0
0	1	0.7954633445510848	2.20443719806984	0	0.2651632389972875	0	0.4536305234168519	0.4536305234168519	0.7348367610027124	0.2651632389972876	0.3739253422091943
3	0	1	2	1	0.3333333333333333	3	0	-3	1	0.03703703703703698	-2.472884801000827
5	3	0.9998326280743588	1.999139388777629	0.625	0.33339178306968	5.000836999718461	1.500645736280723	-3.500191263437737	0.9803203968908332	0.08800379032522954	-2.885189925317021
0	1	0.7956625751676535	2.204337424832347	0	0.2652208583892178	0	0.4536510557479901	0.4536510557479901	0.7347791416107823	0.2652208583892177	0.3739422669057279
0	0	0.7954633445510849	2	0	0.2845550974945178	0	0	0	0	0	0
4	5	1	2	0.4444444444444444	0.3333333333333333	4	2.5	-1.5	0.8551541939744964	0.3496926281562764	-1.236442400500414
1	0	1	1.999850779396285	1	0.3333499142251498	0.9999999999999998	0	-0.9999999999999998	1	0.3333499142251497	-0.8242949336669422
3	0	1.001947839571932	1.998052160428069	1	0.3339826131906439	2.994167841393528	0	-2.994167841393528	1	0.03725388549418673	-2.46807738220917
7	0	0.9393659602305114	2.060049893245867	1	0.3131829683242385	7.451834850692553	0	-7.451834850692553	1	0.0002955200503087507	-6.142509713948627
2	0	1	1.795551435387984	1	0.3577111790329889	2	0	-2	1	0.1279572876051709	-1.648589867333884
1	1	1.789284686725474	1.210019262762485	0.5	0.5965666424141309	0.558882556486903	0.8264331244752179	0.2675505679883149	0.6441082411587304	0.8372415259869923	0.2205405776924808
0	4	0.9997118268467273	2.000288173153273	0	0.3332372756155758	0	1.999711868362628	1.999711868362628	0.1976447349894639	0.8023552650105361	1.64835236188497
1	1	1	2	0.5	0.3333333333333333	1	0.5	-0.5	0.8888888888888891	0.5555555555555555	-0.4121474668334712
1	2	0.9999999999999997	1.800884989285541	0.3333333333333333	0.3570300115232804	1	1.110565089885864	0.1105650898858634	0.7086102501761775	0.7341895159654593	0.09113824343334732
7	0	1	1.999750502896278	1	0.3333610575394499	7	0	-7	1	0.0004575136504887389	-5.770064535668596
4	0	0.9999999999999998	1.999732078131838	1	0.3333631050886305	4.000000000000001	0	-4.000000000000001	0.9999999999999997	0.01235009023370048	-3.29717973466777
2	0	1	2	1	0.3333333333333333	2	0	-2	1	0.1111111111111109	-1.648589867333885
3	0	1.795195182647395	1.204560302633022	1	0.5984471705964995	1.671127479061004	0	-1.671127479061004	1	0.2143272808023957	-1.377501914501595
2	0	0.8620873231885392	2.069067164621041	1	0.2941118684715822	2.319950596887038	0	-2.319950596887038	0.9999999999999998	0.08650179117584544	-1.912323523371584
1	0	0.7954633445510848	2.204536655448915	1	0.2651544481836949	1.257128951132681	0	-1.257128951132681	1	0.2651544481836949	-1.036245025384706
1	3	0.7955974776119977	2.204351981654288	0.25	0.2652036270659645	1.256917006576643	1.36094417995288	0.1040271733762366	0.7123824965873382	0.7084802280297725	0.08574907197772444
0	5	0.7954804593906722	2.204095274341867	0	0.2651976579370482	0	2.268504478098379	2.268504478098379	0.2142163718191429	0.7857836281808571	1.869916748297265
0	0	0.8189542738840905	2.112200213925491	0	0.2793964894344705	0	0	0	0	0	0
4	7	0.7963317854470053	2.203337817241289	0.3636363636363636	0.265473165689093	5.023031948617596	3.176998073207139	-1.846033875410456	0.8589996348804407	0.3300823355458191	-1.521676370878391
0	0	0.7954633445510849	2.204536655448916	0	0.2651544481836949	0	0	0	0	0	0
0	1	0.7954633445510848	2.204536655448916	0	0.2651544481836949	0	0.453610057935901	0.453610057935901	0.7348455518163051	0.2651544481836949	0.3739084726169314
0	0	0	1.275382048761679	0	0	0	0	0	0	0	0
4	6	0.9998009637844293	2.000199036215571	0.4	0.333266987928143	4.000796303355489	2.999701475385248	-1.001094827970241	0.7870078060946457	0.4405544516142331	-0.8251973948160493
2	1	0.9999560510497633	1.931499377264804	0.6666666666666666	0.3411124867843157	2.000087901763664	0.5177324993063679	-1.482355402457296	0.9603089258269737	0.2696910375744871	-1.22189804813937
3	1	1	2	0.75	0.3333333333333333	3	0.4999999999999999	-2.5	0.9876543209876545	0.1111111111111109	-2.060737334167356
2	1	0.9998008632538237	2.000199136746177	0.6666666666666666	0.3332669544179412	2.000398352819037	0.4999502207698928	-1.500448132049144	0.9629850848622259	0.2591707584454817	-1.236811793478137
1	0	0.8190812417925751	1.38545541365634	1	0.3715434895437398	1.220880114177051	0	-1.220880114177051	1	0.3715434895437397	-1.006365292730861
6	1	0.7954633445510848	2.204536655448916	0.8571428571428571	0.2651544481836949	7.542773706796089	0.453610057935901	-7.089163648860188	0.9999078506194492	0.001879820453196235	-5.843561679691308
2	0	1	1.931238213913992	1	0.3411527576480148	2	0	-2	0.9999999999999999	0.1163852040508453	-1.648589867333885
0	2	0.9998679349547187	2.000056254991384	0	0.3332977340913014	0	0.9999718732954418	0.9999718732954418	0.4444919113677931	0.5555080886322069	0.8242717489668743
2	0	0.7954633445510855	2.204536655448917	1	0.2651544481836949	2.514257902265361	0	-2.514257902265361	1	0.07030688139159968	-2.072490050769412
3	0	1	1.999355381714404	1	0.3334049729806974	3	0	-3	0.9999999999999998	0.03706092205209865	-2.472884801000827
2	6	0.9999999999999999	2	0.25	0.3333333333333334	2	3	1	0.4682213077274805	0.8049077884468832	0.8242949336669424
2	0	0.7954633445510848	2.078987568302606	1	0.2767357553381792	2.514257902265363	0	-2.514257902265363	0.9999999999999999	0.07658267828259269	-2.072490050769413
0	8	0.2312386851682961	2.760416940294519	0	0.07729455329021132	0	2.898112920270099	2.898112920270099	0.5254176697679379	0.4745823302320621	2.388899797373349
1	0	0.9394069192783977	2.06054257813099	1	0.3131409112352139	1.064501420500657	0	-1.064501420500657	1	0.3131409112352139	-0.8774631277999547
6	15	0.9120624600574235	1.991161868271163	0.2857142857142857	0.3141550072992487	6.578496827533324	7.533290105150432	0.9547932776171084	0.4937307588032819	0.6885602739511568	0.7870312614390369
5	1	1	1.999652028955356	0.8333333333333334	0.3333720012678454	4.999999999999999	0.5000870078992757	-4.499912992100723	0.9986273028467689	0.01784219703883339	-3.709255481330678
2	10	0.7962400887225525	2.200370089265113	0.1666666666666667	0.265713603514908	2.511805205900521	4.54469002682173	2.032884820921209	0.3435941709086285	0.868743152496377	1.675696658613782
1	6	0.7954862124655608	2.20441261711308	0.1428571428571428	0.2651710133095698	1.257092812332424	2.721813490551355	1.464720678218931	0.407933584474431	0.8843078327745599	1.207361834293073
1	0	0.795463344551085	2.204536655448916	1	0.2651544481836949	1.257128951132681	0	-1.257128951132681	1	0.2651544481836949	-1.036245025384706
0	0	0.7954633445510849	2.204536655448916	0	0.2651544481836949	0	0	0	0	0	0
1	0	0.7954633445510848	2.204536655448916	1	0.2651544481836949	1.257128951132681	0	-1.257128951132681	1	0.2651544481836949	-1.036245025384706
2	0	0.7954633445510848	2.204536655448916	1	0.2651544481836949	2.514257902265363	0	-2.514257902265363	0.9999999999999999	0.0703068813915998	-2.072490050769413
6	1	0.8961108736257043	2.000367048787715	0.8571428571428571	0.3093794938644109	6.695600038557433	0.4999082546405827	-6.19569178391685	0.9997287056979716	0.004510521152090607	-5.10707734804456
7	0	1.63573209847581	1.197129967664752	1	0.5774132521405467	4.279429379983839	0	-4.279429379983839	0.9999999999999997	0.02139967756144057	-3.527511956906142
3	0	0.7954633445510847	2.204536655448915	1	0.2651544481836949	3.771386853398045	0	-3.771386853398045	0.9999999999999999	0.01864218233890624	-3.10873507615412
0	0	0	1.275382048761679	0	0	0	0	0	0	0	0
3	0	1.657580793633808	1.216521178625824	1	0.576729987186436	1.809866530501535	0	-1.809866530501535	1	0.1918304738941705	-1.491863811705782
2	0	1	2	1	0.3333333333333333	2	0	-2	1	0.1111111111111109	-1.648589867333885
7	1	0.7954747567782312	2.204138795829829	0.875	0.2651924132315622	8.79977641069447	0.4536919371375219	-8.346084473556948	0.9999755381801751	0.0005667014887374977	-6.879635147509322
4	6	1.572888063350502	1.223078352905425	0.4	0.5625561359412725	2.543092603474506	4.905654642441334	2.362562038966828	0.2355079518864057	0.9118646440617852	1.947447919194198
2	8	0.800817452518055	2.177653963834738	0.2	0.2688686042515978	2.497448068484632	3.673678248638001	1.176230180153369	0.4697730309310804	0.7958441523888993	0.9695605783265769
0	5	0.8012299644005514	2.146149946859197	0	0.2718448210017471	0	2.329753336814744	2.329753336814744	0.2047008819797197	0.7952991180202803	1.920403872230047
2	11	0.8649584085230002	2.057497309013533	0.1538461538461539	0.2959697227686693	2.312249907385943	5.34630103855346	3.034051131167517	0.2114047229536169	0.9325062392785394	2.50095297590784
3	1	0.7954633445510847	2.000049669831523	0.75	0.2845500416054274	3.771386853398045	0.499987582850498	-3.271399270547547	0.9934440653811685	0.07249081375386168	-2.696597844714074
0	2	1	1.998453658984584	0	0.333505237609257	0	1.000773768762895	1.000773768762895	0.444215268294293	0.555784731705707	0.8249327473380265
0	0	1	2	0	0.3333333333333333	0	0	0	0	0	0
6	0	1.655747609123839	1.215014499617016	1	0.5767623879674469	3.623740699933718	0	-3.623740699933718	0.9999999999999998	0.03681133667491732	-2.987031099878064
4	0	0.795463344551085	2.204536655448916	1	0.2651544481836949	5.028515804530724	0	-5.028515804530724	1	0.004943057571012321	-4.144980101538825
2	0	1	2	1	0.3333333333333333	2	0	-2	1	0.1111111111111109	-1.648589867333885
5	0	1	2	1	0.3333333333333333	4.999999999999999	0	-4.999999999999999	1	0.004115226337448097	-4.121474668334711
0	2	0.001833416410284762	2.998166583589716	0	0.0006111388034282539	0	0.6670743416816395	0.6670743416816395	0.9987780958837806	0.001221904116219363	0.5498660002273863
1	0	1	2	1	0.3333333333333333	1	0	-1	1	0.3333333333333333	-0.8242949336669424
0	0	0.7954633445510849	2.204536655448916	0	0.2651544481836949	0	0	0	0	0	0
2	4	0.7957721190070267	2.203747820976915	0.3333333333333333	0.265299826281964	2.513282323205319	1.815089713044759	-0.6981926101605607	0.8056415862972246	0.5019721752794972	-0.5755166312790487
3	0	0.8196920562427535	2.111462431566827	1	0.2796481931101831	3.659911032627531	0	-3.659911032627531	1	0.02186935894116615	-3.016846121866621
1	9	0.8188237816418696	1.484839769742085	0.1	0.3554441711550938	1.221263991618372	6.061260065497362	4.83999607387899	0.08062885300813828	0.9876232846817588	3.989584242666344
0	0	0.7954633445510849	2.204536655448916	0	0.2651544481836949	0	0	0	0	0	0
1	0	0.7954633445510848	2.204536655448916	1	0.2651544481836949	1.257128951132681	0	-1.257128951132681	1	0.2651544481836949	-1.036245025384706
0	0	0.8189542738840905	2.077119011627792	0	0.2827809220094856	0	0	0	0	0	0
3	0	1.658291152390136	1.216613659482372	1	0.5768160203224412	1.80909124171351	0	-1.80909124171351	1	0.1919163350753537	-1.491224745085684
3	0	0.7954633445510845	2	1	0.2845550974945177	3.771386853398046	0	-3.771386853398046	1	0.02304088253110792	-3.108735076154121
1	0	0.9210124316973952	2.078987568302606	1	0.3070041438991317	1.08576167441848	0	-1.08576167441848	1	0.3070041438991317	-0.8949878473928894
0	0	0	1.275382048761679	0	0	0	0	0	0	0	0
8	0	1	1.998659717694311	1	0.3334823201509862	8	0	-8	0.9999999999999996	0.0001529616342466067	-6.594359469335539
3	3	0.9996510521492775	2.000348947850722	0.5	0.3332170173830926	3.001047208973488	1.499738334765719	-1.501308874207769	0.8999776656536616	0.3193861723620076	-1.237521298878685
2	1	0.7955130117183647	2.204486988281637	0.6666666666666666	0.2651710039061215	2.514100926746449	0.4536202777860279	-2.060480648960421	0.9813543254994203	0.1736556349365814	-1.698443759856849
4	0	0.7954633445510849	2.204536655448916	1	0.2651544481836949	5.028515804530725	0	-5.028515804530725	1	0.004943057571012321	-4.144980101538826
3	0	0.9999999999999999	2	1	0.3333333333333334	3	0	-3	0.9999999999999999	0.0370370370370372	-2.472884801000828
3	7	0.9999005860345733	2.000099413965427	0.3	0.3333001953448578	3.000298271548637	3.499826034207818	0.4995277626591803	0.5593548492733444	0.7007810236062129	0.4117582039859451
10	0	1	2	1	0.3333333333333333	10	0	-10	1.000000000000001	1.693508780764574e-05	-8.242949336669424
1	1	0.7954633445510849	2.204536655448916	0.5	0.2651544481836949	1.257128951132681	0.453610057935901	-0.8035188931967803	0.9296931186084003	0.4600020149757901	-0.6623365527677749
3	2	0.8471244858615027	2.070325814046432	0.6	0.2903646673563677	3.541392144920803	0.9660315233625082	-2.575360621558295	0.9727139107151881	0.1505686843855758	-2.12285671271585
3	0	0.7954633445510846	2.204536655448915	1	0.2651544481836949	3.771386853398045	0	-3.771386853398045	0.9999999999999999	0.01864218233890624	-3.10873507615412
1	0	0.8189858913376572	1.385550764111258	1	0.3715002376183602	1.221022255177914	0	-1.221022255177914	1	0.3715002376183603	-1.006482458837739
2	7	0.9217033449709088	2.078296655029092	0.2222222222222222	0.3072344483236362	2.169895564459653	3.36814284094684	1.198247276487187	0.4436657377825698	0.8165576376063078	0.9877091592886004
3	3	0.7955451613493618	2.204323360321979	0.5	0.2651933428422834	3.770998990065577	1.360961850697712	-2.410037139367865	0.9538114992003934	0.1941801110688141	-1.986581403930102
3	6	1.792073541218025	1.207834730898592	0.3333333333333333	0.597376112421467	1.674038442619369	4.967567040845221	3.293528598225852	0.1023064364209024	0.9739752121484921	2.714838937404756
2	0	0.7954633445510847	2	1	0.2845550974945178	2.514257902265363	0	-2.514257902265363	1	0.08097160351011445	-2.072490050769413
2	0	0.9999999999999997	1.999999999999999	1	0.3333333333333333	2.000000000000001	0	-2.000000000000001	1	0.1111111111111109	-1.648589867333885
0	5	0.8293138503071276	1.376593048078578	0	0.3759514288268574	0	3.632155492125216	3.632155492125216	0.09464375569206336	0.9053562443079366	2.993967370449376
2	5	1.000149222246153	1.880369455787023	0.2857142857142857	0.3472115039118778	1.999701600035607	2.659051913767268	0.6593503137316614	0.5386895242329042	0.7614132211050535	0.5434991231207175
0	2	1	1.804212432573967	0	0.3566063641912133	0	1.108516915132169	1.108516915132169	0.4139553705992497	0.5860446294007503	0.9137448770275548
4	0	1	1.93135530301094	1	0.3411391307539043	3.999999999999999	0	-3.999999999999999	0.9999999999999999	0.01354335162103537	-3.297179734667769
2	0	0.8961789638943679	2.000147646093168	1	0.3094191659200426	2.231697105797876	0	-2.231697105797876	1	0.09574022023865481	-1.839576617788367
4	2	0.9157298723459504	2.08427012765405	0.6666666666666666	0.3052432907819835	4.368100376318022	0.9595685191972214	-3.408531857120801	0.9881448895974638	0.07471031809733664	-2.80963554106705
3	0	1	2	1	0.3333333333333333	3	0	-3	1	0.03703703703703698	-2.472884801000827
3	1	0.9996017042049621	2.000398295795037	0.75	0.3332005680683208	3.001195363493367	0.4999004458772349	-2.501294917616132	0.9876739781678474	0.1109931327954412	-2.06180472819785
4	0	0.9999999999999998	2	1	0.3333333333333334	4.000000000000001	0	-4.000000000000001	1	0.01234567901234573	-3.29717973466777
3	0	1	2	1	0.3333333333333333	3	0	-3	1	0.03703703703703698	-2.472884801000827
0	2	0.8190668018237743	2.077006483688108	0	0.2828197773589849	0	0.9629242930665443	0.9629242930665443	0.514347471747416	0.485652528252584	0.7937336162795745
2	6	0.8973016623570458	1.999671200522997	0.25	0.3097376830326909	2.228904819753002	3.000493280310658	0.7715884605576564	0.5270980360127242	0.7634588091218406	0.6360164589135515
2	1	0.7954633445510848	2.204536655448916	0.6666666666666666	0.2651544481836949	2.514257902265363	0.453610057935901	-2.060647844329462	0.9813578176610938	0.1736362794969871	-1.698581578152482
0	0	0.8189542738840905	1.385582381564825	0	0.371485895623416	0	0	0	0	0	0
2	0	0.8193127584827281	1.385223896966187	1	0.3716485078429733	2.441070249783205	0	-2.441070249783205	0.9999999999999999	0.1381226133819087	-2.012161839621394
1	4	0.9999999999999996	1.999999999999999	0.2	0.3333333333333333	1	2.000000000000001	1	0.4609053497942389	0.868312757201646	0.8242949336669427
5	2	1	2	0.7142857142857143	0.3333333333333333	4.999999999999999	0.9999999999999998	-3.999999999999999	0.993141289437586	0.04526748971193395	-3.297179734667769
5	5	0.9216465182514335	2.078353481748567	0.5	0.3072155060838112	5.425073388750062	2.40575053469412	-3.019322854055942	0.947134471969038	0.1629198225463289	-2.488812531703126
6	0	1.000000000000001	2.000000000000001	1	0.3333333333333334	5.999999999999996	0	-5.999999999999996	0.9999999999999999	0.001371742112482921	-4.945769602001651
3	3	0.7954633445510849	2.204536655448915	0.5	0.265154448183695	3.771386853398043	1.360830173807703	-2.41055667959034	0.9538349956732119	0.1941149997519445	-1.987009658303324
2	1	0.9211470333432733	2.078852966656727	0.6666666666666666	0.3070490111144243	2.171206037261027	0.4810345012558678	-1.69017153600516	0.9710516970419876	0.2249406797630136	-1.393199834157127
4	2	0.9998484198708694	1.931455738589306	0.6666666666666666	0.3410933720355016	4.000606412436598	1.035488393568241	-2.965118018868357	0.9801718424589032	0.1079801500806179	-2.444131760677748
4	3	0.9993035221650467	1.999999914727073	0.5714285714285714	0.3331785340133926	4.002787853017647	1.500000063954698	-2.50278778906295	0.9548216329700212	0.1730590102752697	-2.063035294568078
2	1	0.8961072992874478	2.000092383824055	0.6666666666666666	0.3094079819540357	2.23187558185312	0.4999769051107833	-1.731898676742336	0.9703793530587541	0.2279586040081147	-1.427595304863189
2	7	1	2	0.2222222222222222	0.3333333333333333	2	3.5	1.5	0.3771782756693597	0.8569323781943807	1.236442400500414
5	0	0.8978787269742684	1.998884724027085	1	0.3099592846160392	5.568680769227414	0	-5.568680769227414	1	0.002861035518187505	-4.590235345282689
0	5	0.4890657614719675	2.510934238528033	0	0.1630219204906558	0	1.991290700998651	1.991290700998651	0.4107432354585615	0.5892567645414385	1.641410836291282
1	0	0.9393752534552852	2.060498336963028	1	0.3131382790447164	1.064537304258037	0	-1.064537304258037	1	0.3131382790447164	-0.8774927065993646
3	27	0.7954633445510854	2.204536655448917	0.1	0.2651544481836949	3.771386853398042	12.24747156426932	8.476084710871277	0.02509076038565303	0.9933728516202045	6.986793684503024
5	2	0.9202642647341731	2.079735735265827	0.7142857142857143	0.306754754911391	5.433221946789704	0.9616606408623184	-4.471561305927386	0.9957011426382045	0.0317114183084739	-3.685885330057081
5	0	1	2	1	0.3333333333333333	4.999999999999999	0	-4.999999999999999	1	0.004115226337448097	-4.121474668334711
3	0	0.7954633445510847	2.204536655448915	1	0.2651544481836949	3.771386853398045	0	-3.771386853398045	1	0.01864218233890613	-3.10873507615412
3	0	0.8963261975968242	2.000353350234725	1	0.3094322940443354	3.346995779040509	0	-3.346995779040509	0.9999999999999999	0.02962762991976442	-2.758911663667733
0	4	0.2775521065201347	2.722447893479865	0	0.09251736884004491	0	1.46926595347511	1.46926595347511	0.678192974097839	0.321807025902161	1.211108481658863
0	0	0.7954633445510849	2.204536655448916	0	0.2651544481836949	0	0	0	0	0	0
1	0	0.921012431697395	2.078987568302605	1	0.3070041438991317	1.085761674418481	0	-1.085761674418481	1	0.3070041438991317	-0.8949878473928897
2	1	0.7954633445510849	2.000149145796908	0.6666666666666666	0.284539916493243	2.514257902265363	0.4999627163311243	-2.014295185934238	0.9769628049622059	0.1968145021583562	-1.660373316675304
0	0	0	1.275382048761679	0	0	0	0	0	0	0	0
0	0	1	2	0	0.3333333333333333	0	0	0	0	0	0
0	2	0.1820410264804221	2.817958973519579	0	0.06068034216014067	0	0.7097335407626737	0.7097335407626737	0.8823214196043905	0.1176785803956095	0.5850297619041722
4	0	1	2	1	0.3333333333333333	4	0	-4	1	0.01234567901234551	-3.29717973466777
1	0	0.8190069811313351	2.077066304380547	1	0.2827991215652456	1.2209908133123	0	-1.2209908133123	1	0.2827991215652457	-1.006456541467208
15	1	1	1.999938974764636	0.9375	0.3333401140529721	15	0.5000152567743651	-14.49998474322563	0.9999999767618647	7.668357731027697e-07	-11.95226396208885
2	0	1	1.931472765438331	1	0.3411254615051743	2	0	-2	1	0.1163665804871181	-1.648589867333885
2	0	0.7954633445510848	2.204536655448916	1	0.2651544481836949	2.514257902265363	0	-2.514257902265363	0.9999999999999999	0.0703068813915998	-2.072490050769413
0	2	0.1809137359831146	2.819086264016886	0	0.06030457866103819	0	0.7094497339539448	0.7094497339539448	0.8830274848854089	0.1169725151145911	0.5847958213895968
1	1	0.9999005321482916	2.000099467851709	0.5	0.3333001773827638	1.000099477746546	0.499975134273743	-0.5001243434728032	0.8889109917566183	0.5555113465221457	-0.4122499625281374
2	1	1.656578794578359	1.216643102666416	0.6666666666666666	0.5765579039220416	1.207307498167662	0.8219337271615504	-0.3853737710061113	0.8083411885797043	0.6139394268843428	-0.3176616470084619
0	0	0.9210124316973952	2.078987568302606	0	0.3070041438991317	0	0	0	0	0	0
1	4	0.7954633445510848	2.204536655448916	0.2	0.2651544481836949	1.257128951132681	1.814440231743604	0.5573112806109226	0.6008716641072658	0.785720636239058	0.4593888650830192
3	0	0.7954633445510849	2.204536655448916	1	0.2651544481836949	3.771386853398043	0	-3.771386853398043	1	0.01864218233890613	-3.108735076154119
1	2	0.999624731196599	2.000274106557173	0.3333333333333333	0.3332194801425656	1.000375409682944	0.9998629655024405	-0.0005124441805031132	0.7408925320295972	0.7035518735227728	-0.0004224051417758244
5	0	1	1.999765687342961	1	0.3333593701065863	4.999999999999999	0	-4.999999999999999	1	0.004116833796772301	-4.121474668334711
2	0	0.7954633445510847	2.204536655448915	1	0.2651544481836949	2.514257902265363	0	-2.514257902265363	0.9999999999999999	0.0703068813915998	-2.072490050769413
4	0	1.795199284764491	1.204502393332268	1	0.5984592727579173	2.228164880605304	0	-2.228164880605304	1	0.1282739303859567	-1.83666502245756
1	0	0.921012431697395	2.078987568302605	1	0.3070041438991317	1.085761674418481	0	-1.085761674418481	1	0.3070041438991317	-0.8949878473928897
5	0	1	2	1	0.3333333333333333	4.999999999999999	0	-4.999999999999999	1	0.004115226337448097	-4.121474668334711
1	0	1	2	1	0.3333333333333333	0.9999999999999998	0	-0.9999999999999998	1	0.3333333333333333	-0.8242949336669422
5	0	0.9433174587831569	2.05597227620015	1	0.3145136156005305	5.30044255350665	0	-5.30044255350665	0.9999999999999997	0.003077494292010319	-4.369127943048203
2	0	1	2	1	0.3333333333333333	2	0	-2	1	0.1111111111111109	-1.648589867333885
2	0	0.7954633445510846	2	1	0.2845550974945178	2.514257902265363	0	-2.514257902265363	1	0.08097160351011445	-2.072490050769413
1	0	0.7954633445510847	2.204536655448915	1	0.2651544481836949	1.257128951132682	0	-1.257128951132682	1	0.2651544481836949	-1.036245025384707
0	2	0.8190670317729295	2.077006253738953	0	0.2828198567593082	0	0.962924399673651	0.962924399673651	0.5143473578587393	0.4856526421412607	0.7937337041552724
0	3	0.1817590898870247	2.818091825755262	0	0.06058937427165742	0	1.064550123094724	1.064550123094724	0.8290226660368947	0.1709773339631053	0.8775032731015009
4	11	1.129235286718597	1.093336606027798	0.2666666666666667	0.5080759323934488	3.542220161772887	10.06094549414577	6.518725332372879	0.0521850076474733	0.9849450757878087	5.373352265441319
1	2	0.795708922853632	2.204291077146368	0.3333333333333333	0.2652363076178774	1.256740965545194	0.9073211885379318	-0.3494197770072625	0.8262680103925395	0.6033174797317542	-0.2880249519101192
6	0	1	1.999564980394618	1	0.333381675855024	5.999999999999999	0	-5.999999999999999	0.9999999999999998	0.001372936187855278	-4.945769602001653
1	1	0.818941857561496	2.077232892248501	0.5	0.2827667279452742	1.22108790845986	0.4814096694365118	-0.7396782390233487	0.9200429775671233	0.4855764334576718	-0.609713024970632
1	0	0.7954633445510848	2.204536655448916	1	0.2651544481836949	1.257128951132681	0	-1.257128951132681	1	0.2651544481836949	-1.036245025384706
1	0	1	1.795597946196963	1	0.3577052277350418	1	0	-1	1	0.3577052277350419	-0.8242949336669424
0	1	0.1809577475610088	2.819042252438992	0	0.06031924918700293	0	0.3547304050284508	0.3547304050284508	0.9396807508129971	0.06031924918700293	0.2924024756825745
0	1	0.001459005906870177	2.998540994093131	0	0.0004863353022900587	0	0.3334955239798003	0.3334955239798003	0.99951366469771	0.0004863353022900307	0.2748986708171517
2	3	0.8955204511226488	2.000856095679802	0.4	0.3091864737377769	2.233338163849576	1.499358202959985	-0.7339799608895905	0.8245556871803803	0.4905987818665588	-0.6050159631743499
0	1	1	1.795762265763788	0	0.3576842037843318	0	0.5568665847729415	0.5568665847729415	0.6423157962156683	0.3576842037843317	0.4590223045567485
0	0	0.7954633445510849	2.204536655448916	0	0.2651544481836949	0	0	0	0	0	0
0	1	1	2	0	0.3333333333333333	0	0.4999999999999999	0.4999999999999999	0.6666666666666667	0.3333333333333333	0.4121474668334711
1	0	1	2	1	0.3333333333333333	0.9999999999999998	0	-0.9999999999999998	1	0.3333333333333333	-0.8242949336669422
3	0	0.9202921173876837	2.079707882612317	1	0.3067640391292278	3.259834506151936	0	-3.259834506151936	1	0.0288677770375414	-2.68706506801372
6	1	0.9996509326444102	1.999613788825333	0.8571428571428571	0.3332986666660577	6.00209513547694	0.5000965714421519	-5.501998564034787	0.9995430854014251	0.006854716983920373	-4.535269541376667
2	1	0.8190280934784505	2.07670891790672	0.6666666666666666	0.2828392531014651	2.441918678889154	0.4815311338904344	-1.960387544998719	0.9773734132414327	0.1947409557678499	-1.615937521366219
3	0	0.7954633445510846	2.078987568302605	1	0.2767357553381792	3.771386853398045	0	-3.771386853398045	0.9999999999999998	0.0211931653203542	-3.10873507615412
5	5	0.8318192875261345	2.111317581345834	0.5	0.2826301747376602	6.010920971633406	2.368189439701823	-3.642731531931583	0.9642428587935399	0.122096476503796	-3.002685146480023
1	0	1	1.999939002395025	1	0.3333401109828041	0.9999999999999998	0	-0.9999999999999998	1	0.333340110982804	-0.8242949336669422
4	3	0.8408045005603986	2.098397973478305	0.5714285714285714	0.2860655255930922	4.757348464873806	1.429662074552617	-3.32768639032119	0.9765993180759129	0.1086920730328913	-2.742995032374192
1	0	0.7954633445510848	2.078987568302606	1	0.2767357553381792	1.257128951132681	0	-1.257128951132681	1	0.2767357553381793	-1.036245025384706
0	1	0.9210508188469401	2.078949181153061	0	0.3070169396156466	0	0.4810122388106493	0.4810122388106493	0.6929830603843534	0.3070169396156466	0.3964959514834115
4	0	1	2	1	0.3333333333333333	4	0	-4	1	0.01234567901234551	-3.29717973466777
0	0	1	2	0	0.3333333333333333	0	0	0	0	0	0
3	0	0.7954633445510848	2.204536655448915	1	0.2651544481836949	3.771386853398044	0	-3.771386853398044	1	0.01864218233890613	-3.10873507615412
2	0	1	1.931288560164979	1	0.3411468981899612	2	0	-2	0.9999999999999999	0.1163812061446319	-1.648589867333885
1	0	0.7954633445510848	2.204536655448916	1	0.2651544481836949	1.257128951132681	0	-1.257128951132681	1	0.2651544481836949	-1.036245025384706
2	0	0.9210124316973952	2.078987568302606	1	0.3070041438991317	2.17152334883696	0	-2.17152334883696	1	0.09425154437123873	-1.789975694785779
2	1	0.9999999999999999	2	0.6666666666666666	0.3333333333333334	2	0.5000000000000001	-1.5	0.9629629629629628	0.2592592592592594	-1.236442400500414
0	1	0.7954633445510849	2.204536655448916	0	0.2651544481836949	0	0.453610057935901	0.453610057935901	0.7348455518163051	0.2651544481836949	0.3739084726169314
0	2	0.795811820572969	2.204188179427031	0	0.2652706068576563	0	0.9073635448493745	0.9073635448493745	0.5398272811473167	0.4601727188526833	0.7479351730134168
1	1	0.8194805559203031	2.076592729591579	0.5	0.2829626446333037	1.220285207227361	0.4815580762418823	-0.7387271309854786	0.9199321417421265	0.4858574310087342	-0.6089290314336457
0	0	1	2	0	0.3333333333333333	0	0	0	0	0	0
3	0	0.795463344551085	2.204536655448916	1	0.2651544481836949	3.771386853398043	0	-3.771386853398043	1	0.01864218233890613	-3.108735076154118
0	0	0.8189542738840905	1.385582381564825	0	0.371485895623416	0	0	0	0	0	0
1	0	0.7954633445510847	2.204536655448915	1	0.2651544481836949	1.257128951132682	0	-1.257128951132682	1	0.2651544481836949	-1.036245025384707
7	0	1	2	1	0.3333333333333333	7	0	-7	1	0.0004572473708274183	-5.770064535668596
0	0	0.7954633445510849	2.204536655448916	0	0.2651544481836949	0	0	0	0	0	0
5	2	0.9386135166612252	2.059512858354897	0.7142857142857143	0.313066695414458	5.327006175859979	0.9711034295739068	-4.355902746286072	0.9951780038803665	0.03462312980068993	-3.59054856530953
1	5	0.9213390541483502	2.07866094585165	0.1666666666666667	0.3071130180494501	1.085376762764454	2.405394689296694	1.32001792653224	0.4049363583838007	0.8893441417371628	1.088084089190068
1	0	1	2	1	0.3333333333333333	0.9999999999999998	0	-0.9999999999999998	1	0.3333333333333333	-0.8242949336669422
4	0	0.7954633445510848	2	1	0.2845550974945179	5.028515804530725	0	-5.028515804530725	0.9999999999999998	0.006556400574999399	-4.144980101538826
3	0	1	2	1	0.3333333333333333	3	0	-3	1	0.03703703703703698	-2.472884801000827
3	5	1	2	0.375	0.3333333333333333	3	2.5	-0.5	0.7413504039018446	0.5317786922725192	-0.4121474668334712
2	0	0.7954633445510848	2.078987568302606	1	0.2767357553381792	2.514257902265363	0	-2.514257902265363	0.9999999999999999	0.07658267828259269	-2.072490050769413
2	0	1	2	1	0.3333333333333333	2	0	-2	1	0.1111111111111109	-1.648589867333884
3	0	0.8968010443794008	1.997079103942599	1	0.309895710400932	3.345223579747326	0	-3.345223579747326	0.9999999999999999	0.02976094342243252	-2.757450848768914
0	0	0.7954633445510849	2	0	0.2845550974945178	0	0	0	0	0	0
5	2	0.9996915620994943	2.000308437900506	0.7142857142857143	0.3332305206998314	5.001542665318981	0.9998458048295643	-4.001696860489417	0.9931531279421533	0.04520828349653627	-3.298578448172335
5	0	0.862055516463393	2.034017769048489	1	0.2976635711451012	5.800090486645965	0	-5.800090486645965	0.9999999999999998	0.002336837100053057	-4.7809852029521
2	1	0.8132540640820994	1.599020335839763	0.6666666666666666	0.3371316563772522	2.459256077935931	0.6253829157681265	-1.833873162167804	0.9616823732243243	0.2643380076436578	-1.511652356562696
1	6	0.7956124595448908	2.204387540455109	0.1428571428571428	0.2652041531816303	1.256893337960071	2.721844453340208	1.464951115380136	0.4078545101054839	0.8843443508420248	1.207551782477583
2	0	1	2	1	0.3333333333333333	2	0	-2	1	0.1111111111111109	-1.648589867333885
13	0	1.793981835710861	1.20537543048407	1	0.5981220896658159	7.246450182060391	0	-7.246450182060391	1	0.001253914559904534	-5.973212172142272
2	0	0.8190175834540547	2.077055702057828	1	0.2828027824956414	2.441950014754715	0	-2.441950014754715	1	0.07997741378727685	-2.012887025430227
1	0	1.659011553562369	1.21656931399855	1	0.5769309332516008	0.6027685568872115	0	-0.6027685568872115	1	0.5769309332516008	-0.4968590676158626
1	0	1	2	1	0.3333333333333333	0.9999999999999998	0	-0.9999999999999998	1	0.3333333333333333	-0.8242949336669422
1	0	1	2	1	0.3333333333333333	0.9999999999999998	0	-0.9999999999999998	1	0.3333333333333333	-0.8242949336669422
6	0	0.9999999999999998	1.94643634412959	1	0.3393930440725034	6.000000000000002	0	-6.000000000000002	0.9999999999999998	0.001528331705543895	-4.945769602001656
0	0	0	3.000000000000001	0	0	0	0	0	0	0	0
5	0	1.097709689281195	1.195944445377956	1	0.4785855341892339	4.55493838564376	0	-4.55493838564376	0.9999999999999998	0.02510717427145837	-3.754612634451233
3	0	0.7954633445510847	2.204536655448916	1	0.2651544481836949	3.771386853398045	0	-3.771386853398045	0.9999999999999999	0.01864218233890624	-3.10873507615412
4	1	0.9998010610131592	2.000198938986842	0.8	0.3332670203377197	4.000795914285745	0.4999502701998876	-3.500845644085858	0.9958888654289947	0.04523475069631655	-2.885729327969956
3	1	0.9999560045066953	1.999850691829085	0.75	0.3333401467928339	3.00013199228698	0.500037329829553	-2.500094662457427	0.9876533115552978	0.1111171676124023	-2.060815363951421
2	1	0.862170898134355	2.069017067055655	0.6666666666666666	0.2941370217035761	2.319725711373215	0.4833212910239858	-1.836404420349229	0.9745522686140129	0.2086542998379761	-1.513738859857447
0	2	0.820716842700403	2.075356442811478	0	0.2833895284370683	0	0.96368987935904	0.96368987935904	0.5135305679536475	0.4864694320463525	0.7943646851817636
1	0	0.8189648069777478	1.385571848471168	1	0.3714906735406401	1.221053690561298	0	-1.221053690561298	1	0.3714906735406401	-1.006508370865
1	0	1	2	1	0.3333333333333333	0.9999999999999998	0	-0.9999999999999998	1	0.3333333333333333	-0.8242949336669422
1	0	0.8961048981442151	2.000044166853702	1	0.3094125606220685	1.115940781119427	0	-1.115940781119427	1	0.3094125606220685	-0.919864332149074
4	0	0.9999999999999998	1.999882803184287	1	0.3333463557104728	4.000000000000001	0	-4.000000000000001	1	0.01234760836646087	-3.29717973466777
0	0	0.1810457261159098	2.818954273884091	0	0.06034857537196992	0	0	0	0	0	0
0	0	0.7954633445510849	2.204536655448916	0	0.2651544481836949	0	0	0	0	0	0
10	0	1	1.999815819304925	1	0.3333537991114754	10	0	-10	0.9999999999999989	1.69454883752751e-05	-8.242949336669424
2	0	1	2	1	0.3333333333333333	2	0	-2	1	0.1111111111111109	-1.648589867333884
1	0	0.3554016622509072	2.644598337749091	1	0.1184672207503025	2.813717847200214	0	-2.813717847200214	1	0.1184672207503025	-2.319333366215392
9	0	1	2	1	0.3333333333333333	8.999999999999998	0	-8.999999999999998	1.000000000000001	5.080526342449154e-05	-7.41865440300248
5	0	1	2	1	0.3333333333333333	5	0	-5	1	0.004115226337448097	-4.121474668334712
1	0	0.7954633445510848	2.204536655448916	1	0.2651544481836949	1.257128951132681	0	-1.257128951132681	1	0.2651544481836949	-1.036245025384706
0	0	0.1810457261159098	2.818954273884091	0	0.06034857537196992	0	0	0	0	0	0
0	0	0.8189542738840905	2.112200213925491	0	0.2793964894344705	0	0	0	0	0	0
0	0	0.7954633445510849	2.204536655448916	0	0.2651544481836949	0	0	0	0	0	0
4	0	1	2	1	0.3333333333333333	4	0	-4	1	0.01234567901234551	-3.29717973466777
0	0	0	1.275382048761679	0	0	0	0	0	0	0	0
4	0	0.8613464439379057	2.069808043871676	1	0.2938591082524552	4.643892162267242	0	-4.643892162267242	1	0.007456870919439473	-3.82793678185251
3	0	0.9999999999999999	1.931506290153885	1	0.341121560393277	3	0	-3	0.9999999999999999	0.03969424161086688	-2.472884801000828
0	1	0.006186349529952739	2.993813650470047	0	0.002062116509984246	0	0.3340221258737978	0.3340221258737978	0.9979378834900158	0.002062116509984224	0.2753327460904332
2.5	19.5	0.9225921502549949	2.074074142121043	0.1136363636363636	0.3078728360919618	2.70975641762075	9.401785405828555	6.692028988207804	0.03788236619603895	0.9897448925913515	5.516205590932008
1	0	0.7954633445510847	2.204536655448915	1	0.2651544481836949	1.257128951132682	0	-1.257128951132682	1	0.2651544481836949	-1.036245025384707
1	0	1	1.999932870502175	1	0.3333407923333313	0.9999999999999998	0	-0.9999999999999998	1	0.3333407923333314	-0.8242949336669422
0	0	0	1.275382048761679	0	0	0	0	0	0	0	0
4	0	0.7954633445510847	2	1	0.2845550974945178	5.028515804530726	0	-5.028515804530726	1	0.006556400574999066	-4.144980101538827
4	0	0.9999999999999997	1.999999999999999	1	0.3333333333333333	4.000000000000002	0	-4.000000000000002	1	0.01234567901234551	-3.297179734667771
0	0	0.7954633445510849	2.204536655448916	0	0.2651544481836949	0	0	0	0	0	0
5	0	0.9391431080803258	2.060174000453956	1	0.3131189781194126	5.324002228180484	0	-5.324002228180484	1	0.003009864570528209	-4.388548063520686
2	0	0.7954633445510847	2.204536655448915	1	0.2651544481836949	2.514257902265363	0	-2.514257902265363	0.9999999999999999	0.0703068813915998	-2.072490050769413
0	2	0.8206165181691349	1.385274199866767	0	0.3720114108371615	0	1.443757488728482	1.443757488728482	0.3943696681187324	0.6056303318812677	1.190081983402595
2	0	0.7954633445510848	2.204536655448916	1	0.2651544481836949	2.514257902265363	0	-2.514257902265363	0.9999999999999999	0.0703068813915998	-2.072490050769413
1	1	0.9999006155622588	2.000099384437742	0.5	0.3333002051874195	1.000099394315989	0.4999751551251616	-0.5001242391908277	0.8889109732220239	0.5555113835968631	-0.4122498765690333
8	0	0.8617915237258503	2.06936296408373	1	0.2940109527866809	9.282987566892022	0	-9.282987566892022	0.9999999999999996	5.583519996710251e-05	-7.651919620682309
3	0	1	1.932661550459259	1	0.3409871827328314	3	0	-3	1	0.03964734995412789	-2.472884801000827
2	6	0.8139919337593646	2.107707899611359	0.25	0.2786021768773809	2.457026804630778	2.846694269688102	0.3896674650573235	0.6062902338878904	0.7000302272378578	0.3212009172615921
3	0	1	1.931288434220539	1	0.3411469128475277	3	0	-3	1	0.03970309260144345	-2.472884801000827
3	0	0.820114326915715	1.3844223285332	1	0.3720121073463	3.65802657207855	0	-3.65802657207855	0.9999999999999999	0.05148387455262504	-3.015292770583401
0	1	1	2	0	0.3333333333333333	0	0.5	0.5	0.6666666666666667	0.3333333333333333	0.4121474668334712
1	0	1	2	1	0.3333333333333333	0.9999999999999998	0	-0.9999999999999998	1	0.3333333333333333	-0.8242949336669422
0	0	0.7954633445510849	2.204536655448916	0	0.2651544481836949	0	0	0	0	0	0
1	0	1	2	1	0.3333333333333333	0.9999999999999998	0	-0.9999999999999998	1	0.3333333333333333	-0.8242949336669422
0	1	0.8189917518790059	2.077081533632877	0	0.2827938629785912	0	0.48144475014949	0.48144475014949	0.7172061370214088	0.2827938629785912	0.3968524683887715
3	0	0.7954633445510848	2.204536655448916	1	0.2651544481836949	3.771386853398044	0	-3.771386853398044	0.9999999999999999	0.01864218233890624	-3.10873507615412
4	0	0.9999999999999999	2	1	0.3333333333333334	4.000000000000001	0	-4.000000000000001	1	0.01234567901234573	-3.29717973466777
1	0	0.818985860134855	1.38555079531406	1	0.3715002234644553	1.221022301698028	0	-1.221022301698028	1	0.3715002234644553	-1.006482497184033
2	1	0.9999999999999999	1.999053715628818	0.6666666666666666	0.3334385092166739	2	0.500236683077544	-1.499763316922456	0.9629278932720531	0.2593995048300194	-1.23624730383871
1	1	1	2	0.5	0.3333333333333333	1	0.5	-0.5	0.8888888888888891	0.5555555555555555	-0.4121474668334712
6	2	0.9195281852656901	2.080471814734311	0.75	0.3065093950885633	6.525085468985759	0.9613204013799208	-5.563765067605838	0.9985120392727675	0.01265407173321453	-4.586183357340606
1	4	0.7954633445510848	2.204536655448915	0.2	0.2651544481836949	1.257128951132681	1.814440231743604	0.5573112806109231	0.6008716641072659	0.785720636239058	0.4593888650830195
0	1	0.8189542738840904	1.386255148853343	0	0.3713725623698283	0	0.7213679248204502	0.7213679248204502	0.6286274376301717	0.3713725623698283	0.5946199257393329
0	0	0.9210124316973952	2.078987568302606	0	0.3070041438991317	0	0	0	0	0	0
1	0	0.7954633445510848	2.204536655448915	1	0.2651544481836949	1.257128951132681	0	-1.257128951132681	1	0.2651544481836949	-1.036245025384706
12	1	0.9998994732298448	1.997388060535093	0.9230769230769231	0.333601451968092	12.00120644252163	0.500653838759857	-11.50055260376177	0.9999993661841157	1.709316210951606e-05	-9.479847245650992
5	0	0.8619598375668555	2.034113447945026	1	0.2976305336881362	5.80073430580481	0	-5.80073430580481	1	0.002335540568883632	-4.781515899822933
3	0	1.795261992294042	1.204554411192095	1	0.5984572889886655	1.671065289009158	0	-1.671065289009158	1	0.2143381523592485	-1.377450651556934
2	0	0.7954633445510847	2.204536655448915	1	0.2651544481836949	2.514257902265363	0	-2.514257902265363	0.9999999999999999	0.0703068813915998	-2.072490050769413
10	1	1.038436798480286	1.536600627703231	0.9090909090909091	0.4032705652823698	9.629859048364461	0.6507871869704412	-8.979071861394019	0.9999541265118866	0.000792554979034632	-7.401403444378492
2	0	1.657830532336644	1.216635087346797	1	0.5767439071054945	1.206395925873727	0	-1.206395925873727	1	0.3326335343833112	-0.9944260496941534
4	2	0.9200084442199855	2.079991555780015	0.6666666666666666	0.3066694814066618	4.34778618080113	0.9615423651323346	-3.386243815668795	0.9878846777800557	0.07589085985124711	-2.791263621416803
4	1	0.9998660127644488	1.999832259078771	0.8	0.333322195152002	4.000536020762145	0.5000419387477293	-3.500494082014416	0.9958854611586623	0.04526198960521055	-2.885439537135597
0	1	0.8190858253234928	2.07698746018839	0	0.2828263460807826	0	0.4814665563312051	0.4814665563312051	0.7171736539192175	0.2828263460807825	0.3968704431138819
2	0	1	2	1	0.3333333333333333	2	0	-2	1	0.1111111111111109	-1.648589867333885
4	0	0.7954633445510848	2.204536655448915	1	0.2651544481836949	5.028515804530725	0	-5.028515804530725	1	0.004943057571012321	-4.144980101538826
2	1	0.8621287933773254	2.069017174715391	0.6666666666666666	0.2941268714564593	2.319839002436224	0.4833212658747299	-1.836517736561494	0.9745549030173311	0.2086416555729558	-1.51383226583712
1	0	0.8190812948574782	2.076991990654404	1	0.2828247817329337	1.220880035081258	0	-1.220880035081258	1	0.2828247817329337	-1.0063652275326
3	0	0.7954633445510848	2.204536655448916	1	0.2651544481836949	3.771386853398044	0	-3.771386853398044	0.9999999999999999	0.01864218233890624	-3.10873507615412
1	0	0.7954633445510846	2.204536655448915	1	0.2651544481836949	1.257128951132682	0	-1.257128951132682	1	0.2651544481836949	-1.036245025384707
3	0	0.8621822670337645	1.342354388415151	1	0.3910945481004924	3.47954268454296	0	-3.47954268454296	1	0.05981984531114892	-2.868169406346634
1	0	0.9210124316973952	2.078987568302606	1	0.3070041438991317	1.08576167441848	0	-1.08576167441848	1	0.3070041438991317	-0.8949878473928894
2	0	0.8192280322476646	2.111926455561916	1	0.2794898855228421	2.441322710250436	0	-2.441322710250436	1	0.07811459610957128	-2.012369941505483
6	0	0.8193127108141753	2.076760574697706	1	0.2829046885356568	7.323211175422412	0	-7.323211175422412	1	0.0005126735007713323	-6.036485870073829
2	0	0.819049141366146	2.112105346443434	1	0.2794288546620456	2.441855926573671	0	-2.441855926573671	1	0.07808048481774255	-2.012809469019274
3	0	0.7954633445510847	2.204536655448916	1	0.2651544481836949	3.771386853398045	0	-3.771386853398045	0.9999999999999999	0.01864218233890624	-3.10873507615412
1	1	1.001051913855536	1.794560471667247	0.5	0.3580796533308885	0.9989491915044797	0.5572395111717491	-0.4417096803327306	0.8717789618704306	0.5879382685322078	-0.3640990516499145
2	0	0.8190386829850766	2.112115804824504	1	0.2794252866545889	2.441887106858958	0	-2.441887106858958	1	0.07807849082199914	-2.012835170770467
4	0	0.9999999999999998	2	1	0.3333333333333334	4.000000000000001	0	-4.000000000000001	1	0.01234567901234573	-3.29717973466777
2	0	0.8192707319035731	2.111883755906007	1	0.2795044530443038	2.441195470699906	0	-2.441195470699906	0.9999999999999999	0.07812273927159552	-2.012265058588619
8	0	1.000000000000001	1.981784992172531	1	0.3353695865480227	7.999999999999991	0	-7.999999999999991	1	0.0001600255777052251	-6.594359469335532
2	1	0.897109042080059	2.001291050097335	0.6666666666666666	0.3095187046471956	2.229383392862423	0.4996774456925513	-1.729705947169872	0.9703475421316518	0.2281005698427373	-1.425787848985705
4	2	0.9214735946629183	2.078526405337083	0.6666666666666666	0.3071578648876394	4.340873165728888	0.9622201550408749	-3.378653010688013	0.9877945756854831	0.07629780477820092	-2.785006559328691
7	0	0.8615390673914001	1.342997588057515	1	0.3908027862734552	8.124994286323961	0	-8.124994286323961	1	0.001392206188368772	-6.697391626289695
2	3	0.7955130476720165	2.204486952327984	0.4	0.2651710158906722	2.514100813120269	1.36086085555278	-1.153239957567489	0.8798411271317205	0.3991631999885907	-0.950609854325161
2	1	0.9999615810732088	2.000038418926791	0.6666666666666666	0.3333205270244029	2.000076840805724	0.4999903954528004	-1.500086445352923	0.9629672315686072	0.2592421843446909	-1.236513656966867
1	0	0.8622562208762296	2.068898266933351	1	0.2941694900293652	1.159748083909206	0	-1.159748083909206	1	0.2941694900293652	-0.9559744698963022
2	1	0.819052643659187	2.077020641852696	0.6666666666666666	0.282814888613711	2.441845485126366	0.4814588646109955	-1.96038662051537	0.9773792600717673	0.1947113038082917	-1.615936759319279
0	0	0.7954633445510849	2	0	0.2845550974945178	0	0	0	0	0	0
3	2	0.9999232384153446	2.000076761584655	0.6	0.3333077461384482	3.000230302432346	0.999961620680701	-2.000268681751645	0.9547451447274827	0.2098386377094457	-1.648811340340534
6	1	0.8620598032588825	2.069128142168552	0.8571428571428571	0.2940991227135981	6.960073973195289	0.4832953453293372	-6.476778627865952	0.9998096924127772	0.003387760339713664	-5.338775809432235
1	0	0.7954633445510848	2.204536655448916	1	0.2651544481836949	1.257128951132681	0	-1.257128951132681	1	0.2651544481836949	-1.036245025384706
6	2	0.9994502527130185	2.000549747286982	0.75	0.3331500842376728	6.00330029805179	0.9997252018912663	-5.003575096160524	0.997418301887844	0.01960539183268606	-4.124421601987204
1	0	0.8190070286270216	2.077066256884861	1	0.2827991379652748	1.220990742504853	0	-1.220990742504853	1	0.2827991379652748	-1.006456483100988
1	1	0.1823843244172241	2.817615675582776	0.5	0.06079477480574137	5.482927346937945	0.3549100073036636	-5.128017339634281	0.9963039953563192	0.1178935449678019	-4.22699871281677
2	0	0.7954633445510849	2.204536655448916	1	0.2651544481836949	2.514257902265363	0	-2.514257902265363	1	0.07030688139159968	-2.072490050769413
4	1	0.9999616193922294	2.000038380607771	0.8	0.3333205397974098	4.000153528323593	0.4999904050321877	-3.500163123291405	0.9958855633263735	0.04526117221951254	-2.885166729536967
0	0	0	1.275382048761679	0	0	0	0	0	0	0	0
1	0	1	1.795501725307354	1	0.3577175399131812	0.9999999999999998	0	-0.9999999999999998	1	0.3577175399131812	-0.8242949336669422
1	0	0.7954633445510849	2	1	0.2845550974945178	1.257128951132681	0	-1.257128951132681	1	0.2845550974945178	-1.036245025384706
5	0	0.7954633445510848	2.204536655448916	1	0.2651544481836949	6.285644755663407	0	-6.285644755663407	0.9999999999999998	0.00131067370258231	-5.181225126923533
9	0	1	2	1	0.3333333333333333	9	0	-9	1.000000000000001	5.080526342449154e-05	-7.418654403002481
0	1	0.8622927278131138	2.068878493902803	0	0.2941802653576562	0	0.4833536638072765	0.4833536638072765	0.7058197346423438	0.2941802653576562	0.3984259762456925
2	2	1.000526145984434	1.999473854015567	0.5	0.3335087153281446	1.998948261399174	1.000263142217827	-0.9986851191813466	0.8887329322647045	0.4077191975988299	-0.8232110840697505
0	1	0.9999227775268142	2.000077222473186	0	0.333307592508938	0	0.4999806951270885	0.4999806951270885	0.666692407491062	0.333307592508938	0.4121315539245352
4	0	1	2	1	0.3333333333333333	4	0	-4	1	0.01234567901234551	-3.29717973466777
3	4	1	2	0.4285714285714285	0.3333333333333333	3	2	-1	0.8267032464563331	0.4293552812071328	-0.8242949336669424
5	2	1.793455236638954	1.206391954719234	0.7142857142857143	0.5978488643706427	2.787914578437044	1.657835989519231	-1.130078588917813	0.8441621735665981	0.4152288463263935	-0.9315180554904408
6	0	0.8615821832073547	2.069572304602227	1	0.2939395336515358	6.963932306102476	0	-6.963932306102476	1	0.0006449826092805866	-5.740334118319818
4	0	0.7954633445510847	2.204536655448915	1	0.2651544481836949	5.028515804530726	0	-5.028515804530726	0.9999999999999998	0.004943057571012655	-4.144980101538827
0	0	0.8189542738840905	1.385582381564825	0	0.371485895623416	0	0	0	0	0	0
4	0	0.7954633445510847	2.204536655448915	1	0.2651544481836949	5.028515804530726	0	-5.028515804530726	0.9999999999999998	0.004943057571012655	-4.144980101538827
0	0	1	2	0	0.3333333333333333	0	0	0	0	0	0
0	0	0.9210124316973952	2.078987568302606	0	0.3070041438991317	0	0	0	0	0	0
1	2	0.7954633445510847	2.204536655448915	0.3333333333333333	0.2651544481836949	1.257128951132682	0.9072201158718022	-0.3499088352608793	0.8263637205030129	0.6031848827151917	-0.2884280801508436
6	0	1.795287082573697	1.204513785217489	1	0.5984687523260844	3.342083869616268	0	-3.342083869616268	1	0.0459461237392087	-2.754862801614699
1	0	1	2	1	0.3333333333333333	1	0	-1	1	0.3333333333333333	-0.8242949336669424
4	1	0.7954747638154437	2.204491769432668	0.8	0.265161212633319	5.028443618769572	0.4536192939642286	-4.574824324805343	0.998689159103568	0.01947444644791407	-3.771004513353335
0	1	1	1.796607182611961	0	0.3575761394798483	0	0.5566046989449136	0.5566046989449136	0.6424238605201517	0.3575761394798483	0.458806433395506
1	0	0.8189753604415857	2.112179127367996	1	0.2794036833771927	1.22103795584376	0	-1.22103795584376	1	0.2794036833771927	-1.006495400817051
0	0	0	3.000000000000001	0	0	0	0	0	0	0	0
1	2	0.7954804891594515	2.204443661018114	0.3333333333333333	0.2651668673397516	1.257101856837061	0.9072583869420857	-0.3498434698949752	0.8263492012316523	0.6032050013329147	-0.2883741998108915
1	1	0.8189418552985671	2.077232613190609	0.5	0.2827667546305585	1.221087911834013	0.4814097341096574	-0.7396781777243558	0.9200429624757014	0.4855764717368186	-0.6097129744421828
10	0	1.792594476804852	1.205850306138114	1	0.5978414166578133	5.578506533069405	0	-5.578506533069405	1.000000000000001	0.005832570321182784	-4.59833467263705
4	0	0.795463344551085	2.204536655448916	1	0.2651544481836949	5.028515804530724	0	-5.028515804530724	1	0.004943057571012321	-4.144980101538825
1	0	0.8189648045859869	2.112189683223594	1	0.2794000821150815	1.221053694127347	0	-1.221053694127347	1	0.2794000821150815	-1.006508373804476
1	2	0.8241209633596136	2.071952322152268	0.3333333333333333	0.2845649547207332	1.213414103584257	0.9652731767121325	-0.2481409268721246	0.8031549137949487	0.6338065008768545	-0.2045413088561116
0	0	1	2	0	0.3333333333333333	0	0	0	0	0	0
2	1	0.8623664319675215	2.03388372396648	0.6666666666666666	0.2977527442512713	2.31919973442951	0.4916701914747613	-1.827529542954748	0.9736022252585942	0.213174540644677	-1.506423343384262
4	1	0.8619371481230454	2.034161374424173	0.8	0.29762010560502	4.640709602446537	0.4916030815318566	-4.149106520914681	0.9976648685542038	0.02988954304985381	-3.420087484434445
1	1	0.8196396938853404	1.385283691389813	0.5	0.3717315981856926	1.220048281531727	0.7218737982807915	-0.4981744832509352	0.8618156189103108	0.6052788152816959	-0.4106427026258929
5	0	1.794361078416082	1.205516834133563	1	0.5981447014592089	2.786507164106345	0	-2.786507164106345	1	0.07656517859740775	-2.2969037379995
9	0	0.93823554116247	2.058906014451919	1	0.3130434528208794	9.592473963253445	0	-9.592473963253445	0.9999999999999997	2.886965713433387e-05	-7.90702768924187
1	0	0.8189648101697888	2.112189677639792	1	0.2794000840200654	1.221053685802054	0	-1.221053685802054	1	0.2794000840200654	-1.006508366941979
0	0	0.7954633445510849	2.204536655448916	0	0.2651544481836949	0	0	0	0	0	0
2	0	1	2	1	0.3333333333333333	2	0	-2	1	0.1111111111111109	-1.648589867333885
1	0	0.8622136565760007	2.06894083123358	1	0.294154968686186	1.159805336383992	0	-1.159805336383992	1	0.294154968686186	-0.9560216628212083
1	0	0.795463344551085	2.204536655448916	1	0.2651544481836949	1.257128951132681	0	-1.257128951132681	1	0.2651544481836949	-1.036245025384706
0	2	0.00401984023095708	2.995980159769043	0	0.00133994674365236	0	0.6675611630733155	0.6675611630733155	0.9973219019699712	0.00267809803002883	0.5502672846341455
4	0	1.000000000000001	1.982673419505858	1	0.3352696924377565	3.999999999999997	0	-3.999999999999997	0.9999999999999999	0.01263505638006535	-3.297179734667767
1	0	0.7954633445510847	2.204536655448916	1	0.2651544481836949	1.257128951132682	0	-1.257128951132682	1	0.2651544481836949	-1.036245025384707
2	0	0.9999999999999999	2	1	0.3333333333333334	2	0	-2	1	0.111111111111111	-1.648589867333885
0	0	0.7954633445510849	2.078987568302606	0	0.2767357553381793	0	0	0	0	0	0
0	0	0.7954633445510849	2.204536655448916	0	0.2651544481836949	0	0	0	0	0	0
1	2	0.819469827021659	2.076889778044075	0.3333333333333333	0.2829309680981623	1.220301183796447	0.9629784021969202	-0.2573227815995266	0.8051474117881896	0.6312917111251366	-0.2121098651895749
1	0	0.1853771032451118	2.814622896754889	1	0.06179236774837057	5.394409463167449	0	-5.394409463167449	1	0.0617923677483706	-4.446584390613938
2	0	0.7954633445510848	2	1	0.2845550974945178	2.514257902265363	0	-2.514257902265363	1	0.08097160351011445	-2.072490050769413
0	0	0.7954633445510849	2.204536655448916	0	0.2651544481836949	0	0	0	0	0	0
1	2	0.8189753281106588	2.077132013934349	0.3333333333333333	0.2827848665071792	1.22103800404703	0.9628660993057196	-0.25817190474131	0.8053252314333462	0.6310662941499861	-0.2128097930934063
1	0	0.7954633445510848	2.078987568302606	1	0.2767357553381792	1.257128951132681	0	-1.257128951132681	1	0.2767357553381793	-1.036245025384706
2	3	0.7955628281840875	2.204437171815912	0.4	0.2651876093946959	2.513943499050982	1.360891586458207	-1.153051912592774	0.8798222254089243	0.3991981181899072	-0.9504548498052019
0	1	0.7954633445510848	2.204536655448916	0	0.2651544481836949	0	0.453610057935901	0.453610057935901	0.7348455518163051	0.2651544481836949	0.3739084726169314
6	2	1	2	0.75	0.3333333333333333	6	1	-5	0.9974089315653105	0.0196616369455872	-4.121474668334712
2	0	0.7954633445510849	2.078987568302606	1	0.2767357553381793	2.514257902265363	0	-2.514257902265363	1	0.07658267828259258	-2.072490050769413
0	4	0.1830026722986197	2.81699732770138	0	0.06100089076620657	0	1.419951648752159	1.419951648752159	0.7774289718554902	0.2225710281445098	1.170458950118426
4	5	0.9996553767210878	1.933691313443035	0.4444444444444444	0.3407900539247737	4.00137896834024	2.58572811763696	-1.41565085070328	0.8434428124567503	0.3681188381295036	-1.16691382407601
3	0	1	1.795885135941433	1	0.3576684847116507	3	0	-3	1	0.04575536502248045	-2.472884801000827
1	0	0.6994821447260234	2.300517855273978	1	0.2331607149086743	1.429629058496818	0	-1.429629058496818	1	0.2331607149086743	-1.178435989941968
2	0	0.8963175351526009	1.999133589108806	1	0.3095605819909118	2.231352084012831	0	-2.231352084012831	1	0.09582775392255183	-1.83929221807895
1	0	0.7954633445510848	2.204536655448915	1	0.2651544481836949	1.257128951132681	0	-1.257128951132681	1	0.2651544481836949	-1.036245025384706
2	2	0.9991197373801051	1.932135408246268	0.5	0.3408504847730018	2.001762076329716	1.035124138538163	-0.966637937791553	0.8820939709458535	0.4207695426646378	-0.7967947548118381
0	0	1	2	0	0.3333333333333333	0	0	0	0	0	0
1	0	0.7954633445510847	2	1	0.2845550974945177	1.257128951132682	0	-1.257128951132682	1	0.2845550974945177	-1.036245025384707
4	3	0.7955627695632457	2.204437230436755	0.5714285714285714	0.2651875898544152	5.027887368580548	1.360891550269102	-3.666995818311446	0.9832479046901982	0.08542893100588167	-3.022686074811989
3	1	0.7956623832529379	2.204337616747063	0.75	0.2652207944176459	3.770443423170242	0.4536510162520831	-3.316792406918159	0.9950519932174439	0.05978069817669318	-2.734015177047622
1	14	0.7956238982943601	2.203596784519029	0.06666666666666667	0.2652768777081228	1.256875267502367	6.353249423104295	5.096374155601928	0.06296657739851193	0.99018578394497	4.20091539653381
12	1	1	2.000000000000001	0.9230769230769231	0.3333333333333333	11.99999999999999	0.4999999999999998	-11.49999999999999	0.9999993727745262	1.693508780786779e-05	-9.479391737169832
2	0	0.7954633445510848	2	1	0.2845550974945178	2.514257902265363	0	-2.514257902265363	1	0.08097160351011445	-2.072490050769413
4	0	0.9189527669723323	2.03153094739437	1	0.3114583424059259	4.352780843327535	0	-4.352780843327535	1	0.009410222056201789	-3.587975196517408
2	2	0.7954633445510848	2.204536655448915	0.5	0.2651544481836949	2.514257902265363	0.9072201158718022	-1.607037786393561	0.9402604433574131	0.2875330023513869	-1.32467310553555
1	0	0.8190070259219228	2.112147461887658	1	0.2794144864517044	1.220990746537663	0	-1.220990746537663	1	0.2794144864517044	-1.006456486425214
2	0	0.9999999999999999	2	1	0.3333333333333334	2	0	-2	1	0.111111111111111	-1.648589867333885
6	0	1.615574698741552	1.18187484189262	1	0.5775170115759468	3.713848703296533	0	-3.713848703296533	1	0.03710126256767532	-3.061306670532876
2	1	0.7954633445510848	2.204536655448916	0.6666666666666666	0.2651544481836949	2.514257902265363	0.453610057935901	-2.060647844329462	0.9813578176610938	0.1736362794969871	-1.698581578152482
2	2	0.7955548600507314	2.204040264302663	0.5	0.26522074715741	2.513968678253644	0.9074244388329178	-1.606544239420726	0.9402193311355513	0.2876469208401848	-1.324266277266316
5	0	1.125010817642367	1.781586676716656	1	0.3870542171132161	4.444401708490473	0	-4.444401708490473	1	0.008686783908167128	-3.6634978114894
5	0	0.7954633445510849	2.204536655448916	1	0.2651544481836949	6.285644755663406	0	-6.285644755663406	0.9999999999999998	0.00131067370258231	-5.181225126923532
1	2	0.8620451351770553	1.344005904058242	0.3333333333333333	0.3907639124595565	1.160032066992188	1.488088701069672	0.328056634077484	0.6612472070957276	0.7738706880054835	0.2704154214259
1	0	0.9208327160499526	2.079167283950048	1	0.3069442386833175	1.085973578664371	0	-1.085973578664371	1	0.3069442386833174	-0.8951625189892001
10	1	0.8586760223662071	2.037422498840254	0.9090909090909091	0.2964940647145176	11.64583584440094	0.4908162153746815	-11.15501962902626	0.9999984434035208	4.218413313195057e-05	-9.195026165161641
9	1	0.9999560255913316	1.94463310582682	0.9	0.3395910196509284	9.000395787082519	0.5142358201162164	-8.486159966966303	0.9999796032031775	0.0004170571032569015	-6.995098667057551
0	7	0.9993466452235386	2.000653354776461	0	0.3331155484078462	0	3.49885700253262	3.49885700253262	0.05866163235225655	0.9413383676477435	2.884090100812743
4	1	0.8621384678916585	2.069083118643139	0.8	0.2941225841990516	4.639625940577639	0.4833058619006949	-4.156320078676943	0.9977988893991577	0.02861380969781546	-3.426033583551592
6	0	1.787271527839723	1.212144329165574	1	0.595873200998606	3.357072446206428	0	-3.357072446206428	0.9999999999999994	0.04476340583815053	-2.767217809360848
4	1	0.8624210429813938	2.034031117255981	0.8	0.2977508328363743	4.63810575188655	0.4916345632652142	-4.146471188621335	0.9976597356086899	0.02993798265938064	-3.417915193376512
1	1	1	1.795775753755316	0.5	0.3576824781661366	1	0.5568624021728803	-0.4431375978271197	0.8720632448129311	0.5874282011452046	-0.3652760768062338
12	1	0.9997316694196882	1.990367577267424	0.9230769230769231	0.3343473199183416	12.00322083121125	0.5024197597575922	-11.50080107145366	0.9999993475127925	1.753998063080964e-05	-9.480052056310592
0	0	0.7954633445510849	2	0	0.2845550974945178	0	0	0	0	0	0
1	0	0.8190490877092285	2.077024197802654	1	0.2828136607615098	1.220928043271335	0	-1.220928043271335	1	0.2828136607615097	-1.006404800440454
1	1	0.7954633445510847	2.204536655448915	0.5	0.2651544481836949	1.257128951132682	0.4536100579359011	-0.8035188931967805	0.9296931186084002	0.4600020149757901	-0.6623365527677751
0	0	0	1.275382048761679	0	0	0	0	0	0	0	0
2	1	0.9211084149619774	2.078891585038023	0.6666666666666666	0.3070361383206591	2.171297067221515	0.481025565352755	-1.69027150186876	0.9710553377953955	0.2249242462953795	-1.393282235512033
3	2	1.792655549803087	1.206615325763936	0.6	0.5976971151244147	1.673494944597434	1.657529087601928	-0.01596585699550612	0.667007900868708	0.6785730320340719	-0.01316057503304661
0	0	0	1.275382048761679	0	0	0	0	0	0	0	0
1	0	0.9210124316973951	2.078987568302606	1	0.3070041438991316	1.08576167441848	0	-1.08576167441848	1	0.3070041438991316	-0.8949878473928896
1	0	1	2	1	0.3333333333333333	0.9999999999999998	0	-0.9999999999999998	1	0.3333333333333333	-0.8242949336669422
0	0	0.7954633445510849	2.204536655448916	0	0.2651544481836949	0	0	0	0	0	0
0	0	1	2	0	0.3333333333333333	0	0	0	0	0	0
0	6	0.1842137680698433	2.815786231930157	0	0.06140458935661443	0	2.130843574686825	2.130843574686825	0.6837078371613005	0.3162921628386995	1.756443563051107
0	0	1	1.795463344551085	0	0.3577224512527411	0	0	0	0	0	0
2	0	0.7954633445510848	2.078987568302606	1	0.2767357553381792	2.514257902265363	0	-2.514257902265363	0.9999999999999999	0.07658267828259269	-2.072490050769413
1	1	0.7957117798631004	2.204288220136899	0.5	0.2652372599543668	1.256736453206771	0.4536611822649463	-0.803075270941825	0.9296491959318995	0.4601237158406334	-0.6619708771905534
2	0	1.657918750723858	1.216646505003243	1	0.5767546057341109	1.206331733160498	0	-1.206331733160498	1	0.3326458752355096	-0.9943731359658606
1	0	1	2	1	0.3333333333333333	0.9999999999999998	0	-0.9999999999999998	1	0.3333333333333333	-0.8242949336669422
2	1	0.7954633445510847	2.079079036204812	0.6666666666666666	0.2767269496099438	2.514257902265363	0.4809821957636676	-2.033275706501696	0.978808857714029	0.1873511293493315	-1.67601886361742
0	4	0.999199887720198	2.000800112279802	0	0.333066629240066	0	1.999200207682026	1.999200207682026	0.1978471476711562	0.8021528523288438	1.647930602578193
2	5	1	2	0.2857142857142857	0.3333333333333333	2	2.5	0.5	0.5706447187928672	0.736625514403292	0.4121474668334712
7	0	1.658405314008845	1.216497691586069	1	0.576856092459949	4.220922316679615	0	-4.220922316679615	0.9999999999999997	0.02125555193003581	-3.47928488104074
1	1	1.657502719563649	1.21740887784362	0.5	0.5765404129499018	0.6033172604768082	0.8214167139731118	0.2180994534963036	0.6676011522355567	0.8206819781353603	0.1797782745525319
2	0	1	1.99919582492139	1	0.3334227100780291	2	0	-2	0.9999999999999998	0.1111707035957776	-1.648589867333885
0	1	0.7955626430657181	2.204437356934282	0	0.2651875476885727	0	0.4536304907256258	0.4536304907256258	0.7348124523114272	0.2651875476885728	0.3739253152619822
1	1	0.9210892945573194	2.078910705442682	0.5	0.3070297648524397	1.085671070013473	0.4810211412072462	-0.6046499288062268	0.9057327234946556	0.5197922531995349	-0.4984098729570501
0	2	0.0001320509593116384	2.999867949040689	0	4.40169864372128e-05	0	0.6666960126160115	0.6666960126160115	0.9999119679646207	8.803203537932625e-05	0.5495541454953302
0	0	0	1.275382048761679	0	0	0	0	0	0	0	0
2	0	1	2	1	0.3333333333333333	2	0	-2	1	0.1111111111111109	-1.648589867333885
0	0	0.7954633445510849	2.078987568302606	0	0.2767357553381793	0	0	0	0	0	0
2	0	0.8190281807526346	1.385508474696281	1	0.3715194205223382	2.441918418682649	0	-2.441918418682649	0.9999999999999999	0.1380266798252541	-2.012860980948099
12	2	0.8435369927546941	2.05261206123378	0.8571428571428571	0.2912615949766138	14.22581357198365	0.9743682392657501	-13.2514453327179	0.9999988911808496	1.81465599602415e-05	-10.92309925152381
0	0	1	2	0	0.3333333333333333	0	0	0	0	0	0
0	0	0.7954633445510849	2.204536655448916	0	0.2651544481836949	0	0	0	0	0	0
1	0	0.9210124316973953	2.078987568302606	1	0.3070041438991317	1.08576167441848	0	-1.08576167441848	1	0.3070041438991317	-0.8949878473928894
3	0	0.938762040927681	2.059641601348299	1	0.3130872800751738	3.195698024853467	0	-3.195698024853467	0.9999999999999998	0.0306899563788442	-2.634197691416168
0	0	0.7954633445510849	2.078987568302606	0	0.2767357553381793	0	0	0	0	0	0
2	1	0.795463344551085	2.204536655448916	0.6666666666666666	0.2651544481836949	2.514257902265362	0.4536100579359009	-2.060647844329461	0.9813578176610939	0.173636279496987	-1.698581578152481
1	0	0.921012431697395	2.078987568302605	1	0.3070041438991317	1.085761674418481	0	-1.085761674418481	1	0.3070041438991317	-0.8949878473928897
0	1	0.7954633445510849	2.079109668260263	0	0.2767240007492861	0	0.4809751093297404	0.4809751093297404	0.7232759992507138	0.2767240007492862	0.3964653458404087
0	0	0.9210124316973952	2.078987568302606	0	0.3070041438991317	0	0	0	0	0	0