Observed S Changes	Observed NS Changes	E[S Sites]	E[NS Sites]	Observed S. Prop.	P{S}	dS	dN	dN-dS	P{S leq. observed}	P{S geq. observed}	Scaled dN-dS
0	0	0	3.000000000000001	0	0	0	0	0	0	0	0
2	2	0.8653095697346327	2.033100387784388	0.5	0.2985463003568066	2.311311546702698	0.9837192555845902	-1.327592291118108	0.9173948139520076	0.3457365749216066	-1.135332006988342
7	1	0.9999804864435334	2.000019513556468	0.875	0.333326828814511	7.00013659756077	0.49999512165848	-6.50014147590229	0.9998476080014922	0.002590735345062045	-5.558798975345793
0	5	0.9227316564560309	2.07726834354397	0	0.3075772188186768	0	2.407007267760908	2.407007267760908	0.1591683594835653	0.8408316405164347	2.058427433200123
0	1	0.9224074957252484	2.077592504274753	0	0.3074691652417494	0	0.4813263418800602	0.4813263418800602	0.6925308347582506	0.3074691652417494	0.4116212525479556
7	0	1	2	1	0.3333333333333333	6.999999999999998	0	-6.999999999999998	1	0.0004572473708274183	-5.986268602256721
3	0	1.664766255413386	1.212168551344251	1	0.5786597080695098	1.802054787117881	0	-1.802054787117881	0.9999999999999998	0.1937625006815511	-1.541083427381456
0	1	0.7996465598557723	2.200353440144229	0	0.2665488532852572	0	0.4544724414521568	0.4544724414521568	0.7334511467147428	0.2665488532852572	0.3886563009794289
1	5	0.7994441444565735	2.00112667256332	0.1666666666666667	0.2854575715772356	1.250869128173746	2.498592452218583	1.247723324044837	0.4521279876041518	0.866903041940023	1.067029565576143
0	4	0.9228727202171743	2.077127279782827	0	0.3076242400723913	0	1.925736587705987	1.925736587705987	0.2298092044362612	0.7701907955637388	1.646853781600193
1	1	1.793734815533895	1.206265184466106	0.5	0.5979116051779648	0.5574960085180458	0.8290051083938071	0.2715090998757613	0.6425017123935095	0.8383249227494391	0.2321894856876078
2	2	0.7978221691531249	2.075692267138621	0.5	0.2776468282451749	2.506824299107866	0.9635339648670733	-1.543290334240793	0.9322148791832522	0.3091287569776479	-1.319792924575992
5	3	1.796882199600208	1.20262093924058	0.625	0.5990599497404245	2.782597546523896	2.494551609831783	-0.2880459366921126	0.686567239638705	0.59190235144182	-0.2463314781182316
0	4	0.9994529038779277	2.000547096122074	0	0.333150967959309	0	1.999453053494082	1.999453053494082	0.1977470896389686	0.8022529103610314	1.709894719402565
5	7	0.8029868192284094	2.197013180771592	0.4166666666666667	0.2676622730761363	6.226752270734037	3.18614383439502	-3.040608436339018	0.9267316250138092	0.1961935526566998	-2.60027125917331
7	6	1	2.000000000000001	0.5384615384615384	0.3333333333333333	6.999999999999997	2.999999999999999	-3.999999999999999	0.9653451653146827	0.103539245184319	-3.420724915575269
1	0	0.8226049356002397	1.377950919943188	1	0.3738168851874461	1.215650376897287	0	-1.215650376897287	1	0.3738168851874462	-1.039601383220254
1	6	0.8231713973767538	2.074632051935099	0.1428571428571428	0.2840673674994189	1.214813832437273	2.892079101160873	1.6772652687236	0.3641703232749631	0.9035937683652699	1.434365773687967
2	11	0.9786436382447719	2.02135636175523	0.1538461538461539	0.3262145460815905	2.043644818033112	5.441890508830532	3.39824569079742	0.1508821671826439	0.9569725608723751	2.906115925939257
3	0	1.000000000000001	2.000000000000002	1	0.3333333333333333	2.999999999999997	0	-2.999999999999997	1	0.03703703703703698	-2.56554368668145
0	4	0.9964229856795198	1.936172513538642	0	0.3397751193252425	0	2.065931610964463	2.065931610964463	0.1900061013811027	0.8099938986188973	1.766745933875174
0	3	0.799868740294529	2.200054110297314	0	0.2666297702078325	0	1.363602825020782	1.363602825020782	0.3944298996523068	0.6055701003476932	1.166127539624354
1	0	0.7994441444565734	2.200555855543428	1	0.2664813814855243	1.250869128173746	0	-1.250869128173746	1	0.2664813814855242	-1.069719798216962
3	1	0.7994441444565732	2.200555855543427	0.75	0.2664813814855244	3.752607384521238	0.4544306373686888	-3.298176747152549	0.9949572494597154	0.06056560004222766	-2.820538843738931
2	0	0.7994441444565734	2.200555855543428	1	0.2664813814855244	2.501738256347491	0	-2.501738256347491	0.9999999999999999	0.07101232667843371	-2.139439596433924
1	6	0.9946850491427969	2.005314950857204	0.1428571428571428	0.3315616830475988	1.005343350502537	2.992048704087706	1.986705353585169	0.2666537577997674	0.94037486720867	1.698993125728891
3	0	1	2.000000000000001	1	0.3333333333333333	2.999999999999999	0	-2.999999999999999	1	0.03703703703703698	-2.565543686681451
7	3	0.9969680581020359	2.003031941897965	0.7	0.3323226860340119	7.021288137682317	1.49772948561038	-5.523558652071937	0.9966693165702176	0.01931893719605382	-4.723643675945958
2	0	1.799410165443874	1.200558809951019	1	0.5998095914331958	1.111475325864153	0	-1.111475325864153	1	0.3597715459752573	-0.9505128350576628
1	0	0.7994441444565734	2.077468228617284	1	0.2778826883776101	1.250869128173746	0	-1.250869128173746	1	0.2778826883776101	-1.069719798216962
0	0	1	2.000000000000001	0	0.3333333333333333	0	0	0	0	0	0
8	0	1	1.999625888433016	1	0.3333749064695509	7.999999999999996	0	-7.999999999999996	1	0.0001525679303329142	-6.841449831150537
3	0	0.7994441444565734	2.200555855543428	1	0.2664813814855244	3.752607384521237	0	-3.752607384521237	0.9999999999999997	0.01892346291577063	-3.209159394650886
0	0	0.7994441444565734	2.200555855543428	0	0.2664813814855244	0	0	0	0	0	0
0	1	1	2.000000000000001	0	0.3333333333333333	0	0.4999999999999998	0.4999999999999998	0.6666666666666667	0.3333333333333333	0.4275906144469085
2	0	1.000000000000001	2.000000000000003	1	0.3333333333333333	1.999999999999997	0	-1.999999999999997	1	0.1111111111111109	-1.710362457787633
0	1	1	1.999898867356648	0	0.3333445706725265	0	0.5000252844393792	0.5000252844393792	0.6666554293274735	0.3333445706725265	0.427612237224849
3	0	0.7994441444565734	2.200555855543428	1	0.2664813814855243	3.752607384521237	0	-3.752607384521237	1	0.01892346291577018	-3.209159394650886
6	0	1	1.933395701466499	1	0.3409018427006176	5.999999999999997	0	-5.999999999999997	1	0.001569553387388622	-5.131087373362902
7	0	1.000000000000001	2.000000000000001	1	0.3333333333333334	6.999999999999996	0	-6.999999999999996	1	0.0004572473708274183	-5.986268602256719
0	4	0.1781224399269319	2.821877560073069	0	0.05937414664231062	0	1.417495945464205	1.417495945464205	0.7828303326594217	0.2171696673405783	1.212215924594083
1	0	1	2.000000000000001	1	0.3333333333333333	0.9999999999999996	0	-0.9999999999999996	1	0.3333333333333333	-0.8551812288938171
1	2	0.8227111216621785	2.075466797879296	0.3333333333333333	0.2838718479341465	1.215493474768681	0.9636386388081911	-0.2518548359604894	0.8040009404337187	0.6327411749449778	-0.2153815281195421
3	0	1	2.000000000000001	1	0.3333333333333333	2.999999999999999	0	-2.999999999999999	1	0.03703703703703698	-2.565543686681451
2	0	0.9215878906001884	2.078412109399813	1	0.307195963533396	2.170167403889705	0	-2.170167403889705	0.9999999999999999	0.09436936001121166	-1.855886427363703
9	1	0.999244331041089	2.000755668958912	0.9	0.3330814436803629	9.00680616383694	0.4998111541127595	-8.50699500972418	0.9999831924510956	0.0003533398434453217	-7.275022446609498
1	2	0.7994441444565732	2.200555855543427	0.3333333333333333	0.2664813814855244	1.250869128173746	0.9088612747373777	-0.3420078534363684	0.82480994579624	0.6053306273370427	-0.2924786963930502
1	2	0.7997147637202826	2.200234213570847	0.3333333333333333	0.2665761217187109	1.250445840649469	0.9089941369260506	-0.3414517037234182	0.8246988205189669	0.6054835324097326	-0.2920030875980804
3	8	0.9808229356662672	1.22300814700866	0.2727272727272727	0.4450535902578255	3.05865604372528	6.541248330656748	3.482592286931467	0.2003165896751732	0.9305200071267373	2.978247551674182
3	3	0.9221897763063852	2.077810223693616	0.5	0.3073965921021282	3.253126500725042	1.443827721025963	-1.809298779699079	0.9235027777287776	0.2695077567807187	-1.547278353859143
3	0	0.82273447089145	2.109861028326712	1	0.2805482280494508	3.646376937080851	0	-3.646376937080851	1	0.02208119586735813	-3.118313110062876
3	0	1.000000000000001	2.000000000000001	1	0.3333333333333334	2.999999999999998	0	-2.999999999999998	0.9999999999999999	0.0370370370370372	-2.565543686681451
2	0	1	2.000000000000001	1	0.3333333333333333	1.999999999999999	0	-1.999999999999999	1	0.1111111111111109	-1.710362457787634
0	0	0.7994441444565734	2.200555855543428	0	0.2664813814855244	0	0	0	0	0	0
2	0	1.000000000000001	2.000000000000001	1	0.3333333333333334	1.999999999999999	0	-1.999999999999999	1	0.111111111111111	-1.710362457787634
3	0	1	2.000000000000001	1	0.3333333333333333	2.999999999999999	0	-2.999999999999999	1	0.03703703703703698	-2.565543686681451
11	0	0.8643418087260939	2.068253690492068	1	0.2947361165072134	12.72644674704825	0	-12.72644674704825	1	1.458031563594808e-06	-10.88341836859245
5	0	1.789029164393229	1.201422490005576	1	0.5982471449627539	2.794811901065799	0	-2.794811901065799	0.9999999999999999	0.0766307671775226	-2.390070676080517
1	1	0.9999609297515141	2.000039070248488	0.5	0.3333203099171712	1.00003907177503	0.4999902326286849	-0.5000488391463449	0.8888975709967211	0.5555381908310633	-0.4276323807680981
5	0	0.8649975897115583	1.335558265831869	1	0.393081406015003	5.780362927562952	0	-5.780362927562952	1	0.009384529504795958	-4.94325787184555
2	7	0.79984940292117	2.200150597078831	0.2222222222222222	0.2666164676403899	2.500470704479743	3.181600391034137	0.6811296865543941	0.5541882100383919	0.7378196346656953	0.5824893223836475
3	0	1.000000000000001	2.000000000000001	1	0.3333333333333334	2.999999999999998	0	-2.999999999999998	0.9999999999999999	0.0370370370370372	-2.565543686681451
1	2	1	1.800103215876099	0.3333333333333333	0.3571296923378303	0.9999999999999996	1.111047401260606	0.1110474012606069	0.7084729455376675	0.7343131240583545	0.09496565307551064
1	5	0.557562808176251	2.44243719182375	0.1666666666666667	0.1858542693920836	1.793519914412746	2.047135548352233	0.2536156339394871	0.6900873448464591	0.7087855648514826	0.2168873294990551
3	3	0.9995951568905687	1.999962784914208	0.5	0.3332474905582692	3.001215021221263	1.500027911833715	-1.501187109387548	0.8999475869429173	0.3194463571547657	-1.283787037005601
2	4	0.8283085432657775	2.104241841914767	0.3333333333333333	0.2824533032583452	2.414559183603959	1.900922185047027	-0.5136369985569318	0.7760937418854774	0.5411442946438334	-0.4392527196312489
0	0	0.1774273053174838	2.822572694682517	0	0.0591424351058279	0	0	0	0	0	0
3	0	0.7994441444565736	2.077468228617284	1	0.2778826883776102	3.752607384521236	0	-3.752607384521236	1	0.02145776454163317	-3.209159394650885
0	13	0.7995802961296598	2.200317376813159	0	0.2665358566531681	0	5.908238573668229	5.908238573668229	0.01777974537330224	0.9822202546266977	5.052614724027451
1	6	0.7989450144339948	2.201029316769695	0.1428571428571428	0.2663172834926996	1.251650591634821	2.725997311478705	1.474346719843884	0.4052031186741741	0.8855652252480815	1.260833639691662
5	0	1	2.000000000000001	1	0.3333333333333333	4.999999999999998	0	-4.999999999999998	1	0.004115226337448097	-4.275906144469086
1	0	0.7994441444565734	2.200555855543428	1	0.2664813814855244	1.250869128173746	0	-1.250869128173746	1	0.2664813814855245	-1.069719798216962
3	3	0.8652725326056386	1.340526288441557	0.5	0.3922717359123682	3.467115720137272	2.237927018564986	-1.229188701572286	0.8313108347818154	0.4396580053239737	-1.051179104352983
2	2	0.9225080841103679	2.077491915889634	0.5	0.3075026947034558	2.168002681438531	0.9626992936545558	-1.205303387783976	0.9105163483309959	0.3615565466908782	-1.030752832354982
1	1	1.000142918826498	1.999857081173503	0.5	0.3333809729421659	0.9998571015963741	0.5000357322600305	-0.4998213693363436	0.8888571268801346	0.5556190727644668	-0.4274378528564449
0	0	0.7994441444565734	2.200555855543428	0	0.2664813814855244	0	0	0	0	0	0
4	0	1	1.932680429436368	1	0.3409849876456502	3.999999999999999	0	-3.999999999999999	1	0.01351889004948348	-3.420724915575269
4	3	0.8232143052484844	2.106592069551453	0.5714285714285714	0.2809790818701109	4.85900205389727	1.424101060362758	-3.434900993534512	0.9783710281142335	0.1027229445747427	-2.937462852779439
7	0	0.7994441444565733	2.200555855543428	1	0.2664813814855244	8.756083897216222	0	-8.756083897216222	1	9.542630284242737e-05	-7.488038587518735
3	0	0.7994441444565736	2.077468228617284	1	0.2778826883776101	3.752607384521236	0	-3.752607384521236	1	0.02145776454163317	-3.209159394650885
4	1	1	1.999898926169591	0.8	0.3333445641373146	3.999999999999998	0.5000252697346568	-3.499974730265341	0.9958840803563296	0.04527303602155341	-2.993112690925622
2	0	1.799265171329671	1.200532525487508	1	0.5997955039563877	1.111564894307371	0	-1.111564894307371	0.9999999999999998	0.3597546465662972	-0.9505894323090039
0	3	0.1768447530564805	2.82315524694352	0	0.05894825101882681	0	1.062640817662415	1.062640817662415	0.8333750967788059	0.1666249032211941	0.9087504803212753
0	0	0.7994441444565734	2.200555855543428	0	0.2664813814855244	0	0	0	0	0	0
2	0	1	2.000000000000001	1	0.3333333333333333	1.999999999999999	0	-1.999999999999999	1	0.1111111111111109	-1.710362457787634
1	0	1.799084306687986	1.200508948863032	1	0.5997760874273931	0.5558383207960634	0	-0.5558383207960634	1	0.5997760874273931	-0.4753424982446535
0	0	1.664635142892896	1.212277230180961	0	0.5786186463212659	0	0	0	0	0	0
4	0	1	1.933122563247126	1	0.3409335881596935	3.999999999999998	0	-3.999999999999998	1	0.01351074063615076	-3.420724915575268
5	0	0.7994441444565734	2.200555855543428	1	0.2664813814855244	6.254345640868729	0	-6.254345640868729	0.9999999999999998	0.00134379913046212	-5.34859899108481
3	0	1	2.000000000000001	1	0.3333333333333333	2.999999999999999	0	-2.999999999999999	1	0.03703703703703698	-2.565543686681451
4	1	0.8648567219328003	1.33610311401133	0.8	0.3929452540699403	4.625043546011546	0.7484452281513957	-3.87659831786015	0.9906317118780481	0.08173286953332104	-3.315194113395349
1	0	0.7994441444565735	2.077468228617284	1	0.27788268837761	1.250869128173746	0	-1.250869128173746	1	0.27788268837761	-1.069719798216962
1	0	0.7994441444565734	2.200555855543428	1	0.2664813814855244	1.250869128173746	0	-1.250869128173746	1	0.2664813814855245	-1.069719798216962
0	7	0.9974188431049329	2.002581156895069	0	0.3324729477016441	0	3.495488797494356	3.495488797494356	0.05905845681060552	0.9409415431893945	2.989276405425796
5	1	0.7994947536905415	2.200505246309459	0.8333333333333334	0.2664982512301805	6.253949731276584	0.4544410887804669	-5.799508642496117	0.9996417665124574	0.00627417976562461	-4.959630927870145
0	0	0.8225726946825166	1.377983160860911	0	0.3738022339266558	0	0	0	0	0	0
3	0	0.799444144456574	2.200555855543429	1	0.2664813814855244	3.752607384521235	0	-3.752607384521235	1	0.01892346291577029	-3.209159394650884
2	3	0.8652136918306753	2.033049990838374	0.4	0.2985282867823429	2.311567672684733	1.475615461262161	-0.8359522114225717	0.8388616101589965	0.4687491094701082	-0.7148906394608592
2	4	0.8242938824003053	2.075033404740219	0.3333333333333333	0.2843052200613299	2.426319111062784	1.927679810292391	-0.4986393007703933	0.7728099504097334	0.5452963896763829	-0.4264269700075788
0	0	0	1.269618003127356	0	0	0	0	0	0	0	0
1	0	0.7994441444565734	2.200555855543428	1	0.2664813814855244	1.250869128173746	0	-1.250869128173746	1	0.2664813814855245	-1.069719798216962
3	1	0.9999804706466933	2.000019529353308	0.75	0.3333268235488976	3.00005858920413	0.499995117709347	-2.500063471494783	0.9876552853719121	0.1111053247208118	-2.138007351865452
0	1	0.7994441444565735	2.200251778842352	0	0.2665083944833256	0	0.4544934400762732	0.4544934400762732	0.7334916055166745	0.2665083944833255	0.3886742586086059
1	3	0.9998632199257861	2.000136780074215	0.25	0.3332877399752619	1.000136798785562	1.499897421959654	0.4997606231740923	0.5926736474510074	0.8024150936863425	0.4273859038787603
2	0	0.8226697655629353	2.109925733655227	1	0.2805261638648294	2.431109156699642	0	-2.431109156699642	1	0.07869492861271699	-2.079038916201413
7	0	1.092386252945417	1.313369244147303	1	0.4540720178195713	6.407989830635271	0	-6.407989830635271	1	0.00397990930458425	-5.479992618101756
2	3	0.7995452373464313	2.20045476265357	0.4	0.2665150791154771	2.501421941599821	1.363354544213508	-1.138067397386313	0.8783052053295389	0.4019909506177766	-0.9732538754608158
0	4	0.8239291083464952	2.074351608006114	0	0.2842820240626597	0	1.928313399021507	1.928313399021507	0.2624023380012326	0.7375976619987674	1.649057422267627
1	0	1	2.000000000000001	1	0.3333333333333333	0.9999999999999996	0	-0.9999999999999996	1	0.3333333333333333	-0.8551812288938171
0	11	0.7994441444565741	2.029740802558292	0	0.2825704785754939	0	5.419411181041226	5.419411181041226	0.02591622118657444	0.9740837788134256	4.63457871368373
0	0	0.7994441444565734	2.200555855543428	0	0.2664813814855244	0	0	0	0	0	0
0	2	0.7994966438344441	2.200272230745877	0	0.2665194144153178	0	0.908978430965342	0.908978430965342	0.5379937694296484	0.4620062305703516	0.7773412916309153
0	0	0.7994441444565734	2.077468228617284	0	0.2778826883776101	0	0	0	0	0	0
1	0	0.7994441444565734	2.000000000000001	1	0.2855724576750792	1.250869128173746	0	-1.250869128173746	1	0.2855724576750792	-1.069719798216962
2	0	1	2.000000000000001	1	0.3333333333333333	1.999999999999999	0	-1.999999999999999	1	0.1111111111111109	-1.710362457787634
0	1	0.7994441444565733	2.000405591368219	0	0.2855310891250631	0	0.4998986227168206	0.4998986227168206	0.7144689108749369	0.2855310891250631	0.4275039184972975
1	0	0.7994441444565734	2.200555855543428	1	0.2664813814855244	1.250869128173746	0	-1.250869128173746	1	0.2664813814855245	-1.069719798216962
2	0	1	2.000000000000001	1	0.3333333333333333	1.999999999999999	0	-1.999999999999999	1	0.1111111111111109	-1.710362457787634
4	0	1	2.000000000000001	1	0.3333333333333333	3.999999999999998	0	-3.999999999999998	1	0.01234567901234551	-3.420724915575268
0	1	0.7995958405875152	2.200404159412486	0	0.266531946862505	0	0.4544619658722164	0.4544619658722164	0.7334680531374951	0.2665319468625049	0.3886473424601021
1	1	0.7994441444565734	2.000050524531817	0.5	0.2855673037396624	1.250869128173746	0.4999873691861287	-0.7508817589876169	0.9184513150348594	0.4895859225141842	-0.6421399854049815
5	3	1	2.000000000000001	0.625	0.3333333333333333	4.999999999999998	1.499999999999999	-3.499999999999999	0.9803383630544128	0.08794391098917809	-2.99313430112836
3	0	1	1.999848154538861	1	0.3333502059052456	3	0	-3	0.9999999999999998	0.03704266151236313	-2.565543686681452
3	1	1.000705536268018	1.999294463731983	0.75	0.3335685120893391	2.997884883487357	0.5001764463116403	-2.497708437175717	0.9876194428004237	0.1113202695123128	-2.135993370722386
3	0	0.9406133793404441	2.058949776622118	1	0.3135834554677348	3.18940817331728	0	-3.18940817331728	0.9999999999999999	0.03083609849942126	-2.727522001101458
2	0	1	1.799514254650515	1	0.3572048252080923	1.999999999999999	0	-1.999999999999999	0.9999999999999999	0.1275952871519439	-1.710362457787634
4	0	1.799131032186248	1.200515039769003	1	0.5997811038465366	2.223295540147137	0	-2.223295540147137	1	0.1294109771957734	-1.901320612217172
0	4	0.999548926401266	2.000451073598736	0	0.3331829754670885	0	1.999549028112021	1.999549028112021	0.1977091264087799	0.8022908735912202	1.709976795094276
1	0	1	2.000000000000001	1	0.3333333333333333	0.9999999999999996	0	-0.9999999999999996	1	0.3333333333333333	-0.8551812288938171
1	1	1	1.801972493356893	0.5	0.3568914407157345	0.9999999999999996	0.5549474277141161	-0.4450525722858835	0.8726284995438476	0.5864113809753162	-0.3806006056897964
6	0	1.000000000000001	1.999898756272307	1	0.3333445830160637	5.999999999999996	0	-5.999999999999996	0.9999999999999998	0.001372019905864219	-5.131087373362902
4	0	1	1.999812898234443	1	0.3333541237150344	3.999999999999999	0	-3.999999999999999	1	0.01234875935706592	-3.420724915575269
1	0	1	2.000000000000001	1	0.3333333333333333	0.9999999999999996	0	-0.9999999999999996	1	0.3333333333333333	-0.8551812288938171
2	0	1.798252600764243	1.200659457898261	1	0.5996349894855711	1.112190800752918	0	-1.112190800752918	1	0.359562120615361	-0.951124695752279
2	0	0.8646420345651883	2.067953464652974	1	0.2948384919760342	2.313095963470896	0	-2.313095963470896	0.9999999999999998	0.08692973635070222	-1.97811624859037
1	0	0.7994441444565734	2.200555855543428	1	0.2664813814855244	1.250869128173746	0	-1.250869128173746	1	0.2664813814855245	-1.069719798216962
0	5	0.7995260644785407	2.200113287448562	0	0.2665407306264633	0	2.272610246265284	2.272610246265284	0.212265790580277	0.7877342094197229	1.943493623197827
0	5	0.7995683875423893	2.200431612457611	0	0.2665227958474631	0	2.272281479548286	2.272281479548286	0.2122917438021114	0.7877082561978885	1.943212468072765
1	0	0.8225834328212231	2.110012066396939	1	0.2804967248434113	1.215682154660336	0	-1.215682154660336	1	0.2804967248434113	-1.03962855896671
3	4	0.7994441444565733	2.200555855543427	0.4285714285714285	0.2664813814855244	3.752607384521238	1.817722549474755	-1.934884835046482	0.9132245626949733	0.2785156588922036	-1.654677191003062
1	0	0.7994441444565735	2.200555855543428	1	0.2664813814855244	1.250869128173746	0	-1.250869128173746	1	0.2664813814855245	-1.069719798216962
1	0	0.7994441444565734	2.200555855543428	1	0.2664813814855244	1.250869128173746	0	-1.250869128173746	1	0.2664813814855245	-1.069719798216962
0	0	0	1.269618003127356	0	0	0	0	0	0	0	0
1	7	0.9992522737594987	2.000747726240504	0.125	0.3330840912531659	1.000748285753394	3.498691968104005	2.49794368235061	0.1955009686046306	0.9608647044174411	2.136194547980142
2	0	1.000000000000001	1.93291798856772	1	0.3409573687017232	1.999999999999999	0	-1.999999999999999	1	0.1162519272720027	-1.710362457787634
0	1	1	2.000000000000001	0	0.3333333333333333	0	0.4999999999999998	0.4999999999999998	0.6666666666666667	0.3333333333333333	0.4275906144469085
5	0	1	2.000000000000001	1	0.3333333333333333	4.999999999999998	0	-4.999999999999998	1	0.004115226337448097	-4.275906144469086
0	0	0.8225726946825166	1.377983160860911	0	0.3738022339266558	0	0	0	0	0	0
6	1	0.7994441444565739	2.200555855543429	0.8571428571428571	0.2664813814855244	7.50521476904247	0.4544306373686885	-7.050784131673781	0.9999045736971576	0.001934124324016295	-6.029698238389813
4	0	1	1.932782496810759	1	0.3409731206072887	3.999999999999998	0	-3.999999999999998	1	0.01351700819757939	-3.420724915575268
0	5	0.9995967106131326	2.000171849449683	0	0.3332246106987004	0	2.499785206643956	2.499785206643956	0.1317946582079841	0.8682053417920159	2.137769384988364
3	0	0.7994441444565734	2.200555855543428	1	0.2664813814855244	3.752607384521237	0	-3.752607384521237	0.9999999999999997	0.01892346291577063	-3.209159394650886
0	0	1	2.000000000000001	0	0.3333333333333333	0	0	0	0	0	0
1	9	1	2.000000000000001	0.1	0.3333333333333333	0.9999999999999996	4.499999999999998	3.499999999999999	0.1040491794949958	0.9826584700841674	2.99313430112836
1	0	0.7994441444565734	2.077468228617284	1	0.2778826883776101	1.250869128173746	0	-1.250869128173746	1	0.2778826883776101	-1.069719798216962
0	10	0.2167730337985994	2.775149540357877	0	0.07245275518525576	0	3.60340942157316	3.60340942157316	0.4713683270184807	0.5286316729815193	3.081568097348495
2	0	0.9407208743130964	2.059099104675964	1	0.3135924425138736	2.126029149146262	0	-2.126029149146262	1	0.09834022000181708	-1.818140220430978
3	14	0.9174871135960023	1.988369250920942	0.1764705882352941	0.3157372555640826	3.269800693158282	7.040945736570658	3.771145043412376	0.1653293787657144	0.9402567654528298	3.225012452562225
4	1	1	1.999544720413629	0.8	0.3333839276322251	3.999999999999998	0.5001138458124299	-3.499886154187569	0.99588164960947	0.0452924792915198	-2.993036942326582
2	6	0.8006235685340158	2.194231360696414	0.25	0.2673330052550316	2.498052866045533	2.734442733557366	0.236389867511833	0.6349392258759798	0.6745909251052793	0.202156177396816
1	7	0.7994499749439268	2.200524356678824	0.125	0.2664856050656563	1.250860005430783	3.181059995429843	1.93019998999906	0.3273750882739052	0.9161951546506591	1.65067079945823
1	1	0.7994946894958803	2.200505310504121	0.5	0.2664982298319599	1.250790046686299	0.4544410755231972	-0.7963489711631014	0.9289786934964319	0.4619751531603516	-0.6810226917875883
1	0	0.7994441444565734	2.200555855543428	1	0.2664813814855244	1.250869128173746	0	-1.250869128173746	1	0.2664813814855245	-1.069719798216962
3	0	0.7994441444565735	2.200555855543428	1	0.2664813814855244	3.752607384521236	0	-3.752607384521236	1	0.01892346291577029	-3.209159394650885
1	0	0.7994441444565735	2.200555855543428	1	0.2664813814855244	1.250869128173746	0	-1.250869128173746	1	0.2664813814855244	-1.069719798216962
3	3	0.8980959450368213	2.000570888317315	0.5	0.3098306899926153	3.34040033982895	1.499571955944689	-1.840828383884261	0.9214507773718152	0.2741048098211343	-1.574241879512763
8	0	1.644227957475457	1.193527127155489	1	0.5794115096050619	4.865505396394777	0	-4.865505396394777	1	0.01270272637725367	-4.160888884078386
1	0	0.7994441444565734	2.200555855543428	1	0.2664813814855244	1.250869128173746	0	-1.250869128173746	1	0.2664813814855245	-1.069719798216962
0	0	0	1.269618003127356	0	0	0	0	0	0	0	0
3	0	1.664561336365453	1.212186142705567	1	0.5786261562669328	1.802276632563423	0	-1.802276632563423	1	0.1937287984686209	-1.541273145442199
1	0	1	2.000000000000001	1	0.3333333333333333	0.9999999999999996	0	-0.9999999999999996	1	0.3333333333333333	-0.8551812288938171
6	5	0.7995141458570892	2.19801570369679	0.5454545454545454	0.266724331694672	7.504557650531529	2.274779016178374	-5.229778634353155	0.9889536766517629	0.04631215754293716	-4.472408519368762
4	15	1.563818465591395	1.23732320907657	0.2105263157894737	0.5582789616582899	2.557841647231928	12.12294402138847	9.56510237415654	0.00219883061629415	0.9995918168082184	8.179896002826361
2	7	0.805039119584009	2.173917863674733	0.2222222222222222	0.2702419417629053	2.484351320757515	3.219992860340816	0.7356415395833009	0.5440967523279496	0.7456778386542553	0.6291068358461872
0	6	0.805258127101696	2.148950242429664	0	0.2725800032952441	0	2.792060924228859	2.792060924228859	0.1481533286818093	0.8518466713181907	2.387718092328444
3	15	0.8609729614114066	2.059192673288942	0.1666666666666667	0.2948370295097165	3.484429981496809	7.284408202580677	3.799978221083868	0.1764233470205275	0.9344376342088676	3.249670044876245
3	0	0.7994441444565735	2.000000000000001	1	0.2855724576750792	3.752607384521236	0	-3.752607384521236	1	0.02328889900173403	-3.209159394650885
0	3	0.9996400214957135	1.997925102369885	0	0.3334840045798899	0	1.501557789349301	1.501557789349301	0.296095446701116	0.7039045532988839	1.284104035550819
1	0	1	2.000000000000001	1	0.3333333333333333	0.9999999999999996	0	-0.9999999999999996	1	0.3333333333333333	-0.8551812288938171
7	0	1.662457679019966	1.210404511324268	1	0.5786764449083323	4.210633502638434	0	-4.210633502638434	0.9999999999999996	0.02172954501955093	-3.600854733207815
5	0	0.7994441444565734	2.200555855543428	1	0.2664813814855244	6.254345640868729	0	-6.254345640868729	0.9999999999999998	0.00134379913046212	-5.34859899108481
6	1	0.999243626050928	2.000756373949073	0.8571428571428571	0.3330812086836425	6.004541678902038	0.4998109779983905	-5.504730700903647	0.9995451680926585	0.006829708561789771	-4.707542365528306
5	0	1	2.000000000000001	1	0.3333333333333333	4.999999999999998	0	-4.999999999999998	1	0.004115226337448097	-4.275906144469086
0	3	0.00108761258857298	2.998912387411429	0	0.0003625375295243265	0	1.000362669010651	1.000362669010651	0.9989127816641584	0.001087218335841578	0.8554913766240276
2	0	1	2.000000000000001	1	0.3333333333333333	1.999999999999999	0	-1.999999999999999	1	0.1111111111111109	-1.710362457787634
0	0	0.7994441444565734	2.200555855543428	0	0.2664813814855244	0	0	0	0	0	0
2	6	0.7999997036200535	2.199022850998093	0.25	0.2667534801924537	2.500000926187676	2.7284846072776	0.2284836810899238	0.6364079364826476	0.6732471953703584	0.1953949551766641
3	0	0.8232387325883964	2.109356766629765	1	0.2807201786976329	3.644143407304844	0	-3.644143407304844	1	0.02212182207538871	-3.11640303732426
3	10	0.8228710997678956	1.471342945635355	0.2307692307692308	0.3586723311264799	3.645771495494494	6.796512009429455	3.150740513934961	0.2567577260300536	0.8985737362750772	2.694454144632438
1	0	0.7994441444565734	2.200555855543428	1	0.2664813814855244	1.250869128173746	0	-1.250869128173746	1	0.2664813814855245	-1.069719798216962
1	0	0.7994441444565734	2.200555855543428	1	0.2664813814855244	1.250869128173746	0	-1.250869128173746	1	0.2664813814855245	-1.069719798216962
0	0	0.8225726946825166	2.075605224858958	0	0.2838240844829352	0	0	0	0	0	0
4	0	1.664550820899549	1.212177552574947	1	0.5786263438174784	2.403050690779352	0	-2.403050690779352	1	0.1120966953519473	-2.055043842834824
1	0	0.7994441444565734	2.000000000000001	1	0.2855724576750792	1.250869128173746	0	-1.250869128173746	1	0.2855724576750792	-1.069719798216962
0	0	0.9225317713827176	2.077468228617284	0	0.3075105904609057	0	0	0	0	0	0
0	0	0	1.269618003127356	0	0	0	0	0	0	0	0
7	0	1	1.998452151731958	1	0.3335054052546355	6.999999999999997	0	-6.999999999999997	0.9999999999999998	0.0004589021999167331	-5.98626860225672
3	1	1.000000000000001	2.000000000000001	0.75	0.3333333333333334	2.999999999999998	0.4999999999999997	-2.499999999999999	0.9876543209876543	0.1111111111111112	-2.137953072234543
4	2	0.799697629705968	2.200302370294033	0.6666666666666666	0.2665658765686559	5.00189052888742	0.9089659798588199	-4.092924549028599	0.9937183107572378	0.04702269059097486	-3.500192245607952
2	0	0.7994441444565734	2.200555855543428	1	0.2664813814855244	2.501738256347491	0	-2.501738256347491	0.9999999999999999	0.07101232667843371	-2.139439596433924
7	0	1.000000000000001	2.000000000000001	1	0.3333333333333334	6.999999999999996	0	-6.999999999999996	1	0.0004572473708274183	-5.986268602256719
7	6	1	1.999880975962093	0.5384615384615384	0.3333465587511484	6.999999999999997	3.000178546682534	-3.999821453317463	0.9653369653567112	0.1035583778502331	-3.420572225803884
7	0	1	2.000000000000001	1	0.3333333333333333	6.999999999999997	0	-6.999999999999997	1	0.0004572473708274183	-5.98626860225672
1	6	0.7995958296806075	2.199745223586014	0.1428571428571428	0.2665904995398097	1.250631835335412	2.727588602383156	1.476956767047744	0.4045537151667044	0.8858631926977647	1.263065703066929
1	2	0.8496050107647048	2.069359114548779	0.3333333333333333	0.2910638755018823	1.177017540303734	0.9664828042357921	-0.2105347360679414	0.7951622645060639	0.6436954893254163	-0.1800453543154176
1	0	0.7994441444565735	2.200555855543428	1	0.2664813814855244	1.250869128173746	0	-1.250869128173746	1	0.2664813814855245	-1.069719798216962
1	0	0.8226372778807751	1.377918577662653	1	0.3738315825106038	1.215602583165372	0	-1.215602583165372	1	0.3738315825106038	-1.039560510917862
1	2	0.9230781854111559	2.076921814588846	0.3333333333333333	0.3076927284703851	1.083331851845878	0.9629635482431131	-0.1203683036027645	0.7742370589233998	0.6681844921425302	-0.1029367137948763
1	5	0.800094185424244	2.199812332336641	0.1666666666666667	0.266706372577713	1.249852852598544	2.272921160819659	1.023068308221115	0.4947699212095112	0.8445225299756332	0.874908813066852
7	3	1.797019324509911	1.202794417435623	0.7	0.5990436337372236	3.895339301322797	2.494191822403073	-1.401147478919724	0.8342474083497045	0.3798846966229782	-1.198235022884044
2	1	0.7994441444565734	2.00005075611549	0.6666666666666666	0.2855672801165706	2.501738256347491	0.4999873112931422	-2.001750945054349	0.9767123676902851	0.1980707498000986	-1.711859833130939
3	2	1	2.000000000000001	0.6	0.3333333333333333	2.999999999999999	0.9999999999999996	-1.999999999999999	0.9547325102880663	0.2098765432098761	-1.710362457787634
3	6	0.8323778716428456	1.377575927658107	0.3333333333333333	0.376649444846377	3.60413233244532	4.355476804970061	0.7513444725247411	0.5415742661107059	0.7217466665047064	0.6425356893362852
2	5	1	1.888461858517809	0.2857142857142857	0.3462050215588244	1.999999999999999	2.647657392415822	0.6476573924158231	0.5410034639171101	0.7596691847917419	0.553864444748329
1	2	1.000000000000001	1.812137775024609	0.3333333333333333	0.3556013538459186	0.9999999999999991	1.103668842162313	0.1036688421623135	0.7105762658387058	0.7324137101715336	0.08865564783836649
3	0	1	1.932714402746795	1	0.3409810375887251	2.999999999999999	0	-2.999999999999999	1	0.03964520646340008	-2.565543686681451
0	0	0.8981779195414734	2.000000000000001	0	0.3099112423310352	0	0	0	0	0	0
2	0	0.921592507454275	2.078407492545727	1	0.3071975024847581	2.170156532114852	0	-2.170156532114852	0.9999999999999999	0.09437030553287307	-1.855877130025924
2	0	1	2.000000000000001	1	0.3333333333333333	1.999999999999999	0	-1.999999999999999	1	0.1111111111111109	-1.710362457787634
2	0	1.000000000000002	2.000000000000004	1	0.3333333333333333	1.999999999999996	0	-1.999999999999996	1	0.1111111111111109	-1.710362457787632
2	0	1	2	1	0.3333333333333333	2	0	-2	1	0.1111111111111109	-1.710362457787635
0	0	1	2.000000000000001	0	0.3333333333333333	0	0	0	0	0	0
0	1	0.8225726946825167	2.075253628624726	0	0.2838585211496484	0	0.4818688116992724	0.4818688116992724	0.7161414788503516	0.2838585211496484	0.4120851625545873
1	5	0.8987696583798798	2.000029765000329	0.1666666666666667	0.3100489296123323	1.112632130686964	2.499962794303302	1.387330663616339	0.3987248547937892	0.8921277452481921	1.186419141793496
3	0	0.7994441444565735	2.200555855543428	1	0.2664813814855244	3.752607384521236	0	-3.752607384521236	1	0.01892346291577029	-3.209159394650885
0	0	0.8225726946825166	1.377983160860911	0	0.3738022339266558	0	0	0	0	0	0
3	0	0.8229381580533839	1.377617697490044	1	0.3739683116792138	3.645474414622284	0	-3.645474414622284	1	0.0523003278199492	-3.117541289797654
1	6	1.000000000000002	2.000000000000003	0.1428571428571428	0.3333333333333334	0.9999999999999984	2.999999999999996	1.999999999999997	0.2633744855967078	0.9414723365340649	1.710362457787633
2	1	1.000000000000001	2.000000000000001	0.6666666666666666	0.3333333333333334	1.999999999999999	0.4999999999999997	-1.499999999999999	0.9629629629629628	0.2592592592592594	-1.282771843340726
5	5	0.9227710112493007	2.077228988750703	0.5	0.3075903370830999	5.418462369370177	2.407052870471985	-3.011409498898192	0.9468361613285174	0.1635919339068712	-2.575300875970271
2	0	1	2.000000000000001	1	0.3333333333333333	1.999999999999999	0	-1.999999999999999	1	0.1111111111111109	-1.710362457787634
1	2	0.7994441444565734	2.200404031723403	0.3333333333333333	0.2664948682418288	1.250869128173746	0.9089239844891384	-0.3419451436846073	0.8247941280803495	0.6053523965668168	-0.2924250681904754
2	2	0.9226881980026269	2.077311801997375	0.5	0.3075627326675421	2.167579475200252	0.9627827647621133	-1.204796710438138	0.9104691649448511	0.3616627888882957	-1.030319531399716
7	2	0.9996643800916512	1.933140824368377	0.7777777777777778	0.3408560440943788	7.002350128108223	1.034585776053572	-5.96776435205465	0.9988569801273073	0.009504054931943617	-5.103520052338812
3	6	0.9990885020369806	2.000303785204902	0.3333333333333333	0.3330969764397512	3.002736988648636	2.999544391396224	-0.003192597252412277	0.650888272158322	0.6222405149637171	-0.002730249241680956
1	0	0.8981886606690188	2.000014921178479	1	0.3099122043374388	1.11335184220111	0	-1.11335184220111	1	0.3099122043374387	-0.9521175966047409
2	10	0.999439700883298	2.000560299116704	0.1666666666666667	0.3331465669610991	2.001121226455596	4.99859964451721	2.997478418061613	0.1814791649562051	0.945905905964141	2.563387277140627
5	0	0.9015079865966168	1.991185490153567	1	0.3116500223208655	5.546262567097222	0	-5.546262567097222	0.9999999999999998	0.00293992202371729	-4.743059637897981
1	5	0.5222750731121617	2.477724926887839	0.1666666666666667	0.1740916910373872	1.914699842060515	2.017980263160318	0.1032804210998026	0.7187986339122615	0.6826116278750598	0.08832347743680016
3	0	0.9406450431705714	2.058993762847833	1	0.3135861028612124	3.189300812013099	0	-3.189300812013099	1	0.03083687949701985	-2.727430187729412
3	17	0.7994441444565737	2.200555855543428	0.15	0.2664813814855245	3.752607384521236	7.725320835267708	3.972713450746473	0.1789443601850663	0.9322019053392697	3.397389970852367
4	0	0.9200876736936557	2.079912326306346	1	0.3066958912312184	4.34741178951149	0	-4.34741178951149	0.9999999999999999	0.008847729393224313	-3.717824956661906
4	0	1.000000000000001	2.000000000000003	1	0.3333333333333333	3.999999999999995	0	-3.999999999999995	1	0.01234567901234551	-3.420724915575265
0	0	0.7994441444565734	2.200555855543428	0	0.2664813814855244	0	0	0	0	0	0
3	0	0.8985433284305977	2.000507612560149	1	0.3099439598407063	3.338737159442074	0	-3.338737159442074	0.9999999999999999	0.02977484654256424	-2.855225346965126
0	3	0.2842522900786693	2.715747709921334	0	0.09475076335955633	0	1.104668150520838	1.104668150520838	0.7418301867866219	0.2581698132133781	0.9446914664822704
2	0	0.7994441444565734	2.200555855543428	1	0.2664813814855244	2.501738256347491	0	-2.501738256347491	0.9999999999999999	0.07101232667843371	-2.139439596433924
2	0	0.9225317713827176	2.077468228617284	1	0.3075105904609057	2.167947014987182	0	-2.167947014987182	1	0.09456276324561486	-1.853987592453422
3	0	0.7994441444565734	2.000000000000001	1	0.2855724576750792	3.752607384521237	0	-3.752607384521237	1	0.02328889900173392	-3.209159394650886
0	0	0	1.269618003127356	0	0	0	0	0	0	0	0
1	0	1	2.000000000000001	1	0.3333333333333333	0.9999999999999996	0	-0.9999999999999996	1	0.3333333333333333	-0.8551812288938171
0	0	0.1774273053174838	2.822572694682517	0	0.0591424351058279	0	0	0	0	0	0
0	0	1	2.000000000000001	0	0.3333333333333333	0	0	0	0	0	0
0	0	0.8225726946825166	2.075605224858958	0	0.2838240844829352	0	0	0	0	0	0
11	2	0.9999660170280438	1.999770388734022	0.8461538461538461	0.3333512955029154	11.00037382539522	1.000114818814835	-10.00025900658038	0.9999830543639218	0.0002127454620871605	-8.552033786503879
2	0	1	1.933020856769096	1	0.3409454104944764	1.999999999999999	0	-1.999999999999999	0.9999999999999998	0.1162437729372472	-1.710362457787634
1	0	0.7994441444565734	2.200555855543428	1	0.2664813814855244	1.250869128173746	0	-1.250869128173746	1	0.2664813814855245	-1.069719798216962
0	3	0.1777818427877392	2.822218157212262	0	0.05926061426257972	0	1.062993657075521	1.062993657075521	0.8325455057863472	0.1674544942136528	0.9090522219641775
0	1	0.9997466898561543	2.000253310143847	0	0.333248896618718	0	0.4999366804837762	0.4999366804837762	0.6667511033812821	0.3332488966187179	0.4275364647852115
4	1	1.663516042700191	1.212220785935173	0.8	0.5784660216941989	2.404545491191818	0.8249322331398121	-1.579613258052006	0.9352277071348163	0.300773382570355	-1.350855607197882
2	0	0.9225317713827175	2.077468228617283	1	0.3075105904609057	2.167947014987182	0	-2.167947014987182	1	0.09456276324561474	-1.853987592453422
1	4	0.7994947048658967	2.200505295134104	0.2	0.2664982349552988	1.250790022640281	1.817764314789449	0.5669742921491678	0.5980444797736051	0.7876727102817958	0.4848657719113277
1	0	0.7994441444565734	2.200555855543428	1	0.2664813814855244	1.250869128173746	0	-1.250869128173746	1	0.2664813814855245	-1.069719798216962
2	1	0.9997926868576316	2.00020731314237	0.6666666666666666	0.3332642289525437	2.000414712260039	0.4999481770861931	-1.500466535173846	0.9629859929814742	0.2591671248609484	-1.283170815464018
2	0	1	1.999795884593039	1	0.3333560143661785	1.999999999999999	0	-1.999999999999999	1	0.1111262323141038	-1.710362457787634
3	0	0.7994441444565734	2.200555855543428	1	0.2664813814855243	3.752607384521237	0	-3.752607384521237	1	0.01892346291577018	-3.209159394650886
3	0	1.799175233172529	1.200520801592018	1	0.5997858490731214	1.667430689733333	0	-1.667430689733333	1	0.215768799538265	-1.425955426341418
1	0	0.9225317713827175	2.077468228617283	1	0.3075105904609057	1.083973507493591	0	-1.083973507493591	1	0.3075105904609057	-0.9269937962267111
3	0	1	2.000000000000001	1	0.3333333333333333	2.999999999999999	0	-2.999999999999999	1	0.03703703703703698	-2.565543686681451
1	0	1	2.000000000000001	1	0.3333333333333333	0.9999999999999996	0	-0.9999999999999996	1	0.3333333333333333	-0.8551812288938171
2	0	0.9430200889352167	2.056902800045408	1	0.3143481095461275	2.120845593287669	0	-2.120845593287669	1	0.09881473397522411	-1.813707340761786
2	0	1	2.000000000000001	1	0.3333333333333333	1.999999999999999	0	-1.999999999999999	1	0.1111111111111109	-1.710362457787634
1	0	0.7994441444565734	2.000000000000001	1	0.2855724576750792	1.250869128173746	0	-1.250869128173746	1	0.2855724576750792	-1.069719798216962
1	0	0.7994441444565734	2.200555855543428	1	0.2664813814855244	1.250869128173746	0	-1.250869128173746	1	0.2664813814855245	-1.069719798216962
0	0	0.8225726946825166	2.075605224858958	0	0.2838240844829352	0	0	0	0	0	0
0	3	0.1771245271787896	2.822875472821212	0	0.05904150905959649	0	1.062746135592644	1.062746135592644	0.8331273594131615	0.1668726405868385	0.9088405462382725
3	12	1.12141307315671	1.092112854947346	0.2	0.5066184492888367	2.675196207188117	10.98787542481455	8.312679217626437	0.01548611623540143	0.9968236347630008	7.108847228729874
1	5	0.799690417108145	2.200309582891856	0.1666666666666667	0.2665634723693815	1.250483910531551	2.272407500688391	1.02192359015684	0.4951005586582498	0.8443406498471884	0.8739298716659087
8	0	1	1.999098546976647	1	0.3334335248863655	7.999999999999996	0	-7.999999999999996	1	0.0001527826746620109	-6.841449831150537
0	1	0.8226681306541411	2.075509788887333	0	0.2838570141284828	0	0.4818093392544746	0.4818093392544746	0.7161429858715171	0.2838570141284829	0.4120343028361598
3	0	0.7994441444565734	2.200555855543428	1	0.2664813814855244	3.752607384521237	0	-3.752607384521237	0.9999999999999997	0.01892346291577063	-3.209159394650886
0	0	1	1.799444144456574	0	0.3572137711624603	0	0	0	0	0	0
0	1	0.1773378559974123	2.822662144002589	0	0.05911261866580409	0	0.3542754849795736	0.3542754849795736	0.9408873813341959	0.05911261866580408	0.3029697446117849
0	1	0.0002690136392329091	2.999730986360769	0	8.967121307763633e-05	0	0.3333632264182416	0.3333632264182416	0.9999103287869223	8.967121307768e-05	0.2850859736363597
2	1	0.8981710323509096	2.000264202776204	0.6666666666666666	0.3098813530368635	2.226747387705344	0.4999339580301848	-1.726813429675159	0.9702431928294376	0.2285657445387472	-1.47673843085995
1	1	1	1.799845974358399	0.5	0.357162504351389	0.9999999999999996	0.5556030984020596	-0.44439690159794	0.8724349454854441	0.586759954188222	-0.3800398884251312
1	0	0.7994441444565734	2.200555855543428	1	0.2664813814855244	1.250869128173746	0	-1.250869128173746	1	0.2664813814855245	-1.069719798216962
3	1	1	2.000000000000001	0.75	0.3333333333333333	2.999999999999999	0.4999999999999998	-2.499999999999999	0.9876543209876545	0.1111111111111109	-2.137953072234543
2	0	1	2.000000000000001	1	0.3333333333333333	1.999999999999999	0	-1.999999999999999	1	0.1111111111111109	-1.710362457787634
2	0	0.9217792824915552	2.078220717508446	1	0.3072597608305182	2.169716805300756	0	-2.169716805300756	1	0.0944085606256273	-1.855501083908668
3	1	0.9996955851997857	1.999575972987695	0.75	0.3333127947253705	3.000913522490409	0.5001060292327056	-2.500807493257704	0.9876573634631785	0.1110928554143682	-2.13864362531099
1	1	0.8226620327760475	2.075515886765427	0.5	0.2838549100899238	1.215566004213821	0.4818079236957531	-0.7337580805180683	0.9194263900178414	0.4871362101976888	-0.6274961370082104
2	0	0.7994441444565734	2.077468228617283	1	0.2778826883776101	2.501738256347491	0	-2.501738256347491	1	0.07721878849996788	-2.139439596433924
4	2	0.8339481406800698	2.111900173944601	0.6666666666666666	0.2830926957575963	4.796461320410249	0.9470144586732078	-3.849446861737042	0.9916643637078859	0.05785008244826717	-3.291974697781733
2	2	0.9997471861402057	2.000101186986945	0.5	0.3332659060691234	2.000505755581609	0.9999494090660994	-1.00055634651551	0.8889488151419811	0.407287536716705	-0.855657005990642
1	4	0.8457865655530049	2.095527834425547	0.2	0.2875539471602126	1.182331383268266	1.908826947696703	0.7264955644284377	0.5539747692394839	0.8164476608336239	0.6212853695738189
2	0	0.7994441444565734	2.077468228617284	1	0.2778826883776101	2.501738256347491	0	-2.501738256347491	1	0.07721878849996788	-2.139439596433924
2	0	0.9217803226123477	2.078219677387654	1	0.3072601075374491	2.169714357030265	0	-2.169714357030265	1	0.09440877368392464	-1.855498990193701
2	0	1	2.000000000000001	1	0.3333333333333333	1.999999999999999	0	-1.999999999999999	1	0.1111111111111109	-1.710362457787634
2	0	1	2.000000000000001	1	0.3333333333333333	1.999999999999999	0	-1.999999999999999	1	0.1111111111111109	-1.710362457787634
3	0	0.7994441444565733	2.200555855543428	1	0.2664813814855244	3.752607384521238	0	-3.752607384521238	1	0.01892346291577029	-3.209159394650886
5	0	1	1.933140128762642	1	0.3409315464317262	4.999999999999998	0	-4.999999999999998	1	0.004606127359144563	-4.275906144469086
2	0	0.7994441444565734	2.200555855543428	1	0.2664813814855244	2.501738256347491	0	-2.501738256347491	0.9999999999999999	0.07101232667843371	-2.139439596433924
2	1	0.9225512907436696	2.077448709256332	0.6666666666666666	0.3075170969145564	2.167901145515495	0.4813596579036465	-1.686541487611849	0.9709191029949631	0.2255385006741961	-1.442298621956308
2	1	1.000000000000001	2.000000000000002	0.6666666666666666	0.3333333333333333	1.999999999999998	0.4999999999999996	-1.499999999999999	0.962962962962963	0.2592592592592592	-1.282771843340725
0	0	0.7994441444565734	2.200555855543428	0	0.2664813814855244	0	0	0	0	0	0
0	2	0.7994558033019727	2.200510218837498	0	0.2664882860012623	0	0.9088801237453806	0.9088801237453806	0.538039434573366	0.461960565426634	0.7772572211417396
2	2	0.82329870625031	2.074879213291165	0.5	0.284074590693371	2.429251965072242	0.9639115314224043	-1.465340433649838	0.9278392530455496	0.3203320623046197	-1.253131632796468
1	0	1	2.000000000000001	1	0.3333333333333333	0.9999999999999996	0	-0.9999999999999996	1	0.3333333333333333	-0.8551812288938171
4	0	0.799444144456574	2.200555855543429	1	0.2664813814855244	5.003476512694979	0	-5.003476512694979	0.9999999999999998	0.005042750540284802	-4.278879192867844
0	0	0.8225726946825166	1.377983160860911	0	0.3738022339266558	0	0	0	0	0	0
1	0	0.7994441444565735	2.200555855543428	1	0.2664813814855244	1.250869128173746	0	-1.250869128173746	1	0.2664813814855244	-1.069719798216962
3	1	0.9985465771841127	2.001453422815889	0.75	0.3328488590613707	3.00436661498551	0.4996369081590107	-2.504729706826499	0.9877259386285536	0.1106809367442863	-2.141997828730737
0	1	0.7994441444565735	2.200555855543428	0	0.2664813814855244	0	0.4544306373686887	0.4544306373686887	0.7335186185144755	0.2664813814855245	0.388620550911956
7	0	0.9400529757112913	2.058171284556443	1	0.3135365783569995	7.446388853461634	0	-7.446388853461634	1	0.00029786364646045	-6.368011970524545
2	3	0.9226489445891839	2.077351055410817	0.4	0.3075496481963945	2.167671693257629	1.444146858175938	-0.723524835081691	0.8267893206702708	0.4872589381552439	-0.6187448576003571
2	0	1	2.000000000000001	1	0.3333333333333333	1.999999999999999	0	-1.999999999999999	1	0.1111111111111109	-1.710362457787634
6	0	0.7994441444565739	2.000000000000002	1	0.2855724576750792	7.50521476904247	0	-7.50521476904247	1	0.0005423728167129882	-6.418318789301768
2	0	1	1.999829435059598	1	0.3333522860709356	1.999999999999999	0	-1.999999999999999	1	0.1111237466287189	-1.710362457787634
2	7	1	2.000000000000001	0.2222222222222222	0.3333333333333333	1.999999999999999	3.499999999999999	1.5	0.3771782756693597	0.8569323781943807	1.282771843340726
3	0	0.7994441444565735	2.077468228617284	1	0.2778826883776101	3.752607384521236	0	-3.752607384521236	1	0.02145776454163317	-3.209159394650885
1	0	1	2.000000000000001	1	0.3333333333333333	0.9999999999999996	0	-0.9999999999999996	1	0.3333333333333333	-0.8551812288938171
4	0	0.898871395161928	1.998458729819493	1	0.3102412760671144	4.450024799464685	0	-4.450024799464685	1	0.009263995004955006	-3.805577676614173
0	0	0.7994441444565734	2.000000000000001	0	0.2855724576750792	0	0	0	0	0	0
5	0	1.000000000000001	2.000000000000001	1	0.3333333333333334	4.999999999999996	0	-4.999999999999996	1	0.004115226337448541	-4.275906144469085
3	1	0.8651676633647392	2.033269013865632	0.75	0.298494588535037	3.4675359783243	0.4918188361602037	-2.975717142164097	0.9920613647446848	0.08256639475450034	-2.544777442476291
0	2	0.8173661083347146	1.563899922256974	0	0.3432485483915539	0	1.278854210257687	1.278854210257687	0.431322469189801	0.568677530810199	1.093652115104201
3	4	0.7994441444565736	2.200555855543428	0.4285714285714285	0.2664813814855244	3.752607384521236	1.817722549474755	-1.934884835046481	0.913224562694974	0.2785156588922031	-1.654677191003061
2	0	1	2.000000000000001	1	0.3333333333333333	1.999999999999999	0	-1.999999999999999	1	0.1111111111111109	-1.710362457787634
6	0	1.799068033099904	1.200588557678046	1	0.5997579985091968	3.335060092008657	0	-3.335060092008657	1	0.04654320557306169	-2.852080787918692
1	1	0.8225717577685902	2.075657562751032	0.5	0.2838187275053555	1.215699409268224	0.4817750374366287	-0.7339243718315955	0.9194469299172408	0.4870843849279517	-0.6276383462180669
1	0	1.664592149683475	1.212242073687483	1	0.578619419972338	0.6007477568545254	0	-0.6007477568545254	1	0.578619419972338	-0.5137482049620573
0	0	1	2.000000000000001	0	0.3333333333333333	0	0	0	0	0	0
2	0	1	2.000000000000001	1	0.3333333333333333	1.999999999999999	0	-1.999999999999999	1	0.1111111111111109	-1.710362457787634
3	0	1.000000000000002	1.949098426021656	1	0.3390866819419807	2.999999999999995	0	-2.999999999999995	1	0.03898811136850733	-2.565543686681448
0	0	0	3.000000000000001	0	0	0	0	0	0	0	0
7	0	1.093898207517633	1.207811140171587	1	0.4752547095556796	6.399132891793466	0	-6.399132891793466	0.9999999999999997	0.005476271919646725	-5.472418330258785
2	0	0.7994441444565734	2.200555855543428	1	0.2664813814855244	2.501738256347491	0	-2.501738256347491	0.9999999999999999	0.07101232667843371	-2.139439596433924
2	2	0.9997928602137343	2.000207139786267	0.5	0.3332642867379113	2.000414365404093	0.9998964408324784	-1.000517924571614	0.8889502541055108	0.4072846579057514	-0.8556241482654451
1	0	1	2.000000000000001	1	0.3333333333333333	0.9999999999999996	0	-0.9999999999999996	1	0.3333333333333333	-0.8551812288938171
1	1	0.8651363394243335	2.067493164251376	0.5	0.2950036267247485	1.155887175731637	0.4836775362989374	-0.6722096394327	0.9129728602192454	0.5029801136687422	-0.5748610655243264
1	1	0.824061343578784	2.07411657596269	0.5	0.2843377344166504	1.213501892537683	0.4821329772825596	-0.7313689152551233	0.9191520527868062	0.4878275216201072	-0.6254529677226146
0	1	0.8225726946825166	1.378721939291496	0	0.3736767818297547	0	0.7253094126534934	0.7253094126534934	0.6263232181702454	0.3736767818297546	0.6202709948412675
3	0	1	2	1	0.3333333333333333	3	0	-3	1	0.03703703703703698	-2.565543686681452
1	0	0.8982101755856633	2.000044808907663	1	0.3099141312242714	1.113325173974973	0	-1.113325173974973	1	0.3099141312242715	-0.952094790438341
1	0	1.000000000000001	2.000000000000001	1	0.3333333333333334	0.9999999999999993	0	-0.9999999999999993	1	0.3333333333333334	-0.855181228893817
0	0	0.1774273053174838	2.822572694682517	0	0.0591424351058279	0	0	0	0	0	0
1	0	0.7994441444565734	2.200555855543428	1	0.2664813814855244	1.250869128173746	0	-1.250869128173746	1	0.2664813814855245	-1.069719798216962
9	0	1.000000000000001	1.999795369358003	1	0.3333560716223167	8.999999999999995	0	-8.999999999999995	1	5.083646300563238e-05	-7.696631060044353
1	0	1	2.000000000000001	1	0.3333333333333333	0.9999999999999996	0	-0.9999999999999996	1	0.3333333333333333	-0.8551812288938171
2	0	0.3656781292411644	2.634321870758841	1	0.1218927097470546	5.46929072337548	0	-5.46929072337548	1	0.0148578326894796	-4.677234761993799
7	0	1.000000000000001	2.000000000000002	1	0.3333333333333333	6.999999999999992	0	-6.999999999999992	1	0.0004572473708274183	-5.986268602256716
4	0	1.000000000000001	2.000000000000001	1	0.3333333333333334	3.999999999999997	0	-3.999999999999997	1	0.01234567901234573	-3.420724915575268
1	0	0.7994441444565734	2.200555855543428	1	0.2664813814855243	1.250869128173746	0	-1.250869128173746	1	0.2664813814855242	-1.069719798216962
0	0	0.1774273053174838	2.822572694682517	0	0.0591424351058279	0	0	0	0	0	0
0	0	0.8225726946825166	2.110022804535646	0	0.280493063193276	0	0	0	0	0	0
1	0	0.7994441444565735	2.200555855543428	1	0.2664813814855244	1.250869128173746	0	-1.250869128173746	1	0.2664813814855244	-1.069719798216962
1	0	1.000000000000001	2.000000000000001	1	0.3333333333333334	0.9999999999999993	0	-0.9999999999999993	1	0.3333333333333334	-0.855181228893817
0	0	0	1.269618003127356	0	0	0	0	0	0	0	0
3	0	0.864468913303834	2.068126585914328	1	0.2947794585152653	3.4703387870069	0	-3.4703387870069	0.9999999999999998	0.02561484016625992	-2.96776858855044
2	0	1	1.932867521099432	1	0.3409632357431318	2	0	-2	0.9999999999999999	0.1162559281284266	-1.710362457787635
0	0	0	3.000000000000001	0	0	0	0	0	0	0	0
3.5	12.5	0.9235377888764971	2.071788171853059	0.21875	0.3083263060463562	3.789774541069752	6.033435353007006	2.243660811937254	0.3224827838581948	0.8441844122782477	1.918736610373401
0	1	0.7994441444565734	2.200555855543428	0	0.2664813814855244	0	0.4544306373686887	0.4544306373686887	0.7335186185144755	0.2664813814855245	0.388620550911956
0	0	1	2.000000000000001	0	0.3333333333333333	0	0	0	0	0	0
0	0	0	1.269618003127356	0	0	0	0	0	0	0	0
4	0	0.7994441444565735	2.000000000000001	1	0.2855724576750792	5.003476512694983	0	-5.003476512694983	1	0.006650668124471903	-4.278879192867848
3	0	1.000000000000001	2.000000000000001	1	0.3333333333333334	2.999999999999998	0	-2.999999999999998	0.9999999999999999	0.0370370370370372	-2.565543686681451
0	0	0.7994441444565734	2.200555855543428	0	0.2664813814855244	0	0	0	0	0	0
7	2	0.940280960010591	2.058587423388433	0.7777777777777778	0.313545257676445	7.444583372103115	0.9715399877008873	-6.473043384402228	0.9993936042038262	0.005660311289103159	-5.535625196156093
3	0	0.7994441444565734	2.200555855543428	1	0.2664813814855244	3.752607384521237	0	-3.752607384521237	0.9999999999999997	0.01892346291577063	-3.209159394650886
1	2	0.8240622496285419	1.377703834497743	0.3333333333333333	0.3742732961369736	1.213500558302197	1.451690813308305	0.2381902550061084	0.6846152804659602	0.7550067783420487	0.2036958349866555
4	0	0.7994441444565734	2.200555855543428	1	0.2664813814855243	5.003476512694983	0	-5.003476512694983	1	0.005042750540284247	-4.278879192867848
3	0	1	2.000000000000001	1	0.3333333333333333	2.999999999999999	0	-2.999999999999999	1	0.03703703703703698	-2.565543686681451
9	0	0.8647607440636824	2.067834755154479	1	0.2948789713051903	10.40750295591265	0	-10.40750295591265	1	1.685754103175618e-05	-8.900301167553421
2	0	1.000000000000001	1.934006491536145	1	0.3408308750797735	1.999999999999999	0	-1.999999999999999	0.9999999999999999	0.1161656854076443	-1.710362457787634
1	6	0.812117952426885	2.112638526085776	0.1428571428571428	0.2776702807202173	1.231348225970944	2.840050451563331	1.608702225592388	0.3786836718936915	0.8973997578401386	1.375731946206317
1	0	1	1.932731873209975	1	0.3409790063438246	0.9999999999999996	0	-0.9999999999999996	1	0.3409790063438245	-0.8551812288938171
2	0	0.8234969051151235	1.377058950428305	1	0.374222223462608	2.428667293801673	0	-2.428667293801673	0.9999999999999998	0.1400422725332983	-2.076950680887537
1	0	1	2.000000000000001	1	0.3333333333333333	0.9999999999999996	0	-0.9999999999999996	1	0.3333333333333333	-0.8551812288938171
1	0	1	2.000000000000001	1	0.3333333333333333	0.9999999999999996	0	-0.9999999999999996	1	0.3333333333333333	-0.8551812288938171
2	0	0.7994441444565734	2.200555855543428	1	0.2664813814855243	2.501738256347491	0	-2.501738256347491	1	0.07101232667843349	-2.139439596433924
4	0	1.00020148944668	1.999798510553322	1	0.3334004964822264	3.999194204572556	0	-3.999194204572556	1	0.01235563211614066	-3.420035814451392
3	0	0.8226263948211235	2.075551524720351	1	0.2838426134139041	3.646855995487887	0	-3.646855995487887	1	0.02286824258313458	-3.118722791820117
2	0	0.7994441444565735	2.200555855543428	1	0.2664813814855244	2.501738256347491	0	-2.501738256347491	0.9999999999999999	0.07101232667843371	-2.139439596433924
5	0	1	2	1	0.3333333333333333	4.999999999999999	0	-4.999999999999999	1	0.004115226337448097	-4.275906144469086
0	0	0.8225726946825166	1.377983160860911	0	0.3738022339266558	0	0	0	0	0	0
2	1	1	1.999696090838418	0.6666666666666666	0.3333671044390698	1.999999999999999	0.5000759888372472	-1.499924011162752	0.9629517047871913	0.2593042885406518	-1.282706859113506
0	0	1	2.000000000000001	0	0.3333333333333333	0	0	0	0	0	0
6	5	0.9192750872567705	2.080724912743231	0.5454545454545454	0.30642502908559	6.526881978173405	2.403008667497517	-4.123873310675888	0.975661507931707	0.08572238860696668	-3.526659045626222
3	2	0.7994441444565737	2.200555855543429	0.6	0.2664813814855244	3.752607384521236	0.9088612747373771	-2.843746109783858	0.9801614438204247	0.1216561658362063	-2.431918292826973
0	0	0.8225726946825166	1.377983160860911	0	0.3738022339266558	0	0	0	0	0	0
3	0	0.9225317713827177	2.077468228617284	1	0.3075105904609057	3.251920522480773	0	-3.251920522480773	1	0.02907905116127363	-2.780981388680132
2	0	0.7994441444565734	2.200555855543428	1	0.2664813814855244	2.501738256347491	0	-2.501738256347491	0.9999999999999999	0.07101232667843371	-2.139439596433924
8	0	1	1.997821770460829	1	0.3335755346944055	7.999999999999996	0	-7.999999999999996	1	0.0001533040141540321	-6.841449831150537
3	0	0.8650403328059068	2.033137586735568	1	0.2984773042997878	3.468046386078884	0	-3.468046386078884	1	0.02659095537239298	-2.965808170307703
2	0	1.799444144456574	1.200555855543427	1	0.5998147148188577	1.111454337808297	0	-1.111454337808297	1	0.3597776921132276	-0.950494886466264
1	0	0.7994441444565734	2.200555855543428	1	0.2664813814855243	1.250869128173746	0	-1.250869128173746	1	0.2664813814855242	-1.069719798216962
11	3	1.030129061843955	1.551058860038176	0.7857142857142857	0.3990910747377175	10.67827363331517	1.934162575832978	-8.744111057482193	0.9994061460003731	0.003824724241491051	-7.47779963972164
5	0	1.664817370872851	1.212056886394862	1	0.5786896548109814	3.003332430018157	0	-3.003332430018157	1	0.06489759351732838	-2.568393518279583
5	1	0.9222147323858358	2.077785267614165	0.8333333333333334	0.3074049107952785	5.421730779625088	0.4812816875673868	-4.940449092057701	0.9991561508710065	0.01225119642071193	-4.22497932583325
4	1	0.9997614082932493	1.999574312678014	0.8	0.333327610278152	4.000954594585354	0.5001064444865307	-3.500848150098824	0.9958851269254322	0.04526466357249836	-2.99385962317216
1	1	0.822689682967218	2.075488236574257	0.5	0.2838644506329608	1.215525149644848	0.4818143424655455	-0.7337108071793024	0.9194209736668473	0.4871498749327691	-0.6274557097362706
4	0	1	2.000000000000001	1	0.3333333333333333	3.999999999999998	0	-3.999999999999998	1	0.01234567901234551	-3.420724915575268
3	0	0.7994441444565735	2.200555855543428	1	0.2664813814855244	3.752607384521236	0	-3.752607384521236	0.9999999999999997	0.01892346291577063	-3.209159394650885
1	0	0.8651587630616098	2.067436736156552	1	0.2950146937387933	1.155857216843318	0	-1.155857216843318	1	0.2950146937387933	-0.9884673951258565
1	0	0.8226805757493161	2.075497343792158	1	0.2838613082386169	1.215538605720911	0	-1.215538605720911	1	0.283861308238617	-1.039505798608286
2	0	0.7994441444565734	2.200555855543428	1	0.2664813814855244	2.501738256347491	0	-2.501738256347491	0.9999999999999999	0.07101232667843371	-2.139439596433924
2	0	0.7994441444565735	2.200555855543428	1	0.2664813814855244	2.501738256347491	0	-2.501738256347491	0.9999999999999999	0.07101232667843371	-2.139439596433924
2	0	0.8650401483930464	1.335515707150382	1	0.3931007459837571	2.312031416940968	0	-2.312031416940968	1	0.1545281964929863	-1.977205868380691
0	0	0.9225317713827176	2.077468228617284	0	0.3075105904609057	0	0	0	0	0	0
3	0	0.8228197653764988	2.109775733841663	1	0.2805773130306805	3.645998949268417	0	-3.645998949268417	1	0.02208806418111053	-3.117989861980932
6	0	0.8229168146683701	2.075261104873104	1	0.2839428211496985	7.291137929193924	0	-7.291137929193924	1	0.0005240652437460414	-6.235244294322384
2	0	0.8226694477047051	2.109926051513457	1	0.2805260554768058	2.43111009601744	0	-2.43111009601744	1	0.07869486780137591	-2.079039719488361
2	0	0.7994441444565735	2.200555855543428	1	0.2664813814855244	2.501738256347491	0	-2.501738256347491	1	0.07101232667843349	-2.139439596433924
3	0	1	1.799997560151832	1	0.3571431683482518	2.999999999999999	0	-2.999999999999999	1	0.04555405494385878	-2.565543686681451
1	0	0.8226372756588577	2.109958223559305	1	0.2805150849744449	1.215602586448676	0	-1.215602586448676	1	0.2805150849744449	-1.039560513725682
3	0	1	2.000000000000001	1	0.3333333333333333	2.999999999999999	0	-2.999999999999999	1	0.03703703703703698	-2.565543686681451
2	0	0.8226694769204204	2.109926022297742	1	0.2805260654392146	2.431110009680676	0	-2.431110009680676	1	0.07869487339080639	-2.079039645654781
6	0	1	1.984780362856506	1	0.3350330270341823	5.999999999999997	0	-5.999999999999997	1	0.001414248501761306	-5.131087373362902
3	1	0.8984727318260959	2.001790035528498	0.75	0.3097901134818955	3.338999497405633	0.4995528912881153	-2.839446606117518	0.9907897755279215	0.09129144928884514	-2.428241437997958
4	6	0.9234900072609866	2.076509992739015	0.4	0.3078300024203287	4.331394999999782	2.889463581191688	-1.441931418808094	0.8359775564237786	0.3713894708093761	-1.233112682716912
4	0	0.8641890701054024	1.336366785438026	1	0.3927139899350524	4.628616744148514	0	-4.628616744148514	1	0.02378512789091047	-3.958306155339427
2	0	0.7994441444565735	2.200555855543428	1	0.2664813814855244	2.501738256347491	0	-2.501738256347491	0.9999999999999999	0.07101232667843371	-2.139439596433924
2	3	0.9998329999761651	2.000167000023837	0.4	0.3332776666587215	2.000334055835002	1.499874760439627	-0.500459295395375	0.7902059190509469	0.538984686752314	-0.4279833952475509
2	0	0.8651480324503111	2.067447466767851	1	0.2950110346554654	2.311743106362399	0	-2.311743106362399	1	0.08703151056848824	-1.976959310585808
1	1	0.8227778364521554	2.075400083089319	0.5	0.2838948674974132	1.215394916703192	0.4818348077308827	-0.7335601089723094	0.9194037042086263	0.4871934392034525	-0.6273268354584223
0	0	0.7994441444565734	2.000000000000001	0	0.2855724576750792	0	0	0	0	0	0
3	0	1	2.000000000000001	1	0.3333333333333333	2.999999999999999	0	-2.999999999999999	1	0.03703703703703698	-2.565543686681451
5	0	0.8648258459954584	2.067769653222704	1	0.2949011707294864	5.781510836143832	0	-5.781510836143832	0.9999999999999997	0.002230398597425909	-4.944239541716405
3	0	0.7994441444565734	2.200555855543428	1	0.2664813814855244	3.752607384521237	0	-3.752607384521237	0.9999999999999997	0.01892346291577063	-3.209159394650886
4	2	0.9998987262939643	2.00010127370604	0.6666666666666666	0.3332995754313209	4.000405135853752	0.9999493657109411	-3.000455770142811	0.9821756863450303	0.1001038364500104	-2.565933452752275
0	0	0.8225726946825166	2.075605224858958	0	0.2838240844829352	0	0	0	0	0	0
1	2	0.1788198803697207	2.82118011963028	0.3333333333333333	0.05960662678990689	5.592219377020278	0.7089231864649972	-4.883296190555281	0.9897647088523989	0.1683728098600132	-4.176103237291564
4	0	0.7994441444565735	2.200555855543428	1	0.2664813814855244	5.003476512694983	0	-5.003476512694983	1	0.00504275054028458	-4.278879192867848
1	0	1	2.000000000000001	1	0.3333333333333333	0.9999999999999996	0	-0.9999999999999996	1	0.3333333333333333	-0.8551812288938171
0	0	0	1.269618003127356	0	0	0	0	0	0	0	0
2	0	1	1.799718443603591	1	0.3571787735601277	1.999999999999999	0	-1.999999999999999	1	0.127576676281917	-1.710362457787634
2	0	0.7994441444565733	2	1	0.2855724576750793	2.501738256347492	0	-2.501738256347492	0.9999999999999999	0.08155162858258502	-2.139439596433924
5	0	0.7994441444565734	2.200555855543428	1	0.2664813814855244	6.254345640868729	0	-6.254345640868729	0.9999999999999998	0.00134379913046212	-5.34859899108481
9	0	1.000000000000001	2.000000000000001	1	0.3333333333333334	8.999999999999995	0	-8.999999999999995	0.9999999999999998	5.080526342549074e-05	-7.696631060044353
2	1	0.8651314458209647	2.067481053153206	0.6666666666666666	0.295003668614107	2.311787427981079	0.4836803696337899	-1.828107058347289	0.9743266672046609	0.2097348278966678	-1.563362840706896
0	2	0.9997469970490355	2.000253002950966	0	0.333248999016345	0	0.9998735145251162	0.9998735145251162	0.4445568973127059	0.5554431026872941	0.8550730608899691
0	1	0.9998481628417047	2.000151837158297	0	0.3332827209472348	0	0.4999620435920224	0.4999620435920224	0.6667172790527652	0.3332827209472348	0.42755815483929
1	0	1	2.000000000000001	1	0.3333333333333333	0.9999999999999996	0	-0.9999999999999996	1	0.3333333333333333	-0.8551812288938171
4	2	1	2.000000000000001	0.6666666666666666	0.3333333333333333	3.999999999999998	0.9999999999999996	-2.999999999999999	0.982167352537723	0.1001371742112481	-2.565543686681451
6	1	1.797137735779652	1.202831252373806	0.8571428571428571	0.5990521044971957	3.338642264610298	0.8313718138155159	-2.507270450794782	0.9723145117210501	0.1573955205892554	-2.144170625279838
7	0	0.8642783804318651	2.068317118786297	1	0.2947144877847231	8.099242279440357	0	-8.099242279440357	1	0.0001931125061989114	-6.926319965640569
4	0	0.7994441444565734	2.200555855543428	1	0.2664813814855244	5.003476512694983	0	-5.003476512694983	0.9999999999999998	0.005042750540284802	-4.278879192867848
0	0	0.8225726946825166	1.377983160860911	0	0.3738022339266558	0	0	0	0	0	0
4	0	0.7994441444565741	2.200555855543429	1	0.2664813814855244	5.003476512694979	0	-5.003476512694979	1	0.00504275054028458	-4.278879192867844
2	0	1	2.000000000000001	1	0.3333333333333333	1.999999999999999	0	-1.999999999999999	1	0.1111111111111109	-1.710362457787634
0	1	0.9226294075974498	2.077370592402552	0	0.3075431358658165	0	0.4813777588155155	0.4813777588155155	0.6924568641341835	0.3075431358658165	0.4116652233460042
1	1	0.7994441444565734	2.200555855543428	0.5	0.2664813814855244	1.250869128173746	0.4544306373686887	-0.7964384908050569	0.9289876733215663	0.4619504362926153	-0.6810992473050059
4	0	1.799444144456574	1.200555855543427	1	0.5998147148188577	2.222908675616595	0	-2.222908675616595	1	0.1294399877423202	-1.900989772932528
1	1	1	2.000000000000001	0.5	0.3333333333333333	0.9999999999999996	0.4999999999999998	-0.4999999999999998	0.8888888888888891	0.5555555555555555	-0.4275906144469085
4	0	0.7994441444565736	2.200555855543429	1	0.2664813814855244	5.003476512694982	0	-5.003476512694982	1	0.00504275054028458	-4.278879192867847
0	2	1	1.800152607793582	0	0.3571233929239178	0	1.11101691675539	1.11101691675539	0.4132903319256555	0.5867096680743444	0.9501208121926944
1	0	0.8225941813196785	2.110001317898484	1	0.2805003900261677	1.215666269843669	0	-1.215666269843669	1	0.2805003900261678	-1.039614974569672
0	0	0	3.000000000000001	0	0	0	0	0	0	0	0
1	1	0.7994441444565734	2.200555855543428	0.5	0.2664813814855243	1.250869128173746	0.4544306373686887	-0.796438490805057	0.9289876733215665	0.461950436292615	-0.681099247305006
2	0	0.8226804336126591	2.075497485928815	1	0.2838612591951624	2.43107763146541	0	-2.43107763146541	1	0.08057721447186306	-2.079011956412861
5	0	1.79686083063851	1.200780469543358	1	0.599424898012145	2.782630638246626	0	-2.782630638246626	1	0.07738804763079998	-2.379653488773337
0	0	0.7994441444565734	2.200555855543428	0	0.2664813814855244	0	0	0	0	0	0
2	0	0.8227343299054498	2.109861169312713	1	0.280548179973949	2.430918374622637	0	-2.430918374622637	0.9999999999999999	0.07870728128669535	-2.078875762950348
1	3	0.8260839155646891	2.072094003976786	0.25	0.285035611511175	1.210530771945156	1.447810762563072	0.2372799906179164	0.6779882345441183	0.7387010632003073	0.2029173939685432
0	0	1	2.000000000000001	0	0.3333333333333333	0	0	0	0	0	0
2	4	0.8653937011832615	2.033144123050935	0.3333333333333333	0.2985621557006597	2.311086846674964	1.967396189305853	-0.3436906573691105	0.7469685958137399	0.5767126585098759	-0.2939177987282399
2	1	0.8648123343188472	2.033391234459303	0.6666666666666666	0.298395993861619	2.312640466183061	0.4917892745150487	-1.820851191668012	0.9734307702320844	0.2139820479221588	-1.557157759723423
1	0	0.822852089908975	1.377703765634453	1	0.3739291996774931	1.215285240523144	0	-1.215285240523144	1	0.3739291996774931	-1.039289125447101
3	1	1.798536909980821	1.20146309001918	0.75	0.5995123033269401	1.668022481691516	0.8323185358811447	-0.8357039458103712	0.8708208564520847	0.4743574317705677	-0.7146783273695255
6	1	0.9399321594132	2.058063134389529	0.8571428571428571	0.3135202251171541	6.383439421570385	0.4858937431463317	-5.897545678424053	0.9997022450869923	0.004861476692133992	-5.043470360732104
0	0	0.8225726946825166	2.110022804535646	0	0.280493063193276	0	0	0	0	0	0
0	0	0.7994441444565734	2.200555855543428	0	0.2664813814855244	0	0	0	0	0	0
1	0	1	2.000000000000001	1	0.3333333333333333	0.9999999999999996	0	-0.9999999999999996	1	0.3333333333333333	-0.8551812288938171
3	0	0.864986196445953	2.067609302772209	1	0.2949558494093579	3.468263438568582	0	-3.468263438568582	1	0.02566085010957009	-2.965993789522577
0	0	0.7994441444565734	2.200555855543428	0	0.2664813814855244	0	0	0	0	0	0
0	5	0.0148407489444865	2.985159251055515	0	0.004946916314828831	0	1.674952516597586	1.674952516597586	0.9755089306191199	0.02449106938088008	1.432387951482716
4	0	1	1.985886351005987	1	0.3349089290230642	3.999999999999998	0	-3.999999999999998	0.9999999999999999	0.01258076081858295	-3.420724915575268
3	0	0.7994441444565734	2.200555855543428	1	0.2664813814855244	3.752607384521237	0	-3.752607384521237	0.9999999999999997	0.01892346291577063	-3.209159394650886
4	0	1.000000000000001	2.000000000000001	1	0.3333333333333334	3.999999999999997	0	-3.999999999999997	1	0.01234567901234573	-3.420724915575268
1	0	0.7994441444565734	2.077468228617284	1	0.2778826883776101	1.250869128173746	0	-1.250869128173746	1	0.2778826883776101	-1.069719798216962
0	0	0.7994441444565734	2.200555855543428	0	0.2664813814855244	0	0	0	0	0	0
2	1	0.8236557907995864	2.075112878587277	0.6666666666666666	0.2841398830813922	2.428198796560934	0.4819014957300988	-1.946297300830835	0.9770598320965052	0.1963260836655316	-1.664436917517233
1	0	0.1898613067837969	2.810138693216205	1	0.06328710226126559	5.267002618594333	0	-5.267002618594333	1	0.06328710226126555	-4.504241771956456
2	0	0.7994441444565734	2.000000000000001	1	0.2855724576750792	2.501738256347491	0	-2.501738256347491	1	0.08155162858258491	-2.139439596433924
0	0	0.7994441444565734	2.200555855543428	0	0.2664813814855244	0	0	0	0	0	0
1	1	0.8226049255607948	2.074692353157109	0.5	0.2839214779937285	1.215650391733638	0.4819991737465443	-0.7336512179870933	0.9193885943338569	0.4872315503213137	-0.6274047501776484
2	0	0.7994441444565734	2.077468228617284	1	0.2778826883776101	2.501738256347491	0	-2.501738256347491	1	0.07721878849996788	-2.139439596433924
3	3	0.7996973608742898	2.200302639125712	0.5	0.2665657869580965	3.751419157767599	1.363448803202839	-2.38797035456476	0.9529773641920688	0.1964832335099578	-2.042147422378696
0	1	0.7994441444565734	2.200555855543428	0	0.2664813814855244	0	0.4544306373686887	0.4544306373686887	0.7335186185144755	0.2664813814855245	0.388620550911956
7	3	1	2	0.7	0.3333333333333333	6.999999999999998	1.5	-5.499999999999998	0.9965960473505063	0.01966163694558676	-4.703496758915994
2	0	0.7994441444565734	2.077468228617284	1	0.2778826883776101	2.501738256347491	0	-2.501738256347491	1	0.07721878849996788	-2.139439596433924
1	3	0.1770061173297173	2.822993882670283	0.25	0.05900203910990576	5.64952225994119	1.062701558942907	-4.586820700998283	0.9807194015377798	0.2159301948692566	-3.922562963795313
5	1	0.9997975702306081	1.934414662942283	0.8333333333333334	0.3407379871596689	5.001012353777501	0.5169522435685946	-4.484060110208906	0.9984349676415261	0.01973323939769511	-3.834684035482199
0	0	1	1.799444144456574	0	0.3572137711624603	0	0	0	0	0	0
2	0	0.7305838636261434	2.269416136373858	1	0.2435279545420477	2.737536509598364	0	-2.737536509598364	1	0.05930586464343346	-2.341089836420021
2	0	0.898402111733596	1.999376856001779	1	0.3100312762762926	2.226174642600419	0	-2.226174642600419	0.9999999999999998	0.09611939226950705	-1.903782766591282
2	0	0.7994441444565733	2.200555855543428	1	0.2664813814855244	2.501738256347492	0	-2.501738256347492	1	0.07101232667843349	-2.139439596433924
4	1	0.9986114338461693	1.93422219800947	0.8	0.3404937201345224	4.005561987803334	0.5170036829424826	-3.488558304860852	0.9954233728540298	0.04889924111632538	-2.983349578218636
0	0	1	2.000000000000001	0	0.3333333333333333	0	0	0	0	0	0
1	0	0.7994441444565734	2.000000000000001	1	0.2855724576750792	1.250869128173746	0	-1.250869128173746	1	0.2855724576750792	-1.069719798216962
4	2	0.7994441444565735	2.200555855543429	0.6666666666666666	0.2664813814855243	5.003476512694983	0.9088612747373771	-4.094615237957606	0.9937276924608518	0.04697105346042751	-3.501638091043936
6	0	0.7994441444565739	2.200555855543429	1	0.2664813814855244	7.50521476904247	0	-7.50521476904247	0.9999999999999999	0.0003580974487246147	-6.418318789301768
2	14	0.7996930758206361	2.199545653400406	0.125	0.266632018328308	2.500959506180071	6.364950860809178	3.863991354629107	0.1587744871670299	0.9522741101066337	3.304412875086807
11	0	1	2.000000000000001	1	0.3333333333333333	10.99999999999999	0	-10.99999999999999	1	5.645029269252255e-06	-9.406993517831989
1	0	0.7994441444565735	2.000000000000001	1	0.2855724576750792	1.250869128173746	0	-1.250869128173746	1	0.2855724576750792	-1.069719798216962
1	0	0.9202404671272197	2.030648477901638	1	0.3118519484365822	1.086672490204404	0	-1.086672490204404	1	0.3118519484365823	-0.9293019155781073
2	3	0.8000548018194955	2.199945198180505	0.4	0.2666849339398318	2.499828756044677	1.363670332552461	-1.136158423492216	0.8781103998128437	0.4023482158325198	-0.9716213568201354
3	0	0.8227769715921545	2.109818527626008	1	0.2805627205700578	3.646188582787757	0	-3.646188582787757	0.9999999999999999	0.02208461804599526	-3.11815203300704
1	0	1	2	1	0.3333333333333333	0.9999999999999998	0	-0.9999999999999998	1	0.3333333333333333	-0.8551812288938173
5	0	1.6231307368327	1.1782150948715	1	0.579411052524446	3.080466586294066	0	-3.080466586294066	0.9999999999999996	0.0653031117893631	-2.634357200833302
3	1	0.7994441444565733	2.200555855543428	0.75	0.2664813814855244	3.752607384521238	0.4544306373686887	-3.298176747152549	0.9949572494597154	0.06056560004222766	-2.82053884373893
1	2	0.7996836994059787	2.199261674035319	0.3333333333333333	0.2666549736077185	1.250494415157918	0.9093961048892816	-0.3410983102686369	0.8246063122570033	0.6056107645270575	-0.2917008721491375
4	0	1.122932182055722	1.773044736488174	1	0.387755915755135	3.562102915847781	0	-3.562102915847781	1	0.0226065208376971	-3.046243549020956
7	0	0.7994441444565739	2.200555855543429	1	0.2664813814855244	8.756083897216214	0	-8.756083897216214	1	9.542630284242737e-05	-7.488038587518729
7	4	0.8647098034784235	1.338790733829156	0.6363636363636364	0.3924255015317573	8.095201386455273	2.98777090319363	-5.107430483261642	0.974092874441691	0.09035560006292465	-4.367778677165435
0	1	0.9225903581594559	2.077409641840545	0	0.3075301193864852	0	0.4813687102722884	0.4813687102722884	0.6924698806135148	0.3075301193864852	0.4116574852016877
11	3	0.8628780381906007	2.035402490354454	0.7857142857142857	0.2977206759981126	12.74803565874302	1.47390995845621	-11.27412570028681	0.9999767719271021	0.0002285947572815417	-9.641420671074645
6	0	1.000000000000001	1.94453059694325	1	0.339612704666106	5.999999999999992	0	-5.999999999999992	1.000000000000001	0.001534276280840907	-5.131087373362898
0	7	0.99888472970269	2.001115270297311	0	0.3329615765675632	0	3.498049364722498	3.498049364722498	0.0587565055888288	0.9412434944111712	2.991466154454624
0	1	0.8651245176744919	2.067539138456002	0	0.2949961601856455	0	0.4836667811506487	0.4836667811506487	0.7050038398143545	0.2949961601856455	0.4136227522795288
7	2	1.791205247978849	1.208205624571155	0.7777777777777778	0.5971856888202925	3.907983190591154	1.655347367473055	-2.252635823118099	0.9316959773960259	0.2265300868159186	-1.926411871464372
3	2	0.8651469335109977	2.03327079843559	0.6	0.2984893874941767	3.467619064226694	0.9836368089970169	-2.483982255229678	0.9697873230462877	0.1610872191004348	-2.124254997577752
2	3	1	1.800871009706015	0.4	0.3570317935151759	1.999999999999999	1.665860566265508	-0.3341394337344912	0.7538124861610127	0.5850178435963158	-0.2857497715629465
3	0	1.000000000000002	1.990954743069225	1	0.3343414012924288	2.999999999999996	0	-2.999999999999996	0.9999999999999999	0.03737407691547878	-2.565543686681449
0	0	0.7994441444565734	2.000000000000001	0	0.2855724576750792	0	0	0	0	0	0
3	0	0.8227877207414173	2.075390198800057	1	0.2838982780158617	3.646140947870112	0	-3.646140947870112	1	0.02288169934984174	-3.11811129651963
0	0	0.7994441444565734	2.200555855543428	0	0.2664813814855244	0	0	0	0	0	0
0	1	0.002539019453861707	1.271472457226166	0	0.001992932952596463	0	0.7864897067307239	0.7864897067307239	0.9980070670474035	0.001992932952596504	0.6725912339143186
2	3	0.9228065896661831	2.077193410333819	0.4	0.3076021965553942	2.167301385140175	1.444256459256666	-0.7230449258835094	0.8267178168237987	0.4873662525478186	-0.6183344482624988
2	1	1.798861956458921	1.200633694477465	0.6666666666666666	0.5997214751411126	1.111814051555696	0.8328934999906161	-0.2789205515650803	0.7843006672322307	0.6475988777007577	-0.2385276200511668
0	1	0.002539019453861707	1.271472457226166	0	0.001992932952596463	0	0.7864897067307239	0.7864897067307239	0.9980070670474035	0.001992932952596504	0.6725912339143186
0	0	0.9225317713827176	2.077468228617284	0	0.3075105904609057	0	0	0	0	0	0
0	0	1	2.000000000000001	0	0.3333333333333333	0	0	0	0	0	0
0	0	0.7994441444565734	2.200555855543428	0	0.2664813814855244	0	0	0	0	0	0
0	0	1	2.000000000000001	0	0.3333333333333333	0	0	0	0	0	0
0	9	0.1828778175130282	2.817122182486973	0	0.06095927250434272	0	3.194749612192803	3.194749612192803	0.5677535489877065	0.4322464510122935	2.732089899363088
0	0	1	1.799444144456574	0	0.3572137711624603	0	0	0	0	0	0
4	0	0.7994441444565735	2.077468228617284	1	0.2778826883776101	5.003476512694983	0	-5.003476512694983	0.9999999999999999	0.005962741297402929	-4.278879192867848
0	3	0.800476422947821	2.199321176438564	0	0.2668434774104627	0	1.364057251909884	1.364057251909884	0.3940851844746714	0.6059148155253286	1.166516156969818
2	0	1.664896590814713	1.21224478806482	1	0.5786634619474578	1.201275809581246	0	-1.201275809581246	1	0.3348514021930169	-1.027308523078105
0	0	1	2.000000000000001	0	0.3333333333333333	0	0	0	0	0	0
1	1	0.7994441444565734	2.077499249710102	0.5	0.2778796920639926	1.250869128173746	0.4813479476055367	-0.769521180568209	0.9227828767384207	0.4785422608664057	-0.6580800688581422
1	4	0.9989632703188075	2.001036729681194	0.2	0.3329877567729357	1.001037805605067	1.998963807444595	0.9979260018395284	0.4615881469001145	0.8679710929886709	0.8534075845982219
1	7	1.000000000000001	2.000000000000001	0.125	0.3333333333333334	0.9999999999999993	3.499999999999998	2.499999999999998	0.1950922115531168	0.9609815576893767	2.137953072234542
0	0	1.664635142892896	1.212277230180961	0	0.5786186463212659	0	0	0	0	0	0
0	0	1.664635142892896	1.212277230180961	0	0.5786186463212659	0	0	0	0	0	0
2	0	1	1.999557733576143	1	0.3333824812925927	1.999999999999999	0	-1.999999999999999	1	0.1111438788328059	-1.710362457787634
2	0	0.7994441444565735	2.200555855543428	1	0.2664813814855244	2.501738256347491	0	-2.501738256347491	0.9999999999999999	0.07101232667843371	-2.139439596433924
2	0	0.9225317713827176	2.077468228617284	1	0.3075105904609057	2.167947014987182	0	-2.167947014987182	1	0.09456276324561486	-1.853987592453422
0	0	0	3.000000000000001	0	0	0	0	0	0	0	0
0	0	0	1.269618003127356	0	0	0	0	0	0	0	0
4	0	1.000000000000001	2.000000000000001	1	0.3333333333333334	3.999999999999997	0	-3.999999999999997	1	0.01234567901234573	-3.420724915575268
0	0	0.7994441444565734	2.077468228617284	0	0.2778826883776101	0	0	0	0	0	0
1	1	0.8233451001862306	1.377816496734257	0.5	0.3740502747904211	1.214557540664069	0.7257860552332118	-0.4887714854308574	0.8600863919292105	0.6081869415100527	-0.4179881995590172
11	3	0.8456072987712921	2.052955972400783	0.7857142857142857	0.2917332552928399	13.00840238250489	1.461307519659917	-11.54709486284497	0.9999815196132654	0.0001869560811634807	-9.87485877496125
0	0	1	2.000000000000001	0	0.3333333333333333	0	0	0	0	0	0
0	0	0.7994441444565734	2.200555855543428	0	0.2664813814855244	0	0	0	0	0	0
2	1	0.9225708086705819	2.07742919132942	0.6666666666666666	0.3075236028901938	2.167855281354486	0.4813641803887741	-1.686491100965712	0.9709172572087078	0.2255468134211123	-1.442255532242345
4	0	0.9400539972872327	2.058172703692087	1	0.3135366638487277	4.255074720753306	0	-4.255074720753306	0.9999999999999998	0.009663920128368253	-3.638860028728829
0	0	0.7994441444565734	2.077468228617284	0	0.2778826883776101	0	0	0	0	0	0
2	1	0.7994441444565735	2.200555855543428	0.6666666666666666	0.2664813814855244	2.501738256347491	0.4544306373686887	-2.047307618978802	0.9810765370842297	0.17519005420376	-1.750819045521968
3	0	0.9225317713827176	2.077468228617284	1	0.3075105904609057	3.251920522480773	0	-3.251920522480773	1	0.02907905116127363	-2.780981388680133
0	0	0.7994441444565734	2.077468228617284	0	0.2778826883776101	0	0	0	0	0	0
1	0	0.9225317713827176	2.077468228617284	1	0.3075105904609057	1.083973507493591	0	-1.083973507493591	1	0.3075105904609057	-0.9269937962267109