Observed S Changes	Observed NS Changes	E[S Sites]	E[NS Sites]	Observed S. Prop.	P{S}	dS	dN	dN-dS	P{S leq. observed}	P{S geq. observed}	Scaled dN-dS
0	0	0	3.000000000000001	0	0	0	0	0	0	0	0
0	0	0.867810573016742	2.032210282595298	0	0.2992428731460255	0	0	0	0	0	0
3	0	1	2	1	0.3333333333333333	3	0	-3	1	0.03703703703703698	-2.512533174751017
0	1	0.923612906393628	2.076387093606373	0	0.3078709687978759	0	0.4816057675754236	0.4816057675754236	0.6921290312021241	0.3078709687978759	0.4033501560615598
0	0	0.9239167630420109	2.07608323695799	0	0.3079722543473369	0	0	0	0	0	0
3	0	1	2	1	0.3333333333333333	3	0	-3	1	0.03703703703703698	-2.512533174751017
0	0	1.670791655450368	1.208272663941247	0	0.5803245325910011	0	0	0	0	0	0
0	0	0.802981082433626	2.197018917566375	0	0.2676603608112086	0	0	0	0	0	0
0	0	0.802981082433626	2	0	0.2864739571258381	0	0	0	0	0	0
0	0	0.9239167630420109	2.07608323695799	0	0.3079722543473369	0	0	0	0	0	0
0	1	1.800250462614884	1.199749537385117	0	0.6000834875382945	0	0.8335073020153226	0.8335073020153226	0.3999165124617055	0.6000834875382945	0.6980715825702378
0	0	0.802981082433626	2.07608323695799	0	0.2789034885484276	0	0	0	0	0	0
5	0	1.802316140613887	1.197075526379682	1	0.6008938947344722	2.774208079996971	0	-2.774208079996971	1	0.07834097230444637	-2.323429944884904
1	1	0.9989155097082678	2.001084490291732	0.5	0.3329718365694226	1.0010856676878	0.4997290243622912	-0.5013566433255086	0.8891297560515858	0.5550734291904309	-0.4198917329123845
2	3	0.8054537639271819	2.194546236072819	0.4	0.2684845879757273	2.483072386735798	1.367025196684193	-1.116047190051606	0.8760366935486326	0.4061322179773992	-0.9347018631974375
2	0	1	2	1	0.3333333333333333	2	0	-2	1	0.1111111111111109	-1.675022116500678
0	0	0.8258518705267502	1.371167047039624	0	0.3758965678099585	0	0	0	0	0	0
1	1	0.8259922468974268	2.075562152699095	0.5	0.2846723283948375	1.210665116720135	0.4817971838133507	-0.7288679329067844	0.9189616654462616	0.488306322235937	-0.6104349538134981
1	5	0.979707587325031	2.02029241267497	0.1666666666666667	0.3265691957750103	1.02071272381423	2.47488926287643	1.4541765390622	0.3646618611663479	0.9067265869686905	1.217888932112799
1	0	0.9999999999999996	1.999999999999999	1	0.3333333333333333	1	0	-1	1	0.3333333333333333	-0.8375110582503394
1	1	0.998104470774773	1.935911347727804	0.5	0.340183738778945	1.0018991290799	0.5165525793181123	-0.4853465497617881	0.8842750238703785	0.5646425014282686	-0.406483102509146
0	0	0.802981082433626	2.197018917566375	0	0.2676603608112086	0	0	0	0	0	0
0	0	0.802981082433626	2.197018917566375	0	0.2676603608112086	0	0	0	0	0	0
1	1	0.8029810824336258	2.197018917566374	0.5	0.2676603608112086	1.245359351392515	0.4551622164035321	-0.7901971349889831	0.9283579312504135	0.4636786528728308	-0.6617988387510093
0	0	0.802981082433626	2.197018917566375	0	0.2676603608112086	0	0	0	0	0	0
1	0	1	2	1	0.3333333333333333	0.9999999999999998	0	-0.9999999999999998	1	0.3333333333333333	-0.8375110582503389
0	0	1	2	0	0.3333333333333333	0	0	0	0	0	0
0	1	0.9991029638010377	2.000218578672488	0	0.3331096548511709	0	0.499945361303305	0.499945361303305	0.6668903451488291	0.3331096548511709	0.4187097686124791
1	0	1.802981082433626	1.197018917566375	1	0.6009936941445418	0.5546369896739133	0	-0.5546369896739133	1	0.6009936941445418	-0.4645146121665815
0	0	0.802981082433626	2.07608323695799	0	0.2789034885484276	0	0	0	0	0	0
0	0	1	2	0	0.3333333333333333	0	0	0	0	0	0
1	0	1	1.999889441324487	1	0.3333456180833412	0.9999999999999998	0	-0.9999999999999998	1	0.3333456180833412	-0.8375110582503389
0	0	0.802981082433626	2.197018917566375	0	0.2676603608112086	0	0	0	0	0	0
0	0	0.802981082433626	2.197018917566375	0	0.2676603608112086	0	0	0	0	0	0
0	0	1	2	0	0.3333333333333333	0	0	0	0	0	0
1	0	0.9999999999999998	2	1	0.3333333333333334	1	0	-1	1	0.3333333333333334	-0.8375110582503392
0	0	1	2	0	0.3333333333333333	0	0	0	0	0	0
2	0	0.8029810824336259	2.197018917566375	1	0.2676603608112085	2.49071870278503	0	-2.49071870278503	1	0.07164206874958634	-2.086004456573403
0	0	1	1.933905286508371	0	0.3408426320367335	0	0	0	0	0	0
4	0	1	2	1	0.3333333333333333	3.999999999999999	0	-3.999999999999999	1	0.01234567901234551	-3.350044233001356
0	0	0.1741481294732499	2.82585187052675	0	0.05804937649108329	0	0	0	0	0	0
0	0	1	2	0	0.3333333333333333	0	0	0	0	0	0
0	0	0.8258518705267502	2.07416898508529	0	0.2847744590969352	0	0	0	0	0	0
0	0	1	2	0	0.3333333333333333	0	0	0	0	0	0
0	0	0.9239167630420109	2.07608323695799	0	0.3079722543473369	0	0	0	0	0	0
4	1	0.999164273139726	2.000835726860275	0.8	0.3330547577132419	4.003345703535407	0.4997911555533881	-3.503554547982019	0.9959019409701321	0.04513006516823781	-2.934265677118209
1	1	0.8029810824336261	2.197018917566375	0.5	0.2676603608112086	1.245359351392515	0.4551622164035319	-0.7901971349889828	0.9283579312504135	0.4636786528728308	-0.661798838751009
0	0	0.802981082433626	2.197018917566375	0	0.2676603608112086	0	0	0	0	0	0
1	3	0.9772254883492392	1.220827901802667	0.25	0.444586784255365	1.023305277975539	2.457348816790817	1.434043538815278	0.3998571677781494	0.9048377203207792	1.201027321770245
0	0	0.9239167630420109	2.07608323695799	0	0.3079722543473369	0	0	0	0	0	0
0	0	0.8258518705267502	2.108053415981621	0	0.2814855252227972	0	0	0	0	0	0
1	0	1	2	1	0.3333333333333333	0.9999999999999998	0	-0.9999999999999998	1	0.3333333333333333	-0.8375110582503389
0	0	1	2	0	0.3333333333333333	0	0	0	0	0	0
1	0	0.8029810824336259	2.197018917566375	1	0.2676603608112085	1.245359351392515	0	-1.245359351392515	1	0.2676603608112085	-1.043002228286701
1	0	1	2	1	0.3333333333333333	0.9999999999999998	0	-0.9999999999999998	1	0.3333333333333333	-0.8375110582503389
1	0	1	2	1	0.3333333333333333	0.9999999999999998	0	-0.9999999999999998	1	0.3333333333333333	-0.8375110582503389
2	0	0.8677053321482383	2.066199954360133	1	0.2957509692417136	2.304929940961018	0	-2.304929940961018	1	0.08746863580741304	-1.930404314047154
4	0	1.791695293530073	1.197979716087553	1	0.5992943339213408	2.232522468772596	0	-2.232522468772596	1	0.1289913792685013	-1.869762255389396
0	0	1	2	0	0.3333333333333333	0	0	0	0	0	0
1	0	0.8677754720585293	1.329243445507845	1	0.3949786072027816	1.152371819899229	0	-1.152371819899229	1	0.3949786072027817	-0.9651241423816724
1	2	0.8029810824336258	2.197018917566375	0.3333333333333333	0.2676603608112085	1.245359351392515	0.9103244328070641	-0.3350349185854511	0.8234252776927925	0.6072306181556422	-0.2805954492153173
1	0	1	2	1	0.3333333333333333	0.9999999999999998	0	-0.9999999999999998	1	0.3333333333333333	-0.8375110582503389
0	0	1	1.802981082433626	0	0.356763021437081	0	0	0	0	0	0
0	2	0.5620822230285614	2.437917776971439	0	0.1873607410095205	0	0.820372212259163	0.820372212259163	0.6603825652525956	0.3396174347474044	0.6870707996483434
2	0	1	1.999225635227067	1	0.3334193960783119	2	0	-2	1	0.1111684936812262	-1.675022116500678
0	2	0.8359419537464694	2.097963332761901	0	0.284924655744876	0	0.9533055076644569	0.9533055076644569	0.5113327479615841	0.4886672520384159	0.798403904559936
0	0	0.1741481294732499	2.82585187052675	0	0.05804937649108329	0	0	0	0	0	0
1	0	0.802981082433626	2.07608323695799	1	0.2789034885484276	1.245359351392515	0	-1.245359351392515	1	0.2789034885484276	-1.043002228286701
0	2	0.8029810824336256	2.197018917566374	0	0.2676603608112086	0	0.9103244328070644	0.9103244328070644	0.5363213471271692	0.4636786528728308	0.7624067790713842
2	0	0.802981082433626	2.197018917566375	1	0.2676603608112086	2.49071870278503	0	-2.49071870278503	0.9999999999999999	0.07164206874958645	-2.086004456573402
1	0	1	2	1	0.3333333333333333	0.9999999999999998	0	-0.9999999999999998	1	0.3333333333333333	-0.8375110582503389
0	0	0.802981082433626	2.197018917566375	0	0.2676603608112086	0	0	0	0	0	0
0	3	0.8697938201742181	1.333269081652035	0	0.3948111601594276	0	2.250108429937296	2.250108429937296	0.2216525500384516	0.7783474499615484	1.884490692334793
1	1	0.9240440219943079	2.075955978005693	0.5	0.3080146739981026	1.082199523180466	0.4817057830680346	-0.6004937401124313	0.9051269606018426	0.5211563085980477	-0.5029201477542664
0	0	1	2	0	0.3333333333333333	0	0	0	0	0	0
0	0	0.802981082433626	2.197018917566375	0	0.2676603608112086	0	0	0	0	0	0
1	0	1	1.933960546221448	1	0.3408362124323271	0.9999999999999998	0	-0.9999999999999998	1	0.3408362124323272	-0.8375110582503389
1	2	0.8260276906552666	2.105864840400111	0.3333333333333333	0.2817387342495551	1.210613168678069	0.9497285683443973	-0.2608846003336717	0.806596846945046	0.6294495546563764	-0.2184937377066701
3	0	0.8029810824336259	2.197018917566374	1	0.2676603608112086	3.736078054177545	0	-3.736078054177545	0.9999999999999999	0.01917574197077587	-3.129006684860103
1	0	0.8029810824336259	2.07608323695799	1	0.2789034885484276	1.245359351392515	0	-1.245359351392515	1	0.2789034885484276	-1.043002228286701
1	0	1	2	1	0.3333333333333333	0.9999999999999998	0	-0.9999999999999998	1	0.3333333333333333	-0.8375110582503389
0	0	1.802981082433626	1.197018917566374	0	0.600993694144542	0	0	0	0	0	0
0	0	0.1741481294732499	2.82585187052675	0	0.05804937649108329	0	0	0	0	0	0
0	0	0.802981082433626	2.197018917566375	0	0.2676603608112086	0	0	0	0	0	0
0	0	1	2	0	0.3333333333333333	0	0	0	0	0	0
0	0	1.802981082433626	1.197018917566374	0	0.600993694144542	0	0	0	0	0	0
0	0	1.670791655450368	1.208272663941247	0	0.5803245325910011	0	0	0	0	0	0
1	0	1	1.933960543888908	1	0.3408362127032967	0.9999999999999998	0	-0.9999999999999998	1	0.3408362127032967	-0.8375110582503389
3	0	0.8029810824336259	2.197018917566374	1	0.2676603608112086	3.736078054177545	0	-3.736078054177545	0.9999999999999999	0.01917574197077587	-3.129006684860103
0	0	1	2	0	0.3333333333333333	0	0	0	0	0	0
2	0	0.867319244595033	1.329699672971342	1	0.3947709496993123	2.305955981564592	0	-2.305955981564592	1	0.155844102726497	-1.931263634398861
1	0	0.8029810824336259	2.07608323695799	1	0.2789034885484276	1.245359351392515	0	-1.245359351392515	1	0.2789034885484276	-1.043002228286701
0	0	0.802981082433626	2.197018917566375	0	0.2676603608112086	0	0	0	0	0	0
0	2	0.9968621226179881	2.003137877382013	0	0.332287374205996	0	0.9984335190216095	0.9984335190216095	0.4458401506447237	0.5541598493552764	0.8361991131083982
1	0	0.8029810824336256	2.197018917566374	1	0.2676603608112086	1.245359351392515	0	-1.245359351392515	1	0.2676603608112086	-1.043002228286702
0	0	0.8258518705267502	1.371167047039624	0	0.3758965678099585	0	0	0	0	0	0
1	0	0.8029810824336255	2.197018917566374	1	0.2676603608112085	1.245359351392516	0	-1.245359351392516	1	0.2676603608112085	-1.043002228286702
1	0	0.8677754958880499	2.032245359723991	1	0.2992307776713932	1.15237178825456	0	-1.15237178825456	1	0.2992307776713932	-0.9651241158789124
1	3	0.8278553692011066	2.073120072591898	0.25	0.2853713813893697	1.207940465452336	1.447094184105448	0.2391537186531125	0.6774010932421635	0.7391915744891098	0.2002938839936721
0	0	0	1.264378853966516	0	0	0	0	0	0	0	0
0	0	0.802981082433626	2.197018917566375	0	0.2676603608112086	0	0	0	0	0	0
1	0	1	2	1	0.3333333333333333	0.9999999999999998	0	-0.9999999999999998	1	0.3333333333333333	-0.8375110582503389
0	0	0.802981082433626	2.197018917566375	0	0.2676603608112086	0	0	0	0	0	0
1	0	1	2	1	0.3333333333333333	0.9999999999999998	0	-0.9999999999999998	1	0.3333333333333333	-0.8375110582503389
0	0	0.8258518705267502	2.108053415981621	0	0.2814855252227972	0	0	0	0	0	0
3	0	1.095167045092855	1.281172758015156	1	0.4608629808163328	2.73930813882885	0	-2.73930813882885	1	0.09788484860042801	-2.294200858224317
0	0	0.802981082433626	2.197018917566375	0	0.2676603608112086	0	0	0	0	0	0
0	2	0.8270924875562237	2.072928368055817	0	0.2852022549960829	0	0.9648186743065241	0.9648186743065241	0.5109358162626849	0.4890641837373151	0.8080463089381462
0	0	1	2	0	0.3333333333333333	0	0	0	0	0	0
0	2	0.8029810824336256	2.024247332535737	0	0.2840170529491255	0	0.9880215563849291	0.9880215563849291	0.5126315804676553	0.4873684195323447	0.827478979262089
0	0	0.802981082433626	2.197018917566375	0	0.2676603608112086	0	0	0	0	0	0
0	0	0.802981082433626	2.197018917566375	0	0.2676603608112086	0	0	0	0	0	0
0	0	0.802981082433626	2.07608323695799	0	0.2789034885484276	0	0	0	0	0	0
0	0	0.802981082433626	2	0	0.2864739571258381	0	0	0	0	0	0
1	0	1	2	1	0.3333333333333333	0.9999999999999998	0	-0.9999999999999998	1	0.3333333333333333	-0.8375110582503389
0	0	0.802981082433626	2	0	0.2864739571258381	0	0	0	0	0	0
0	0	0.802981082433626	2.197018917566375	0	0.2676603608112086	0	0	0	0	0	0
0	0	1	2	0	0.3333333333333333	0	0	0	0	0	0
1	1	1	1.999696433234871	0.5	0.3333670663873146	0.9999999999999998	0.5000759032121286	-0.4999240967878712	0.8888663990483158	0.555600531822945	-0.418691959345655
0	0	0.802981082433626	2.197018917566375	0	0.2676603608112086	0	0	0	0	0	0
0	0	0.802981082433626	2	0	0.2864739571258381	0	0	0	0	0	0
1	0	1	2	1	0.3333333333333333	0.9999999999999998	0	-0.9999999999999998	1	0.3333333333333333	-0.8375110582503389
1	0	1	2.000000000000001	1	0.3333333333333333	0.9999999999999996	0	-0.9999999999999996	1	0.3333333333333333	-0.8375110582503387
0	0	1	2	0	0.3333333333333333	0	0	0	0	0	0
0	0	0.9419795581020318	2.058020441897968	0	0.3139931860340106	0	0	0	0	0	0
0	0	1	1.802981082433626	0	0.356763021437081	0	0	0	0	0	0
2	0	1.802544117939109	1.196961531234471	1	0.6009470655391976	1.109542884468563	0	-1.109542884468563	1	0.3611373755801727	-0.9292544353453998
0	0	1	2	0	0.3333333333333333	0	0	0	0	0	0
0	0	1	2	0	0.3333333333333333	0	0	0	0	0	0
1	1	1	1.806277712367397	0.5	0.3563439197742095	0.9999999999999998	0.5536247240128709	-0.4463752759871289	0.8730190108399517	0.5857068503883708	-0.3738442297687675
2	0	1	2	1	0.3333333333333333	2	0	-2	1	0.1111111111111109	-1.675022116500678
1	0	1	2.000000000000001	1	0.3333333333333333	0.9999999999999996	0	-0.9999999999999996	1	0.3333333333333333	-0.8375110582503387
0	0	1	2	0	0.3333333333333333	0	0	0	0	0	0
3	0	1.802317450749223	1.197075414843298	1	0.6008940914091228	1.664523638026642	0	-1.664523638026642	1	0.2169670583555947	-1.394056953566398
2	0	0.8673539600864897	2.066551326421882	1	0.2956312066633631	2.305863686609059	0	-2.305863686609059	1	0.08739781035323613	-1.931186336352982
1	0	0.802981082433626	2.197018917566375	1	0.2676603608112086	1.245359351392515	0	-1.245359351392515	1	0.2676603608112086	-1.043002228286701
0	1	0.802981082433626	2.197018917566375	0	0.2676603608112086	0	0.455162216403532	0.455162216403532	0.7323396391887914	0.2676603608112086	0.381203389535692
0	2	0.802981082433626	2.197018917566375	0	0.2676603608112086	0	0.9103244328070641	0.9103244328070641	0.5363213471271692	0.4636786528728308	0.762406779071384
0	0	0.8258518705267502	2.108053415981621	0	0.2814855252227972	0	0	0	0	0	0
0	0	0.802981082433626	2.197018917566375	0	0.2676603608112086	0	0	0	0	0	0
0	0	0.802981082433626	2.197018917566375	0	0.2676603608112086	0	0	0	0	0	0
0	0	0.802981082433626	2.197018917566375	0	0.2676603608112086	0	0	0	0	0	0
0	0	0	1.264378853966516	0	0	0	0	0	0	0	0
1	3	0.9995051393365884	2.000494860663411	0.25	0.3331683797788628	1.000495105671733	1.499628946312378	0.4991338406406456	0.5928858433381404	0.8022735627223636	0.4180301110835032
1	0	1	1.93407104578095	1	0.3408233762566694	0.9999999999999998	0	-0.9999999999999998	1	0.3408233762566694	-0.8375110582503389
0	0	1	2	0	0.3333333333333333	0	0	0	0	0	0
0	0	1	2	0	0.3333333333333333	0	0	0	0	0	0
0	0	0.8258518705267502	1.371167047039624	0	0.3758965678099585	0	0	0	0	0	0
1	1	0.8029810824336255	2.197018917566374	0.5	0.2676603608112085	1.245359351392516	0.4551622164035322	-0.7901971349889834	0.9283579312504137	0.4636786528728307	-0.6617988387510095
0	0	1	1.933905286508371	0	0.3408426320367335	0	0	0	0	0	0
0	2	0.9995623386059842	2.000186398220317	0	0.3332153544511563	0	0.9999068095751065	0.9999068095751065	0.4446017635396972	0.5553982364603027	0.8374330102389677
1	0	0.8029810824336258	2.197018917566374	1	0.2676603608112086	1.245359351392515	0	-1.245359351392515	1	0.2676603608112086	-1.043002228286701
0	0	1	2	0	0.3333333333333333	0	0	0	0	0	0
0	2	1	2	0	0.3333333333333333	0	0.9999999999999998	0.9999999999999998	0.4444444444444445	0.5555555555555555	0.8375110582503389
0	0	0.802981082433626	2.07608323695799	0	0.2789034885484276	0	0	0	0	0	0
0	2	0.2297283071553169	2.761543587211146	0	0.07679954055262243	0	0.7242326390436513	0.7242326390436513	0.8522990883238492	0.1477009116761508	0.6065528439448843
1	0	0.941909440903941	2.057923483923187	1	0.3139873001287965	1.061673189134096	0	-1.061673189134096	1	0.3139873001287965	-0.8891630361477088
0	4	0.9144197883046929	1.991301512576954	0	0.3146963158604515	0	2.00873648452342	2.00873648452342	0.2205627999063857	0.7794372000936143	1.682339018899275
0	0	1	2	0	0.3333333333333333	0	0	0	0	0	0
0	3	0.8036505291664519	2.193422999245044	0	0.2681450827108675	0	1.367725240882663	1.367725240882663	0.3919899978251312	0.6080100021748688	1.145485013887339
1	3	0.8029810824336254	2.197018917566373	0.25	0.2676603608112085	1.245359351392516	1.365486649210597	0.1201272978180812	0.7081557652245263	0.7123594126156984	0.1006079403203748
0	0	0.802981082433626	2.197018917566375	0	0.2676603608112086	0	0	0	0	0	0
0	0	0.802981082433626	2.197018917566375	0	0.2676603608112086	0	0	0	0	0	0
1	0	0.802981082433626	2.197018917566375	1	0.2676603608112086	1.245359351392515	0	-1.245359351392515	1	0.2676603608112086	-1.043002228286701
0	0	0.802981082433626	2.197018917566375	0	0.2676603608112086	0	0	0	0	0	0
0	0	0.9000208556120401	2	0	0.3103497872680276	0	0	0	0	0	0
3	0	1.651450019432087	1.19045204942558	1	0.5811072934317913	1.816585403554425	0	-1.816585403554425	0.9999999999999997	0.1962316153008299	-1.521410363732986
0	0	0.802981082433626	2.197018917566375	0	0.2676603608112086	0	0	0	0	0	0
0	0	0	1.264378853966516	0	0	0	0	0	0	0	0
0	0	1.670791655450368	1.208272663941247	0	0.5803245325910011	0	0	0	0	0	0
0	0	1	2	0	0.3333333333333333	0	0	0	0	0	0
1	0	0.802981082433626	2.197018917566375	1	0.2676603608112086	1.245359351392515	0	-1.245359351392515	1	0.2676603608112086	-1.043002228286701
0	6	1.574113961070013	1.228867121363613	0	0.5615856528376293	0	4.882545798232518	4.882545798232518	0.007100820727778879	0.9928991792722212	4.089186098433463
1	2	0.8074121149786274	2.173217724238077	0.3333333333333333	0.2708864094277508	1.238524888899482	0.9202943532504058	-0.3182305356490758	0.8196166493077747	0.6123983827181511	-0.2665215926790297
0	3	0.8067694617082034	2.148870077850867	0	0.2729593547894407	0	1.396082541667837	1.396082541667837	0.3843050331206266	0.6156949668793734	1.169234566877053
1	4	0.8628591768330033	2.058919642983192	0.2	0.2953198137315831	1.15893766543731	1.942766447263748	0.7838287818264376	0.5378727109872918	0.8262358011652093	0.6564652725545339
1	0	0.802981082433626	2	1	0.2864739571258381	1.245359351392515	0	-1.245359351392515	1	0.2864739571258381	-1.043002228286701
0	0	1	2	0	0.3333333333333333	0	0	0	0	0	0
0	0	1	2	0	0.3333333333333333	0	0	0	0	0	0
3	0	1.669633978854473	1.207331138761606	1	0.5803455761875803	1.79680099829921	0	-1.79680099829921	1	0.1954609633256241	-1.504840705550837
2	0	0.802981082433626	2.197018917566375	1	0.2676603608112086	2.49071870278503	0	-2.49071870278503	0.9999999999999999	0.07164206874958645	-2.086004456573402
1	0	1	2	1	0.3333333333333333	0.9999999999999998	0	-0.9999999999999998	1	0.3333333333333333	-0.8375110582503389
0	0	1	2	0	0.3333333333333333	0	0	0	0	0	0
0	1	0.002510150549469252	2.997489849450532	0	0.0008367168498230837	0	0.3336124725103938	0.3336124725103938	0.9991632831501769	0.0008367168498231159	0.2794041348976921
0	0	1	2	0	0.3333333333333333	0	0	0	0	0	0
0	0	0.802981082433626	2.197018917566375	0	0.2676603608112086	0	0	0	0	0	0
0	1	0.8032527383402571	2.196328317675014	0	0.2677883088804812	0	0.455305334795564	0.455305334795564	0.7322116911195189	0.2677883088804811	0.3813232527716577
2	0	0.8264481705625215	2.10745711594585	1	0.2816887696964731	2.419994466971475	0	-2.419994466971475	1	0.07934856297311255	-2.026772126993245
1	4	0.825975800746654	1.473150588407433	0.2	0.3592563700034576	1.210689222488158	2.715268915124454	1.504579692636296	0.4107686201575881	0.8920005642423771	1.260102130601794
0	0	0.802981082433626	2.197018917566375	0	0.2676603608112086	0	0	0	0	0	0
0	0	0.802981082433626	2.197018917566375	0	0.2676603608112086	0	0	0	0	0	0
0	0	0.8258518705267502	2.07416898508529	0	0.2847744590969352	0	0	0	0	0	0
2	0	1.671275429072193	1.208168521301495	1	0.5804160309685134	1.196690841742524	0	-1.196690841742524	1	0.3368827690052423	-1.00224181326627
0	0	0.802981082433626	2	0	0.2864739571258381	0	0	0	0	0	0
0	0	0.9239167630420109	2.07608323695799	0	0.3079722543473369	0	0	0	0	0	0
0	0	0	1.264378853966516	0	0	0	0	0	0	0	0
3	0	1	1.998284581440887	1	0.3335240444452506	3	0	-3	0.9999999999999998	0.03710064378534084	-2.512533174751017
2	0	1	2	1	0.3333333333333333	2	0	-2	1	0.1111111111111109	-1.675022116500678
0	0	0.802981082433626	2.197018917566375	0	0.2676603608112086	0	0	0	0	0	0
1	0	0.8029810824336259	2.197018917566375	1	0.2676603608112085	1.245359351392515	0	-1.245359351392515	1	0.2676603608112085	-1.043002228286701
3	0	1	2	1	0.3333333333333333	3	0	-3	1	0.03703703703703698	-2.512533174751017
0	1	1	2	0	0.3333333333333333	0	0.4999999999999999	0.4999999999999999	0.6666666666666667	0.3333333333333333	0.4187555291251694
3	0	1	2	1	0.3333333333333333	3	0	-3	1	0.03703703703703698	-2.512533174751017
0	0	0.802981082433626	2.197018917566375	0	0.2676603608112086	0	0	0	0	0	0
0	2	0.8540222113013	2.065368805094034	0	0.2925343698412105	0	0.9683500569327823	0.9683500569327823	0.5005076178559731	0.4994923821440269	0.8110038809385506
0	0	0.802981082433626	2.197018917566375	0	0.2676603608112086	0	0	0	0	0	0
0	0	0.8258518705267502	1.371167047039624	0	0.3758965678099585	0	0	0	0	0	0
1	2	0.9241075201493529	2.075892479850648	0.3333333333333333	0.3080358400497842	1.082125162057313	0.9634410353198505	-0.1186841267374624	0.7737983896912326	0.6686775968622046	-0.09939926858140952
0	3	0.803450393043316	2.196244852335731	0	0.267844006580672	0	1.36596791419202	1.36596791419202	0.3924739764948973	0.6075260235051028	1.144013233350967
2	1	1.801637357741806	1.198362642258194	0.6666666666666666	0.6005457859139353	1.110101315009822	0.8344719409106414	-0.2756293740991806	0.7834100148622951	0.6487857526615486	-0.2308426487866834
1	0	0.802981082433626	2	1	0.2864739571258381	1.245359351392515	0	-1.245359351392515	1	0.2864739571258381	-1.043002228286701
1	1	1	2	0.5	0.3333333333333333	0.9999999999999998	0.4999999999999999	-0.4999999999999999	0.8888888888888891	0.5555555555555555	-0.4187555291251694
1	2	0.8340294361727492	1.365679735808852	0.3333333333333333	0.3791544113176636	1.198998448530627	1.464472194731263	0.2654737462006356	0.6777388081375664	0.7606955365893081	0.2223371981181762
2	3	0.9999999999999999	1.889587480842418	0.4	0.3460701593669918	2	1.587648113895493	-0.4123518861045079	0.7709005981162962	0.5640045114559973	-0.3453492645029097
0	1	1	1.81155178087678	0	0.3556754696113585	0	0.5520129264624198	0.5520129264624198	0.6443245303886416	0.3556754696113584	0.4623169302094078
0	0	1	1.933905286508371	0	0.3408426320367335	0	0	0	0	0	0
0	0	0.9000208556120401	2	0	0.3103497872680276	0	0	0	0	0	0
2	0	0.9232887782324523	2.076711221767549	1	0.307762926077484	2.166169509640102	0	-2.166169509640102	0.9999999999999999	0.09471801866777496	-1.8141909183683
0	0	1	2	0	0.3333333333333333	0	0	0	0	0	0
2	0	0.9999999999999997	1.999999999999999	1	0.3333333333333333	2.000000000000001	0	-2.000000000000001	1	0.1111111111111109	-1.675022116500679
1	0	1	2.000000000000001	1	0.3333333333333333	0.9999999999999996	0	-0.9999999999999996	1	0.3333333333333333	-0.8375110582503387
0	0	1	2	0	0.3333333333333333	0	0	0	0	0	0
0	0	0.8258518705267502	2.07416898508529	0	0.2847744590969352	0	0	0	0	0	0
0	1	0.900438747035948	1.999723738244582	0	0.3104787237287669	0	0.5000690749802421	0.5000690749802421	0.6895212762712331	0.3104787237287669	0.4188133801849707
0	0	0.802981082433626	2.197018917566375	0	0.2676603608112086	0	0	0	0	0	0
0	0	0.8258518705267502	1.371167047039624	0	0.3758965678099585	0	0	0	0	0	0
1	0	0.8264499497794665	1.370568967786908	1	0.3761687908882098	1.209994628551728	0	-1.209994628551728	1	0.3761687908882099	-1.013383881835584
0	4	0.9999999999999997	1.999999999999999	0	0.3333333333333333	0	2.000000000000001	2.000000000000001	0.1975308641975309	0.802469135802469	1.675022116500679
2	1	0.9999999999999999	2	0.6666666666666666	0.3333333333333334	2	0.5000000000000001	-1.5	0.9629629629629628	0.2592592592592594	-1.256266587375509
1	2	0.9243624440777628	2.075637555922237	0.3333333333333333	0.3081208146925876	1.081826729771243	0.9635593624202711	-0.1182673673509723	0.7736897074268	0.6687996431209269	-0.09905022798659442
2	0	1	2.000000000000001	1	0.3333333333333333	1.999999999999999	0	-1.999999999999999	1	0.1111111111111109	-1.675022116500677
0	1	0.802981082433626	2.197018917566375	0	0.2676603608112086	0	0.455162216403532	0.455162216403532	0.7323396391887914	0.2676603608112086	0.381203389535692
0	0	0.9239167630420109	2.07608323695799	0	0.3079722543473369	0	0	0	0	0	0
0	0	1	1.933905286508371	0	0.3408426320367335	0	0	0	0	0	0
2	1	0.9998352095434123	2.000000000000001	0.6666666666666666	0.333296711220211	2.000329635233916	0.4999999999999998	-1.500329635233916	0.9629751689928738	0.2592104311163734	-1.256542660529102
0	0	0.9000208556120401	2	0	0.3103497872680276	0	0	0	0	0	0
1	0	1	2	1	0.3333333333333333	0.9999999999999998	0	-0.9999999999999998	1	0.3333333333333333	-0.8375110582503389
2	0	0.9017123519984203	2.002338999110614	1	0.3105015177001135	2.218002221625887	0	-2.218002221625887	1	0.09641119249407393	-1.8576013878355
0	4	0.4906061474131429	2.509393852586856	0	0.1635353824710477	0	1.594010440360538	1.594010440360538	0.4895423858211311	0.5104576141788689	1.335001370768443
1	0	0.9416631890526822	2.057582967167893	1	0.3139666236129466	1.061950824483226	0	-1.061950824483226	1	0.3139666236129466	-0.889395558822767
1	6	0.8029810824336259	2.197018917566375	0.1428571428571428	0.2676603608112085	1.245359351392515	2.730973298421192	1.485613947028677	0.4020160169991117	0.8870235842997198	1.24421810892745
1	0	0.9239167630420109	2.07608323695799	1	0.3079722543473369	1.082348583770127	0	-1.082348583770127	1	0.3079722543473369	-0.9064789077890745
2	0	0.9999999999999997	1.999999999999999	1	0.3333333333333333	2.000000000000001	0	-2.000000000000001	1	0.1111111111111109	-1.675022116500679
0	0	0.802981082433626	2.197018917566375	0	0.2676603608112086	0	0	0	0	0	0
1	0	0.9001613457682025	2.000194269614147	1	0.3103624055595457	1.110911954508105	0	-1.110911954508105	1	0.3103624055595458	-0.9304010466430356
0	1	0.2709555525435181	2.729044447456481	0	0.09031851751450606	0	0.3664286233710917	0.3664286233710917	0.909681482485494	0.09031851751450604	0.306888024132738
0	0	0.802981082433626	2.197018917566375	0	0.2676603608112086	0	0	0	0	0	0
1	0	0.923916763042011	2.07608323695799	1	0.3079722543473369	1.082348583770126	0	-1.082348583770126	1	0.3079722543473369	-0.9064789077890743
1	0	0.802981082433626	2	1	0.2864739571258381	1.245359351392515	0	-1.245359351392515	1	0.2864739571258381	-1.043002228286701
0	0	0	1.264378853966516	0	0	0	0	0	0	0	0
0	0	1	2	0	0.3333333333333333	0	0	0	0	0	0
0	0	0.1741481294732499	2.82585187052675	0	0.05804937649108329	0	0	0	0	0	0
1	0	1	2	1	0.3333333333333333	0.9999999999999998	0	-0.9999999999999998	1	0.3333333333333333	-0.8375110582503389
0	0	0.8258518705267502	2.07416898508529	0	0.2847744590969352	0	0	0	0	0	0
2	0	1	2	1	0.3333333333333333	2	0	-2	1	0.1111111111111109	-1.675022116500678
2	0	1	1.934403983932495	1	0.3407847063579385	2	0	-2	0.9999999999999998	0.1161342160874665	-1.675022116500678
0	0	0.802981082433626	2.197018917566375	0	0.2676603608112086	0	0	0	0	0	0
0	0	0.1741481294732499	2.82585187052675	0	0.05804937649108329	0	0	0	0	0	0
0	0	1	2	0	0.3333333333333333	0	0	0	0	0	0
1	0	1.670650893080219	1.208158183510088	1	0.5803270896515847	0.5985690991109914	0	-0.5985690991109914	1	0.5803270896515847	-0.5013082396323986
0	0	0.9239167630420109	2.07608323695799	0	0.3079722543473369	0	0	0	0	0	0
0	0	0.802981082433626	2.197018917566375	0	0.2676603608112086	0	0	0	0	0	0
1	0	0.802981082433626	2.197018917566375	1	0.2676603608112086	1.245359351392515	0	-1.245359351392515	1	0.2676603608112086	-1.043002228286701
0	0	1	2	0	0.3333333333333333	0	0	0	0	0	0
0	0	1	2	0	0.3333333333333333	0	0	0	0	0	0
2	0	0.802981082433626	2.197018917566375	1	0.2676603608112086	2.49071870278503	0	-2.49071870278503	0.9999999999999999	0.07164206874958645	-2.086004456573402
1	0	1.802397005174702	1.19694221098756	1	0.6009313636357942	0.5548167230243883	0	-0.5548167230243883	1	0.6009313636357942	-0.4646651408351408
0	0	0.9239167630420109	2.07608323695799	0	0.3079722543473369	0	0	0	0	0	0
1	0	1	2	1	0.3333333333333333	0.9999999999999998	0	-0.9999999999999998	1	0.3333333333333333	-0.8375110582503389
0	0	1	2	0	0.3333333333333333	0	0	0	0	0	0
1	0	0.9472439154284032	2.052756084571596	1	0.3157479718094678	1.055694297648496	0	-1.055694297648496	1	0.3157479718094678	-0.8841556484124407
0	0	1	2	0	0.3333333333333333	0	0	0	0	0	0
2	0	0.8029810824336259	2	1	0.2864739571258381	2.49071870278503	0	-2.49071870278503	1	0.08206732811133655	-2.086004456573403
1	0	0.802981082433626	2.197018917566375	1	0.2676603608112086	1.245359351392515	0	-1.245359351392515	1	0.2676603608112086	-1.043002228286701
0	1	0.8259762094285644	2.074044646183476	0	0.2848173342719788	0	0.4821496980984164	0.4821496980984164	0.7151826657280212	0.2848173342719788	0.4038057038894862
0	0	0.1741481294732499	2.82585187052675	0	0.05804937649108329	0	0	0	0	0	0
1	3	1.119711858032769	1.081843434433869	0.25	0.5086003798606556	0.8930869069806124	2.773044513201587	1.879957606220974	0.299711635877068	0.9416905069392327	1.574485284251902
0	2	0.8037972184712637	2.196202781528737	0	0.2679324061570879	0	0.9106627205926021	0.9106627205926021	0.535922961954951	0.464077038045049	0.762690098832643
3	0	1	1.999170512443859	1	0.3334255241077158	3	0	-3	1	0.0370677757950868	-2.512533174751017
0	0	0.8258518705267502	2.07416898508529	0	0.2847744590969352	0	0	0	0	0	0
0	0	0.802981082433626	2.197018917566375	0	0.2676603608112086	0	0	0	0	0	0
0	0	1	1.802981082433626	0	0.356763021437081	0	0	0	0	0	0
0	0	0.1741481294732499	2.82585187052675	0	0.05804937649108329	0	0	0	0	0	0
0	0	0	3.000000000000001	0	0	0	0	0	0	0	0
0	1	0.8998971342665539	2.000123721345486	0	0.3103071250419106	0	0.4999690715768815	0.4999690715768815	0.6896928749580894	0.3103071250419106	0.4187296262287935
0	0	1	1.802981082433626	0	0.356763021437081	0	0	0	0	0	0
0	0	0.802981082433626	2.197018917566375	0	0.2676603608112086	0	0	0	0	0	0
0	0	1	2	0	0.3333333333333333	0	0	0	0	0	0
0	0	1	2	0	0.3333333333333333	0	0	0	0	0	0
1	0	0.9220303749523907	2.07796962504761	1	0.3073434583174635	1.084562967951718	0	-1.084562967951718	1	0.3073434583174635	-0.9083334790283717
2	0	1	1.999222159460014	1	0.3334197824745473	2	0	-2	0.9999999999999999	0.1111687513453745	-1.675022116500678
1	0	0.8260276696640931	2.073993185947948	1	0.2848350790531685	1.210613199442403	0	-1.210613199442403	1	0.2848350790531685	-1.013901941796836
1	0	0.802981082433626	2.07608323695799	1	0.2789034885484276	1.245359351392515	0	-1.245359351392515	1	0.2789034885484276	-1.043002228286701
2	1	0.8358675813787907	2.112928625427841	0.6666666666666666	0.2834606133341391	2.392723494193823	0.4732767533960182	-1.919446740797805	0.977223962590538	0.1954976831163753	-1.607557871140734
0	0	1	2	0	0.3333333333333333	0	0	0	0	0	0
1	2	0.846546455419054	2.095106538783689	0.3333333333333333	0.2877791694286797	1.181270081043555	0.9546053926026584	-0.2266646884408964	0.799215377749726	0.6387199216253112	-0.1898341830841185
1	0	0.8029810824336259	2.076083236957989	1	0.2789034885484276	1.245359351392515	0	-1.245359351392515	1	0.2789034885484276	-1.043002228286701
1	0	0.9220339692002908	2.07796603079971	1	0.3073446564000968	1.084558740137667	0	-1.084558740137667	1	0.3073446564000968	-0.9083299381873521
0	0	1	2	0	0.3333333333333333	0	0	0	0	0	0
0	0	1	2	0	0.3333333333333333	0	0	0	0	0	0
2	0	0.802981082433626	2.197018917566375	1	0.2676603608112085	2.49071870278503	0	-2.49071870278503	1	0.07164206874958634	-2.086004456573402
2	0	1	1.934237698122073	1	0.3408040189245763	1.999999999999999	0	-1.999999999999999	0.9999999999999999	0.1161473793151431	-1.675022116500677
1	0	0.8029810824336259	2.197018917566375	1	0.2676603608112085	1.245359351392515	0	-1.245359351392515	1	0.2676603608112085	-1.043002228286701
0	0	0.9239167630420109	2.07608323695799	0	0.3079722543473369	0	0	0	0	0	0
1	0	1	2	1	0.3333333333333333	0.9999999999999998	0	-0.9999999999999998	1	0.3333333333333333	-0.8375110582503389
0	0	0.802981082433626	2.197018917566375	0	0.2676603608112086	0	0	0	0	0	0
0	0	0.802981082433626	2.197018917566375	0	0.2676603608112086	0	0	0	0	0	0
1	0	0.8263785203039471	2.073642335308093	1	0.2849560611623748	1.2100992165578	0	-1.2100992165578	1	0.2849560611623748	-1.013471475447229
0	0	1	2	0	0.3333333333333333	0	0	0	0	0	0
3	0	0.8029810824336254	2.197018917566374	1	0.2676603608112085	3.736078054177547	0	-3.736078054177547	1	0.01917574197077554	-3.129006684860105
0	0	0.8258518705267502	1.371167047039624	0	0.3758965678099585	0	0	0	0	0	0
1	0	0.802981082433626	2.197018917566375	1	0.2676603608112086	1.245359351392515	0	-1.245359351392515	1	0.2676603608112086	-1.043002228286701
2	0	1	2	1	0.3333333333333333	2	0	-2	1	0.1111111111111109	-1.675022116500678
0	0	0.802981082433626	2.197018917566375	0	0.2676603608112086	0	0	0	0	0	0
2	0	0.9414866498555329	2.057338848984464	1	0.3139517955345244	2.12429990410049	0	-2.12429990410049	1	0.09856572991935175	-1.779124660724295
2	0	0.9239167630420109	2.07608323695799	1	0.3079722543473369	2.164697167540253	0	-2.164697167540253	1	0.09484690944778063	-1.812957815578149
1	0	1	2	1	0.3333333333333333	0.9999999999999998	0	-0.9999999999999998	1	0.3333333333333333	-0.8375110582503389
3	0	0.8029810824336255	2	1	0.2864739571258381	3.736078054177547	0	-3.736078054177547	0.9999999999999999	0.02351015223479924	-3.129006684860105
1	0	1	2	1	0.3333333333333333	0.9999999999999998	0	-0.9999999999999998	1	0.3333333333333333	-0.8375110582503389
1	2	1	2	0.3333333333333333	0.3333333333333333	0.9999999999999998	0.9999999999999998	0	0.7407407407407408	0.7037037037037037	0
0	0	0.802981082433626	2.07608323695799	0	0.2789034885484276	0	0	0	0	0	0
1	0	1	2	1	0.3333333333333333	0.9999999999999998	0	-0.9999999999999998	1	0.3333333333333333	-0.8375110582503389
0	0	0.9000208556120401	2	0	0.3103497872680276	0	0	0	0	0	0
0	0	0.802981082433626	2	0	0.2864739571258381	0	0	0	0	0	0
2	0	1	2	1	0.3333333333333333	2	0	-2	1	0.1111111111111109	-1.675022116500678
0	0	0.867810573016742	2.032210282595298	0	0.2992428731460255	0	0	0	0	0	0
0	1	0.8206640026464193	1.558498168974384	0	0.3449382360040393	0	0.6416433589126893	0.6416433589126893	0.6550617639959607	0.3449382360040393	0.5373834085422685
1	4	0.8029810824336254	2.197018917566373	0.2	0.2676603608112085	1.245359351392516	1.820648865614129	0.5752895142216135	0.5956005209972222	0.7893493960189285	0.4818113298560669
1	0	1	2	1	0.3333333333333333	0.9999999999999998	0	-0.9999999999999998	1	0.3333333333333333	-0.8375110582503389
2	0	1.802981082433626	1.197018917566375	1	0.6009936941445418	1.109273979347827	0	-1.109273979347827	0.9999999999999998	0.3611934204015033	-0.929029224333163
1	0	0.825886950276134	2.074133905335907	1	0.2847865554752478	1.21081947071043	0	-1.21081947071043	1	0.2847865554752478	-1.014074696264808
0	0	1.670791655450368	1.208272663941247	0	0.5803245325910011	0	0	0	0	0	0
0	0	1	2	0	0.3333333333333333	0	0	0	0	0	0
0	0	1	2	0	0.3333333333333333	0	0	0	0	0	0
1	0	0.9999999999999996	1.947649061027151	1	0.339253411548095	1	0	-1	1	0.339253411548095	-0.8375110582503394
0	0	0	3.000000000000001	0	0	0	0	0	0	0	0
4	0	1.092999883803597	1.197620438493517	1	0.4771632702129782	3.659652722084613	0	-3.659652722084613	1	0.05184036197638475	-3.064999624101818
1	0	0.8029810824336259	2.197018917566375	1	0.2676603608112085	1.245359351392515	0	-1.245359351392515	1	0.2676603608112085	-1.043002228286701
0	1	0.9993143450005511	2.00068565499945	0	0.3331047816668503	0	0.4998286449953454	0.4998286449953454	0.6668952183331498	0.3331047816668502	0.4186120174138848
0	0	1	2	0	0.3333333333333333	0	0	0	0	0	0
0	0	0.867810573016742	2.066094713491629	0	0.2957868398163322	0	0	0	0	0	0
0	1	0.8264091656469449	2.073611689965096	0	0.2849666284460336	0	0.4822503677228173	0.4822503677228173	0.7150333715539664	0.2849666284460336	0.4038900158131519
0	0	0.8258518705267502	1.371167047039624	0	0.3758965678099585	0	0	0	0	0	0
1	0	1	2	1	0.3333333333333333	0.9999999999999998	0	-0.9999999999999998	1	0.3333333333333333	-0.8375110582503389
0	0	0.9000208556120401	2	0	0.3103497872680276	0	0	0	0	0	0
1	0	1	2	1	0.3333333333333333	0.9999999999999998	0	-0.9999999999999998	1	0.3333333333333333	-0.8375110582503389
0	0	0.1741481294732499	2.82585187052675	0	0.05804937649108329	0	0	0	0	0	0
1	0	0.802981082433626	2.197018917566375	1	0.2676603608112086	1.245359351392515	0	-1.245359351392515	1	0.2676603608112086	-1.043002228286701
4	0	1	2	1	0.3333333333333333	3.999999999999999	0	-3.999999999999999	1	0.01234567901234551	-3.350044233001356
0	0	1	2	0	0.3333333333333333	0	0	0	0	0	0
1	0	0.3382126412164311	2.661787358783568	1	0.1127375470721438	2.956719761873341	0	-2.956719761873341	1	0.1127375470721438	-2.476285496716232
3	0	0.9999999999999999	2	1	0.3333333333333334	3	0	-3	0.9999999999999999	0.0370370370370372	-2.512533174751018
1	0	1	2	1	0.3333333333333333	0.9999999999999998	0	-0.9999999999999998	1	0.3333333333333333	-0.8375110582503389
0	0	0.802981082433626	2.197018917566375	0	0.2676603608112086	0	0	0	0	0	0
0	0	0.1741481294732499	2.82585187052675	0	0.05804937649108329	0	0	0	0	0	0
0	0	0.8258518705267502	2.108053415981621	0	0.2814855252227972	0	0	0	0	0	0
0	0	0.802981082433626	2.197018917566375	0	0.2676603608112086	0	0	0	0	0	0
2	0	1	2	1	0.3333333333333333	2	0	-2	1	0.1111111111111109	-1.675022116500678
0	0	0	1.264378853966516	0	0	0	0	0	0	0	0
2	0	0.8674204990681172	2.066484787440254	1	0.295653885984994	2.30568680605154	0	-2.30568680605154	1	0.08741122029802784	-1.931038196930069
1	0	1	1.934071256533736	1	0.3408233517755067	0.9999999999999998	0	-0.9999999999999998	1	0.3408233517755066	-0.8375110582503389
0	1	0.01223501254145268	2.987764987458548	0	0.004078337513817558	0	0.3346983461542669	0.3346983461542669	0.9959216624861824	0.004078337513817587	0.2803135660822984
1.5	7.5	0.9265041699975443	2.069981371546674	0.1666666666666667	0.3091969432697735	1.61898893558566	3.623221012078992	2.004232076493332	0.3093283861204379	0.8920172917533526	1.678566527363205
0	0	0.802981082433626	2.197018917566375	0	0.2676603608112086	0	0	0	0	0	0
0	0	1	2	0	0.3333333333333333	0	0	0	0	0	0
0	0	0	1.264378853966516	0	0	0	0	0	0	0	0
3	0	0.8029810824336259	2	1	0.2864739571258381	3.736078054177545	0	-3.736078054177545	0.9999999999999999	0.02351015223479924	-3.129006684860103
1	0	1	2	1	0.3333333333333333	0.9999999999999998	0	-0.9999999999999998	1	0.3333333333333333	-0.8375110582503389
0	0	0.802981082433626	2.197018917566375	0	0.2676603608112086	0	0	0	0	0	0
0	0	0.9419795581020318	2.058020441897968	0	0.3139931860340106	0	0	0	0	0	0
1	0	0.8029810824336261	2.197018917566375	1	0.2676603608112086	1.245359351392515	0	-1.245359351392515	1	0.2676603608112086	-1.043002228286701
0	0	0.8258518705267502	1.371167047039624	0	0.3758965678099585	0	0	0	0	0	0
0	0	0.802981082433626	2.197018917566375	0	0.2676603608112086	0	0	0	0	0	0
0	0	1	2	0	0.3333333333333333	0	0	0	0	0	0
4	0	0.8673188290541594	2.066586457454212	1	0.2956192325098373	4.611914172740993	0	-4.611914172740993	1	0.007637139799993697	-3.862529119372046
1	0	1	1.935564541659033	1	0.340649979180785	0.9999999999999996	0	-0.9999999999999996	1	0.340649979180785	-0.8375110582503387
1	2	0.8133160921222229	2.112773845976699	0.3333333333333333	0.2779532103687262	1.22953426064724	0.9466228502442646	-0.2829114104029755	0.8111742496494725	0.6235597751994928	-0.236941434717692
0	0	1	1.933905286508371	0	0.3408426320367335	0	0	0	0	0	0
2	0	0.8272583987136171	1.369760518852758	1	0.3765367662969268	2.417624291406398	0	-2.417624291406398	1	0.1417799363733465	-2.024787078747499
0	0	1	2	0	0.3333333333333333	0	0	0	0	0	0
0	0	1	2	0	0.3333333333333333	0	0	0	0	0	0
1	0	0.802981082433626	2.197018917566375	1	0.2676603608112086	1.245359351392515	0	-1.245359351392515	1	0.2676603608112086	-1.043002228286701
0	0	1	2	0	0.3333333333333333	0	0	0	0	0	0
0	0	0.8258518705267502	2.07416898508529	0	0.2847744590969352	0	0	0	0	0	0
0	0	0.802981082433626	2.197018917566375	0	0.2676603608112086	0	0	0	0	0	0
1	0	1	2	1	0.3333333333333333	0.9999999999999998	0	-0.9999999999999998	1	0.3333333333333333	-0.8375110582503389
0	0	0.8258518705267502	1.371167047039624	0	0.3758965678099585	0	0	0	0	0	0
1	0	1	2	1	0.3333333333333333	0.9999999999999998	0	-0.9999999999999998	1	0.3333333333333333	-0.8375110582503389
0	0	1	2	0	0.3333333333333333	0	0	0	0	0	0
4	0	0.9214063157172676	2.078593684282733	1	0.3071354385724224	4.341190126189015	0	-4.341190126189015	1	0.008898559735865841	-3.635794736650485
1	2	0.8029810824336255	2.197018917566374	0.3333333333333333	0.2676603608112085	1.245359351392516	0.9103244328070644	-0.3350349185854512	0.8234252776927925	0.6072306181556422	-0.2805954492153174
0	0	0.8258518705267502	1.371167047039624	0	0.3758965678099585	0	0	0	0	0	0
0	0	0.9239167630420109	2.07608323695799	0	0.3079722543473369	0	0	0	0	0	0
1	0	0.8029810824336259	2.197018917566375	1	0.2676603608112085	1.245359351392515	0	-1.245359351392515	1	0.2676603608112085	-1.043002228286701
3	0	1	1.998341468380671	1	0.3335177165595068	3	0	-3	0.9999999999999998	0.037098532115871	-2.512533174751017
2	0	0.8677052875045776	2.032315568107463	1	0.2992065680580946	2.304930059550258	0	-2.304930059550258	1	0.08952457036910322	-1.930404413366954
0	0	1.802981082433626	1.197018917566374	0	0.600993694144542	0	0	0	0	0	0
0	0	0.802981082433626	2.197018917566375	0	0.2676603608112086	0	0	0	0	0	0
5	0	1.032168395553425	1.544680840967654	1	0.4005544371493469	4.844170797652755	0	-4.844170797652755	1	0.01031116496435391	-4.057046611087548
0	0	1.670791655450368	1.208272663941247	0	0.5803245325910011	0	0	0	0	0	0
1	0	0.9239167630420109	2.07608323695799	1	0.3079722543473369	1.082348583770127	0	-1.082348583770127	1	0.3079722543473369	-0.9064789077890745
1	0	1	1.999723075478382	1	0.3333641055651528	0.9999999999999998	0	-0.9999999999999998	1	0.3333641055651528	-0.8375110582503389
0	1	0.8262873571845142	2.073733498427526	0	0.2849246258300197	0	0.4822220409509136	0.4822220409509136	0.7150753741699802	0.2849246258300198	0.403866291828438
0	0	1	2	0	0.3333333333333333	0	0	0	0	0	0
1	0	0.8029810824336259	2.197018917566375	1	0.2676603608112085	1.245359351392515	0	-1.245359351392515	1	0.2676603608112085	-1.043002228286701
0	0	0.867810573016742	2.066094713491629	0	0.2957868398163322	0	0	0	0	0	0
0	0	0.8258518705267502	2.07416898508529	0	0.2847744590969352	0	0	0	0	0	0
1	0	0.802981082433626	2.197018917566375	1	0.2676603608112086	1.245359351392515	0	-1.245359351392515	1	0.2676603608112086	-1.043002228286701
0	0	0.802981082433626	2.197018917566375	0	0.2676603608112086	0	0	0	0	0	0
0	0	0.867810573016742	1.329208344549632	0	0.3949945838327196	0	0	0	0	0	0
0	0	0.9239167630420109	2.07608323695799	0	0.3079722543473369	0	0	0	0	0	0
1	0	0.8259922642893417	2.10791302221903	1	0.2815333774023604	1.210665091228632	0	-1.210665091228632	1	0.2815333774023604	-1.013945401741635
2	0	0.826308683008505	2.073712172603536	1	0.2849319795095456	2.420402981508321	0	-2.420402981508321	1	0.08118623294722815	-2.02711426243531
0	0	0.8258518705267502	2.108053415981621	0	0.2814855252227972	0	0	0	0	0	0
1	0	0.8029810824336261	2.197018917566375	1	0.2676603608112086	1.245359351392515	0	-1.245359351392515	1	0.2676603608112086	-1.043002228286701
0	0	1	1.802981082433626	0	0.356763021437081	0	0	0	0	0	0
0	0	0.8258518705267502	2.108053415981621	0	0.2814855252227972	0	0	0	0	0	0
3	0	0.9999999999999997	1.999999999999999	1	0.3333333333333333	3.000000000000001	0	-3.000000000000001	1	0.03703703703703698	-2.512533174751018
1	0	0.8263794484856645	2.107525838022707	1	0.2816653462829181	1.210097857385604	0	-1.210097857385604	1	0.2816653462829182	-1.013470337125485
3	0	1	1.984841535895028	1	0.3350261606769495	2.999999999999999	0	-2.999999999999999	0.9999999999999996	0.03760418333373317	-2.512533174751016
1	0	0.9002667711907973	2.000340051758095	1	0.3103718725571859	1.110781861555641	0	-1.110781861555641	1	0.3103718725571859	-0.9302920923567464
1	1	0.9242355756769606	2.07576442432304	0.5	0.3080785252256534	1.081975230468212	0.4817502353746743	-0.6002249950935377	0.9050876222947862	0.5212446727460933	-0.5026950708290933
2	0	0.867494380043038	1.329524537523336	1	0.3948506647379972	2.305490440065763	0	-2.305490440065763	0.9999999999999999	0.1559070474440384	-1.930873738245517
0	0	0.802981082433626	2.197018917566375	0	0.2676603608112086	0	0	0	0	0	0
2	0	0.9999999999999997	1.999999999999999	1	0.3333333333333333	2.000000000000001	0	-2.000000000000001	1	0.1111111111111109	-1.675022116500679
0	0	0.867810573016742	2.066094713491629	0	0.2957868398163322	0	0	0	0	0	0
0	0	0.8258518705267502	2.07416898508529	0	0.2847744590969352	0	0	0	0	0	0
0	0	0.802981082433626	2	0	0.2864739571258381	0	0	0	0	0	0
1	0	1	2	1	0.3333333333333333	0.9999999999999998	0	-0.9999999999999998	1	0.3333333333333333	-0.8375110582503389
1	0	0.8675649955976336	2.066340290910738	1	0.2957031365624345	1.152651392200462	0	-1.152651392200462	1	0.2957031365624345	-0.9653582872755355
0	0	0.802981082433626	2.197018917566375	0	0.2676603608112086	0	0	0	0	0	0
3	1	0.9999999999999996	1.999999999999999	0.75	0.3333333333333333	3.000000000000001	0.5000000000000002	-2.500000000000001	0.9876543209876545	0.1111111111111109	-2.093777645625849
0	0	0.8258518705267502	2.07416898508529	0	0.2847744590969352	0	0	0	0	0	0
0	0	0.1741481294732499	2.82585187052675	0	0.05804937649108329	0	0	0	0	0	0
1	0	0.802981082433626	2.197018917566375	1	0.2676603608112086	1.245359351392515	0	-1.245359351392515	1	0.2676603608112086	-1.043002228286701
1	0	1	2	1	0.3333333333333333	0.9999999999999998	0	-0.9999999999999998	1	0.3333333333333333	-0.8375110582503389
0	0	0	1.264378853966516	0	0	0	0	0	0	0	0
0	0	1	1.802981082433626	0	0.356763021437081	0	0	0	0	0	0
1	0	0.8029810824336261	2	1	0.2864739571258381	1.245359351392515	0	-1.245359351392515	1	0.2864739571258381	-1.043002228286701
1	0	0.8029810824336259	2.197018917566375	1	0.2676603608112085	1.245359351392515	0	-1.245359351392515	1	0.2676603608112085	-1.043002228286701
3	0	1	2	1	0.3333333333333333	3	0	-3	1	0.03703703703703698	-2.512533174751017
0	0	0.867810573016742	2.066094713491629	0	0.2957868398163322	0	0	0	0	0	0
0	0	1	2	0	0.3333333333333333	0	0	0	0	0	0
0	0	1	2	0	0.3333333333333333	0	0	0	0	0	0
0	0	1	2	0	0.3333333333333333	0	0	0	0	0	0
1	0	1	2	1	0.3333333333333333	0.9999999999999998	0	-0.9999999999999998	1	0.3333333333333333	-0.8375110582503389
1	0	1.799616741469361	1.20038325853064	1	0.5998722471564536	0.5556738704172726	0	-0.5556738704172726	1	0.5998722471564536	-0.4653830112552317
2	0	0.8669102172817899	2.066995069226581	1	0.2954799601978618	2.307043982329601	0	-2.307043982329601	1	0.08730840687853003	-1.932174847070941
2	0	0.802981082433626	2.197018917566375	1	0.2676603608112086	2.49071870278503	0	-2.49071870278503	0.9999999999999999	0.07164206874958645	-2.086004456573402
0	0	0.8258518705267502	1.371167047039624	0	0.3758965678099585	0	0	0	0	0	0
3	0	0.8029810824336256	2.197018917566374	1	0.2676603608112086	3.736078054177546	0	-3.736078054177546	0.9999999999999998	0.01917574197077587	-3.129006684860105
0	0	1	2	0	0.3333333333333333	0	0	0	0	0	0
0	1	0.9239803668106615	2.076019633189339	0	0.3079934556035537	0	0.4816910129427456	0.4816910129427456	0.6920065443964463	0.3079934556035537	0.4034215499993566
0	0	0.802981082433626	2.197018917566375	0	0.2676603608112086	0	0	0	0	0	0
2	0	1.802981082433626	1.197018917566374	1	0.600993694144542	1.109273979347827	0	-1.109273979347827	1	0.3611934204015033	-0.929029224333163
1	0	1	2	1	0.3333333333333333	0.9999999999999998	0	-0.9999999999999998	1	0.3333333333333333	-0.8375110582503389
2	0	0.8029810824336258	2.197018917566374	1	0.2676603608112086	2.49071870278503	0	-2.49071870278503	0.9999999999999999	0.07164206874958645	-2.086004456573403
0	1	1	1.803972130814419	0	0.3566369255280538	0	0.5543322886859351	0.5543322886859351	0.6433630744719463	0.3566369255280537	0.46425942171969
0	0	0.8258518705267502	2.108053415981621	0	0.2814855252227972	0	0	0	0	0	0
0	0	0	3.000000000000001	0	0	0	0	0	0	0	0
0	0	0.802981082433626	2.197018917566375	0	0.2676603608112086	0	0	0	0	0	0
1	0	0.8258869131535511	2.074133942458489	1	0.2847865426744493	1.21081952513525	0	-1.21081952513525	1	0.2847865426744493	-1.014074741846196
1	0	1.801986977657607	1.197103549168725	1	0.6008444765301861	0.5549429670684382	0	-0.5549429670684382	1	0.6008444765301861	-0.4647708716180707
0	0	0.802981082433626	2.197018917566375	0	0.2676603608112086	0	0	0	0	0	0
0	0	0.8258518705267502	2.108053415981621	0	0.2814855252227972	0	0	0	0	0	0
0	1	0.8315788075377155	2.068442048074324	0	0.2867492507608927	0	0.4834556524950646	0.4834556524950646	0.7132507492391073	0.2867492507608927	0.4048994551382498
0	0	1	2	0	0.3333333333333333	0	0	0	0	0	0
1	0	0.8677051519284202	2.03231570368362	1	0.2992065213080317	1.152465209844107	0	-1.152465209844107	1	0.2992065213080317	-0.9652023574932376
2	0	0.8671786985417984	2.032842157070242	1	0.2990249869629931	2.306329714236631	0	-2.306329714236631	1	0.08941594282821819	-1.931576639644523
1	0	0.8260271397293694	1.370991777837005	1	0.3759763437286899	1.210613976106922	0	-1.210613976106922	1	0.3759763437286898	-1.013902592261959
1	0	1.802981082433626	1.197018917566374	1	0.600993694144542	0.5546369896739133	0	-0.5546369896739133	1	0.600993694144542	-0.4645146121665815
3	0	0.941205959164212	2.056950710243735	1	0.3139282108796783	3.187400133615804	0	-3.187400133615804	1	0.03093791449407279	-2.669482858971844
0	0	0.8258518705267502	2.108053415981621	0	0.2814855252227972	0	0	0	0	0	0
0	0	0.802981082433626	2.197018917566375	0	0.2676603608112086	0	0	0	0	0	0
0	0	1	2	0	0.3333333333333333	0	0	0	0	0	0
1	0	0.8675282796270236	2.066377006881348	1	0.295690622194374	1.152700175295646	0	-1.152700175295646	1	0.295690622194374	-0.9653991436572075
0	0	0.802981082433626	2.197018917566375	0	0.2676603608112086	0	0	0	0	0	0
0	0	0	3.000000000000001	0	0	0	0	0	0	0	0
2	0	1	1.985837268557831	1	0.3349144343968228	1.999999999999999	0	-1.999999999999999	1	0.1121676783673438	-1.675022116500677
0	0	0.802981082433626	2.197018917566375	0	0.2676603608112086	0	0	0	0	0	0
2	0	1	2	1	0.3333333333333333	2	0	-2	1	0.1111111111111109	-1.675022116500678
0	0	0.802981082433626	2.07608323695799	0	0.2789034885484276	0	0	0	0	0	0
0	0	0.802981082433626	2.197018917566375	0	0.2676603608112086	0	0	0	0	0	0
0	1	0.8275998046279469	2.073424547010223	0	0.2852784755704006	0	0.4822938946304804	0.4822938946304804	0.7147215244295994	0.2852784755704006	0.4039264700796512
1	0	0.180456814491511	2.819543185508489	1	0.06015227149717032	5.541492034079112	0	-5.541492034079112	1	0.06015227149717028	-4.641060857747421
1	0	0.802981082433626	2	1	0.2864739571258381	1.245359351392515	0	-1.245359351392515	1	0.2864739571258381	-1.043002228286701
0	0	0.802981082433626	2.197018917566375	0	0.2676603608112086	0	0	0	0	0	0
0	0	0.8258518705267502	2.07416898508529	0	0.2847744590969352	0	0	0	0	0	0
0	0	0.802981082433626	2.07608323695799	0	0.2789034885484276	0	0	0	0	0	0
1	1	0.8029810824336259	2.197018917566375	0.5	0.2676603608112085	1.245359351392515	0.455162216403532	-0.7901971349889831	0.9283579312504137	0.4636786528728307	-0.6617988387510093
0	0	0.802981082433626	2.197018917566375	0	0.2676603608112086	0	0	0	0	0	0
0	0	1	2	0	0.3333333333333333	0	0	0	0	0	0
0	0	0.802981082433626	2.07608323695799	0	0.2789034885484276	0	0	0	0	0	0
0	1	0.1737103779656734	2.826289622034327	0	0.05790345932189114	0	0.3538207805045163	0.3538207805045163	0.9420965406781089	0.05790345932189112	0.2963288163112984
4	0	1	1.936955720138511	1	0.3404886199485632	3.999999999999999	0	-3.999999999999999	0.9999999999999999	0.01344034462916632	-3.350044233001356
0	0	1	1.802981082433626	0	0.356763021437081	0	0	0	0	0	0
1	0	0.7343691793823958	2.265630820617606	1	0.2447897264607985	1.361712920524524	0	-1.361712920524524	1	0.2447897264607984	-1.140449629101654
0	0	0.9000208556120401	2	0	0.3103497872680276	0	0	0	0	0	0
1	0	0.802981082433626	2.197018917566375	1	0.2676603608112086	1.245359351392515	0	-1.245359351392515	1	0.2676603608112086	-1.043002228286701
0	1	0.9992702646962883	1.934635021812083	0	0.3405939071351262	0	0.51689336165503	0.51689336165503	0.6594060928648737	0.3405939071351263	0.4329039063222794
0	0	1	2	0	0.3333333333333333	0	0	0	0	0	0
0	0	0.802981082433626	2	0	0.2864739571258381	0	0	0	0	0	0
3	3	0.8033107778524606	2.196689222147539	0.5	0.2677702592841535	3.734544690188375	1.365691591579406	-2.368853098608969	0.9522372290494643	0.1985133907879315	-1.983940665455592
1	0	0.8029810824336254	2.197018917566373	1	0.2676603608112085	1.245359351392516	0	-1.245359351392516	1	0.2676603608112085	-1.043002228286702
1	5	0.8029810824336258	2.195367574003313	0.1666666666666667	0.2678077750263512	1.245359351392515	2.27752293475045	1.032163583357935	0.4922242481102135	0.845918436310941	0.8644484149855662
5	0	1	2	1	0.3333333333333333	5	0	-5	1	0.004115226337448097	-4.187555291251695
0	0	0.802981082433626	2	0	0.2864739571258381	0	0	0	0	0	0
1	0	0.9204616140060311	2.028265455420883	1	0.3121555818270164	1.086411410083471	0	-1.086411410083471	1	0.3121555818270163	-0.9098815697542511
2	1	0.802981082433626	2.197018917566375	0.6666666666666666	0.2676603608112085	2.49071870278503	0.4551622164035319	-2.035556486381498	0.9808242580292245	0.1765747223072075	-1.70480106703771
0	0	0.8258518705267502	2.108053415981621	0	0.2814855252227972	0	0	0	0	0	0
1	0	1	2	1	0.3333333333333333	0.9999999999999998	0	-0.9999999999999998	1	0.3333333333333333	-0.8375110582503389
4	1	1.625993395693459	1.17885615581863	0.8	0.5797078830188552	2.460034592141789	0.8482799152926105	-1.611754676849178	0.934529443822649	0.3028035256068587	-1.349862365047889
1	0	0.802981082433626	2.197018917566375	1	0.2676603608112086	1.245359351392515	0	-1.245359351392515	1	0.2676603608112086	-1.043002228286701
0	1	0.8031725116008929	2.195990660027637	0	0.2677988710980251	0	0.4553753429841159	0.4553753429841159	0.7322011289019749	0.2677988710980251	0.381381885403738
1	0	1.120935680608385	1.784937839645322	1	0.3857482690817589	0.8921118466469485	0	-0.8921118466469485	1	0.3857482690817589	-0.74715353676295
3	0	0.8029810824336259	2.197018917566375	1	0.2676603608112085	3.736078054177545	0	-3.736078054177545	1	0.01917574197077554	-3.129006684860103
1	0	0.8676347671330185	1.329384150433356	1	0.3949145636370273	1.152558700827959	0	-1.152558700827959	1	0.3949145636370273	-0.9652806572260595
1	0	0.9232882244781065	2.076711775521894	1	0.3077627414927021	1.083085404414483	0	-1.083085404414483	1	0.3077627414927021	-0.9070960032266702
4	1	0.8645627714875747	2.035541606436487	0.8	0.298114363768673	4.626616056018192	0.491269742086307	-4.135346313931885	0.9976454142641018	0.03007297351181404	-3.463398267612732
3	0	0.9999999999999997	1.946046095018885	1	0.3394380019005064	3.000000000000001	0	-3.000000000000001	0.9999999999999999	0.03910942104029436	-2.512533174751018
0	3	0.9989807672951255	2.001019232704875	0	0.3329935890983751	0	1.499235964836157	1.499235964836157	0.2967495195010798	0.7032504804989202	1.255626699476898
0	0	0.867810573016742	2.066094713491629	0	0.2957868398163322	0	0	0	0	0	0
2	0	1.797491748537759	1.202407214864661	1	0.5991840960200483	1.112661575012503	0	-1.112661575012503	0.9999999999999998	0.3590215809233626	-0.9318663731632101
1	1	0.867696934730698	2.032407529605216	0.5	0.2991950619024991	1.152476123832757	0.4920273052689607	-0.6604488185637967	0.9104823149331597	0.508872438738158	-0.5531331889555515
0	0	1	1.802981082433626	0	0.356763021437081	0	0	0	0	0	0
2	0	0.9999999999999996	1.990428678918107	1	0.3344002172831572	2.000000000000001	0	-2.000000000000001	0.9999999999999999	0.1118235053190229	-1.675022116500679
0	0	0.802981082433626	2	0	0.2864739571258381	0	0	0	0	0	0
2	0	0.8259571241366042	2.074063731475437	1	0.2848107531841484	2.421433197383769	0	-2.421433197383769	1	0.08111716512932188	-2.027977079623382
1	1	0.802981082433626	2.197018917566375	0.5	0.2676603608112085	1.245359351392515	0.4551622164035319	-0.790197134988983	0.9283579312504137	0.4636786528728307	-0.6617988387510092
0	0	0	1.264378853966516	0	0	0	0	0	0	0	0
0	0	0.9239167630420109	2.07608323695799	0	0.3079722543473369	0	0	0	0	0	0
0	0	1.802981082433626	1.197018917566374	0	0.600993694144542	0	0	0	0	0	0
0	0	0	1.264378853966516	0	0	0	0	0	0	0	0
0	0	0.9239167630420109	2.07608323695799	0	0.3079722543473369	0	0	0	0	0	0
0	0	1	2	0	0.3333333333333333	0	0	0	0	0	0
0	0	0.802981082433626	2.197018917566375	0	0.2676603608112086	0	0	0	0	0	0
0	0	1	2	0	0.3333333333333333	0	0	0	0	0	0
0	2	0.1780122324405755	2.821987767559425	0	0.05933741081352515	0	0.7087202938975476	0.7087202938975476	0.8848461066950027	0.1151538933049973	0.5935610833456264
0	0	1	1.802981082433626	0	0.356763021437081	0	0	0	0	0	0
0	0	0.802981082433626	2.07608323695799	0	0.2789034885484276	0	0	0	0	0	0
1	0	0.802981082433626	2.197018917566375	1	0.2676603608112086	1.245359351392515	0	-1.245359351392515	1	0.2676603608112086	-1.043002228286701
1	0	1.671345075483013	1.208225549366139	1	0.5804146844186423	0.5983204872943448	0	-0.5983204872943448	1	0.5804146844186423	-0.5011000244867453
0	0	1	2	0	0.3333333333333333	0	0	0	0	0	0
1	0	0.8029810824336259	2.07608323695799	1	0.2789034885484276	1.245359351392515	0	-1.245359351392515	1	0.2789034885484276	-1.043002228286701
0	3	0.9991048296132847	2.000895170386716	0	0.3330349432044282	0	1.499328922574283	1.499328922574283	0.2966943279014089	0.7033056720985911	1.255704552610528
0	2	1	2	0	0.3333333333333333	0	0.9999999999999998	0.9999999999999998	0.4444444444444445	0.5555555555555555	0.8375110582503389
1	0	1.670510155910524	1.20804372357417	1	0.580329646707732	0.5986195273712316	0	-0.5986195273712316	1	0.580329646707732	-0.501350473857998
0	0	1.670791655450368	1.208272663941247	0	0.5803245325910011	0	0	0	0	0	0
1	0	1	1.999612720420457	1	0.3333763699534618	0.9999999999999998	0	-0.9999999999999998	1	0.3333763699534618	-0.8375110582503389
0	0	0.802981082433626	2.197018917566375	0	0.2676603608112086	0	0	0	0	0	0
0	0	0.9239167630420109	2.07608323695799	0	0.3079722543473369	0	0	0	0	0	0
0	0	0	3.000000000000001	0	0	0	0	0	0	0	0
0	0	0	1.264378853966516	0	0	0	0	0	0	0	0
2	0	1	2	1	0.3333333333333333	2	0	-2	1	0.1111111111111109	-1.675022116500678
0	0	0.802981082433626	2.07608323695799	0	0.2789034885484276	0	0	0	0	0	0
0	0	0.8258518705267502	1.371167047039624	0	0.3758965678099585	0	0	0	0	0	0
4	0	0.8493852780793607	2.050635577532679	1	0.2928893688594184	4.709288120751096	0	-4.709288120751096	1	0.007358925948469541	-3.944080877616001
0	0	1	2	0	0.3333333333333333	0	0	0	0	0	0
0	0	0.802981082433626	2.197018917566375	0	0.2676603608112086	0	0	0	0	0	0
1	0	0.923916763042011	2.07608323695799	1	0.3079722543473369	1.082348583770126	0	-1.082348583770126	1	0.3079722543473369	-0.9064789077890743
1	0	0.941417076781177	2.05724264342331	1	0.313945950731942	1.062228447585766	0	-1.062228447585766	1	0.313945950731942	-0.88962807124117
0	0	0.802981082433626	2.07608323695799	0	0.2789034885484276	0	0	0	0	0	0
0	0	0.802981082433626	2.197018917566375	0	0.2676603608112086	0	0	0	0	0	0
1	0	0.9239167630420109	2.07608323695799	1	0.3079722543473369	1.082348583770127	0	-1.082348583770127	1	0.3079722543473369	-0.9064789077890745
0	0	0.802981082433626	2.07608323695799	0	0.2789034885484276	0	0	0	0	0	0
0	0	0.9239167630420109	2.07608323695799	0	0.3079722543473369	0	0	0	0	0	0