Observed S Changes	Observed NS Changes	E[S Sites]	E[NS Sites]	Observed S. Prop.	P{S}	dS	dN	dN-dS	P{S leq. observed}	P{S geq. observed}	Scaled dN-dS
0	0	0	3.000000000000001	0	0	0	0	0	0	0	0
0	0	0.8732583642305176	2.030695129601453	0	0.3007136188941483	0	0	0	0	0	0
3	0	1.000000000000001	2.000000000000001	1	0.3333333333333334	2.999999999999998	0	-2.999999999999998	0.9999999999999999	0.0370370370370372	-2.914278558844402
0	1	0.9267951485833085	2.073204851416694	0	0.3089317161944359	0	0.4823450028667765	0.4823450028667765	0.6910682838055641	0.3089317161944359	0.4685625666067964
0	0	0.9266726938424772	2.073327306157524	0	0.3088908979474922	0	0	0	0	0	0
1	0	1.000000000000001	2.000000000000001	1	0.3333333333333334	0.9999999999999993	0	-0.9999999999999993	1	0.3333333333333334	-0.9714261862814673
0	0	1.683301634219844	1.200068941927007	0	0.5837964943338289	0	0	0	0	0	0
0	1	0.8102016350006307	2.189798364999371	0	0.2700672116668767	0	0.4566630498878317	0.4566630498878317	0.7299327883331233	0.2700672116668767	0.4436144449682001
0	1	0.8100432699893265	2.000244729850308	0	0.2882420840979823	0	0.4999388250230944	0.4999388250230944	0.7117579159020178	0.2882420840979822	0.4856536661662227
1	3	0.9245567883880155	2.075443211611987	0.25	0.3081855961293383	1.08159932689859	1.445474385044684	0.3638750581460934	0.6372348665431977	0.7709351773961255	0.353477760017807
0	1	1.808693899918625	1.191306100081377	0	0.6028979666395414	0	0.8394148237230474	0.8394148237230474	0.3971020333604586	0.6028979666395414	0.8154295409174106
0	0	0.8100432699893262	2.073327306157524	0	0.2809362336879415	0	0	0	0	0	0
4	0	1.808774999133989	1.190057920306812	1	0.6031596450099244	2.211441446235785	0	-2.211441446235785	1	0.1323515731437443	-2.148252130301603
0	0	1	2.000000000000001	0	0.3333333333333333	0	0	0	0	0	0
3	4	0.812734269348401	2.187265730651601	0.4285714285714285	0.2709114231161335	3.691243390542902	1.828767279597241	-1.862476110945661	0.9085189574237913	0.2881207289950839	-1.809258065496283
4	1	1.000000000000001	2.000000000000001	0.8	0.3333333333333334	3.999999999999997	0.4999999999999997	-3.499999999999998	0.9958847736625515	0.04526748971193417	-3.399991651985136
0	0	0.8321327475125992	1.357823982498076	0	0.3799767986779094	0	0	0	0	0	0
1	1	0.8323046417551279	2.07260316493711	0.5	0.2865167148636146	1.201483146713256	0.4824850298973386	-0.718998116815917	0.9179081721037623	0.4909416018309912	-0.6984535985620436
0	4	0.9901264388378703	2.00987356116213	0	0.33004214627929	0	1.990174942988532	1.990174942988532	0.2014605106185173	0.7985394893814827	1.933308054900287
2	0	1.000000000000001	2.000000000000002	1	0.3333333333333333	1.999999999999998	0	-1.999999999999998	1	0.1111111111111109	-1.942852372562934
0	4	0.9982566915270249	1.938208610961643	0	0.3399518089592265	0	2.063761339918616	2.063761339918616	0.1898027849958913	0.8101972150041087	2.004791807832273
0	1	0.8116010288263595	2.188398971173642	0	0.270533676275453	0	0.4569550676875425	0.4569550676875425	0.729466323724547	0.270533676275453	0.4438981187056994
0	0	0.8100432699893263	2.189956730010675	0	0.2700144233297753	0	0	0	0	0	0
1	1	0.8100432699893263	2.189956730010675	0.5	0.2700144233297753	1.234501954461243	0.4566300266558806	-0.7778719278053627	0.9270922111938891	0.4671210578534394	-0.7556451602433769
0	0	0.8100432699893263	2.189956730010675	0	0.2700144233297753	0	0	0	0	0	0
1	0	1	2.000000000000001	1	0.3333333333333333	0.9999999999999996	0	-0.9999999999999996	1	0.3333333333333333	-0.9714261862814675
0	0	1	2.000000000000001	0	0.3333333333333333	0	0	0	0	0	0
1	0	1.000000000000001	2.000000000000001	1	0.3333333333333334	0.9999999999999993	0	-0.9999999999999993	1	0.3333333333333334	-0.9714261862814673
0	0	1.810043269989327	1.189956730010675	0	0.6033477566631087	0	0	0	0	0	0
1	0	0.8100432699893264	2.073327306157524	1	0.2809362336879416	1.234501954461243	0	-1.234501954461243	1	0.2809362336879416	-1.199227525579304
1	0	1.000000000000001	2.000000000000001	1	0.3333333333333334	0.9999999999999993	0	-0.9999999999999993	1	0.3333333333333334	-0.9714261862814673
0	0	1	2.000000000000001	0	0.3333333333333333	0	0	0	0	0	0
2	0	0.8100432699893265	2.189956730010676	1	0.2700144233297753	2.469003908922486	0	-2.469003908922486	1	0.07290778880611093	-2.398455051158607
0	0	0.8100432699893262	2.189956730010675	0	0.2700144233297753	0	0	0	0	0	0
1	0	1.000000000000001	2.000000000000001	1	0.3333333333333334	0.9999999999999993	0	-0.9999999999999993	1	0.3333333333333334	-0.9714261862814673
1	0	1.000000000000001	2.000000000000001	1	0.3333333333333334	0.9999999999999993	0	-0.9999999999999993	1	0.3333333333333334	-0.9714261862814673
0	0	1	2.000000000000001	0	0.3333333333333333	0	0	0	0	0	0
1	0	0.8100432699893264	2.189956730010675	1	0.2700144233297753	1.234501954461243	0	-1.234501954461243	1	0.2700144233297753	-1.199227525579304
0	0	1	1.93662918211526	0	0.3405264805274796	0	0	0	0	0	0
3	1	0.9983331430897345	2.001666856910268	0.75	0.3327777143632446	3.005008919883517	0.4995836327847181	-2.505425287098799	0.9877364293294622	0.1106178450067374	-2.433835731659538
0	1	0.1713337395839806	2.828666260416022	0	0.05711124652799349	0	0.3535235011616134	0.3535235011616134	0.9428887534720065	0.05711124652799349	0.3434219864942982
0	0	1	2.000000000000001	0	0.3333333333333333	0	0	0	0	0	0
0	1	0.8324920219035212	2.07146147192845	0	0.2866753974096842	0	0.4827509531562944	0.4827509531562944	0.7133246025903158	0.2866753974096842	0.4689569173483626
0	0	1	2.000000000000001	0	0.3333333333333333	0	0	0	0	0	0
2	0	0.9254040598272534	2.074595940172749	1	0.3084680199424176	2.161218095772503	0	-2.161218095772503	0.9999999999999998	0.09515251932719593	-2.099463852498779
2	1	0.9975011039167965	2.002498896083204	0.6666666666666666	0.3325003679722654	2.00501031241648	0.4993760555653509	-1.505634256851129	0.9632399248299639	0.2581493337650027	-1.462612544067625
0	1	0.8100432699893263	2.189956730010675	0	0.2700144233297753	0	0.4566300266558808	0.4566300266558808	0.7299855766702247	0.2700144233297753	0.4435823653359273
0	0	0.8100432699893263	2.189956730010675	0	0.2700144233297753	0	0	0	0	0	0
1	4	0.960859904011755	1.229771786160298	0.2	0.4386222970855903	1.040734446119386	3.252636013458361	2.211901567338975	0.2735657405762351	0.9442460301929207	2.148699103990102
1	0	0.9254066560725036	2.074593343927498	1	0.308468885357501	1.080606016217861	0	-1.080606016217861	1	0.3084688853575011	-1.049728981207326
0	0	0.8321327475125992	2.104496434602661	0	0.2833632358421271	0	0	0	0	0	0
3	0	1.000000000000001	2.000000000000001	1	0.3333333333333334	2.999999999999998	0	-2.999999999999998	0.9999999999999999	0.0370370370370372	-2.914278558844402
0	0	1	2.000000000000001	0	0.3333333333333333	0	0	0	0	0	0
0	0	0.8100432699893262	2.189956730010675	0	0.2700144233297753	0	0	0	0	0	0
0	0	1	2.000000000000001	0	0.3333333333333333	0	0	0	0	0	0
3	0	1.000000000000001	2.000000000000001	1	0.3333333333333334	2.999999999999998	0	-2.999999999999998	0.9999999999999999	0.0370370370370372	-2.914278558844402
1	0	0.8731898633376256	2.063439318777635	1	0.2973442709946323	1.145226304136953	0	-1.145226304136953	1	0.2973442709946323	-1.112502821056981
1	0	1.808352171321442	1.190091656059224	1	0.6030968980670065	0.5529896310347868	0	-0.5529896310347868	1	0.6030968980670065	-0.537188608329319
0	1	0.9998777163978033	2.000122283602199	0	0.3332925721326009	0	0.4999694309684959	0.4999694309684959	0.6667074278673991	0.3332925721326009	0.4856833975830417
1	0	0.8732240834856808	1.316732646524994	1	0.3987403365186234	1.145181424690285	0	-1.145181424690285	1	0.3987403365186234	-1.112459223987261
0	5	0.8104328617038633	2.189567138296138	0	0.2701442872346209	0	2.283556376303156	2.283556376303156	0.2071023650895893	0.7928976349104107	2.218306461790903
0	0	1	2.000000000000001	0	0.3333333333333333	0	0	0	0	0	0
1	0	1.000000000000001	1.810531681162745	1	0.3558045642048377	0.9999999999999993	0	-0.9999999999999993	1	0.3558045642048377	-0.9714261862814673
0	2	0.6207223925195179	2.379277607480484	0	0.2069074641731725	0	0.8405912759872873	0.8405912759872873	0.6289957703842276	0.3710042296157724	0.8165723774538034
0	0	1	2.000000000000001	0	0.3333333333333333	0	0	0	0	0	0
0	3	0.8440631277786067	2.092511456352533	0	0.2874311901832196	0	1.433683906911226	1.433683906911226	0.3618098834465911	0.638190116553409	1.392718090023888
0	0	0.1678672524874012	2.8321327475126	0	0.05595575082913371	0	0	0	0	0	0
1	0	0.8100432699893264	2.073327306157524	1	0.2809362336879416	1.234501954461243	0	-1.234501954461243	1	0.2809362336879416	-1.199227525579304
0	4	0.8100432699893267	2.189956730010676	0	0.2700144233297753	0	1.826520106623522	1.826520106623522	0.2839599669832373	0.7160400330167627	1.774329461343709
2	1	0.8100432699893264	2.189956730010675	0.6666666666666666	0.2700144233297753	2.469003908922486	0.4566300266558806	-2.012373882266606	0.9803138454492689	0.1793510573168711	-1.954872685822681
0	0	1	2.000000000000001	0	0.3333333333333333	0	0	0	0	0	0
1	0	0.8100432699893264	2.189956730010675	1	0.2700144233297753	1.234501954461243	0	-1.234501954461243	1	0.2700144233297753	-1.199227525579304
1	2	0.8726960810705799	1.330766856692804	0.3333333333333333	0.3960566189311114	1.145874287384504	1.502892854553322	0.357018567168818	0.6536690159454904	0.779713096667364	0.3468171851364789
2	0	0.9266726938424771	2.073327306157524	1	0.3088908979474922	2.158259343659882	0	-2.158259343659882	1	0.09541358683480805	-2.096589643217864
0	0	1	2.000000000000001	0	0.3333333333333333	0	0	0	0	0	0
0	0	0.8100432699893262	2.189956730010675	0	0.2700144233297753	0	0	0	0	0	0
0	0	1	1.93662918211526	0	0.3405264805274796	0	0	0	0	0	0
0	3	0.832552694355814	2.102032081365102	0	0.2837037461803391	0	1.427190396662138	1.427190396662138	0.3675175134425849	0.6324824865574151	1.386410124127036
3	0	0.8100432699893264	2.189956730010675	1	0.2700144233297754	3.70350586338373	0	-3.70350586338373	0.9999999999999999	0.01968615455073131	-3.597682576737911
1	0	0.8100432699893264	2.073327306157525	1	0.2809362336879416	1.234501954461243	0	-1.234501954461243	1	0.2809362336879415	-1.199227525579304
3	0	1.000000000000001	2.000000000000001	1	0.3333333333333334	2.999999999999998	0	-2.999999999999998	0.9999999999999999	0.0370370370370372	-2.914278558844402
0	0	1.810043269989327	1.189956730010675	0	0.6033477566631087	0	0	0	0	0	0
0	1	0.1675867621881224	2.832413237811879	0	0.05586225406270743	0	0.3530558276773656	0.3530558276773656	0.9441377459372926	0.05586225406270739	0.3429676762250704
0	0	0.8100432699893262	2.189956730010675	0	0.2700144233297753	0	0	0	0	0	0
1	0	1.000000000000001	2.000000000000001	1	0.3333333333333334	0.9999999999999993	0	-0.9999999999999993	1	0.3333333333333334	-0.9714261862814673
0	0	1.810043269989327	1.189956730010675	0	0.6033477566631087	0	0	0	0	0	0
0	0	1.683301634219844	1.200068941927007	0	0.5837964943338289	0	0	0	0	0	0
1	0	1.000000000000001	1.937051276109236	1	0.3404775422663775	0.9999999999999993	0	-0.9999999999999993	1	0.3404775422663775	-0.9714261862814673
1	0	0.8100432699893264	2.189956730010675	1	0.2700144233297753	1.234501954461243	0	-1.234501954461243	1	0.2700144233297753	-1.199227525579304
0	0	1	2.000000000000001	0	0.3333333333333333	0	0	0	0	0	0
2	0	0.873018196907239	1.316938533103436	1	0.3986463225248214	2.290902992727088	0	-2.290902992727088	1	0.1589188904625639	-2.225443157365677
0	0	0.8100432699893262	2.073327306157524	0	0.2809362336879415	0	0	0	0	0	0
0	0	0.8100432699893262	2.189956730010675	0	0.2700144233297753	0	0	0	0	0	0
0	0	1	2.000000000000001	0	0.3333333333333333	0	0	0	0	0	0
1	1	0.8103600495687839	2.189639950431218	0.5	0.2701200165229278	1.234019372662965	0.456696088232709	-0.7773232844302562	0.9270351766736531	0.4672752097195089	-0.7551121937018686
0	0	0.8321327475125992	1.357823982498076	0	0.3799767986779094	0	0	0	0	0	0
2	0	0.8100432699893265	2.189956730010676	1	0.2700144233297753	2.469003908922486	0	-2.469003908922486	1	0.07290778880611093	-2.398455051158607
0	0	0.8732583642305176	2.030695129601453	0	0.3007136188941483	0	0	0	0	0	0
1	2	0.8325790896730672	2.072019297470655	0.3333333333333333	0.2866417241565006	1.201087094792009	0.9652419755170379	-0.2358451192749714	0.8006125279267096	0.6369862193917397	-0.2291061247703834
0	0	0	1.253483271538966	0	0	0	0	0	0	0	0
0	0	0.8100432699893263	2.189956730010675	0	0.2700144233297753	0	0	0	0	0	0
1	0	1.0006752177413	1.999324782258702	1	0.3335584059137664	0.9993252378700614	0	-0.9993252378700614	1	0.3335584059137664	-0.9707707046789346
0	0	0.8100432699893262	2.189956730010675	0	0.2700144233297753	0	0	0	0	0	0
0	0	1	2.000000000000001	0	0.3333333333333333	0	0	0	0	0	0
0	0	0.8321327475125992	2.104496434602661	0	0.2833632358421271	0	0	0	0	0	0
3	0	1.076491826877878	1.404580706762501	1	0.4338816428306449	2.786830262056725	0	-2.786830262056725	0.9999999999999998	0.08167964238833125	-2.707199893283548
0	1	0.8103598802963965	2.189640119703606	0	0.2701199600987987	0	0.4566960529273469	0.4566960529273469	0.7298800399012013	0.2701199600987987	0.443646504985012
0	1	0.8339887823561417	2.069964711475829	0	0.2871908190429161	0	0.4831000231337406	0.4831000231337406	0.7128091809570839	0.2871908190429161	0.4692960130652986
0	0	1	2.000000000000001	0	0.3333333333333333	0	0	0	0	0	0
0	5	0.8100432699893266	2.018385906595558	0	0.2863933368723741	0	2.477226968173582	2.477226968173582	0.1850522979768165	0.8149477020231835	2.406443146246466
0	0	0.8100432699893263	2.189956730010675	0	0.2700144233297753	0	0	0	0	0	0
0	1	0.8100616846225266	2.189858247336963	0	0.2700277684056088	0	0.4566505622983028	0.4566505622983028	0.7299722315943913	0.2700277684056087	0.4436023141967282
0	0	0.8100432699893262	2.073327306157524	0	0.2809362336879415	0	0	0	0	0	0
0	0	0.8100432699893263	2.000000000000001	0	0.2882671874274744	0	0	0	0	0	0
1	0	1.000000000000001	2.000000000000001	1	0.3333333333333334	0.9999999999999993	0	-0.9999999999999993	1	0.3333333333333334	-0.9714261862814673
0	0	0.8100432699893262	2.000000000000001	0	0.2882671874274743	0	0	0	0	0	0
1	0	0.8100432699893264	2.189956730010675	1	0.2700144233297753	1.234501954461243	0	-1.234501954461243	1	0.2700144233297753	-1.199227525579304
2	0	1.000000000000001	2.000000000000001	1	0.3333333333333334	1.999999999999999	0	-1.999999999999999	1	0.111111111111111	-1.942852372562935
2	0	1.000000000000001	2.000000000000001	1	0.3333333333333334	1.999999999999999	0	-1.999999999999999	1	0.111111111111111	-1.942852372562935
0	0	0.8100432699893262	2.189956730010675	0	0.2700144233297753	0	0	0	0	0	0
0	0	0.8100432699893262	2.000000000000001	0	0.2882671874274743	0	0	0	0	0	0
0	2	1.000000000000001	2.000000000000001	0	0.3333333333333334	0	0.9999999999999993	0.9999999999999993	0.4444444444444444	0.5555555555555556	0.9714261862814673
0	0	1	2.000000000000001	0	0.3333333333333333	0	0	0	0	0	0
0	0	1	2.000000000000001	0	0.3333333333333333	0	0	0	0	0	0
2	0	0.9444934741502764	2.054138805811547	1	0.3149747571457148	2.117537129411425	0	-2.117537129411425	1	0.0992090976390021	-2.057031017933547
0	0	1	1.810043269989327	0	0.3558664062862628	0	0	0	0	0	0
1	0	1.80990342328637	1.189938327728181	1	0.6033329667054129	0.5525156685897799	0	-0.5525156685897799	1	0.6033329667054129	-0.5367281887989253
0	2	0.9995716655159673	2.000428334484035	0	0.3331905551719889	0	0.9997858786157688	0.9997858786157688	0.4446348357118403	0.5553651642881596	0.971218183161783
0	0	1	2.000000000000001	0	0.3333333333333333	0	0	0	0	0	0
0	0	1	1.810043269989327	0	0.3558664062862628	0	0	0	0	0	0
1	0	1.000000000000001	2.000000000000001	1	0.3333333333333334	0.9999999999999993	0	-0.9999999999999993	1	0.3333333333333334	-0.9714261862814673
1	0	1.000000000000001	2.000000000000001	1	0.3333333333333334	0.9999999999999993	0	-0.9999999999999993	1	0.3333333333333334	-0.9714261862814673
0	0	1	2.000000000000001	0	0.3333333333333333	0	0	0	0	0	0
1	0	1.810043269989327	1.189956730010675	1	0.6033477566631086	0.5524729803867598	0	-0.5524729803867598	1	0.6033477566631086	-0.5366867203606663
0	0	0.8732583642305176	2.063370817884743	0	0.2973675973626019	0	0	0	0	0	0
0	0	0.8100432699893262	2.189956730010675	0	0.2700144233297753	0	0	0	0	0	0
0	1	0.8102380381680528	2.189761961831949	0	0.2700793460560174	0	0.4566706415721106	0.4566706415721106	0.7299206539439826	0.2700793460560174	0.4436218197291066
0	1	0.8100432699893263	2.189956730010675	0	0.2700144233297753	0	0.4566300266558806	0.4566300266558806	0.7299855766702248	0.2700144233297752	0.4435823653359272
1	0	0.8322012957007806	2.10442788641448	1	0.283386578315395	1.201632351651074	0	-1.201632351651074	1	0.283386578315395	-1.167297132676835
0	1	0.8100432699893264	2.189956730010675	0	0.2700144233297753	0	0.4566300266558806	0.4566300266558806	0.7299855766702247	0.2700144233297753	0.4435823653359272
0	0	0.8100432699893263	2.189956730010675	0	0.2700144233297753	0	0	0	0	0	0
0	0	0.8100432699893262	2.189956730010675	0	0.2700144233297753	0	0	0	0	0	0
0	0	0	1.253483271538966	0	0	0	0	0	0	0	0
0	2	1.000000000000001	2.000000000000002	0	0.3333333333333333	0	0.9999999999999991	0.9999999999999991	0.4444444444444445	0.5555555555555555	0.971426186281467
1	0	1.000000000000001	1.937051287465856	1	0.3404775409498618	0.9999999999999993	0	-0.9999999999999993	1	0.3404775409498618	-0.9714261862814673
0	0	1	2.000000000000001	0	0.3333333333333333	0	0	0	0	0	0
1	0	1.000000000000001	2.000000000000001	1	0.3333333333333334	0.9999999999999993	0	-0.9999999999999993	1	0.3333333333333334	-0.9714261862814673
0	0	0.8321327475125992	1.357823982498076	0	0.3799767986779094	0	0	0	0	0	0
3	1	0.8100432699893266	2.189956730010676	0.75	0.2700144233297753	3.703505863383729	0.4566300266558806	-3.246875836727848	0.9946844543314035	0.06279798119713509	-3.154100211401984
1	0	1	1.936681981018675	1	0.3405203581673221	0.9999999999999996	0	-0.9999999999999996	1	0.3405203581673221	-0.9714261862814675
0	1	0.9998600643736153	2.000059870409356	0	0.3332955832522744	0	0.4999850328457058	0.4999850328457058	0.6667044167477256	0.3332955832522744	0.4856985536551185
2	0	0.8100432699893263	2.189956730010675	1	0.2700144233297753	2.469003908922487	0	-2.469003908922487	1	0.07290778880611093	-2.398455051158608
0	0	1	2.000000000000001	0	0.3333333333333333	0	0	0	0	0	0
0	1	1.000000000000001	2.000000000000001	0	0.3333333333333334	0	0.4999999999999997	0.4999999999999997	0.6666666666666666	0.3333333333333334	0.4857130931407336
0	0	0.8100432699893263	2.073327306157524	0	0.2809362336879416	0	0	0	0	0	0
0	2	0.2476882846480294	2.740750123342587	0	0.08288217819237959	0	0.7297272315948392	0.7297272315948392	0.8411050990771541	0.1588949009228459	0.7088761416139082
1	0	0.9450105551948295	2.054829337726957	1	0.3150203307265199	1.058189238736951	0	-1.058189238736951	1	0.3150203307265199	-1.027952736550326
1	4	0.9223098351952422	1.98809962509814	0.2	0.3169003701294557	1.084234344945819	2.011971608214827	0.927737263269008	0.4937452515332713	0.8512625778954348	0.9012282715286186
2	0	1.000000000000001	1.998574575842151	1	0.3334917890842018	1.999999999999999	0	-1.999999999999999	1	0.1112167733865816	-1.942852372562935
0	4	0.8109062016051064	2.185490710018093	0	0.2706270983191691	0	1.830252575160516	1.830252575160516	0.2830078590376569	0.7169921409623432	1.777955279020016
1	3	0.8100432699893263	2.189956730010675	0.25	0.2700144233297753	1.234501954461243	1.369890079967642	0.1353881255063984	0.7040958665633933	0.7160400330167624	0.1315195704284774
2	0	0.8100432699893263	2.189956730010675	1	0.2700144233297753	2.469003908922487	0	-2.469003908922487	1	0.07290778880611093	-2.398455051158608
0	0	0.8100432699893263	2.189956730010675	0	0.2700144233297753	0	0	0	0	0	0
1	0	0.8100432699893263	2.189956730010675	1	0.2700144233297753	1.234501954461243	0	-1.234501954461243	1	0.2700144233297753	-1.199227525579304
0	0	0.8100432699893262	2.189956730010675	0	0.2700144233297753	0	0	0	0	0	0
0	0	0.90395349383197	2.000000000000001	0	0.3112837363793797	0	0	0	0	0	0
4	0	1.667343587070224	1.185110086572786	1	0.5845295937587575	2.399025630361291	0	-2.399025630361291	1	0.1167417003753051	-2.330476318893364
0	0	0.8100432699893262	2.189956730010675	0	0.2700144233297753	0	0	0	0	0	0
0	0	0	1.253483271538966	0	0	0	0	0	0	0	0
1	0	1.683267360869373	1.200042105617281	1	0.5837969806690415	0.5940826889695767	0	-0.5940826889695767	1	0.5837969806690415	-0.5771074808815554
0	0	1	2.000000000000001	0	0.3333333333333333	0	0	0	0	0	0
1	0	0.8100432699893265	2.189956730010676	1	0.2700144233297753	1.234501954461243	0	-1.234501954461243	1	0.2700144233297752	-1.199227525579304
2	6	1.590879441074483	1.220102369833464	0.25	0.5659515244464101	1.257166286999847	4.917620150855834	3.660453863855987	0.07437270618972909	0.9855989318294378	3.555860737024885
0	3	0.8178336030105641	2.150642840891689	0	0.2755061791682838	0	1.394931758523026	1.394931758523026	0.3802805008670577	0.6197194991329422	1.355073238304925
0	2	0.816219124731607	2.164134610073505	0	0.2738665263789501	0	0.9241569312234554	0.9241569312234554	0.5272698215129719	0.4727301784870281	0.8977502432239861
2	1	0.8513392851161241	2.063269512970663	0.6666666666666666	0.2920938431514246	2.349239645069588	0.4846676567038573	-1.864571988365731	0.9750788999572575	0.2061142395354232	-1.811294055705375
0	0	0.8100432699893263	2.000000000000001	0	0.2882671874274744	0	0	0	0	0	0
0	0	1	2.000000000000001	0	0.3333333333333333	0	0	0	0	0	0
0	0	1	2.000000000000001	0	0.3333333333333333	0	0	0	0	0	0
3	0	1.679631250112595	1.197195001580862	1	0.5838486940682887	1.786106325301398	0	-1.786106325301398	0.9999999999999998	0.1990219327183848	-1.735070455880744
0	0	0.8100432699893263	2.189956730010675	0	0.2700144233297753	0	0	0	0	0	0
1	0	1	2.000000000000001	1	0.3333333333333333	0.9999999999999996	0	-0.9999999999999996	1	0.3333333333333333	-0.9714261862814675
0	0	1	2.000000000000001	0	0.3333333333333333	0	0	0	0	0	0
0	0	0	3.000000000000001	0	0	0	0	0	0	0	0
0	0	1	2.000000000000001	0	0.3333333333333333	0	0	0	0	0	0
1	0	0.8100432699893264	2.189956730010675	1	0.2700144233297753	1.234501954461243	0	-1.234501954461243	1	0.2700144233297753	-1.199227525579304
0	0	0.8100432699893262	2.189956730010675	0	0.2700144233297753	0	0	0	0	0	0
2	0	0.8330237927974348	2.103605389317825	1	0.2836666603569628	2.400891808004261	0	-2.400891808004261	1	0.08046677419807247	-2.332289172723998
0	6	0.831984430235031	1.502724078846678	0	0.3563547342200198	0	3.992748958015584	3.992748958015584	0.07110161662812006	0.9288983833718799	3.878660893064384
0	0	0.8100432699893262	2.189956730010675	0	0.2700144233297753	0	0	0	0	0	0
0	0	0.8100432699893263	2.189956730010675	0	0.2700144233297753	0	0	0	0	0	0
0	0	0.8321327475125992	2.071820746319371	0	0.2865516783516191	0	0	0	0	0	0
4	0	1.685710426225818	1.199758361355218	1	0.58420677897507	2.37288678872071	0	-2.37288678872071	0.9999999999999999	0.1164840248718018	-2.305084363644639
1	0	0.8100432699893265	2.000000000000001	1	0.2882671874274743	1.234501954461243	0	-1.234501954461243	1	0.2882671874274743	-1.199227525579304
0	0	0.9266726938424772	2.073327306157524	0	0.3088908979474922	0	0	0	0	0	0
0	0	0	1.253483271538966	0	0	0	0	0	0	0	0
2	0	1.000000000000001	1.997512784145355	1	0.3336099199607312	1.999999999999999	0	-1.999999999999999	1	0.1112955786962053	-1.942852372562935
0	1	1.000000000000001	2.000000000000001	0	0.3333333333333334	0	0.4999999999999997	0.4999999999999997	0.6666666666666666	0.3333333333333334	0.4857130931407336
0	0	0.8100432699893263	2.189956730010675	0	0.2700144233297753	0	0	0	0	0	0
0	0	0.8100432699893263	2.189956730010675	0	0.2700144233297753	0	0	0	0	0	0
1	0	1	2.000000000000001	1	0.3333333333333333	0.9999999999999996	0	-0.9999999999999996	1	0.3333333333333333	-0.9714261862814675
2	0	1.000000000000001	2.000000000000001	1	0.3333333333333334	1.999999999999999	0	-1.999999999999999	1	0.111111111111111	-1.942852372562935
2	0	1.000000000000001	2.000000000000001	1	0.3333333333333334	1.999999999999999	0	-1.999999999999999	1	0.111111111111111	-1.942852372562935
0	1	0.8100432699893264	2.18979836200795	0	0.2700286779639112	0	0.4566630505116659	0.4566630505116659	0.7299713220360888	0.2700286779639112	0.443614445574209
0	2	0.8510940984035946	2.083982205079628	0	0.2899734147945498	0	0.9597010929964158	0.9597010929964158	0.5041377516985124	0.4958622483014876	0.9322787727396646
1	0	0.8100432699893264	2.189956730010675	1	0.2700144233297753	1.234501954461243	0	-1.234501954461243	1	0.2700144233297753	-1.199227525579304
0	0	0.8321327475125992	1.357823982498076	0	0.3799767986779094	0	0	0	0	0	0
1	3	0.9271003252538015	2.0728996747462	0.25	0.309033441751267	1.078631915835259	1.447248044152118	0.3686161283168587	0.6357339589731801	0.7720560264366687	0.3580833597326863
1	2	0.8103362161555877	2.189370837678153	0.3333333333333333	0.2701384507263624	1.234055667342895	0.9135044486666396	-0.3205512186762552	0.8205022417236386	0.6112042991996476	-0.3113918478665515
1	0	1.810043269989327	1.189956730010675	1	0.6033477566631086	0.5524729803867597	0	-0.5524729803867597	1	0.6033477566631086	-0.5366867203606662
1	0	0.8100432699893264	2.000000000000001	1	0.2882671874274744	1.234501954461243	0	-1.234501954461243	1	0.2882671874274744	-1.199227525579304
1	1	1.000000000000001	2.000000000000001	0.5	0.3333333333333334	0.9999999999999993	0.4999999999999997	-0.4999999999999997	0.888888888888889	0.5555555555555556	-0.4857130931407336
0	1	0.8328449812565571	1.357111748754118	0	0.3803020259913981	0	0.7368589955234263	0.7368589955234263	0.6196979740086019	0.3803020259913981	0.7158041238485152
2	1	1	1.912500038205444	0.6666666666666666	0.3433476349810306	1.999999999999999	0.5228758065481296	-1.47712419345187	0.959523571879606	0.2727099391004134	-1.434917121909039
0	1	1.000000000000001	1.813208408405449	0	0.3554660212916145	0	0.5515085829981389	0.5515085829981389	0.6445339787083855	0.3554660212916145	0.5357498794833785
0	0	1	1.93662918211526	0	0.3405264805274796	0	0	0	0	0	0
0	0	0.90395349383197	2.000000000000001	0	0.3112837363793797	0	0	0	0	0	0
1	0	0.9260396940804289	2.073960305919573	1	0.3086798980268095	1.07986731712728	0	-1.07986731712728	1	0.3086798980268095	-1.049011389566954
0	0	1	2.000000000000001	0	0.3333333333333333	0	0	0	0	0	0
2	0	1.000000000000001	2.000000000000002	1	0.3333333333333333	1.999999999999998	0	-1.999999999999998	1	0.1111111111111109	-1.942852372562934
1	0	1.000000000000001	2.000000000000001	1	0.3333333333333334	0.9999999999999993	0	-0.9999999999999993	1	0.3333333333333334	-0.9714261862814673
0	0	1	2.000000000000001	0	0.3333333333333333	0	0	0	0	0	0
0	2	0.8324324170201655	2.071521076811806	0	0.286654871983405	0	0.9654741254567001	0.9654741254567001	0.5088612716650123	0.4911387283349877	0.9378868476458376
1	1	0.9043992576431286	2.000116359540026	0.5	0.3113769649895116	1.10570634766553	0.499970911807338	-0.6057354358581916	0.9030443856739205	0.5257983156529435	-0.5884272643512658
0	0	0.8100432699893263	2.189956730010675	0	0.2700144233297753	0	0	0	0	0	0
0	0	0.8321327475125992	1.357823982498076	0	0.3799767986779094	0	0	0	0	0	0
0	0	0.8321327475125992	1.357823982498076	0	0.3799767986779094	0	0	0	0	0	0
1	3	1.000000000000001	2.000000000000002	0.25	0.3333333333333333	0.9999999999999991	1.499999999999999	0.4999999999999996	0.5925925925925928	0.802469135802469	0.4857130931407335
1	1	1.000000000000001	2.000000000000001	0.5	0.3333333333333334	0.9999999999999993	0.4999999999999997	-0.4999999999999997	0.888888888888889	0.5555555555555556	-0.4857130931407336
1	4	0.9282017401017311	2.071798259898271	0.2	0.3094005800339101	1.077351998812672	1.930689911959095	0.8533379131464236	0.5089647919174713	0.8429163274821505	0.8289547945772168
2	0	1	2	1	0.3333333333333333	2	0	-2	1	0.1111111111111109	-1.942852372562935
1	2	0.8100432699893264	2.189956730010675	0.3333333333333333	0.2700144233297753	1.234501954461243	0.9132600533117613	-0.3212419011494819	0.8206489426831289	0.6110060581217238	-0.3120627949074495
1	0	0.9266726938424774	2.073327306157525	1	0.3088908979474923	1.079129671829941	0	-1.079129671829941	1	0.3088908979474922	-1.048294821608932
1	0	1	1.936734832784558	1	0.3405142298979097	0.9999999999999996	0	-0.9999999999999996	1	0.3405142298979097	-0.9714261862814675
0	0	1	2.000000000000001	0	0.3333333333333333	0	0	0	0	0	0
0	0	0.90395349383197	2.000000000000001	0	0.3112837363793797	0	0	0	0	0	0
1	0	1.000000000000001	2.000000000000001	1	0.3333333333333334	0.9999999999999993	0	-0.9999999999999993	1	0.3333333333333334	-0.9714261862814673
1	0	0.9057770804092559	2.002435294709398	1	0.3114549295500816	1.104024402503287	0	-1.104024402503287	1	0.3114549295500817	-1.072478214885444
0	3	0.5758740227760836	2.424125977223919	0	0.1919580075920277	0	1.237559445419403	1.237559445419403	0.5275963622687795	0.4724036377312205	1.202197652360379
0	0	0.9450791105498884	2.054920889450113	0	0.3150263701832959	0	0	0	0	0	0
0	3	0.8100432699893263	2.189956730010675	0	0.2700144233297753	0	1.369890079967642	1.369890079967642	0.3889939418782765	0.6110060581217236	1.330747096007781
3	1	0.9256335133944743	2.074366486605528	0.75	0.3085445044648246	3.241023533167494	0.4820748920005885	-2.758948641166906	0.9909370149806881	0.09030443585540215	-2.680114956635205
2	0	1.000000000000001	2.000000000000001	1	0.3333333333333334	1.999999999999999	0	-1.999999999999999	1	0.111111111111111	-1.942852372562935
2	0	0.8100432699893266	2.189956730010675	1	0.2700144233297753	2.469003908922486	0	-2.469003908922486	1	0.07290778880611104	-2.398455051158607
0	0	0.90395349383197	2.000000000000001	0	0.3112837363793797	0	0	0	0	0	0
0	2	0.2338230983004883	2.766176901699514	0	0.07794103276682936	0	0.723019557704794	0.723019557704794	0.8501927390551012	0.1498072609448988	0.7023601315480817
0	0	0.8100432699893263	2.189956730010675	0	0.2700144233297753	0	0	0	0	0	0
1	0	0.9266726938424775	2.073327306157525	1	0.3088908979474923	1.079129671829941	0	-1.079129671829941	1	0.3088908979474922	-1.048294821608931
2	0	0.8100432699893263	2.000000000000001	1	0.2882671874274744	2.469003908922487	0	-2.469003908922487	1	0.08309797134734664	-2.398455051158608
0	0	0	1.253483271538966	0	0	0	0	0	0	0	0
0	0	1	2.000000000000001	0	0.3333333333333333	0	0	0	0	0	0
0	0	0.1678672524874012	2.8321327475126	0	0.05595575082913371	0	0	0	0	0	0
2	0	1	2.000000000000001	1	0.3333333333333333	1.999999999999999	0	-1.999999999999999	1	0.1111111111111109	-1.942852372562935
0	0	0.8321327475125992	2.071820746319371	0	0.2865516783516191	0	0	0	0	0	0
5	0	1.000000000000001	2.000000000000002	1	0.3333333333333333	4.999999999999996	0	-4.999999999999996	1	0.004115226337448097	-4.857130931407335
1	0	1	1.93684044697168	1	0.3405019843795564	0.9999999999999996	0	-0.9999999999999996	1	0.3405019843795564	-0.9714261862814675
0	0	0.8100432699893263	2.189956730010675	0	0.2700144233297753	0	0	0	0	0	0
0	0	0.1678672524874012	2.8321327475126	0	0.05595575082913371	0	0	0	0	0	0
0	0	1	2.000000000000001	0	0.3333333333333333	0	0	0	0	0	0
0	0	1.683301634219844	1.200068941927007	0	0.5837964943338289	0	0	0	0	0	0
0	0	0.9266726938424772	2.073327306157524	0	0.3088908979474922	0	0	0	0	0	0
0	0	0.8100432699893263	2.189956730010675	0	0.2700144233297753	0	0	0	0	0	0
0	0	0.8100432699893263	2.189956730010675	0	0.2700144233297753	0	0	0	0	0	0
0	0	1	2.000000000000001	0	0.3333333333333333	0	0	0	0	0	0
1	0	1.000000000000001	1.99994715909814	1	0.3333392046480664	0.9999999999999993	0	-0.9999999999999993	1	0.3333392046480664	-0.9714261862814673
1	0	0.8100432699893263	2.189956730010675	1	0.2700144233297753	1.234501954461243	0	-1.234501954461243	1	0.2700144233297752	-1.199227525579304
0	0	1.810043269989327	1.189956730010675	0	0.6033477566631087	0	0	0	0	0	0
0	0	0.9266726938424772	2.073327306157524	0	0.3088908979474922	0	0	0	0	0	0
0	0	1	2.000000000000001	0	0.3333333333333333	0	0	0	0	0	0
0	0	1	2.000000000000001	0	0.3333333333333333	0	0	0	0	0	0
1	0	0.9526859715196521	2.04731402848035	1	0.3175619905065504	1.049663824066682	0	-1.049663824066682	1	0.3175619905065504	-1.019670925490719
0	0	1	2.000000000000001	0	0.3333333333333333	0	0	0	0	0	0
0	0	0.8100432699893263	2.000000000000001	0	0.2882671874274744	0	0	0	0	0	0
1	0	0.8100432699893266	2.189956730010676	1	0.2700144233297753	1.234501954461243	0	-1.234501954461243	1	0.2700144233297753	-1.199227525579304
1	0	0.8322013162271866	2.071752177604785	1	0.2865752905460749	1.20163232201258	0	-1.20163232201258	1	0.286575290546075	-1.167297103885226
0	0	0.1678672524874012	2.8321327475126	0	0.05595575082913371	0	0	0	0	0	0
2	4	1.109814513306842	1.08252233569074	0.3333333333333333	0.5062244489546808	1.802102942446419	3.695073873415892	1.892970930969474	0.3321529972483112	0.8963520624982563	1.838881532213356
0	1	0.8100432699893263	2.189956730010675	0	0.2700144233297753	0	0.4566300266558806	0.4566300266558806	0.7299855766702248	0.2700144233297752	0.4435823653359272
3	1	0.9999542392343406	1.999463904863323	0.75	0.3333827399831122	3.000137288579409	0.5001340597185507	-2.500003228860858	0.9876469998564781	0.1111550330151707	-2.428568602303659
0	0	0.8321327475125992	2.071820746319371	0	0.2865516783516191	0	0	0	0	0	0
0	0	0.8100432699893263	2.189956730010675	0	0.2700144233297753	0	0	0	0	0	0
0	0	1	1.810043269989327	0	0.3558664062862628	0	0	0	0	0	0
0	1	0.1675874288688975	2.832412571131105	0	0.05586247628963244	0	0.3530559107780886	0.3530559107780886	0.9441375237103675	0.05586247628963248	0.3429677569512888
0	0	0	3.000000000000001	0	0	0	0	0	0	0	0
0	1	0.9036539296519857	2.000299564179985	0	0.311180579018003	0	0.499925120170661	0.499925120170661	0.688819420981997	0.311180579018003	0.4856403529136897
0	0	1	1.810043269989327	0	0.3558664062862628	0	0	0	0	0	0
0	0	0.8100432699893262	2.189956730010675	0	0.2700144233297753	0	0	0	0	0	0
0	0	1	2.000000000000001	0	0.3333333333333333	0	0	0	0	0	0
0	0	1	2.000000000000001	0	0.3333333333333333	0	0	0	0	0	0
0	0	0.9266726938424772	2.073327306157524	0	0.3088908979474922	0	0	0	0	0	0
3	0	1.000000000000001	1.999062779220395	1	0.3334375015183744	2.999999999999998	0	-2.999999999999998	1	0.03707177061752498	-2.914278558844402
1	0	0.8322702287477057	2.071683265084266	1	0.2865990211328993	1.201532826068611	0	-1.201532826068611	1	0.2865990211328993	-1.167200450919825
0	0	0.8100432699893263	2.073327306157524	0	0.2809362336879416	0	0	0	0	0	0
1	1	0.8384106754627649	2.117812307979289	0.5	0.2836087399897583	1.192732904370576	0.4721853755558492	-0.7205475288147267	0.9195660826014218	0.4867835625809382	-0.6999587379510261
1	0	1	1.998575650224378	1	0.3334916695949199	0.9999999999999996	0	-0.9999999999999996	1	0.3334916695949199	-0.9714261862814675
2	3	0.8452927347926044	2.096092032279288	0.4	0.2873791774049614	2.366044232582583	1.431234866504313	-0.9348093660782699	0.8532108770289537	0.4456617350012031	-0.9080982973896103
1	0	0.8100432699893264	2.073327306157524	1	0.2809362336879416	1.234501954461243	0	-1.234501954461243	1	0.2809362336879416	-1.199227525579304
2	0	0.9241420266362763	2.075857973363726	1	0.3080473422120919	2.164169513294042	0	-2.164169513294042	0.9999999999999999	0.09489316504393375	-2.102330936765852
1	0	1.000000000000001	2.000000000000001	1	0.3333333333333334	0.9999999999999993	0	-0.9999999999999993	1	0.3333333333333334	-0.9714261862814673
0	0	1	2.000000000000001	0	0.3333333333333333	0	0	0	0	0	0
1	0	0.8100432699893263	2.189956730010675	1	0.2700144233297753	1.234501954461243	0	-1.234501954461243	1	0.2700144233297752	-1.199227525579304
1	0	1	1.937158407073779	1	0.3404651235669228	0.9999999999999996	0	-0.9999999999999996	1	0.3404651235669228	-0.9714261862814675
0	0	0.8100432699893263	2.189956730010675	0	0.2700144233297753	0	0	0	0	0	0
0	0	0.9266726938424772	2.073327306157524	0	0.3088908979474922	0	0	0	0	0	0
1	0	1	2.000000000000001	1	0.3333333333333333	0.9999999999999996	0	-0.9999999999999996	1	0.3333333333333333	-0.9714261862814675
0	0	0.8100432699893262	2.189956730010675	0	0.2700144233297753	0	0	0	0	0	0
1	1	0.8100432699893265	2.189481272582064	0.5	0.2700572235674737	1.234501954461243	0.4567291862792213	-0.7777727681820217	0.9270690959990275	0.4671835431339749	-0.7555488339886416
2	1	0.8327579356274272	2.071195558204544	0.6666666666666666	0.2867669669628712	2.401658290404803	0.4828129319024175	-1.918845358502386	0.9764176343512754	0.1995411487258036	-1.864016628673869
0	0	1	2.000000000000001	0	0.3333333333333333	0	0	0	0	0	0
1	0	0.8100432699893266	2.189956730010676	1	0.2700144233297753	1.234501954461243	0	-1.234501954461243	1	0.2700144233297752	-1.199227525579304
0	0	0.8321327475125992	1.357823982498076	0	0.3799767986779094	0	0	0	0	0	0
0	0	0.8100432699893262	2.189956730010675	0	0.2700144233297753	0	0	0	0	0	0
0	0	1	2.000000000000001	0	0.3333333333333333	0	0	0	0	0	0
1	0	0.8100432699893263	2.189956730010675	1	0.2700144233297753	1.234501954461243	0	-1.234501954461243	1	0.2700144233297752	-1.199227525579304
2	0	0.9443234556536046	2.053911755914053	1	0.3149597643341183	2.117918376406015	0	-2.117918376406015	1	0.09919965314940327	-2.057401371247534
1	1	0.9269172039679463	2.073082796032056	0.5	0.3089724013226486	1.078845009801524	0.4823734015419118	-0.5964716082596119	0.9045360552209163	0.5224808578662133	-0.5794281396368085
0	0	1	2.000000000000001	0	0.3333333333333333	0	0	0	0	0	0
2	0	0.8100432699893266	2.000000000000002	1	0.2882671874274743	2.469003908922486	0	-2.469003908922486	1	0.08309797134734653	-2.398455051158607
1	0	1	2.000000000000001	1	0.3333333333333333	0.9999999999999996	0	-0.9999999999999996	1	0.3333333333333333	-0.9714261862814675
0	1	1.000000000000001	2.000000000000001	0	0.3333333333333334	0	0.4999999999999997	0.4999999999999997	0.6666666666666666	0.3333333333333334	0.4857130931407336
1	0	0.8100432699893263	2.073327306157524	1	0.2809362336879416	1.234501954461243	0	-1.234501954461243	1	0.2809362336879415	-1.199227525579304
1	0	1	2.000000000000001	1	0.3333333333333333	0.9999999999999996	0	-0.9999999999999996	1	0.3333333333333333	-0.9714261862814675
1	0	0.9040220565848724	2.000091561602551	1	0.3112901819416796	1.106167701015729	0	-1.106167701015729	1	0.3112901819416796	-1.074560271185449
0	0	0.8100432699893262	2.000000000000001	0	0.2882671874274743	0	0	0	0	0	0
3	1	0.9998164127662464	2.000183587233755	0.75	0.3332721375887486	3.000550862832644	0.4999541074042085	-2.500596755428436	0.9876633845275818	0.1110567223835408	-2.429145169553658
0	0	0.8732583642305176	2.030695129601453	0	0.3007136188941483	0	0	0	0	0	0
0	1	0.8296821627570368	1.450139965232848	0	0.3639240766070492	0	0.6895886079792518	0.6895886079792518	0.6360759233929507	0.3639240766070493	0.6698844315524308
0	3	0.8100432699893264	2.189956730010675	0	0.2700144233297753	0	1.369890079967642	1.369890079967642	0.3889939418782762	0.6110060581217238	1.330747096007781
1	0	1	2.000000000000001	1	0.3333333333333333	0.9999999999999996	0	-0.9999999999999996	1	0.3333333333333333	-0.9714261862814675
1	0	1.810043269989327	1.189956730010675	1	0.6033477566631086	0.5524729803867597	0	-0.5524729803867597	1	0.6033477566631086	-0.5366867203606662
0	0	0.8321327475125992	2.071820746319371	0	0.2865516783516191	0	0	0	0	0	0
1	0	1.684042140306804	1.200009859886356	1	0.5839153178215978	0.5938093685813689	0	-0.5938093685813689	1	0.5839153178215978	-0.5768419702992057
0	0	1	2.000000000000001	0	0.3333333333333333	0	0	0	0	0	0
1	0	1.000000000000001	2.000000000000001	1	0.3333333333333334	0.9999999999999993	0	-0.9999999999999993	1	0.3333333333333334	-0.9714261862814673
3	0	1.000000000000001	1.959117943368137	1	0.3379385408551094	2.999999999999998	0	-2.999999999999998	0.9999999999999998	0.03859341181422904	-2.914278558844402
0	0	0	3.000000000000001	0	0	0	0	0	0	0	0
2	0	1.097638697508205	1.156073800028949	1	0.4870358125571469	1.822093193817131	0	-1.822093193817131	1	0.2372038827132001	-1.770029042319195
1	0	0.8100432699893263	2.189956730010675	1	0.2700144233297753	1.234501954461243	0	-1.234501954461243	1	0.2700144233297752	-1.199227525579304
1	0	1.000000000000001	2.000000000000001	1	0.3333333333333334	0.9999999999999993	0	-0.9999999999999993	1	0.3333333333333334	-0.9714261862814673
0	0	1	2.000000000000001	0	0.3333333333333333	0	0	0	0	0	0
0	0	0.8732583642305176	2.063370817884743	0	0.2973675973626019	0	0	0	0	0	0
0	1	0.8337486971160607	2.070204796715911	0	0.2871081437381666	0	0.4830439971863459	0.4830439971863459	0.7128918562618334	0.2871081437381666	0.4692415879928881
0	0	0.8321327475125992	1.357823982498076	0	0.3799767986779094	0	0	0	0	0	0
1	0	1	2.000000000000001	1	0.3333333333333333	0.9999999999999996	0	-0.9999999999999996	1	0.3333333333333333	-0.9714261862814675
0	0	0.90395349383197	2.000000000000001	0	0.3112837363793797	0	0	0	0	0	0
1	0	1	1.999788477232104	1	0.3333568375203232	0.9999999999999996	0	-0.9999999999999996	1	0.3333568375203233	-0.9714261862814675
0	0	0.1678672524874012	2.8321327475126	0	0.05595575082913371	0	0	0	0	0	0
1	0	0.8100432699893263	2.189956730010675	1	0.2700144233297753	1.234501954461243	0	-1.234501954461243	1	0.2700144233297752	-1.199227525579304
5	0	1.000000000000001	1.999947211377266	1	0.3333391988390702	4.999999999999996	0	-4.999999999999996	1	0.00411558841844617	-4.857130931407335
0	0	1	2.000000000000001	0	0.3333333333333333	0	0	0	0	0	0
1	0	0.4447493990616203	2.555250600938382	1	0.1482497996872067	2.248457225821793	0	-2.248457225821793	1	0.1482497996872066	-2.184210227897073
4	0	1	2.000000000000001	1	0.3333333333333333	3.999999999999998	0	-3.999999999999998	1	0.01234567901234551	-3.88570474512587
1	0	1.000000000000001	2.000000000000001	1	0.3333333333333334	0.9999999999999993	0	-0.9999999999999993	1	0.3333333333333334	-0.9714261862814673
0	0	0.8100432699893263	2.189956730010675	0	0.2700144233297753	0	0	0	0	0	0
0	0	0.1678672524874012	2.8321327475126	0	0.05595575082913371	0	0	0	0	0	0
0	0	0.8321327475125992	2.104496434602661	0	0.2833632358421271	0	0	0	0	0	0
0	0	0.8100432699893262	2.189956730010675	0	0.2700144233297753	0	0	0	0	0	0
1	0	1.000000000000001	2.000000000000001	1	0.3333333333333334	0.9999999999999993	0	-0.9999999999999993	1	0.3333333333333334	-0.9714261862814673
0	0	0	1.253483271538966	0	0	0	0	0	0	0	0
0	0	0.8732583642305176	2.063370817884743	0	0.2973675973626019	0	0	0	0	0	0
1	0	1	1.937157770756671	1	0.3404651973265911	0.9999999999999996	0	-0.9999999999999996	1	0.3404651973265911	-0.9714261862814675
0	0	0	3.000000000000001	0	0	0	0	0	0	0	0
1	7	0.9270754606947146	2.070117651607473	0.125	0.3093145573067911	1.078660845203085	3.38145032219034	2.302789476987256	0.2373359551015436	0.9482104161643228	2.236989999438826
1	0	0.8100432699893264	2.189956730010675	1	0.2700144233297753	1.234501954461243	0	-1.234501954461243	1	0.2700144233297753	-1.199227525579304
0	0	1	2.000000000000001	0	0.3333333333333333	0	0	0	0	0	0
0	0	0	1.253483271538966	0	0	0	0	0	0	0	0
0	0	0.8100432699893263	2.000000000000001	0	0.2882671874274744	0	0	0	0	0	0
2	0	1.000000000000001	1.999894309962313	1	0.3333450770845869	1.999999999999998	0	-1.999999999999998	0.9999999999999998	0.1111189404165294	-1.942852372562934
0	0	0.8100432699893263	2.189956730010675	0	0.2700144233297753	0	0	0	0	0	0
1	0	0.9449417086568126	2.054737397145752	1	0.3150142649688502	1.058266336260519	0	-1.058266336260519	1	0.3150142649688501	-1.028027631103618
1	0	0.8100432699893263	2.189956730010675	1	0.2700144233297753	1.234501954461243	0	-1.234501954461243	1	0.2700144233297753	-1.199227525579304
0	0	0.8321327475125992	1.357823982498076	0	0.3799767986779094	0	0	0	0	0	0
0	0	0.8100432699893262	2.189956730010675	0	0.2700144233297753	0	0	0	0	0	0
1	0	1.000000000000001	2.000000000000001	1	0.3333333333333334	0.9999999999999993	0	-0.9999999999999993	1	0.3333333333333334	-0.9714261862814673
1	0	0.8731210196176263	2.063508162497634	1	0.2973208278849546	1.14531660277511	0	-1.14531660277511	1	0.2973208278849546	-1.112590539518672
1	0	1.000000000000001	1.936787830136953	1	0.3405080849689325	0.9999999999999993	0	-0.9999999999999993	1	0.3405080849689325	-0.9714261862814673
2	3	0.7690210301920554	2.161645832584256	0.4	0.2624047925609457	2.600709111297671	1.38783141751463	-1.212877693783041	0.8829709728725539	0.3933397786536662	-1.178221152497522
0	0	1	1.93662918211526	0	0.3405264805274796	0	0	0	0	0	0
1	0	0.832304160587687	1.357652569422989	1	0.3800550710349559	1.201483841308571	0	-1.201483841308571	1	0.3800550710349559	-1.167152865841194
0	0	1	2.000000000000001	0	0.3333333333333333	0	0	0	0	0	0
0	0	1	2.000000000000001	0	0.3333333333333333	0	0	0	0	0	0
0	0	0.8100432699893262	2.189956730010675	0	0.2700144233297753	0	0	0	0	0	0
1	0	1	2.000000000000001	1	0.3333333333333333	0.9999999999999996	0	-0.9999999999999996	1	0.3333333333333333	-0.9714261862814675
0	0	0.8321327475125992	2.071820746319371	0	0.2865516783516191	0	0	0	0	0	0
1	0	0.8100432699893265	2.189956730010675	1	0.2700144233297753	1.234501954461243	0	-1.234501954461243	1	0.2700144233297753	-1.199227525579304
1	0	1	2.000000000000001	1	0.3333333333333333	0.9999999999999996	0	-0.9999999999999996	1	0.3333333333333333	-0.9714261862814675
0	0	0.8321327475125992	1.357823982498076	0	0.3799767986779094	0	0	0	0	0	0
0	0	1	2.000000000000001	0	0.3333333333333333	0	0	0	0	0	0
0	0	1	2.000000000000001	0	0.3333333333333333	0	0	0	0	0	0
1	0	0.9266726938424774	2.073327306157525	1	0.3088908979474923	1.079129671829941	0	-1.079129671829941	1	0.3088908979474922	-1.048294821608932
2	2	0.8100432699893266	2.189956730010676	0.5	0.2700144233297753	2.469003908922486	0.9132600533117612	-1.555743855610725	0.9372020188028649	0.295904133436607	-1.511290320486753
0	0	0.8321327475125992	1.357823982498076	0	0.3799767986779094	0	0	0	0	0	0
0	0	0.9266726938424773	2.073327306157524	0	0.3088908979474923	0	0	0	0	0	0
1	0	0.8100432699893263	2.189956730010675	1	0.2700144233297753	1.234501954461243	0	-1.234501954461243	1	0.2700144233297752	-1.199227525579304
2	0	1	1.998098135583112	1	0.3335447856530908	1.999999999999999	0	-1.999999999999999	0.9999999999999999	0.1112521240363664	-1.942852372562935
2	0	0.8729836426247615	2.03096985120721	1	0.3006190162752221	2.290993670839797	0	-2.290993670839797	1	0.09037179294628206	-2.225531244458885
1	0	1.810043269989327	1.189956730010675	1	0.6033477566631086	0.5524729803867598	0	-0.5524729803867598	1	0.6033477566631086	-0.5366867203606663
0	0	0.8100432699893262	2.189956730010675	0	0.2700144233297753	0	0	0	0	0	0
3	0	1.011740000832588	1.588108083767798	1	0.3891535074012217	2.965188682399845	0	-2.965188682399845	1	0.05893358318379538	-2.880461933348652
0	0	1.683301634219844	1.200068941927007	0	0.5837964943338289	0	0	0	0	0	0
2	0	0.9228740566095057	2.077125943390496	1	0.3076246855365017	2.167142944019562	0	-2.167142944019562	1	0.09463294715143156	-2.105219405235716
2	0	1.000000000000001	1.999311408521196	1	0.3334098610630926	1.999999999999999	0	-1.999999999999999	0.9999999999999999	0.1111621354541108	-1.942852372562935
0	0	0.8321327475125992	2.071820746319371	0	0.2865516783516191	0	0	0	0	0	0
1	0	1.000000000000001	2.000000000000001	1	0.3333333333333334	0.9999999999999993	0	-0.9999999999999993	1	0.3333333333333334	-0.9714261862814673
1	0	0.8100432699893264	2.189956730010675	1	0.2700144233297753	1.234501954461243	0	-1.234501954461243	1	0.2700144233297753	-1.199227525579304
0	0	0.8732583642305176	2.063370817884743	0	0.2973675973626019	0	0	0	0	0	0
0	0	0.8321327475125992	2.071820746319371	0	0.2865516783516191	0	0	0	0	0	0
0	0	0.8100432699893263	2.189956730010675	0	0.2700144233297753	0	0	0	0	0	0
1	0	0.8100432699893263	2.189956730010675	1	0.2700144233297753	1.234501954461243	0	-1.234501954461243	1	0.2700144233297753	-1.199227525579304
1	0	0.873224074869773	1.316732655140902	1	0.3987403325843412	1.145181435989535	0	-1.145181435989535	1	0.3987403325843413	-1.112459234963649
0	0	0.9266726938424772	2.073327306157524	0	0.3088908979474922	0	0	0	0	0	0
1	0	0.8324068659836945	2.104222316131565	1	0.2834565804403368	1.201335597848839	0	-1.201335597848839	1	0.2834565804403368	-1.167008858262465
3	0	0.8327502279351945	2.071203265896777	1	0.2867643127563733	3.602520779175894	0	-3.602520779175894	1	0.02358171084643557	-3.499583021514581
0	0	0.8321327475125992	2.104496434602661	0	0.2833632358421271	0	0	0	0	0	0
1	0	0.8100432699893264	2.189956730010675	1	0.2700144233297754	1.234501954461243	0	-1.234501954461243	1	0.2700144233297754	-1.199227525579304
0	0	1	1.810043269989327	0	0.3558664062862628	0	0	0	0	0	0
0	0	0.8321327475125992	2.104496434602661	0	0.2833632358421271	0	0	0	0	0	0
3	0	1.000000000000001	2.000000000000001	1	0.3333333333333334	2.999999999999998	0	-2.999999999999998	0.9999999999999999	0.0370370370370372	-2.914278558844402
1	0	0.8321670278592471	2.104462154256014	1	0.2833749092079223	1.201681833720935	0	-1.201681833720935	1	0.2833749092079223	-1.167345200855249
2	0	1	1.99339307237818	1	0.3340690566927529	2	0	-2	1	0.1116021346395857	-1.942852372562935
1	0	0.9044676428672965	2.000686616386175	1	0.311332054050622	1.105622747133166	0	-1.105622747133166	1	0.3113320540506219	-1.074030888713612
2	1	0.9267337427782848	2.073266257221717	0.6666666666666666	0.3089112475927614	2.158117167509339	0.4823307168178443	-1.675786450691494	0.9705217862045163	0.2273220490769813	-1.627902840817395
0	0	0.8732583642305176	1.316698365780158	0	0.398755990136052	0	0	0	0	0	0
0	0	0.8100432699893263	2.189956730010675	0	0.2700144233297753	0	0	0	0	0	0
1	0	1.000000000000001	2.000000000000002	1	0.3333333333333333	0.9999999999999991	0	-0.9999999999999991	1	0.3333333333333333	-0.971426186281467
0	0	0.8732583642305176	2.063370817884743	0	0.2973675973626019	0	0	0	0	0	0
0	0	0.8321327475125992	2.071820746319371	0	0.2865516783516191	0	0	0	0	0	0
1	0	0.8100432699893263	2.000000000000001	1	0.2882671874274743	1.234501954461243	0	-1.234501954461243	1	0.2882671874274743	-1.199227525579304
1	0	1.000000000000001	2.000000000000001	1	0.3333333333333334	0.9999999999999993	0	-0.9999999999999993	1	0.3333333333333334	-0.9714261862814673
2	0	0.8729839284601498	2.063645253655111	1	0.2972741447155877	2.290992920714801	0	-2.290992920714801	1	0.08837191711638404	-2.225530515767821
0	0	0.8100432699893263	2.189956730010675	0	0.2700144233297753	0	0	0	0	0	0
3	0	1.000000000000001	2.000000000000002	1	0.3333333333333333	2.999999999999997	0	-2.999999999999997	1	0.03703703703703698	-2.914278558844401
0	0	0.8321327475125992	2.071820746319371	0	0.2865516783516191	0	0	0	0	0	0
0	0	0.1678672524874012	2.8321327475126	0	0.05595575082913371	0	0	0	0	0	0
0	0	0.8100432699893262	2.189956730010675	0	0.2700144233297753	0	0	0	0	0	0
1	0	1.000000000000001	2.000000000000001	1	0.3333333333333334	0.9999999999999993	0	-0.9999999999999993	1	0.3333333333333334	-0.9714261862814673
0	0	0	1.253483271538966	0	0	0	0	0	0	0	0
0	0	1	1.810043269989327	0	0.3558664062862628	0	0	0	0	0	0
1	0	0.8100432699893264	2.000000000000001	1	0.2882671874274744	1.234501954461243	0	-1.234501954461243	1	0.2882671874274744	-1.199227525579304
1	0	0.8100432699893264	2.189956730010675	1	0.2700144233297753	1.234501954461243	0	-1.234501954461243	1	0.2700144233297753	-1.199227525579304
4	0	1.000000000000001	2.000000000000001	1	0.3333333333333334	3.999999999999997	0	-3.999999999999997	1	0.01234567901234573	-3.885704745125869
0	0	0.8732583642305176	2.063370817884743	0	0.2973675973626019	0	0	0	0	0	0
1	0	1.004062640929208	1.995937359070794	1	0.3346875469764025	0.995953797339329	0	-0.995953797339329	1	0.3346875469764025	-0.9674955990618903
0	0	1	2.000000000000001	0	0.3333333333333333	0	0	0	0	0	0
1	0	1.000000000000001	2.000000000000001	1	0.3333333333333334	0.9999999999999993	0	-0.9999999999999993	1	0.3333333333333334	-0.9714261862814673
0	0	1	2.000000000000001	0	0.3333333333333333	0	0	0	0	0	0
1	1	1.802802914601464	1.197197085398538	0.5	0.6009343048671543	0.5546918034693019	0.8352843589383676	0.2805925554690657	0.6388779612338301	0.8407465709681387	0.2725749560582857
2	0	0.8726841872562394	2.063944994859021	1	0.297172074898351	2.29177980901441	0	-2.29177980901441	0.9999999999999999	0.08831124209939123	-2.22629491966774
4	0	0.8100432699893265	2.189956730010675	1	0.2700144233297753	4.938007817844972	0	-4.938007817844972	1	0.005315545668596489	-4.796910102317215
0	0	0.8321327475125992	1.357823982498076	0	0.3799767986779094	0	0	0	0	0	0
1	0	0.8100432699893265	2.189956730010675	1	0.2700144233297753	1.234501954461243	0	-1.234501954461243	1	0.2700144233297753	-1.199227525579304
0	0	1	2.000000000000001	0	0.3333333333333333	0	0	0	0	0	0
0	0	0.9266726938424772	2.073327306157524	0	0.3088908979474922	0	0	0	0	0	0
0	0	0.8100432699893262	2.189956730010675	0	0.2700144233297753	0	0	0	0	0	0
0	0	1.810043269989327	1.189956730010675	0	0.6033477566631087	0	0	0	0	0	0
0	0	1	2.000000000000001	0	0.3333333333333333	0	0	0	0	0	0
2	0	0.8100432699893266	2.189956730010675	1	0.2700144233297753	2.469003908922486	0	-2.469003908922486	1	0.07290778880611104	-2.398455051158607
0	1	1.000000000000001	1.811944117986003	0	0.3556258439147894	0	0.5518934000633041	0.5518934000633041	0.6443741560852106	0.3556258439147894	0.536123700857408
2	0	0.8322013158994293	2.104427866215831	1	0.2833865851935697	2.403264644971672	0	-2.403264644971672	0.9999999999999999	0.08030795666767243	-2.334594208689917
0	0	0	3.000000000000001	0	0	0	0	0	0	0	0
0	0	0.8100432699893263	2.189956730010675	0	0.2700144233297753	0	0	0	0	0	0
1	0	0.8321669797407516	2.071786514091219	1	0.2865634664977533	1.201681903205934	0	-1.201681903205934	1	0.2865634664977532	-1.167345268354796
1	0	1.809093247585049	1.190032528526443	1	0.6032068618111187	0.5527631045745685	0	-0.5527631045745685	1	0.6032068618111187	-0.5369685545939773
0	0	0.8100432699893262	2.189956730010675	0	0.2700144233297753	0	0	0	0	0	0
0	0	0.8321327475125992	2.104496434602661	0	0.2833632358421271	0	0	0	0	0	0
1	1	0.8392240389468587	2.064729454885113	0.5	0.288993622222043	1.19157692534034	0.4843249548428817	-0.7072519704974587	0.916482686314983	0.4944699307590692	-0.6870430844403995
0	0	1	2.000000000000001	0	0.3333333333333333	0	0	0	0	0	0
0	0	0.8732583642305176	2.030695129601453	0	0.3007136188941483	0	0	0	0	0	0
2	0	0.8724354952301082	2.031517998601863	1	0.3004302572624425	2.292433092113581	0	-2.292433092113581	0.9999999999999999	0.09025833947877748	-2.226929535977329
1	0	0.8321669981270207	1.357789731883655	1	0.3799924385368856	1.201681876655437	0	-1.201681876655437	1	0.3799924385368856	-1.167345242562949
1	0	1.810043269989327	1.189956730010675	1	0.6033477566631086	0.5524729803867598	0	-0.5524729803867598	1	0.6033477566631086	-0.5366867203606663
3	0	0.9438872172725674	2.053329184713645	1	0.3149212771714003	3.178345828931473	0	-3.178345828931473	1	0.03123244703794181	-3.087528367282512
0	0	0.8321327475125992	2.104496434602661	0	0.2833632358421271	0	0	0	0	0	0
0	0	0.8100432699893262	2.189956730010675	0	0.2700144233297753	0	0	0	0	0	0
0	0	1	2.000000000000001	0	0.3333333333333333	0	0	0	0	0	0
1	0	0.8727870859462437	2.063842096169016	1	0.2972071146271091	1.145754807904653	0	-1.145754807904653	1	0.2972071146271091	-1.113016223456473
0	0	0.8100432699893262	2.189956730010675	0	0.2700144233297753	0	0	0	0	0	0
0	0	0	3.000000000000001	0	0	0	0	0	0	0	0
2	0	1	1.995139166871783	1	0.3338743024232932	1.999999999999999	0	-1.999999999999999	0.9999999999999999	0.1114720498186408	-1.942852372562935
0	0	0.8100432699893262	2.189956730010675	0	0.2700144233297753	0	0	0	0	0	0
1	0	1	2.000000000000001	1	0.3333333333333333	0.9999999999999996	0	-0.9999999999999996	1	0.3333333333333333	-0.9714261862814675
0	0	0.8100432699893262	2.073327306157524	0	0.2809362336879415	0	0	0	0	0	0
0	0	0.8100432699893263	2.189956730010675	0	0.2700144233297753	0	0	0	0	0	0
0	1	0.8332521294059139	2.071341827162699	0	0.2868738769911541	0	0.4827788377980031	0.4827788377980031	0.7131261230088459	0.2868738769911541	0.4689840052195135
1	0	0.1793201501222406	2.820679849877762	1	0.05977338337408014	5.576618128628104	0	-5.576618128628104	1	0.05977338337408011	-5.417272881041296
0	0	0.8100432699893263	2.000000000000001	0	0.2882671874274744	0	0	0	0	0	0
0	0	0.8100432699893263	2.189956730010675	0	0.2700144233297753	0	0	0	0	0	0
0	0	0.8321327475125992	2.071820746319371	0	0.2865516783516191	0	0	0	0	0	0
2	0	0.8100432699893264	2.073327306157525	1	0.2809362336879416	2.469003908922486	0	-2.469003908922486	1	0.07892516739876565	-2.398455051158608
0	1	0.8100432699893264	2.189956730010675	0	0.2700144233297753	0	0.4566300266558806	0.4566300266558806	0.7299855766702247	0.2700144233297753	0.4435823653359272
0	0	0.8100432699893262	2.189956730010675	0	0.2700144233297753	0	0	0	0	0	0
3	1	1.000000000000001	2.000000000000001	0.75	0.3333333333333334	2.999999999999998	0.4999999999999997	-2.499999999999999	0.9876543209876543	0.1111111111111112	-2.428565465703668
1	0	0.8100432699893265	2.073327306157525	1	0.2809362336879416	1.234501954461243	0	-1.234501954461243	1	0.2809362336879415	-1.199227525579304
0	0	0.1678672524874012	2.8321327475126	0	0.05595575082913371	0	0	0	0	0	0
3	0	1.000000000000001	1.939597654403881	1	0.3401826091750607	2.999999999999998	0	-2.999999999999998	1	0.03936736288103337	-2.914278558844402
0	0	1	1.810043269989327	0	0.3558664062862628	0	0	0	0	0	0
1	0	0.8108291205737141	2.189170879426286	1	0.2702763735245713	1.233305482778462	0	-1.233305482778462	1	0.2702763735245713	-1.198065241655506
0	0	0.90395349383197	2.000000000000001	0	0.3112837363793797	0	0	0	0	0	0
0	0	0.8100432699893262	2.189956730010675	0	0.2700144233297753	0	0	0	0	0	0
0	0	1	1.93662918211526	0	0.3405264805274796	0	0	0	0	0	0
0	0	1	2.000000000000001	0	0.3333333333333333	0	0	0	0	0	0
0	0	0.8100432699893262	2.000000000000001	0	0.2882671874274743	0	0	0	0	0	0
3	2	0.8100432699893265	2.189956730010675	0.6	0.2700144233297753	3.703505863383729	0.9132600533117613	-2.790245810071968	0.9791633676505741	0.1257400044686989	-2.710517846066057
2	0	0.8100432699893266	2.189956730010676	1	0.2700144233297753	2.469003908922486	0	-2.469003908922486	1	0.07290778880611104	-2.398455051158607
0	3	0.8100432699893261	2.189956730010675	0	0.2700144233297753	0	1.369890079967643	1.369890079967643	0.3889939418782765	0.6110060581217236	1.330747096007782
5	0	1	2	1	0.3333333333333333	4.999999999999999	0	-4.999999999999999	1	0.004115226337448097	-4.857130931407339
0	0	0.8100432699893263	2.000000000000001	0	0.2882671874274744	0	0	0	0	0	0
1	0	0.9210362982335096	2.022813100128566	1	0.3128680083790848	1.08573353940332	0	-1.08573353940332	1	0.3128680083790849	-1.054709991500447
1	0	0.8100432699893263	2.189956730010676	1	0.2700144233297752	1.234501954461243	0	-1.234501954461243	1	0.2700144233297752	-1.199227525579304
0	0	0.8321327475125992	2.104496434602661	0	0.2833632358421271	0	0	0	0	0	0
1	0	1.000000000000001	2.000000000000001	1	0.3333333333333334	0.9999999999999993	0	-0.9999999999999993	1	0.3333333333333334	-0.9714261862814673
4	0	1.643138963618273	1.168530131854816	1	0.5843998378983497	2.434365010243444	0	-2.434365010243444	0.9999999999999998	0.1166380760127006	-2.364805917917836
0	1	0.8100432699893264	2.189956730010675	0	0.2700144233297753	0	0.4566300266558806	0.4566300266558806	0.7299855766702247	0.2700144233297753	0.4435823653359272
1	0	0.8100432699893264	2.189956730010675	1	0.2700144233297753	1.234501954461243	0	-1.234501954461243	1	0.2700144233297753	-1.199227525579304
2	0	1.116337379529328	1.821481651414951	1	0.3799884770882271	1.791573082362649	0	-1.791573082362649	1	0.1443912427198302	-1.740381006844082
4	0	0.8100432699893263	2.189956730010675	1	0.2700144233297753	4.938007817844974	0	-4.938007817844974	1	0.005315545668596489	-4.796910102317216
0	0	0.8732583642305176	1.316698365780158	0	0.398755990136052	0	0	0	0	0	0
0	0	0.9266726938424773	2.073327306157524	0	0.3088908979474923	0	0	0	0	0	0
5	1	0.8694354490461937	2.03459800867162	0.8333333333333334	0.2993889229256522	5.750858221257489	0.4914975812115808	-5.259360640045908	0.9992798642568301	0.01083143325674762	-5.109080648838656
3	0	1.000000000000001	1.949442905080138	1	0.3390470784423711	2.999999999999997	0	-2.999999999999997	1	0.03897445215918971	-2.914278558844401
0	1	0.9998778623460542	2.000122137653948	0	0.3332926207820178	0	0.4999694674510999	0.4999694674510999	0.6667073792179822	0.3332926207820178	0.4856834330231985
0	0	0.8732583642305176	2.063370817884743	0	0.2973675973626019	0	0	0	0	0	0
6	0	1.792084915074705	1.206351948969526	1	0.5976730531046023	3.348055635940601	0	-3.348055635940601	0.9999999999999999	0.04558081152547833	-3.252388917879953
1	0	0.872914914303121	2.03103857952885	1	0.3005953491187795	1.145587025281079	0	-1.145587025281079	1	0.3005953491187795	-1.11285323502233
0	0	1	1.810043269989327	0	0.3558664062862628	0	0	0	0	0	0
3	0	1.000000000000001	1.987027814639961	1	0.3347809468324401	2.999999999999997	0	-2.999999999999997	1	0.03752167348851232	-2.914278558844401
0	0	0.8100432699893263	2.000000000000001	0	0.2882671874274744	0	0	0	0	0	0
2	0	0.8325441403772553	2.071409353454716	1	0.286693344829932	2.402275030238912	0	-2.402275030238912	0.9999999999999999	0.08219307396977438	-2.333632871024184
0	0	0.8100432699893262	2.189956730010675	0	0.2700144233297753	0	0	0	0	0	0
0	0	0	1.253483271538966	0	0	0	0	0	0	0	0
0	0	0.9266726938424773	2.073327306157524	0	0.3088908979474923	0	0	0	0	0	0
0	0	1.810043269989327	1.189956730010675	0	0.6033477566631087	0	0	0	0	0	0
0	0	0	1.253483271538966	0	0	0	0	0	0	0	0
0	0	0.9266726938424772	2.073327306157524	0	0.3088908979474922	0	0	0	0	0	0
0	0	1	2.000000000000001	0	0.3333333333333333	0	0	0	0	0	0
0	0	0.8100432699893262	2.189956730010675	0	0.2700144233297753	0	0	0	0	0	0
0	0	1	2.000000000000001	0	0.3333333333333333	0	0	0	0	0	0
0	1	0.165626326916698	2.834373673083304	0	0.0552087756388993	0	0.3528116315419252	0.3528116315419252	0.9447912243611007	0.05520877563889925	0.3427304577045149
0	0	1	1.810043269989327	0	0.3558664062862628	0	0	0	0	0	0
1	0	0.8100432699893263	2.073327306157525	1	0.2809362336879415	1.234501954461243	0	-1.234501954461243	1	0.2809362336879415	-1.199227525579304
0	0	0.8100432699893262	2.189956730010675	0	0.2700144233297753	0	0	0	0	0	0
0	0	1.683301634219844	1.200068941927007	0	0.5837964943338289	0	0	0	0	0	0
0	0	1	2.000000000000001	0	0.3333333333333333	0	0	0	0	0	0
1	0	0.8100432699893264	2.073327306157525	1	0.2809362336879416	1.234501954461243	0	-1.234501954461243	1	0.2809362336879415	-1.199227525579304
0	1	0.9995076521656406	2.000492347834361	0	0.3331692173885467	0	0.499876943334751	0.499876943334751	0.6668307826114533	0.3331692173885467	0.4855935526737146
1	3	1.000000000000001	2.000000000000001	0.25	0.3333333333333334	0.9999999999999993	1.499999999999999	0.4999999999999998	0.5925925925925926	0.8024691358024691	0.4857130931407337
1	0	1.684042140306804	1.200009859886356	1	0.5839153178215978	0.5938093685813689	0	-0.5938093685813689	1	0.5839153178215978	-0.5768419702992057
0	0	1.683301634219844	1.200068941927007	0	0.5837964943338289	0	0	0	0	0	0
0	0	1	2.000000000000001	0	0.3333333333333333	0	0	0	0	0	0
0	1	0.8103599006773964	2.189640099322606	0	0.2701199668924653	0	0.4566960571782383	0.4566960571782383	0.7298800331075347	0.2701199668924653	0.4436465091144393
0	0	0.9266726938424773	2.073327306157524	0	0.3088908979474923	0	0	0	0	0	0
0	0	0	3.000000000000001	0	0	0	0	0	0	0	0
0	0	0	1.253483271538966	0	0	0	0	0	0	0	0
0	0	1	2.000000000000001	0	0.3333333333333333	0	0	0	0	0	0
0	0	0.8100432699893263	2.073327306157524	0	0.2809362336879416	0	0	0	0	0	0
0	0	0.8321327475125992	1.357823982498076	0	0.3799767986779094	0	0	0	0	0	0
4	0	0.8506265480927169	2.053326945739254	1	0.2929201689694607	4.702416129579825	0	-4.702416129579825	1	0.007362021881721525	-4.56805016706619
0	0	1	2.000000000000001	0	0.3333333333333333	0	0	0	0	0	0
0	0	0.8100432699893263	2.189956730010675	0	0.2700144233297753	0	0	0	0	0	0
0	0	0.9266726938424772	2.073327306157524	0	0.3088908979474922	0	0	0	0	0	0
3	0	0.9442872152750938	2.053863358978501	1	0.31495656802033	3.1769994885783	0	-3.1769994885783	0.9999999999999998	0.03124294816795836	-3.086220497007792
0	0	0.8100432699893263	2.073327306157524	0	0.2809362336879416	0	0	0	0	0	0
0	0	0.8100432699893263	2.189956730010675	0	0.2700144233297753	0	0	0	0	0	0
0	0	0.9266726938424772	2.073327306157524	0	0.3088908979474922	0	0	0	0	0	0
0	0	0.8100432699893263	2.073327306157524	0	0.2809362336879416	0	0	0	0	0	0
0	0	0.9266726938424772	2.073327306157524	0	0.3088908979474922	0	0	0	0	0	0