Observed S Changes	Observed NS Changes	E[S Sites]	E[NS Sites]	Observed S. Prop.	P{S}	dS	dN	dN-dS	P{S leq. observed}	P{S geq. observed}	Scaled dN-dS
0	0	0	3	0	0	0	0	0	0	0	0
0	0	0.8558214338691393	2.035632183979192	0	0.2959831098746785	0	0	0	0	0	0
3	0	1	2	1	0.3333333333333333	3	0	-3	1	0.03703703703703698	-2.463993470376244
0	0	0.9175700102990756	2.082429989700925	0	0.3058566700996919	0	0	0	0	0	0
0	0	0.9175700102990756	2.082429989700925	0	0.3058566700996919	0	0	0	0	0	0
4	0	0.9999999999999998	2	1	0.3333333333333334	4.000000000000001	0	-4.000000000000001	1	0.01234567901234573	-3.285324627168327
0	0	1.642398263039137	1.226608555831785	0	0.5724623072473182	0	0	0	0	0	0
0	0	0.7865768291699974	2.213423170830003	0	0.2621922763899991	0	0	0	0	0	0
0	0	0.7865768291699974	2	0	0.2822735124099504	0	0	0	0	0	0
0	0	0.9175700102990756	2.082429989700925	0	0.3058566700996919	0	0	0	0	0	0
0	0	1.786576829169997	1.213423170830003	0	0.5955256097233325	0	0	0	0	0	0
0	1	0.7881481974934144	2.081823083364505	0	0.2746188447076772	0	0.4803482140201204	0.4803482140201204	0.7253811552923228	0.2746188447076772	0.3945249542841558
4	0	1.785753746142864	1.213498443229309	1	0.5953996641131641	2.239950501932191	0	-2.239950501932191	1	0.1256707888590601	-1.83974113690897
0	1	0.9985883506013424	2.001411649398658	0	0.3328627835337807	0	0.4996473365688957	0.4996473365688957	0.6671372164662193	0.3328627835337807	0.4103759249322136
3	1	0.7869246265636485	2.213075373436352	0.75	0.2623082088545495	3.812309208189906	0.45185989234847	-3.360449315841436	0.9952657898995707	0.05799046073620429	-2.760041723921205
3	1	1	2	0.75	0.3333333333333333	3	0.4999999999999999	-2.5	0.9876543209876545	0.1111111111111109	-2.053327891980203
0	0	0.8108945139979955	1.402528656832007	0	0.3663531333206029	0	0	0	0	0	0
1	1	0.8110405891524743	2.082136778603601	0.5	0.2803286788398704	1.232983913967839	0.4802758446400706	-0.7527080693277686	0.9214158318198926	0.4820731894996337	-0.6182225893077105
2	4	0.9773311889530112	2.022668811046989	0.3333333333333333	0.3257770629843371	2.046389210337743	1.977585246854867	-0.06880396348287543	0.6952222753990579	0.6337401982905689	-0.05651083891927021
1	0	1	2	1	0.3333333333333333	1	0	-1	1	0.3333333333333333	-0.8213311567920816
1	1	0.9986143845996139	1.929413656415007	0.5	0.3410535591228743	1.0013875379944	0.5182921747626031	-0.4830953632317966	0.8836824698096202	0.5657895880553687	-0.3967812735240623
0	1	0.7879659379202862	2.212034062079714	0	0.2626553126400954	0	0.4520726046414576	0.4520726046414576	0.7373446873599045	0.2626553126400955	0.3713013153241777
0	0	0.7865768291699974	2.213423170830003	0	0.2621922763899991	0	0	0	0	0	0
1	1	0.7865768291699974	2.213423170830003	0.5	0.2621922763899991	1.271331627013738	0.4517888911522572	-0.8195427358614811	0.9312552102014304	0.4556397629814285	-0.6731159832856576
0	0	0.7865768291699974	2.213423170830003	0	0.2621922763899991	0	0	0	0	0	0
0	1	1	2	0	0.3333333333333333	0	0.5	0.5	0.6666666666666667	0.3333333333333333	0.4106655783960408
0	0	1	2	0	0.3333333333333333	0	0	0	0	0	0
0	0	1	2	0	0.3333333333333333	0	0	0	0	0	0
1	0	1.786576829169997	1.213423170830003	1	0.5955256097233325	0.5597296369642144	0	-0.5597296369642144	1	0.5955256097233325	-0.4597233902186301
0	0	0.7865768291699974	2.082429989700925	0	0.2741634575408745	0	0	0	0	0	0
1	0	1.003204851489487	1.996795148510513	1	0.3344016171631623	0.9968053867714769	0	-0.9968053867714769	1	0.3344016171631623	-0.8187073214135954
1	0	1	1.999941384960479	1	0.3333398462427539	1	0	-1	1	0.3333398462427539	-0.8213311567920816
0	0	0.7865768291699974	2.213423170830003	0	0.2621922763899991	0	0	0	0	0	0
0	0	0.7865768291699974	2.213423170830003	0	0.2621922763899991	0	0	0	0	0	0
0	0	1	2	0	0.3333333333333333	0	0	0	0	0	0
1	0	1	2	1	0.3333333333333333	1	0	-1	1	0.3333333333333333	-0.8213311567920816
0	0	1	2	0	0.3333333333333333	0	0	0	0	0	0
2	0	0.7865768291699975	2.213423170830003	1	0.2621922763899991	2.542663254027476	0	-2.542663254027476	1	0.06874478979856957	-2.088368551763105
2	0	1	1.928262928885347	1	0.3414993886428953	2	0	-2	0.9999999999999999	0.1166218324434714	-1.642662313584163
6	0	1	2	1	0.3333333333333333	6	0	-6	1	0.001371742112482699	-4.927986940752489
0	0	0.1891054860020045	2.810894513997996	0	0.06303516200066817	0	0	0	0	0	0
0	0	1	2	0	0.3333333333333333	0	0	0	0	0	0
0	0	0.8108945139979955	2.080559103850335	0	0.280445278109431	0	0	0	0	0	0
0	0	1	2	0	0.3333333333333333	0	0	0	0	0	0
0	0	0.9175700102990756	2.082429989700925	0	0.3058566700996919	0	0	0	0	0	0
5	0	1	2	1	0.3333333333333333	5	0	-5	1	0.004115226337448097	-4.106655783960408
1	1	0.7865768291699974	2.213423170830003	0.5	0.2621922763899991	1.271331627013738	0.4517888911522572	-0.8195427358614811	0.9312552102014304	0.4556397629814285	-0.6731159832856576
0	0	0.7865768291699974	2.213423170830003	0	0.2621922763899991	0	0	0	0	0	0
0	2	0.9753854920438448	1.238037678786159	0	0.4406683298964872	0	1.615459718448078	1.615459718448078	0.3128519171807848	0.6871480828192151	1.32682739930397
0	1	0.9177713195461704	2.08222868045383	0	0.3059237731820568	0	0.480254647045802	0.480254647045802	0.6940762268179432	0.3059237731820568	0.3944481048129013
0	0	0.8108945139979955	2.117016202936574	0	0.2769532927721842	0	0	0	0	0	0
1	0	1	2	1	0.3333333333333333	1	0	-1	1	0.3333333333333333	-0.8213311567920816
0	0	1	2	0	0.3333333333333333	0	0	0	0	0	0
0	0	0.7865768291699974	2.213423170830003	0	0.2621922763899991	0	0	0	0	0	0
1	0	1	2	1	0.3333333333333333	1	0	-1	1	0.3333333333333333	-0.8213311567920816
0	0	1	2	0	0.3333333333333333	0	0	0	0	0	0
4	0	0.8553091114298244	2.072601605504746	1	0.2921226752178106	4.676671798004327	0	-4.676671798004327	1	0.007282174419864007	-3.841096257791798
2	0	1.774837738478264	1.214496731446502	1	0.5937233709826162	1.126863575548483	0	-1.126863575548483	0.9999999999999998	0.3525074412509615	-0.9255281640520967
0	0	1	2	0	0.3333333333333333	0	0	0	0	0	0
0	0	0.8558214338691393	1.357601736960864	0	0.3866506166320732	0	0	0	0	0	0
0	3	0.7865768291699975	2.213423170830003	0	0.2621922763899991	0	1.355366673456771	1.355366673456771	0.4016331872984727	0.5983668127015273	1.113204877787685
1	0	1	2	1	0.3333333333333333	1	0	-1	1	0.3333333333333333	-0.8213311567920816
1	0	1	1.786979176404429	1	0.3588114358608634	1	0	-1	1	0.3588114358608634	-0.8213311567920816
0	2	0.5572977050881965	2.442702294911804	0	0.1857659016960655	0	0.8187653502295548	0.8187653502295548	0.6629771668408212	0.3370228331591788	0.6724774922453139
1	0	1	1.999706509362212	1	0.3333659465947609	1	0	-1	1	0.3333659465947609	-0.8213311567920816
0	2	0.8218602835962272	2.106050433338342	0	0.2806985468657627	0	0.94964487475723	0.94964487475723	0.5173945804810253	0.4826054195189747	0.7799729235260271
0	0	0.1891054860020045	2.810894513997996	0	0.06303516200066817	0	0	0	0	0	0
1	0	0.7865768291699974	2.082429989700925	1	0.2741634575408745	1.271331627013738	0	-1.271331627013738	1	0.2741634575408745	-1.044184275881553
0	5	0.7865768291699975	2.213423170830003	0	0.2621922763899991	0	2.258944455761286	2.258944455761286	0.2186331370323209	0.7813668629676791	1.855341462979476
2	0	0.7865768291699974	2.213423170830003	1	0.2621922763899991	2.542663254027477	0	-2.542663254027477	1	0.06874478979856957	-2.088368551763105
1	0	1	2	1	0.3333333333333333	1	0	-1	1	0.3333333333333333	-0.8213311567920816
2	0	0.7865768291699974	2.213423170830003	1	0.2621922763899991	2.542663254027477	0	-2.542663254027477	1	0.06874478979856957	-2.088368551763105
0	1	0.855483279050377	1.361781125999479	0	0.3858282652722877	0	0.7343323981422126	0.7343323981422126	0.6141717347277122	0.3858282652722878	0.6031300780360469
1	2	0.9178381501698992	2.082161849830101	0.3333333333333333	0.3059460500566331	1.089516708163517	0.9605401233161558	-0.1289765848473609	0.7764659707663907	0.665666657235211	-0.1059324876317749
0	0	1	2	0	0.3333333333333333	0	0	0	0	0	0
0	0	0.7865768291699974	2.213423170830003	0	0.2621922763899991	0	0	0	0	0	0
0	0	1	1.92791071693457	0	0.3415404691871781	0	0	0	0	0	0
1	2	0.8111871827066496	2.11384370459821	0.3333333333333333	0.2773260228558072	1.232761095488895	0.9461437454668159	-0.2866173500220793	0.8119289663119467	0.6225779672938655	-0.2354077596503154
3	0	0.7865768291699973	2.213423170830003	1	0.2621922763899991	3.813994881041215	0	-3.813994881041215	0.9999999999999999	0.01802435292723903	-3.132552827644659
1	0	0.7865768291699974	2.082429989700925	1	0.2741634575408745	1.271331627013738	0	-1.271331627013738	1	0.2741634575408745	-1.044184275881553
1	0	1	2	1	0.3333333333333333	1	0	-1	1	0.3333333333333333	-0.8213311567920816
0	0	1.786576829169997	1.213423170830003	0	0.5955256097233325	0	0	0	0	0	0
0	0	0.1891054860020045	2.810894513997996	0	0.06303516200066817	0	0	0	0	0	0
0	0	0.7865768291699974	2.213423170830003	0	0.2621922763899991	0	0	0	0	0	0
0	0	1	2	0	0.3333333333333333	0	0	0	0	0	0
0	0	1.786576829169997	1.213423170830003	0	0.5955256097233325	0	0	0	0	0	0
0	0	1.642398263039137	1.226608555831785	0	0.5724623072473182	0	0	0	0	0	0
1	0	1	1.928262590370182	1	0.3414994281211587	1	0	-1	1	0.3414994281211587	-0.8213311567920816
2	0	0.7865768291699974	2.213423170830003	1	0.2621922763899991	2.542663254027477	0	-2.542663254027477	1	0.06874478979856957	-2.088368551763105
1	0	1	2	1	0.3333333333333333	1	0	-1	1	0.3333333333333333	-0.8213311567920816
2	0	0.8555654728588493	1.357857697971154	1	0.386534976291056	2.337635240605319	0	-2.337635240605319	0.9999999999999999	0.1494092878963273	-1.919972656324303
1	0	0.7865768291699974	2.082429989700925	1	0.2741634575408745	1.271331627013738	0	-1.271331627013738	1	0.2741634575408745	-1.044184275881553
0	0	0.7865768291699974	2.213423170830003	0	0.2621922763899991	0	0	0	0	0	0
0	1	0.9963450354433517	2.003654964556649	0	0.3321150118144505	0	0.4990879256605297	0.4990879256605297	0.6678849881855495	0.3321150118144505	0.4099164633237232
1	2	0.7883183445069222	2.211681655493078	0.3333333333333333	0.2627727815023073	1.268523061740344	0.9042892746488483	-0.3642337870914955	0.8291400724929303	0.5993140787056982	-0.2991565576946187
0	0	0.8108945139979955	1.402528656832007	0	0.3663531333206029	0	0	0	0	0	0
2	0	0.7865768291699975	2.213423170830003	1	0.2621922763899991	2.542663254027476	0	-2.542663254027476	1	0.06874478979856957	-2.088368551763105
1	0	0.8557848869815169	2.035668730866814	1	0.2959704702503052	1.168517947923983	0	-1.168517947923983	1	0.2959704702503052	-0.9597401979007143
1	3	0.8119321078103598	2.081062363519855	0.25	0.2806545660064911	1.231630071505396	1.441571407271946	0.2099413357665505	0.6856358863718202	0.7322373699470994	0.1724313601636157
0	0	0	1.288357132261722	0	0	0	0	0	0	0	0
0	0	0.7865768291699974	2.213423170830003	0	0.2621922763899991	0	0	0	0	0	0
0	0	1	2	0	0.3333333333333333	0	0	0	0	0	0
0	0	0.7865768291699974	2.213423170830003	0	0.2621922763899991	0	0	0	0	0	0
0	1	0.9997987258426864	2.000201274157314	0	0.3332662419475621	0	0.4999496865240728	0.4999496865240728	0.666733758052438	0.333266241947562	0.4106242543706553
0	0	0.8108945139979955	2.117016202936574	0	0.2769532927721842	0	0	0	0	0	0
3	0	1.101870624519028	1.298021861617647	1	0.4591333282153857	2.722642688935931	0	-2.722642688935931	0.9999999999999998	0.09678687264572805	-2.236191269235252
1	0	0.7865768291699975	2.213423170830003	1	0.2621922763899991	1.271331627013738	0	-1.271331627013738	1	0.2621922763899991	-1.044184275881552
0	2	0.812730363581305	2.078723254267026	0	0.2810802008251118	0	0.9621290356446296	0.9621290356446296	0.5168456776456615	0.4831543223543385	0.7902265538292534
0	0	1	2	0	0.3333333333333333	0	0	0	0	0	0
0	4	0.7865768291699975	2.027992828371822	0	0.2794661084554488	0	1.972393562758014	1.972393562758014	0.2695365428322238	0.7304634571677762	1.619988286549295
0	0	0.7865768291699974	2.213423170830003	0	0.2621922763899991	0	0	0	0	0	0
0	1	0.7865966199941152	2.213315040084836	0	0.2622065944346553	0	0.4518109631431728	0.4518109631431728	0.7377934055653447	0.2622065944346553	0.3710864210097266
0	0	0.7865768291699974	2.082429989700925	0	0.2741634575408745	0	0	0	0	0	0
0	0	0.7865768291699974	2	0	0.2822735124099504	0	0	0	0	0	0
1	0	1	2	1	0.3333333333333333	1	0	-1	1	0.3333333333333333	-0.8213311567920816
0	0	0.7865768291699974	2	0	0.2822735124099504	0	0	0	0	0	0
0	0	0.7865768291699974	2.213423170830003	0	0.2621922763899991	0	0	0	0	0	0
0	0	1	2	0	0.3333333333333333	0	0	0	0	0	0
1	0	1	2	1	0.3333333333333333	1	0	-1	1	0.3333333333333333	-0.8213311567920816
1	0	0.7865768291699974	2.213423170830003	1	0.2621922763899991	1.271331627013738	0	-1.271331627013738	1	0.2621922763899991	-1.044184275881553
0	0	0.7865768291699974	2	0	0.2822735124099504	0	0	0	0	0	0
0	0	1	2	0	0.3333333333333333	0	0	0	0	0	0
0	0	1	2	0	0.3333333333333333	0	0	0	0	0	0
0	0	1	2	0	0.3333333333333333	0	0	0	0	0	0
0	0	0.9363805377194749	2.063619462280525	0	0.3121268459064916	0	0	0	0	0	0
0	0	1	1.786576829169997	0	0.3588632437950248	0	0	0	0	0	0
1	0	1.786268772378708	1.213383556812884	1	0.5954919358471481	0.5598261669593747	0	-0.5598261669593747	1	0.5954919358471481	-0.4598026733112202
0	0	1	2	0	0.3333333333333333	0	0	0	0	0	0
0	0	1	2	0	0.3333333333333333	0	0	0	0	0	0
1	1	1	1.790748327642641	0.5	0.3583268294367142	1	0.5584257623271999	-0.4415742376728001	0.871601883305832	0.5882555421792603	-0.3626786794373825
1	0	1	2	1	0.3333333333333333	1	0	-1	1	0.3333333333333333	-0.8213311567920816
2	0	1	1.999882429370842	1	0.3333463972485507	2	0	-2	1	0.1111198205585885	-1.642662313584163
0	0	1	2	0	0.3333333333333333	0	0	0	0	0	0
2	0	1.785518761077575	1.213519933029344	1	0.5953636959023242	1.120122646481174	0	-1.120122646481174	1	0.3544579303984752	-0.9199916289833903
2	0	0.8553820326989285	2.072528684235641	1	0.2921475807822742	2.338136556001225	0	-2.338136556001225	1	0.08535020895693535	-1.92038440227834
0	0	0.7865768291699974	2.213423170830003	0	0.2621922763899991	0	0	0	0	0	0
0	1	0.7865768291699975	2.213423170830003	0	0.2621922763899991	0	0.4517888911522572	0.4517888911522572	0.7378077236100009	0.2621922763899991	0.3710682925958952
0	2	0.7865768291699974	2.213423170830002	0	0.2621922763899991	0	0.9035777823045145	0.9035777823045145	0.5443602370185715	0.4556397629814285	0.7421365851917905
0	0	0.8108945139979955	2.117016202936574	0	0.2769532927721842	0	0	0	0	0	0
1	0	0.7865768291699974	2.213423170830003	1	0.2621922763899991	1.271331627013738	0	-1.271331627013738	1	0.2621922763899991	-1.044184275881553
0	0	0.7865768291699974	2.213423170830003	0	0.2621922763899991	0	0	0	0	0	0
1	0	0.7865768291699974	2.213423170830003	1	0.2621922763899991	1.271331627013738	0	-1.271331627013738	1	0.2621922763899991	-1.044184275881553
0	0	0	1.288357132261722	0	0	0	0	0	0	0	0
0	3	1	2	0	0.3333333333333333	0	1.5	1.5	0.2962962962962963	0.7037037037037037	1.231996735188122
1	0	1	1.928027958824113	1	0.3415267934810284	1	0	-1	1	0.3415267934810284	-0.8213311567920816
0	0	1	2	0	0.3333333333333333	0	0	0	0	0	0
0	0	1	2	0	0.3333333333333333	0	0	0	0	0	0
0	0	0.8108945139979955	1.402528656832007	0	0.3663531333206029	0	0	0	0	0	0
3	1	0.7865768291699974	2.213423170830004	0.75	0.262192276389999	3.813994881041215	0.451788891152257	-3.362205989888958	0.9952741538755502	0.05791987333560755	-2.761484535048763
0	0	1	1.92791071693457	0	0.3415404691871781	0	0	0	0	0	0
0	1	0.9998458810636328	2.000065654802844	0	0.333291788477637	0	0.4999835868380905	0.4999835868380905	0.666708211522363	0.333291788477637	0.4106520977547831
2	0	0.7865768291699974	2.213423170830003	1	0.2621922763899991	2.542663254027477	0	-2.542663254027477	1	0.06874478979856957	-2.088368551763105
0	0	1	2	0	0.3333333333333333	0	0	0	0	0	0
0	2	1	2	0	0.3333333333333333	0	0.9999999999999998	0.9999999999999998	0.4444444444444445	0.5555555555555555	0.8213311567920814
0	0	0.7865768291699974	2.082429989700925	0	0.2741634575408745	0	0	0	0	0	0
0	4	0.2349791707272675	2.756690266835918	0	0.07854449685412633	0	1.451015389041559	1.451015389041559	0.7209372612228743	0.2790627387771257	1.191764148004616
0	0	0.9363805377194749	2.063619462280525	0	0.3121268459064916	0	0	0	0	0	0
1	10	0.9101839242644958	1.989638068834508	0.09090909090909091	0.3138757918349994	1.098679039852394	5.02603973890478	3.927360699052386	0.09569680767488874	0.9841353619406596	3.225663706092455
2	0	1	1.999826074509702	1	0.333352659508249	2	0	-2	1	0.1111239956012224	-1.642662313584163
0	3	0.7878456407130402	2.206490789600794	0	0.2631119311568028	0	1.359624981957333	1.359624981957333	0.4001331880957682	0.5998668119042319	1.116702359234429
1	3	0.7865768291699974	2.213423170830002	0.25	0.2621922763899991	1.271331627013738	1.355366673456772	0.0840350464430335	0.7175485462531452	0.7036719323530847	0.069020601906133
1	0	0.7865768291699973	2.213423170830003	1	0.2621922763899991	1.271331627013738	0	-1.271331627013738	1	0.2621922763899991	-1.044184275881553
0	0	0.7865768291699974	2.213423170830003	0	0.2621922763899991	0	0	0	0	0	0
1	0	0.7865768291699974	2.213423170830003	1	0.2621922763899991	1.271331627013738	0	-1.271331627013738	1	0.2621922763899991	-1.044184275881553
1	0	0.7865768291699975	2.213423170830003	1	0.2621922763899991	1.271331627013738	0	-1.271331627013738	1	0.2621922763899991	-1.044184275881552
1	0	0.8916366693961616	2.0002592129858	1	0.3083225349944996	1.121533057492156	0	-1.121533057492156	1	0.3083225349944996	-0.9211500434905928
2	0	1.619534884442486	1.206976998616667	1	0.5729800373914057	1.234922457807068	0	-1.234922457807068	0.9999999999999999	0.3283061232490567	-1.0142802908192
0	0	0.7865768291699974	2.213423170830003	0	0.2621922763899991	0	0	0	0	0	0
0	0	0	1.288357132261722	0	0	0	0	0	0	0	0
1	0	1.643103888975921	1.226544025091236	1	0.5725803088669323	0.6086042439004016	0	-0.6086042439004016	1	0.5725803088669323	-0.4998656276712869
0	0	1	2	0	0.3333333333333333	0	0	0	0	0	0
1	0	0.7865768291699974	2.213423170830003	1	0.2621922763899991	1.271331627013738	0	-1.271331627013738	1	0.2621922763899991	-1.044184275881553
1	4	1.545827050543905	1.24179151383507	0.2	0.5545332027476592	0.6469028987739259	3.221152629435076	2.57424973066115	0.1267258816959648	0.9824580972993768	2.114311509155626
1	2	0.7909624636656072	2.189461463969563	0.3333333333333333	0.2653858923663922	1.264282498774514	0.9134666368477371	-0.3508158619267774	0.8260930670337296	0.6035597028153817	-0.2881359976973312
0	4	0.7949151493434261	2.159553057840692	0	0.2690552389125399	0	1.852235112018756	1.852235112018756	0.2854553788735318	0.7145446211264681	1.521298407205275
1	3	0.8509232255946946	2.063422878046369	0.25	0.291977409454418	1.17519415373945	1.453894900516163	0.2787007467767129	0.6658225333337806	0.7487023316903533	0.2289056067489346
2	0	0.7865768291699975	2	1	0.2822735124099504	2.542663254027476	0	-2.542663254027476	1	0.07967833580825023	-2.088368551763105
0	1	1	1.999480014820217	0	0.3333911194804003	0	0.5001300301018087	0.5001300301018087	0.6666088805195997	0.3333911194804003	0.4107723761699771
0	0	1	2	0	0.3333333333333333	0	0	0	0	0	0
4	0	1.640167709631188	1.224746585314837	1	0.5725014924616055	2.438774996307816	0	-2.438774996307816	1	0.1074252796031303	-2.003041888873103
0	0	0.7865768291699974	2.213423170830003	0	0.2621922763899991	0	0	0	0	0	0
0	0	1	2	0	0.3333333333333333	0	0	0	0	0	0
0	0	1	2	0	0.3333333333333333	0	0	0	0	0	0
0	0	0	3	0	0	0	0	0	0	0	0
1	0	1	2	1	0.3333333333333333	1	0	-1	1	0.3333333333333333	-0.8213311567920816
0	0	0.7865768291699974	2.213423170830003	0	0.2621922763899991	0	0	0	0	0	0
0	1	0.7870279112627981	2.212264981960585	0	0.2624044864177862	0	0.4520254165546506	0.4520254165546506	0.7375955135822138	0.2624044864177862	0.3712625582782537
2	0	0.811369734352988	2.116540982581582	1	0.2771155997551956	2.464967468369847	0	-2.464967468369847	1	0.07679305562768168	-2.024554582251055
1	4	0.8106121961609541	1.495995427278554	0.2	0.3514304678106484	1.233635522307687	2.673804964281619	1.440169441973932	0.4256685739671214	0.885242067594885	1.182856033753056
0	0	0.7865768291699974	2.213423170830003	0	0.2621922763899991	0	0	0	0	0	0
0	0	0.7865768291699974	2.213423170830003	0	0.2621922763899991	0	0	0	0	0	0
0	0	0.8108945139979955	2.080559103850335	0	0.280445278109431	0	0	0	0	0	0
0	0	1.642398263039137	1.226608555831785	0	0.5724623072473182	0	0	0	0	0	0
0	0	0.7865768291699974	2	0	0.2822735124099504	0	0	0	0	0	0
0	0	0.9175700102990756	2.082429989700925	0	0.3058566700996919	0	0	0	0	0	0
0	0	0	1.288357132261722	0	0	0	0	0	0	0	0
4	0	1	1.997827829293946	1	0.3335748605134278	3.999999999999999	0	-3.999999999999999	1	0.01238149972584601	-3.285324627168325
1	0	1	2	1	0.3333333333333333	1	0	-1	1	0.3333333333333333	-0.8213311567920816
2	1	0.7877972027092794	2.212202797290721	0.6666666666666666	0.2625990675697598	2.538724424410097	0.4520381229174366	-2.08668630149266	0.9818916225210146	0.1706580559075508	-1.713860473867157
1	0	0.7865768291699973	2.213423170830003	1	0.2621922763899991	1.271331627013738	0	-1.271331627013738	1	0.2621922763899991	-1.044184275881553
1	0	1	2	1	0.3333333333333333	1	0	-1	1	0.3333333333333333	-0.8213311567920816
1	1	1	2	0.5	0.3333333333333333	1	0.5	-0.5	0.8888888888888891	0.5555555555555555	-0.4106655783960408
4	0	1	2	1	0.3333333333333333	4	0	-4	1	0.01234567901234551	-3.285324627168326
0	0	0.7865768291699974	2.213423170830003	0	0.2621922763899991	0	0	0	0	0	0
0	2	0.8410684424198331	2.069607583936609	0	0.2889598274778368	0	0.9663667719055182	0.9663667719055182	0.5055781269403476	0.4944218730596524	0.7937071386545889
0	0	0.7865768291699974	2.213423170830003	0	0.2621922763899991	0	0	0	0	0	0
0	0	0.8108945139979955	1.402528656832007	0	0.3663531333206029	0	0	0	0	0	0
0	2	0.9178380527227202	2.08216194727728	0	0.3059460175742401	0	0.9605400783619552	0.9605400783619552	0.481710930521057	0.518289069478943	0.7889214937061814
0	2	0.7868980846442629	2.212780659881472	0	0.262327452924855	0	0.9038401483982286	0.9038401483982286	0.5441607867083321	0.4558392132916679	0.7423520746390437
2	0	1.786576829169997	1.213423170830003	1	0.5955256097233325	1.119459273928429	0	-1.119459273928429	1	0.3546507518363469	-0.9194467804372601
1	0	0.7865768291699974	2	1	0.2822735124099504	1.271331627013738	0	-1.271331627013738	1	0.2822735124099504	-1.044184275881553
1	0	1	2	1	0.3333333333333333	1	0	-1	1	0.3333333333333333	-0.8213311567920816
0	3	0.8246818585646131	1.390026721099056	0	0.3723658571322513	0	2.158231891850238	2.158231891850238	0.2472405395294075	0.7527594604705925	1.772623096358919
2	2	1	1.880769565001119	0.5	0.3471294657334426	2	1.06339449405053	-0.9366055059494702	0.8762451022306494	0.4319234702359334	-0.7692632836593112
0	1	1	1.794914507550345	0	0.3577926971642753	0	0.5571295990942631	0.5571295990942631	0.6422073028357247	0.3577926971642753	0.4575878981071997
1	0	1	1.928145575379529	1	0.3415130751722908	1	0	-1	1	0.3415130751722908	-0.8213311567920816
0	0	0.8914536178483311	2	0	0.3083063869140341	0	0	0	0	0	0
1	0	0.916383828897337	2.083616171102663	1	0.3054612762991123	1.091245795119798	0	-1.091245795119798	1	0.3054612762991123	-0.8962741712502389
0	0	1	2	0	0.3333333333333333	0	0	0	0	0	0
2	0	1	2	1	0.3333333333333333	2	0	-2	1	0.1111111111111109	-1.642662313584163
2	0	1	2	1	0.3333333333333333	2	0	-2	1	0.1111111111111109	-1.642662313584163
0	0	1	2	0	0.3333333333333333	0	0	0	0	0	0
0	1	0.8109600433169113	2.080493574531419	0	0.2804679412151129	0	0.4806551734846024	0.4806551734846024	0.719532058784887	0.280467941215113	0.3947770696562071
1	1	0.8934181550596789	1.998922984021247	0.5	0.3088910028585262	1.119296708195057	0.500269399068239	-0.6190273091268184	0.9045863483530541	0.5223683540701063	-0.5084264158910192
0	0	0.7865768291699974	2.213423170830003	0	0.2621922763899991	0	0	0	0	0	0
0	0	0.8108945139979955	1.402528656832007	0	0.3663531333206029	0	0	0	0	0	0
1	0	0.8116639070265492	1.401759263803454	1	0.3667007365438333	1.232037043095093	0	-1.232037043095093	1	0.3667007365438333	-1.011910409815988
0	3	1	2	0	0.3333333333333333	0	1.5	1.5	0.2962962962962963	0.7037037037037037	1.231996735188122
1	1	0.9999999999999999	2	0.5	0.3333333333333334	1	0.5000000000000001	-0.5000000000000001	0.888888888888889	0.5555555555555556	-0.4106655783960408
1	0	0.9175700102990757	2.082429989700925	1	0.3058566700996919	1.089835095715538	0	-1.089835095715538	1	0.3058566700996919	-0.8951155198766514
1	0	1	2	1	0.3333333333333333	1	0	-1	1	0.3333333333333333	-0.8213311567920816
1	0	0.7865768291699975	2.213423170830003	1	0.2621922763899991	1.271331627013738	0	-1.271331627013738	1	0.2621922763899991	-1.044184275881552
0	1	0.9177713668351236	2.082228633164877	0	0.3059237889450412	0	0.4802546579527404	0.4802546579527404	0.6940762110549588	0.3059237889450412	0.3944481137711097
0	0	1	1.92791071693457	0	0.3415404691871781	0	0	0	0	0	0
2	1	0.9998262986174924	2	0.6666666666666666	0.3332947307910045	2.000347463119839	0.5	-1.500347463119839	0.9629758289869736	0.2592077906930922	-1.232282117474283
0	0	0.8914536178483311	2	0	0.3083063869140341	0	0	0	0	0	0
1	1	0.999826123738659	2.000173876261341	0.5	0.333275374579553	1.000173906499553	0.4999565347134555	-0.5002173717860974	0.8889275246988588	0.5554782738579644	-0.4108441126165701
3	0	0.8945097241888239	1.993098619482465	1	0.3097752941978098	3.353792495347679	0	-3.353792495347679	1	0.02972626426409131	-2.754574269844511
0	2	0.5172600955196819	2.482739904480318	0	0.172420031839894	0	0.8055616282603054	0.8055616282603054	0.6848886036998821	0.3151113963001179	0.6616328640063495
1	0	0.9362347207995649	2.063412975967582	1	0.3121148932951647	1.068108218787248	0	-1.068108218787248	1	0.3121148932951647	-0.8772705589156604
1	4	0.7865768291699974	2.213423170830002	0.2	0.2621922763899991	1.271331627013738	1.807155564609029	0.5358239375952907	0.6071077901052928	0.7813668629676791	0.4400888945020282
1	0	0.9175700102990756	2.082429989700924	1	0.3058566700996919	1.089835095715538	0	-1.089835095715538	1	0.3058566700996919	-0.8951155198766516
4	0	0.9999999999999999	2	1	0.3333333333333334	4.000000000000001	0	-4.000000000000001	1	0.01234567901234573	-3.285324627168327
0	0	0.7865768291699974	2.213423170830003	0	0.2621922763899991	0	0	0	0	0	0
2	0	0.8922972974310855	2.00119470556953	1	0.3083807719204869	2.241405421441911	0	-2.241405421441911	1	0.09509870049027536	-1.840936107632927
0	1	0.2822533108713901	2.71774668912861	0	0.09408443695713002	0	0.3679518786648323	0.3679518786648323	0.90591556304287	0.09408443695712998	0.3022103421476063
0	0	0.7865768291699974	2.213423170830003	0	0.2621922763899991	0	0	0	0	0	0
1	0	0.9175700102990757	2.082429989700925	1	0.3058566700996919	1.089835095715538	0	-1.089835095715538	1	0.3058566700996919	-0.8951155198766514
1	0	0.7865768291699974	2	1	0.2822735124099504	1.271331627013738	0	-1.271331627013738	1	0.2822735124099504	-1.044184275881553
0	0	0	1.288357132261722	0	0	0	0	0	0	0	0
0	0	1	2	0	0.3333333333333333	0	0	0	0	0	0
0	0	0.1891054860020045	2.810894513997996	0	0.06303516200066817	0	0	0	0	0	0
1	0	1	2	1	0.3333333333333333	1	0	-1	1	0.3333333333333333	-0.8213311567920816
0	0	0.8108945139979955	2.080559103850335	0	0.280445278109431	0	0	0	0	0	0
3	0	1	2	1	0.3333333333333333	3	0	-3	1	0.03703703703703698	-2.463993470376244
1	0	1	1.928028086088228	1	0.3415267786368726	1	0	-1	1	0.3415267786368725	-0.8213311567920816
0	0	0.7865768291699974	2.213423170830003	0	0.2621922763899991	0	0	0	0	0	0
0	0	0.1891054860020045	2.810894513997996	0	0.06303516200066817	0	0	0	0	0	0
0	0	1	2	0	0.3333333333333333	0	0	0	0	0	0
3	0	1.641884771698098	1.22617991523779	1	0.5724713180901838	1.827168417487232	0	-1.827168417487232	0.9999999999999996	0.187612252512269	-1.500710349988746
0	0	0.9175700102990756	2.082429989700925	0	0.3058566700996919	0	0	0	0	0	0
1	0	0.7865768291699974	2.213423170830003	1	0.2621922763899991	1.271331627013738	0	-1.271331627013738	1	0.2621922763899991	-1.044184275881553
0	0	0.7865768291699974	2.213423170830003	0	0.2621922763899991	0	0	0	0	0	0
0	0	1	2	0	0.3333333333333333	0	0	0	0	0	0
1	0	1	1.999530100776396	1	0.3333855525374327	1	0	-1	1	0.3333855525374327	-0.8213311567920816
2	0	0.7865768291699975	2.213423170830003	1	0.2621922763899991	2.542663254027476	0	-2.542663254027476	1	0.06874478979856957	-2.088368551763105
0	0	1.786576829169997	1.213423170830003	0	0.5955256097233325	0	0	0	0	0	0
0	0	0.9175700102990756	2.082429989700925	0	0.3058566700996919	0	0	0	0	0	0
0	0	1	2	0	0.3333333333333333	0	0	0	0	0	0
0	0	1	2	0	0.3333333333333333	0	0	0	0	0	0
1	0	0.939080072987479	2.060919927012521	1	0.3130266909958263	1.064871919620994	0	-1.064871919620994	1	0.3130266909958264	-0.8746124855777155
0	0	1	2	0	0.3333333333333333	0	0	0	0	0	0
0	0	0.7865768291699974	2	0	0.2822735124099504	0	0	0	0	0	0
2	0	0.7865768291699975	2.213423170830003	1	0.2621922763899991	2.542663254027476	0	-2.542663254027476	1	0.06874478979856957	-2.088368551763105
1	0	0.8109310255488745	2.080522592299456	1	0.2804579055127044	1.233150500467232	0	-1.233150500467232	1	0.2804579055127043	-1.012824927047486
0	1	0.1880320798393074	2.811967920160693	0	0.06267735994643579	0	0.3556228336854049	0.3556228336854049	0.9373226400535642	0.06267735994643575	0.2920841133725117
1	5	1.128065533833448	1.091679935927133	0.1666666666666667	0.5081958941693975	0.8864733209264455	4.580097000457959	3.693623679531514	0.1018788794423815	0.985850115308576	3.033688209464243
1	1	0.7874326433638936	2.212567356636106	0.5	0.2624775477879646	1.269949891495511	0.4519636416946681	-0.8179862498008427	0.9311055369072166	0.456060632483146	-0.6718375927889427
1	0	1	1.999824127727021	1	0.3333528758426595	1	0	-1	1	0.3333528758426596	-0.8213311567920816
0	0	0.8108945139979955	2.080559103850335	0	0.280445278109431	0	0	0	0	0	0
0	0	0.7865768291699974	2.213423170830003	0	0.2621922763899991	0	0	0	0	0	0
0	0	1	1.786576829169997	0	0.3588632437950248	0	0	0	0	0	0
0	0	0.1891054860020045	2.810894513997996	0	0.06303516200066817	0	0	0	0	0	0
0	1	0.001081322755877052	2.998918677244123	0	0.0003604409186256838	0	0.3334535236277086	0.3334535236277086	0.9996395590813744	0.0003604409186256374	0.2738757682975416
0	0	0.8914536178483311	2	0	0.3083063869140341	0	0	0	0	0	0
0	0	1	1.786576829169997	0	0.3588632437950248	0	0	0	0	0	0
0	0	0.7865768291699974	2.213423170830003	0	0.2621922763899991	0	0	0	0	0	0
0	0	1	2	0	0.3333333333333333	0	0	0	0	0	0
0	0	1	2	0	0.3333333333333333	0	0	0	0	0	0
1	0	0.9169760028921389	2.083023997107861	1	0.305658667630713	1.090541079424111	0	-1.090541079424111	1	0.3056586676307129	-0.8956953662926904
2	0	1	1.998542829555878	1	0.3334953198411086	2	0	-2	0.9999999999999999	0.1112191283559234	-1.642662313584163
0	0	0.8108945139979955	2.080559103850335	0	0.280445278109431	0	0	0	0	0	0
1	0	0.7865768291699974	2.082429989700924	1	0.2741634575408745	1.271331627013738	0	-1.271331627013738	1	0.2741634575408745	-1.044184275881553
1	1	0.8220930433287363	2.121774191108994	0.5	0.2792561545275508	1.216407325320381	0.471303687352954	-0.7451036379674267	0.9220160001584847	0.4805283092135861	-0.611976832901775
0	0	1	2	0	0.3333333333333333	0	0	0	0	0	0
1	3	0.8326903038369999	2.103382556186853	0.25	0.2836068256937722	1.200926677531904	1.426274070390026	0.2253473928581218	0.6804850896993831	0.7366060730824835	0.1850848348562408
1	0	0.7865768291699974	2.082429989700925	1	0.2741634575408745	1.271331627013738	0	-1.271331627013738	1	0.2741634575408745	-1.044184275881553
1	0	0.9157895863582612	2.084210413641739	1	0.3052631954527537	1.091953888640087	0	-1.091953888640087	1	0.3052631954527537	-0.8968557505203743
0	0	1	2	0	0.3333333333333333	0	0	0	0	0	0
0	0	1	2	0	0.3333333333333333	0	0	0	0	0	0
2	0	0.7865768291699973	2.213423170830003	1	0.262192276389999	2.542663254027477	0	-2.542663254027477	0.9999999999999998	0.06874478979856979	-2.088368551763106
1	0	1	1.928205567954472	1	0.3415060783108066	1	0	-1	1	0.3415060783108066	-0.8213311567920816
1	0	0.7865768291699974	2.213423170830003	1	0.2621922763899991	1.271331627013738	0	-1.271331627013738	1	0.2621922763899991	-1.044184275881553
1	0	0.9175700102990756	2.082429989700925	1	0.3058566700996919	1.089835095715538	0	-1.089835095715538	1	0.3058566700996919	-0.8951155198766516
1	0	1	2	1	0.3333333333333333	1	0	-1	1	0.3333333333333333	-0.8213311567920816
0	0	0.7865768291699974	2.213423170830003	0	0.2621922763899991	0	0	0	0	0	0
0	0	0.7865768291699974	2.213423170830003	0	0.2621922763899991	0	0	0	0	0	0
1	0	0.8111504132906984	2.080303204557632	1	0.2805337800626089	1.232816976500291	0	-1.232816976500291	1	0.2805337800626089	-1.0125509934219
0	0	1	2	0	0.3333333333333333	0	0	0	0	0	0
2	0	0.7865768291699976	2.213423170830003	1	0.2621922763899991	2.542663254027476	0	-2.542663254027476	1	0.06874478979856957	-2.088368551763105
0	0	0.8108945139979955	1.402528656832007	0	0.3663531333206029	0	0	0	0	0	0
1	0	0.7865768291699974	2.213423170830003	1	0.2621922763899991	1.271331627013738	0	-1.271331627013738	1	0.2621922763899991	-1.044184275881553
1	0	1	2	1	0.3333333333333333	1	0	-1	1	0.3333333333333333	-0.8213311567920816
0	0	0.7865768291699974	2.213423170830003	0	0.2621922763899991	0	0	0	0	0	0
2	0	0.935647064857188	2.062580816648243	1	0.3120666946727856	2.137558140371305	0	-2.137558140371305	0.9999999999999999	0.09738562192399769	-1.755643100141494
0	1	0.9178383885200887	2.082161611479911	0	0.3059461295066963	0	0.4802701166357797	0.4802701166357797	0.6940538704933037	0.3059461295066963	0.3944608104691328
0	0	1	2	0	0.3333333333333333	0	0	0	0	0	0
2	0	0.7865768291699974	2	1	0.2822735124099504	2.542663254027477	0	-2.542663254027477	1	0.07967833580825023	-2.088368551763105
0	0	1	2	0	0.3333333333333333	0	0	0	0	0	0
0	2	1	2	0	0.3333333333333333	0	0.9999999999999998	0.9999999999999998	0.4444444444444445	0.5555555555555555	0.8213311567920814
1	0	0.7865768291699974	2.082429989700925	1	0.2741634575408745	1.271331627013738	0	-1.271331627013738	1	0.2741634575408745	-1.044184275881553
1	0	1	2	1	0.3333333333333333	0.9999999999999998	0	-0.9999999999999998	1	0.3333333333333333	-0.8213311567920814
1	0	0.8915267232010953	2.00010352196959	1	0.308312836570317	1.121671368873188	0	-1.121671368873188	1	0.3083128365703169	-0.9212636429371728
0	0	0.7865768291699974	2	0	0.2822735124099504	0	0	0	0	0	0
1	0	1	2	1	0.3333333333333333	1	0	-1	1	0.3333333333333333	-0.8213311567920816
1	0	0.8555285869455931	2.035925030902738	1	0.2958818297013641	1.168868013598702	0	-1.168868013598702	1	0.2958818297013641	-0.9600277177462846
0	1	0.8055078125269995	1.58215293859531	0	0.337362756475506	0	0.6320501486334402	0.6320501486334402	0.662637243524494	0.337362756475506	0.5191224797277105
1	3	0.7865768291699973	2.213423170830002	0.25	0.2621922763899991	1.271331627013738	1.355366673456772	0.08403504644303328	0.7175485462531452	0.7036719323530847	0.06902060190613282
2	0	1	2	1	0.3333333333333333	2	0	-2	1	0.1111111111111109	-1.642662313584163
2	0	1.786576829169997	1.213423170830003	1	0.5955256097233325	1.119459273928429	0	-1.119459273928429	1	0.3546507518363469	-0.9194467804372604
0	0	0.8108945139979955	2.080559103850335	0	0.280445278109431	0	0	0	0	0	0
1	0	1.643338272096985	1.226522590340066	1	0.5726194930236033	0.6085174409794206	0	-0.6085174409794206	1	0.5726194930236033	-0.4997943337277848
0	0	1	2	0	0.3333333333333333	0	0	0	0	0	0
0	0	1	2	0	0.3333333333333333	0	0	0	0	0	0
1	0	1	1.943792180178888	1	0.3396978926478539	1	0	-1	1	0.339697892647854	-0.8213311567920816
0	0	0	3	0	0	0	0	0	0	0	0
4	0	1.103477928002031	1.190391185435028	1	0.4810553145940464	3.624902590704685	0	-3.624902590704685	1	0.05355253922766512	-2.977245438082092
1	0	0.7865768291699974	2.213423170830003	1	0.2621922763899991	1.271331627013738	0	-1.271331627013738	1	0.2621922763899991	-1.044184275881553
1	0	1	2	1	0.3333333333333333	1	0	-1	1	0.3333333333333333	-0.8213311567920816
0	0	1	2	0	0.3333333333333333	0	0	0	0	0	0
0	0	0.8558214338691393	2.07208928306543	0	0.2922976540641094	0	0	0	0	0	0
0	1	0.8127946728566364	2.078658944991695	0	0.2811024419826163	0	0.4810794009326987	0.4810794009326987	0.7188975580173838	0.2811024419826162	0.3951255008768951
0	0	0.8108945139979955	1.402528656832007	0	0.3663531333206029	0	0	0	0	0	0
1	0	1	2	1	0.3333333333333333	1	0	-1	1	0.3333333333333333	-0.8213311567920816
2	0	0.8915633169649319	2.000155341136913	1	0.3083160647274599	2.243250660882301	0	-2.243250660882301	1	0.0950587957690272	-1.842451660277062
2	0	1	1.999764796839575	1	0.3333594690668942	2	0	-2	0.9999999999999999	0.1111285356165617	-1.642662313584163
0	0	0.1891054860020045	2.810894513997996	0	0.06303516200066817	0	0	0	0	0	0
1	0	0.7865768291699974	2.213423170830003	1	0.2621922763899991	1.271331627013738	0	-1.271331627013738	1	0.2621922763899991	-1.044184275881553
4	0	1	2	1	0.3333333333333333	4	0	-4	1	0.01234567901234551	-3.285324627168326
0	0	1	2	0	0.3333333333333333	0	0	0	0	0	0
1	0	0.3584909917705512	2.641509008229449	1	0.1194969972568504	2.789470371517845	0	-2.789470371517845	1	0.1194969972568504	-2.291078927075989
4	0	0.9999999999999999	2	1	0.3333333333333334	4.000000000000001	0	-4.000000000000001	1	0.01234567901234573	-3.285324627168327
1	0	1	2	1	0.3333333333333333	1	0	-1	1	0.3333333333333333	-0.8213311567920816
0	0	0.7865768291699974	2.213423170830003	0	0.2621922763899991	0	0	0	0	0	0
0	0	0.1891054860020045	2.810894513997996	0	0.06303516200066817	0	0	0	0	0	0
0	0	0.8108945139979955	2.117016202936574	0	0.2769532927721842	0	0	0	0	0	0
0	0	0.7865768291699974	2.213423170830003	0	0.2621922763899991	0	0	0	0	0	0
1	0	1	2	1	0.3333333333333333	0.9999999999999998	0	-0.9999999999999998	1	0.3333333333333333	-0.8213311567920814
0	0	0	1.288357132261722	0	0	0	0	0	0	0	0
2	0	0.8555653449476806	2.072345371986889	1	0.2922101893337207	2.337635590093126	0	-2.337635590093126	1	0.08538679475044897	-1.919972943369527
1	0	1	1.928145529087123	1	0.3415130805714289	1	0	-1	1	0.3415130805714288	-0.8213311567920816
0	0	0	3	0	0	0	0	0	0	0	0
0.5	9.5	0.9181797569336705	2.079174843432933	0.05	0.3063300407704075	0.5445556779315056	4.569120307513203	4.024564629581698	0.08275009198178521	0.9742053957522406	3.305500322798831
0	0	0.7865768291699974	2.213423170830003	0	0.2621922763899991	0	0	0	0	0	0
0	0	1	2	0	0.3333333333333333	0	0	0	0	0	0
0	0	0	1.288357132261722	0	0	0	0	0	0	0	0
2	0	0.7865768291699973	2	1	0.2822735124099504	2.542663254027477	0	-2.542663254027477	1	0.07967833580825023	-2.088368551763106
1	0	1	2	1	0.3333333333333333	1	0	-1	1	0.3333333333333333	-0.8213311567920816
0	0	0.7865768291699974	2.213423170830003	0	0.2621922763899991	0	0	0	0	0	0
0	0	0.9363805377194749	2.063619462280525	0	0.3121268459064916	0	0	0	0	0	0
1	0	0.7865768291699974	2.213423170830003	1	0.2621922763899991	1.271331627013738	0	-1.271331627013738	1	0.2621922763899991	-1.044184275881553
0	0	0.8108945139979955	1.402528656832007	0	0.3663531333206029	0	0	0	0	0	0
0	0	0.7865768291699974	2.213423170830003	0	0.2621922763899991	0	0	0	0	0	0
0	0	1	2	0	0.3333333333333333	0	0	0	0	0	0
1	0	0.855784888450847	2.072125828483723	1	0.2922851723247992	1.16851794591771	0	-1.16851794591771	1	0.2922851723247992	-0.9597401962528995
2	0	1	1.930026228114704	1	0.3412938732099473	2	0	-2	1	0.1164815078906476	-1.642662313584163
1	2	0.8016843940105578	2.116861665885888	0.3333333333333333	0.274686223056902	1.247373664089101	0.9447948499568191	-0.3025788141322818	0.8150939726908351	0.6184268738102243	-0.2485174074320433
0	0	1	1.92791071693457	0	0.3415404691871781	0	0	0	0	0	0
2	0	0.8127991538148878	1.400624017015115	1	0.367213628431521	2.460632482960844	0	-2.460632482960844	0.9999999999999999	0.1348458489058433	-2.020994123670401
0	0	1	2	0	0.3333333333333333	0	0	0	0	0	0
0	0	1	2	0	0.3333333333333333	0	0	0	0	0	0
1	0	0.7865768291699974	2.213423170830003	1	0.2621922763899991	1.271331627013738	0	-1.271331627013738	1	0.2621922763899991	-1.044184275881553
0	0	1	2	0	0.3333333333333333	0	0	0	0	0	0
0	0	0.8108945139979955	2.080559103850335	0	0.280445278109431	0	0	0	0	0	0
0	0	0.7865768291699974	2.213423170830003	0	0.2621922763899991	0	0	0	0	0	0
2	0	1	2	1	0.3333333333333333	2	0	-2	1	0.1111111111111109	-1.642662313584163
0	0	0.8108945139979955	1.402528656832007	0	0.3663531333206029	0	0	0	0	0	0
0	0	1	2	0	0.3333333333333333	0	0	0	0	0	0
0	0	1	2	0	0.3333333333333333	0	0	0	0	0	0
2	0	0.9175700102990756	2.082429989700925	1	0.3058566700996918	2.179670191431076	0	-2.179670191431076	1	0.09354830264447167	-1.790231039753303
1	1	0.7865768291699974	2.213423170830003	0.5	0.2621922763899991	1.271331627013738	0.4517888911522572	-0.8195427358614811	0.9312552102014304	0.4556397629814285	-0.6731159832856576
0	0	0.8108945139979955	1.402528656832007	0	0.3663531333206029	0	0	0	0	0	0
0	0	0.9175700102990756	2.082429989700925	0	0.3058566700996919	0	0	0	0	0	0
0	0	0.7865768291699974	2.213423170830003	0	0.2621922763899991	0	0	0	0	0	0
3	0	1	1.998122726584935	1	0.3335420498743451	3	0	-3	1	0.037106652789061	-2.463993470376244
0	0	0.8558214338691393	2.035632183979192	0	0.2959831098746785	0	0	0	0	0	0
0	0	1.786576829169997	1.213423170830003	0	0.5955256097233325	0	0	0	0	0	0
0	0	0.7865768291699974	2.213423170830003	0	0.2621922763899991	0	0	0	0	0	0
5	0	1.033103802495826	1.555120090936656	1	0.3991555000775964	4.839784722426479	0	-4.839784722426479	1.000000000000001	0.01013235948257574	-3.975065984695183
0	0	1.642398263039137	1.226608555831785	0	0.5724623072473182	0	0	0	0	0	0
0	0	0.9175700102990756	2.082429989700925	0	0.3058566700996919	0	0	0	0	0	0
0	0	1	2	0	0.3333333333333333	0	0	0	0	0	0
0	1	0.811354740418224	2.080098877430107	0	0.2806044459471537	0	0.4807463774200325	0.4807463774200325	0.7193955540528463	0.2806044459471537	0.3948519782899979
0	0	1	2	0	0.3333333333333333	0	0	0	0	0	0
1	0	0.7865768291699975	2.213423170830003	1	0.2621922763899991	1.271331627013738	0	-1.271331627013738	1	0.2621922763899991	-1.044184275881552
0	0	0.8558214338691393	2.07208928306543	0	0.2922976540641094	0	0	0	0	0	0
0	0	0.8108945139979955	2.080559103850335	0	0.280445278109431	0	0	0	0	0	0
2	0	0.7865768291699974	2.213423170830003	1	0.2621922763899991	2.542663254027477	0	-2.542663254027477	1	0.06874478979856957	-2.088368551763105
2	0	0.7865768291699974	2.213423170830003	1	0.2621922763899991	2.542663254027477	0	-2.542663254027477	1	0.06874478979856957	-2.088368551763105
0	0	0.8558214338691393	1.357601736960864	0	0.3866506166320732	0	0	0	0	0	0
0	0	0.9175700102990756	2.082429989700925	0	0.3058566700996919	0	0	0	0	0	0
1	0	0.8110407848738251	2.116869932060745	1	0.2770032501957434	1.232983616422658	0	-1.232983616422658	1	0.2770032501957433	-1.012687859982106
3	0	0.8121055768417555	2.079348041006575	1	0.2808641203264683	3.694100971042305	0	-3.694100971042305	0.9999999999999999	0.0221558689773359	-3.034080223852928
0	0	0.8108945139979955	2.117016202936574	0	0.2769532927721842	0	0	0	0	0	0
1	0	0.7865768291699974	2.213423170830003	1	0.2621922763899991	1.271331627013738	0	-1.271331627013738	1	0.2621922763899991	-1.044184275881553
1	0	1	1.786750387090647	1	0.3588408939072562	1	0	-1	1	0.3588408939072562	-0.8213311567920816
0	0	0.8108945139979955	2.117016202936574	0	0.2769532927721842	0	0	0	0	0	0
3	0	0.9999999999999998	2	1	0.3333333333333334	3.000000000000001	0	-3.000000000000001	0.9999999999999999	0.0370370370370372	-2.463993470376245
2	0	0.8112602212887416	2.116650495645828	1	0.2770781966118507	2.465300217509574	0	-2.465300217509574	1	0.07677232703767545	-2.024827879486909
2	0	1	1.98420735547477	1	0.3350973578177867	2	0	-2	1	0.1122902392164618	-1.642662313584163
1	0	0.8918556698736634	2.000569332011493	1	0.3083418478585929	1.121257658362654	0	-1.121257658362654	1	0.3083418478585929	-0.9209238496049793
1	1	0.9181069863194514	2.081893013680549	0.5	0.3060356621064838	1.089197680554469	0.4803320792321187	-0.6088656013223502	0.9063421735190462	0.5184134977320136	-0.5000802886649922
3	0	0.8553458809601415	1.358077289869861	1	0.3864357671106328	3.507353068249355	0	-3.507353068249355	0.9999999999999999	0.05770745864806148	-2.8806983528235
0	0	0.7865768291699974	2.213423170830003	0	0.2621922763899991	0	0	0	0	0	0
2	0	1	2	1	0.3333333333333333	2	0	-2	1	0.1111111111111109	-1.642662313584163
0	0	0.8558214338691393	2.07208928306543	0	0.2922976540641094	0	0	0	0	0	0
1	0	0.8110775655458259	2.080376052302505	1	0.2805085859026809	1.232927703193265	0	-1.232927703193265	1	0.2805085859026808	-1.012641936704729
0	0	0.7865768291699974	2	0	0.2822735124099504	0	0	0	0	0	0
0	1	0.9999329465758005	2.0000670534242	0	0.3333109821919335	0	0.4999832372059514	0.4999832372059514	0.6666890178080664	0.3333109821919336	0.4106518105910138
2	0	0.8556385176159158	2.072272199318654	1	0.2922351807611615	2.337435679698763	0	-2.337435679698763	1	0.08540140087450865	-1.91980875073407
0	0	0.7865768291699974	2.213423170830003	0	0.2621922763899991	0	0	0	0	0	0
4	1	1	2	0.8	0.3333333333333333	4	0.5	-3.5	0.9958847736625519	0.04526748971193373	-2.874659048772285
1	0	0.8110044862538783	2.080449131594452	1	0.2804833116629364	1.233038801818611	0	-1.233038801818611	1	0.2804833116629364	-1.012733185467202
0	2	0.1904244781088894	2.80957552189111	0	0.06347482603629648	0	0.7118513043756199	0.7118513043756199	0.8770794014677451	0.1229205985322549	0.5846656552867801
0	0	0.7865768291699974	2.213423170830003	0	0.2621922763899991	0	0	0	0	0	0
1	0	1	2	1	0.3333333333333333	0.9999999999999998	0	-0.9999999999999998	1	0.3333333333333333	-0.8213311567920814
0	0	0	1.288357132261722	0	0	0	0	0	0	0	0
0	0	1	1.786576829169997	0	0.3588632437950248	0	0	0	0	0	0
1	0	0.7865768291699974	2	1	0.2822735124099503	1.271331627013738	0	-1.271331627013738	1	0.2822735124099502	-1.044184275881553
2	0	0.7865768291699974	2.213423170830003	1	0.2621922763899991	2.542663254027477	0	-2.542663254027477	1	0.06874478979856957	-2.088368551763105
4	0	1	2	1	0.3333333333333333	3.999999999999999	0	-3.999999999999999	1	0.01234567901234551	-3.285324627168325
0	0	0.8558214338691393	2.07208928306543	0	0.2922976540641094	0	0	0	0	0	0
0	0	1	2	0	0.3333333333333333	0	0	0	0	0	0
0	0	1	2	0	0.3333333333333333	0	0	0	0	0	0
1	0	1	2	1	0.3333333333333333	1	0	-1	1	0.3333333333333333	-0.8213311567920816
0	1	1	2	0	0.3333333333333333	0	0.5	0.5	0.6666666666666667	0.3333333333333333	0.4106655783960408
0	0	1.786576829169997	1.213423170830003	0	0.5955256097233325	0	0	0	0	0	0
5	0	0.8548030915845058	2.073107625350064	1	0.2919498489624225	5.84930032334318	0	-5.84930032334318	1	0.002121002959715734	-4.804212600995751
3	0	0.7865768291699975	2.213423170830003	1	0.2621922763899991	3.813994881041214	0	-3.813994881041214	0.9999999999999999	0.01802435292723903	-3.132552827644658
0	0	0.8108945139979955	1.402528656832007	0	0.3663531333206029	0	0	0	0	0	0
2	0	0.7865768291699973	2.213423170830003	1	0.2621922763899991	2.542663254027477	0	-2.542663254027477	1	0.06874478979856957	-2.088368551763106
0	0	1	2	0	0.3333333333333333	0	0	0	0	0	0
0	0	0.9175700102990756	2.082429989700925	0	0.3058566700996919	0	0	0	0	0	0
0	1	0.7865768291699974	2.213423170830003	0	0.2621922763899991	0	0.4517888911522572	0.4517888911522572	0.7378077236100009	0.2621922763899991	0.3710682925958952
1	0	1.786576829169997	1.213423170830003	1	0.5955256097233325	0.5597296369642144	0	-0.5597296369642144	1	0.5955256097233325	-0.4597233902186301
1	0	1	2	1	0.3333333333333333	1	0	-1	1	0.3333333333333333	-0.8213311567920816
2	0	0.7865768291699974	2.213423170830003	1	0.2621922763899991	2.542663254027477	0	-2.542663254027477	1	0.06874478979856957	-2.088368551763105
0	1	1	1.7877952140813	0	0.3587064053159096	0	0.5593481804423965	0.5593481804423965	0.6412935946840903	0.3587064053159097	0.4594100880922995
0	0	0.8108945139979955	2.117016202936574	0	0.2769532927721842	0	0	0	0	0	0
0	0	0	3	0	0	0	0	0	0	0	0
0	0	0.7865768291699974	2.213423170830003	0	0.2621922763899991	0	0	0	0	0	0
0	0	0.8108945139979955	2.080559103850335	0	0.280445278109431	0	0	0	0	0	0
2	0	1.784934216956829	1.213573390623558	1	0.5952741998867772	1.120489472945306	0	-1.120489472945306	1	0.3543513730508427	-0.9202929149875179
0	0	0.7865768291699974	2.213423170830003	0	0.2621922763899991	0	0	0	0	0	0
0	0	0.8108945139979955	2.117016202936574	0	0.2769532927721842	0	0	0	0	0	0
1	2	0.815577486020718	2.075876131827613	0.3333333333333333	0.2820648690286197	1.226125067379063	0.9634486226493625	-0.2626764447297009	0.8062007239678612	0.6299540835595909	-0.2157443482118765
0	0	1	2	0	0.3333333333333333	0	0	0	0	0	0
0	0	0.8558214338691393	2.035632183979192	0	0.2959831098746785	0	0	0	0	0	0
1	0	0.8550530713760454	2.036400546472287	1	0.2957173741601745	1.169518049202128	0	-1.169518049202128	1	0.2957173741601745	-0.9605616122404019
1	0	0.811223924664233	1.40219924616577	1	0.366501957400236	1.232705261267907	0	-1.232705261267907	1	0.3665019574002359	-1.012459238220855
1	0	1.786576829169997	1.213423170830003	1	0.5955256097233325	0.5597296369642144	0	-0.5597296369642144	1	0.5955256097233325	-0.4597233902186301
4	0	0.9353184232148157	2.062115438549084	1	0.3120397200905741	4.27661842290186	0	-4.27661842290186	1	0.009480680665143515	-3.512519956440312
0	0	0.8108945139979955	2.117016202936574	0	0.2769532927721842	0	0	0	0	0	0
0	0	0.7865768291699974	2.213423170830003	0	0.2621922763899991	0	0	0	0	0	0
0	0	1	2	0	0.3333333333333333	0	0	0	0	0	0
1	0	0.8556004860577612	2.072310230876809	1	0.2922221914449454	1.168769789516565	0	-1.168769789516565	1	0.2922221914449454	-0.9599470432472778
0	0	0.7865768291699974	2.213423170830003	0	0.2621922763899991	0	0	0	0	0	0
0	0	0	3	0	0	0	0	0	0	0	0
2	0	0.9999999999999999	1.98467669909141	1	0.3350446633983567	2	0	-2	1	0.1122549264717181	-1.642662313584163
0	0	0.7865768291699974	2.213423170830003	0	0.2621922763899991	0	0	0	0	0	0
2	0	1	2	1	0.3333333333333333	2	0	-2	1	0.1111111111111109	-1.642662313584163
0	0	0.7865768291699974	2.082429989700925	0	0.2741634575408745	0	0	0	0	0	0
1	0	0.7865768291699974	2.213423170830003	1	0.2621922763899991	1.271331627013738	0	-1.271331627013738	1	0.2621922763899991	-1.044184275881553
0	1	0.8118176113541939	2.080165863562313	0	0.2807130878843045	0	0.4807308962793409	0.4807308962793409	0.7192869121156955	0.2807130878843045	0.3948392631468052
1	0	0.1986499326983004	2.8013500673017	1	0.06621664423276678	5.033981066174083	0	-5.033981066174083	1	0.06621664423276674	-4.134565492350196
0	0	0.7865768291699974	2	0	0.2822735124099504	0	0	0	0	0	0
0	0	0.7865768291699974	2.213423170830003	0	0.2621922763899991	0	0	0	0	0	0
0	0	0.8108945139979955	2.080559103850335	0	0.280445278109431	0	0	0	0	0	0
0	0	0.7865768291699974	2.082429989700925	0	0.2741634575408745	0	0	0	0	0	0
1	0	0.7865768291699975	2.213423170830003	1	0.2621922763899991	1.271331627013738	0	-1.271331627013738	1	0.2621922763899991	-1.044184275881552
1	0	0.7865768291699974	2.213423170830003	1	0.2621922763899991	1.271331627013738	0	-1.271331627013738	1	0.2621922763899991	-1.044184275881553
2	0	1	2	1	0.3333333333333333	2	0	-2	1	0.1111111111111109	-1.642662313584163
0	0	0.7865768291699974	2.082429989700925	0	0.2741634575408745	0	0	0	0	0	0
0	0	0.1891054860020045	2.810894513997996	0	0.06303516200066817	0	0	0	0	0	0
3	0	1	1.929380255861599	1	0.3413691336244351	3	0	-3	1	0.03978073012485095	-2.463993470376244
0	0	1	1.786576829169997	0	0.3588632437950248	0	0	0	0	0	0
1	0	0.7306590292472396	2.269340970752761	1	0.2435530097490799	1.368627444500684	0	-1.368627444500684	1	0.2435530097490799	-1.124096362209137
0	0	0.8914536178483311	2	0	0.3083063869140341	0	0	0	0	0	0
0	0	0.7865768291699974	2.213423170830003	0	0.2621922763899991	0	0	0	0	0	0
0	1	0.9995387243641828	1.928371992570387	0	0.3413829248900964	0	0.5185721447173005	0.5185721447173005	0.6586170751099036	0.3413829248900964	0.4259194595008111
0	0	1	2	0	0.3333333333333333	0	0	0	0	0	0
0	0	0.7865768291699974	2	0	0.2822735124099504	0	0	0	0	0	0
2	2	0.7865768291699975	2.213423170830003	0.5	0.2621922763899991	2.542663254027476	0.9035777823045141	-1.639085471722962	0.9420801266643928	0.2824514537468549	-1.346231966571315
2	0	0.7865768291699974	2.213423170830003	1	0.2621922763899991	2.542663254027477	0	-2.542663254027477	1	0.06874478979856957	-2.088368551763105
0	4	0.7865768291699975	2.212900760220138	0	0.2622379416843475	0	1.807582188910307	1.807582188910307	0.2962547116667509	0.7037452883332491	1.484623570214466
5	0	0.9999999999999998	2	1	0.3333333333333334	5.000000000000001	0	-5.000000000000001	1	0.004115226337448541	-4.106655783960409
0	0	0.7865768291699974	2	0	0.2822735124099504	0	0	0	0	0	0
2	0	0.9140755973744787	2.030500340650796	1	0.3104269058136387	2.188002836685115	0	-2.188002836685115	1	0.09636486385302967	-1.797074900918941
1	0	0.7865768291699974	2.213423170830003	1	0.2621922763899991	1.271331627013738	0	-1.271331627013738	1	0.2621922763899991	-1.044184275881553
1	0	0.8109676850356303	2.116943031898939	1	0.2769782836427089	1.233094756366358	0	-1.233094756366358	1	0.2769782836427089	-1.012779142680631
2	0	1	2	1	0.3333333333333333	2	0	-2	1	0.1111111111111109	-1.642662313584163
5	1	1.597642863757721	1.194229903498986	0.8333333333333334	0.5722477336700282	3.129610574067722	0.8373597052544824	-2.29225086881324	0.9648840446440676	0.1926099420058167	-1.882697057740032
1	0	0.7865768291699974	2.213423170830003	1	0.2621922763899991	1.271331627013738	0	-1.271331627013738	1	0.2621922763899991	-1.044184275881553
0	1	0.786755286808248	2.21244813526353	0	0.2623214154192903	0	0.4519879964918986	0.4519879964918986	0.7376785845807097	0.2623214154192903	0.3712318240148264
1	0	1.130993181129078	1.778652377614923	1	0.3887047952388025	0.8841786287355803	0	-0.8841786287355803	1	0.3887047952388025	-0.7262034559502305
3	0	0.7865768291699973	2.213423170830002	1	0.2621922763899991	3.813994881041215	0	-3.813994881041215	1	0.01802435292723881	-3.132552827644659
1	0	0.8554918869402478	1.357931283889755	1	0.3865017309904867	1.168918157221338	0	-1.168918157221338	1	0.3865017309904867	-0.96006890226587
1	0	0.9175700102990756	2.082429989700925	1	0.3058566700996919	1.089835095715538	0	-1.089835095715538	1	0.3058566700996919	-0.8951155198766516
5	0	0.853476435586406	2.037977182261925	1	0.2951720997072464	5.858392559560949	0	-5.858392559560949	1	0.002240662899662627	-4.811680337886318
3	0	1	1.939852782399764	1	0.340153087252115	3	0	-3	1	0.03935711456704205	-2.463993470376244
0	2	0.9991938501889566	2.000806149811043	0	0.3330646167296522	0	0.9995970874983968	0.9995970874983968	0.4448028054579656	0.5551971945420344	0.8210002322010538
0	0	0.8558214338691393	2.07208928306543	0	0.2922976540641094	0	0	0	0	0	0
2	0	1.782146274034639	1.21732054463144	1	0.5941543553487929	1.122242337309472	0	-1.122242337309472	1	0.3530193979799396	-0.9217325971034381
0	1	0.8560181420940308	2.03570052296971	0	0.2960240055286159	0	0.4912313912172037	0.4912313912172037	0.7039759944713841	0.2960240055286159	0.4034636468010095
0	0	1	1.786576829169997	0	0.3588632437950248	0	0	0	0	0	0
2	0	0.9999999999999999	1.990229304603656	1	0.334422513504377	2	0	-2	0.9999999999999999	0.1118384175385853	-1.642662313584163
0	0	0.7865768291699974	2	0	0.2822735124099504	0	0	0	0	0	0
1	0	0.8110408821003897	2.080412735747941	1	0.2804958990502238	1.232983468614127	0	-1.232983468614127	1	0.2804958990502238	-1.012687738582354
0	0	0.7865768291699974	2.213423170830003	0	0.2621922763899991	0	0	0	0	0	0
0	0	0	1.288357132261722	0	0	0	0	0	0	0	0
0	0	0.9175700102990756	2.082429989700925	0	0.3058566700996919	0	0	0	0	0	0
2	0	1.785961129437585	1.213343996014094	1	0.5954582994181458	1.119845201014995	0	-1.119845201014995	1	0.3545705863459501	-0.9197637543777069
0	0	0	1.288357132261722	0	0	0	0	0	0	0	0
0	0	0.9175700102990756	2.082429989700925	0	0.3058566700996919	0	0	0	0	0	0
0	0	1	2	0	0.3333333333333333	0	0	0	0	0	0
0	0	0.7865768291699974	2.213423170830003	0	0.2621922763899991	0	0	0	0	0	0
0	0	1	2	0	0.3333333333333333	0	0	0	0	0	0
0	1	0.1943879658497738	2.805612034150226	0	0.06479598861659126	0	0.3564284683084786	0.3564284683084786	0.9352040113834087	0.0647959886165913	0.2927458061894325
0	0	1	1.786576829169997	0	0.3588632437950248	0	0	0	0	0	0
1	0	0.7865768291699975	2.082429989700925	1	0.2741634575408745	1.271331627013738	0	-1.271331627013738	1	0.2741634575408745	-1.044184275881552
0	1	0.786750571556756	2.213249428443244	0	0.2622501905189187	0	0.4518243570510623	0.4518243570510623	0.7377498094810813	0.2622501905189187	0.3710974218435875
1	0	1.643338061486345	1.226522609600781	1	0.5726194578163389	0.6085175189671767	0	-0.6085175189671767	1	0.5726194578163389	-0.4997943977815586
0	1	0.9998263617616162	2.000173638238384	0	0.3332754539205388	0	0.4999565942088566	0.4999565942088566	0.6667245460794613	0.3332754539205387	0.4106299278673895
1	0	0.7865768291699975	2.082429989700925	1	0.2741634575408745	1.271331627013738	0	-1.271331627013738	1	0.2741634575408745	-1.044184275881552
0	3	0.9980475031040038	2.001952496895997	0	0.3326825010346679	0	1.498537055525275	1.498537055525275	0.2971649201355601	0.7028350798644398	1.230795173310374
0	3	1	2	0	0.3333333333333333	0	1.5	1.5	0.2962962962962963	0.7037037037037037	1.231996735188122
1	0	1.642633132152489	1.22658707663576	1	0.572501590195553	0.6087786617877422	0	-0.6087786617877422	1	0.572501590195553	-0.5000088825164617
0	1	1.640302647416496	1.229131494149128	0	0.5716467311988949	0	0.8135826026427341	0.8135826026427341	0.4283532688011051	0.5716467311988949	0.6682207401744692
1	0	1	1.999764953552944	1	0.3333594516515677	1	0	-1	1	0.3333594516515677	-0.8213311567920816
0	0	0.7865768291699974	2.213423170830003	0	0.2621922763899991	0	0	0	0	0	0
0	0	0.9175700102990756	2.082429989700925	0	0.3058566700996919	0	0	0	0	0	0
0	0	0	3	0	0	0	0	0	0	0	0
0	0	0	1.288357132261722	0	0	0	0	0	0	0	0
1	0	1	2	1	0.3333333333333333	1	0	-1	1	0.3333333333333333	-0.8213311567920816
0	0	0.7865768291699974	2.082429989700925	0	0.2741634575408745	0	0	0	0	0	0
0	0	0.8108945139979955	1.402528656832007	0	0.3663531333206029	0	0	0	0	0	0
5	0	0.8353381508651438	2.056115466983187	1	0.2888990318602305	5.985599957121071	0	-5.985599957121071	1	0.002012474714047863	-4.916159736876883
0	0	1	2	0	0.3333333333333333	0	0	0	0	0	0
0	0	0.7865768291699974	2.213423170830003	0	0.2621922763899991	0	0	0	0	0	0
0	0	0.9175700102990756	2.082429989700925	0	0.3058566700996919	0	0	0	0	0	0
1	0	0.935721746610966	2.062686570904959	1	0.312072822485424	1.068693768870756	0	-1.068693768870756	1	0.3120728224854239	-0.8777514894431077
0	0	0.7865768291699974	2.082429989700925	0	0.2741634575408745	0	0	0	0	0	0
1	0	0.7865768291699975	2.213423170830003	1	0.2621922763899991	1.271331627013738	0	-1.271331627013738	1	0.2621922763899991	-1.044184275881552
1	0	0.9175700102990757	2.082429989700925	1	0.3058566700996919	1.089835095715538	0	-1.089835095715538	1	0.3058566700996919	-0.8951155198766514
0	0	0.7865768291699974	2.082429989700925	0	0.2741634575408745	0	0	0	0	0	0
0	0	0.9175700102990756	2.082429989700925	0	0.3058566700996919	0	0	0	0	0	0