#name	rank	LBI
7	1	0.90290136435
26	2	0.893382580844
12	3	0.855262460677
24	4	0.773413209527
21	5	0.761916681621
14	6	0.655647907556
8	7	0.632581436699
15	8	0.572498696628
10	9	0.564494477504
6	10	0.558282258553
34	11	0.556664410561
28	12	0.55085753091
11	13	0.543914860868
27	14	0.510504557309
19	15	0.452243276659
16	16	0.445745561357
4	17	0.402569367535
2	18	0.402530517259
29	19	0.400186638977
5	20	0.374856363286
9	21	0.366879760796
3	22	0.362663923901
31	23	0.356648861441
35	24	0.328752437637
13	25	0.309939783896
25	26	0.283264337004
32	27	0.278172937137
30	28	0.266915404643
1	29	0.25111714933
18	30	0.243352304891
36	31	0.242362304143
20	32	0.194958171878
17	33	0.146101121967
23	34	0.14411726463
22	35	0.14410469913
33	36	0.133218534929
