#name	rank	LBI
30	1	2.83776628109
2	2	1.18952510161
13	3	0.995035678816
39	4	0.988571330328
27	5	0.865315231756
9	6	0.795281183238
23	7	0.788516644408
20	8	0.729984118129
37	9	0.651691976974
25	10	0.581501716392
11	11	0.575151266271
29	12	0.498987224912
18	13	0.489096808155
14	14	0.486169768281
22	15	0.470668047559
10	16	0.45182274509
33	17	0.436416268252
24	18	0.435481096266
34	19	0.433853937836
19	20	0.411216569242
4	21	0.396999374156
16	22	0.389255803209
28	23	0.377950245712
15	24	0.37205792561
12	25	0.32957075003
6	26	0.281363357554
1	27	0.279104202816
7	28	0.262289051909
21	29	0.255196758732
3	30	0.254400399067
17	31	0.253662634824
32	32	0.25239472238
31	33	0.244529520099
38	34	0.244065499102
5	35	0.242198942396
8	36	0.238735619947
36	37	0.198625204288
26	38	0.140731760138
35	39	0.137174905136
