#name	rank	LBI
34	1	1.01459862234
24	2	0.91040187943
14	3	0.800315301513
28	4	0.734051230745
4	5	0.713646980676
6	6	0.665205599729
9	7	0.648477175333
27	8	0.605851095742
13	9	0.569290440217
8	10	0.556002318186
12	11	0.532159353713
11	12	0.521579848226
20	13	0.506610950222
32	14	0.503718279121
22	15	0.498435455037
16	16	0.452540629191
15	17	0.452537652491
36	18	0.451296595738
2	19	0.374999999978
25	20	0.37160198974
18	21	0.371097373935
5	22	0.363963418371
7	23	0.298413969736
30	24	0.266983157988
35	25	0.251798307268
3	26	0.250877889012
26	27	0.250616341502
1	28	0.250000956563
17	29	0.239679536921
33	30	0.239656253017
31	31	0.237774117079
29	32	0.209134332165
19	33	0.153898816622
23	34	0.138730618195
21	35	0.133692631564
10	36	0.132731455619
