#name	rank	LBI
31	1	1.52650901131
25	2	1.13719982657
36	3	1.09925242899
7	4	0.775150815673
16	5	0.758559942808
28	6	0.668002108231
37	7	0.663022506478
19	8	0.658750404138
11	9	0.651790781008
15	10	0.628848111795
5	11	0.616281391694
22	12	0.574175938733
26	13	0.54083593998
20	14	0.539592556279
34	15	0.538896431046
32	16	0.512425553768
38	17	0.505942513203
9	18	0.501552538247
2	19	0.500786297432
30	20	0.48006851595
18	21	0.470654840221
10	22	0.464464720196
33	23	0.460529284802
13	24	0.456544676021
27	25	0.425114509662
23	26	0.390938446853
4	27	0.37899355812
6	28	0.376560030705
3	29	0.367072512598
12	30	0.336833575248
39	31	0.33624777743
1	32	0.319566476819
21	33	0.291198911381
17	34	0.251118008617
14	35	0.249073488637
35	36	0.243205852497
29	37	0.230766303823
8	38	0.225387775544
24	39	0.13154008043
