#name	rank	LBI
21	1	1.26740947687
33	2	1.04552063611
37	3	0.934296752444
46	4	0.903768351884
23	5	0.835044170368
24	6	0.814519655417
8	7	0.806936404885
29	8	0.806456064351
20	9	0.80602859248
34	10	0.746356492183
10	11	0.737424881592
39	12	0.721452952546
30	13	0.710945591153
50	14	0.67071402117
5	15	0.623532474918
4	16	0.621433812849
14	17	0.607205010693
36	18	0.592683519809
11	19	0.591418720822
35	20	0.559296470981
40	21	0.558226770047
13	22	0.554589088686
2	23	0.523209971754
3	24	0.492898131589
25	25	0.460940499762
49	26	0.457380106573
51	27	0.455073899114
42	28	0.445088405189
9	29	0.444132988774
16	30	0.443717796197
41	31	0.442075739772
18	32	0.438029507605
15	33	0.420737088798
26	34	0.411983316499
7	35	0.404190897541
43	36	0.382898323608
19	37	0.344259921606
48	38	0.341662348337
28	39	0.333425578318
44	40	0.33128846815
22	41	0.291406119366
47	42	0.279171494831
1	43	0.275817737749
6	44	0.260372627187
52	45	0.246392193969
27	46	0.245735603085
12	47	0.224522749451
38	48	0.212716867387
32	49	0.205749581072
45	50	0.201915380659
17	51	0.187156830062
31	52	0.161662916445
