#name	rank	LBI
14	1	2.03097914725
19	2	1.93679473693
6	3	1.18276494549
40	4	1.00532905222
35	5	0.841001753955
36	6	0.792250635753
27	7	0.645929019938
25	8	0.644429571994
33	9	0.63826562702
30	10	0.629867789476
34	11	0.548839783024
26	12	0.47918015571
3	13	0.456205458095
7	14	0.456090865908
10	15	0.446121031578
39	16	0.439855297492
37	17	0.421671836021
31	18	0.417199069415
29	19	0.409798284568
16	20	0.400638755759
17	21	0.400468783554
21	22	0.392247906905
32	23	0.387734328843
5	24	0.384057671164
4	25	0.375227593681
20	26	0.375196422369
38	27	0.373925016102
12	28	0.369549443852
8	29	0.336402992869
42	30	0.310386594538
18	31	0.258277620226
22	32	0.255204741439
9	33	0.251631299263
1	34	0.251205125414
41	35	0.250062825501
15	36	0.24411976005
11	37	0.157988545612
13	38	0.146333090992
28	39	0.144999561259
23	40	0.136176685763
24	41	0.136176660741
2	42	0.134956781501
